,X,Y,1,2,3,4,5,6,7,8,9,10,11,12,13,14,15,16,17,18,19,20,21,22
ACA, 0.038523692235072494, 0.00212359071655156, 0.10349339024980346, 0.07333743215259678, 0.060968769044826024, 0.04114355979758802, 0.04720072377748045, 0.052487877319932603, 0.045977544146277194, 0.032963882792449044, 0.04085743275610391, 0.04102986336490788, 0.05720978177289919, 0.054145905392713405, 0.018956590055387943, 0.03286850711195435, 0.034802424158821524, 0.03890896687661889, 0.05470953794524143, 0.01594929246871597, 0.05791243650377542, 0.024431261884914422, 0.010357152286941776, 0.019640385188426243
ACC, 0.03641286041346564, 0.001980206342544475, 0.1050818291150375, 0.06524533723850678, 0.05728368287157539, 0.03242362726008011, 0.04188394597843388, 0.049446917200595866, 0.04442495059991606, 0.030528681469579697, 0.04171702743288283, 0.03795715717302428, 0.06106396762981069, 0.05259735464126623, 0.015056893405696726, 0.03163106438192404, 0.033183767111402515, 0.047336418324293916, 0.06441134493717438, 0.01293138386882364, 0.07480292503736154, 0.02768025851960062, 0.010118986504215294, 0.024799412542787887
ACG, 0.03408362237911326, 0.00228940657466401, 0.09572376243306847, 0.06121374627930432, 0.051141013341205216, 0.031213664280501506, 0.04262625765663821, 0.045573294629898405, 0.045958689003140554, 0.032115651111493775, 0.04188334850311185, 0.03826556132280469, 0.057976433544070255, 0.04791026051019655, 0.01610128492124015, 0.0314416209523341, 0.031267783490361044, 0.054593162939821076, 0.06572696038637836, 0.013352685050798258, 0.0874878026780809, 0.03050191467204579, 0.013001730174739448, 0.02855034316498979
ACT, 0.04037705672297304, 0.002139371425641695, 0.10544710732080517, 0.07468490381484616, 0.060993725709012195, 0.04127262303716167, 0.04702622045047319, 0.053845175560960766, 0.04563925789846209, 0.032418168876507066, 0.039877004453861026, 0.04065005463287441, 0.05664573460741236, 0.055214160201832015, 0.018949384189958604, 0.033846414039283734, 0.035088887453615325, 0.03787080274036634, 0.05483795576501672, 0.015732003944486875, 0.05454431654973256, 0.023875997690837193, 0.010031674416034166, 0.018991998497845646
ATA, 0.04506425730685015, 0.0029787399920326073, 0.10188754947532153, 0.08755384883060924, 0.06476406344630614, 0.054177319172037684, 0.05402139406552848, 0.05896536085728384, 0.04731661448563255, 0.03753041252649063, 0.03723567604467445, 0.043870099174072315, 0.05131362148419784, 0.05727965833386417, 0.024884315930887146, 0.03543112816568374, 0.03620219683262866, 0.02527507946000473, 0.04234032175716186, 0.019050435116615815, 0.03393462744833317, 0.018019808193103736, 0.009635030666855551, 0.011268441233823959
ATC, 0.041726304676635094, 0.0024036474534388473, 0.10473449665519587, 0.073917053498014, 0.060480555470962635, 0.04111288514553125, 0.0478604999876736, 0.05353571827366632, 0.04489563892067166, 0.03278024064027658, 0.03978163424824204, 0.04094466607789993, 0.05726554104907791, 0.055296942908478676, 0.01910736581991569, 0.033463993143622826, 0.035009143286391514, 0.03771007443693742, 0.056043777562186675, 0.015910478452732617, 0.05310791978270737, 0.024130010136648988, 0.009853866935817175, 0.018927545437275314
ATG, 0.041216726658667734, 0.002312512177863464, 0.10403570122274296, 0.07363348704503217, 0.061697186813837936, 0.04081734970949742, 0.046928215839027725, 0.05282486551650663, 0.04451201378277768, 0.03269820434198518, 0.04033137462013612, 0.040468678250307366, 0.05816603370262882, 0.05464114756209144, 0.01871545332417216, 0.032992751963555854, 0.034760607417586485, 0.037744824906536675, 0.054758510831034495, 0.01580416058485649, 0.05744704124920096, 0.02427368658537836, 0.009637461443887253, 0.019582004450688625
ATT, 0.04412876287467995, 0.002662323403888552, 0.10080027033664163, 0.08705633358665994, 0.0638588229821716, 0.05371777867008327, 0.05443671543716622, 0.05850818226654564, 0.04728018217625101, 0.03742233464967395, 0.03790116979425822, 0.04463085572628689, 0.05032625774601353, 0.057891168980238474, 0.024703789159309136, 0.03453017037638494, 0.03539686198808248, 0.026962522941333802, 0.04305685620101773, 0.019251224962907376, 0.035017214123447805, 0.018976920830081245, 0.009799703259020399, 0.011683577527856235
CCA, 0.03659323343285576, 0.0018340506535116322, 0.10666158114431244, 0.0644252045634536, 0.057610630502491815, 0.03149230432811873, 0.04149296850148118, 0.048956179705891605, 0.043962062106812284, 0.03023192856135777, 0.04167746110216267, 0.03749083848585563, 0.06257445247451186, 0.052872083706040754, 0.014238556312385202, 0.03170165487920784, 0.033824679206207964, 0.04752645915197879, 0.06518609088921161, 0.01257618087887614, 0.07362730707997152, 0.028250283827300944, 0.00995017146159699, 0.025243637044405236
CCC, 0.032307841983267145, 0.0013707732129449506, 0.10664284028397954, 0.05569431495586869, 0.052213720209568625, 0.02411286934419714, 0.035957711079224325, 0.046211897456391135, 0.043578110732473675, 0.028497860293690995, 0.04250662155010804, 0.034900182667964436, 0.06553534976312497, 0.050979064514904644, 0.01137759217708191, 0.030071500961766248, 0.03165343083768553, 0.055735760995088854, 0.07342711190474217, 0.010049137551551238, 0.09727647169431844, 0.030896931553393188, 0.00983361814760636, 0.029169286129057732
CCG, 0.03079517765128673, 0.0016316364902165547, 0.097987419533552, 0.05504419832619983, 0.047294905548446564, 0.026368971451264177, 0.038384640652654595, 0.04372472017532248, 0.04537596768104645, 0.03151784357273481, 0.04370510915981507, 0.035904827741742536, 0.061666838263052366, 0.04659773394715812, 0.01373065250751347, 0.03005486181588198, 0.030210769389165896, 0.05908406752072639, 0.07199988233390696, 0.011922516877730221, 0.10181843141292464, 0.03272980433109277, 0.011609721180387023, 0.0308393024361784
CCT, 0.035909582316616166, 0.001758223232323634, 0.10724525544136691, 0.06294494836859389, 0.056286204706964785, 0.02992557968285979, 0.04055404309833764, 0.04889824770112909, 0.04371025658051426, 0.030085418158525574, 0.042095967497919516, 0.037538185292554115, 0.06221334937549676, 0.0525916297918243, 0.014042326977832153, 0.03187067874494193, 0.03377561938403341, 0.04888353619963746, 0.06695482654543329, 0.012043153207564574, 0.07630219650669433, 0.02879597493319189, 0.01002608707061799, 0.025548709185026556
CTA, 0.04229147324973993, 0.0022863278934240113, 0.10699321036677442, 0.07748459189494525, 0.062125703291909494, 0.043020771579736244, 0.04927685372646838, 0.05505531258039619, 0.04509681099763985, 0.03323229046654959, 0.03888770819118354, 0.041634881041599084, 0.05699153253319314, 0.0566313575910784, 0.02026039977181463, 0.03478037158421046, 0.035443675126676434, 0.03416181027057863, 0.05283386091878167, 0.01602219214550173, 0.046784711580407375, 0.022225702173353765, 0.009582666860549658, 0.016895784163488105
CTC, 0.0361113662300544, 0.0017120556224723999, 0.10686153750153254, 0.0634128528093576, 0.055535902852268844, 0.030709778008434597, 0.04139738190837075, 0.0497506840971741, 0.0440177586221292, 0.029872206648980697, 0.04136486339808765, 0.0377161986564582, 0.061223566076514295, 0.0535905049465488, 0.014224651052215499, 0.0323849207273424, 0.0339466880995875, 0.047919100977444895, 0.06647310829059419, 0.012487986827366699, 0.07566969455011739, 0.028273086933842846, 0.010263544948271398, 0.025080560214833097
CTG, 0.03505438324525778, 0.0017843668505585486, 0.10673017119507298, 0.06433649982712632, 0.057311909718864386, 0.031468831150769455, 0.041481920388841256, 0.04879209975377225, 0.04412725960774978, 0.030628881774133504, 0.04228564553360072, 0.03770230990930034, 0.06203626110296964, 0.05223663608845569, 0.01458542822055253, 0.03206685440737318, 0.03432181284168426, 0.04842047794639655, 0.06573113275437092, 0.012774540057370127, 0.07156905583803629, 0.02841144129426593, 0.010674828331101123, 0.025467252162376414
CTT, 0.04032725746231527, 0.002130866884227373, 0.10468647237394028, 0.07439104369434187, 0.06024743789175622, 0.040962722325921734, 0.04687675730564749, 0.054090880269255674, 0.04536515625354354, 0.03330474589967801, 0.04039066509983463, 0.041791649908382904, 0.05572096566592136, 0.05539652220678943, 0.0190778307923224, 0.033813858317716695, 0.03509682161117419, 0.038043656852676286, 0.055756603535184066, 0.015707043755435354, 0.0535725112617981, 0.02430780381399254, 0.010054507426793103, 0.018886219391351475
GCA, 0.036060000967311774, 0.001944000544853161, 0.10395245563937829, 0.06561038853360471, 0.05838713593790254, 0.03328539546765082, 0.041689163245706075, 0.04867651021550324, 0.04428708628914528, 0.03186650702732261, 0.042213288297402965, 0.038367236952888954, 0.06134483973716758, 0.05197869545175927, 0.015613695160578691, 0.03222826188880455, 0.034098726997967656, 0.04792635006618189, 0.06364812751143253, 0.013514233795306958, 0.06842891788411408, 0.02841428976120231, 0.011042653513858715, 0.025422039112955364
GCC, 0.033377284317363774, 0.0015653300414543512, 0.1048002701245258, 0.05772058474546775, 0.05369583779510404, 0.025773929819153076, 0.038089547003520755, 0.04495973218979412, 0.04340751060089598, 0.02994106168521362, 0.04326376963838299, 0.035716465075240254, 0.06509250725372043, 0.04907352621441902, 0.012328273621318503, 0.03085955739535952, 0.03279373217080946, 0.05536874755064044, 0.07079061597522593, 0.01097358285197438, 0.08879168544414827, 0.031773984965056935, 0.010408563345240932, 0.02943390017596968
GCG, 0.030033060891465013, 0.0016707304994977197, 0.09418227351402848, 0.05533218885739484, 0.04702216164464965, 0.027020558120669894, 0.04120231284752845, 0.04304872354774964, 0.045604929421363655, 0.03264232454382101, 0.042882475841024746, 0.03597199492531823, 0.06065447359609118, 0.044469492956285106, 0.013989567661637576, 0.029692312045766462, 0.030457523121400914, 0.05932213381879236, 0.07064820098758211, 0.012446175831120627, 0.1051840987016172, 0.03302787773601279, 0.011716336607980831, 0.03177807228120151
GCT, 0.03492180870983186, 0.0017183596657138658, 0.10579170162639778, 0.06416046872111378, 0.0566584659432965, 0.03144811501870049, 0.041664415022966764, 0.04879098584071635, 0.0441862559668558, 0.031109657418336437, 0.04185402712401105, 0.0379698232341188, 0.06160307550827894, 0.05262968282635798, 0.01477978924614969, 0.03251420905682201, 0.034471005939599064, 0.04842693060671132, 0.06659224391700679, 0.012900733324800788, 0.07048877259346692, 0.02869731746280048, 0.010824480818365827, 0.02579767440758069
GTA, 0.04122414838587659, 0.0024849915867095358, 0.10408010466406306, 0.0779911051144617, 0.061488187272241604, 0.04399185772862605, 0.04895891623560333, 0.05439099670682559, 0.04583244780932735, 0.0341815515940407, 0.0397354931670043, 0.041420101037476675, 0.05545460040282406, 0.05545070084756833, 0.020270863108062524, 0.0342322458123651, 0.035060901304206256, 0.03489029576176837, 0.05225209064906147, 0.016341086299107587, 0.050216522805574024, 0.022687612477796906, 0.009787883691864943, 0.017575295537543945
GTC, 0.036317890579700154, 0.0018730437723290258, 0.1046981395109186, 0.06522923922201555, 0.05619566739793508, 0.03339838066258288, 0.043275221321783984, 0.04963819993309003, 0.04432168746657223, 0.030462179537885777, 0.04214675054845131, 0.03857338071701073, 0.05989022991049884, 0.052104144426842074, 0.015730374586983325, 0.03188383500088173, 0.03321768019791418, 0.04732973335433039, 0.06321613444695134, 0.013572128876442248, 0.07363217368144903, 0.02788665363784869, 0.010759297546900479, 0.024647833662682306
GTG, 0.03527642025250316, 0.001921039372495029, 0.10362986246892436, 0.06413658973524283, 0.05759282259051071, 0.03227304677051821, 0.04171547882917161, 0.04813743155066132, 0.04508481394013158, 0.030683238957392944, 0.04162528432004744, 0.03792108913498282, 0.06149243921201101, 0.051477220184494424, 0.014830258080702315, 0.031635464895675015, 0.033359009394743004, 0.04850961349061044, 0.0632978844722377, 0.013105676863138644, 0.07804831522877267, 0.028212738782187517, 0.010635176687933219, 0.025399084784912013
GTT, 0.04091908375292532, 0.002329467845327035, 0.10207493763932869, 0.07744362872815064, 0.06133160460405213, 0.04456899449006083, 0.04896507494072268, 0.054919015919315, 0.04676048260530397, 0.03388443002808928, 0.03972274553454427, 0.0423135269469017, 0.05403640814866661, 0.055540310122933, 0.021090856954332562, 0.03359844969366958, 0.03501524714559251, 0.03589322989735541, 0.052678194269293266, 0.017027777863426276, 0.04903445022400508, 0.022886905954865984, 0.01054427222244491, 0.01742090446869325
TCA, 0.04017915614529599, 0.0021751991708443244, 0.10480051283496014, 0.07285558031753657, 0.0603208777109056, 0.03974223815687827, 0.046506558959463005, 0.052900191423458046, 0.04499662179360765, 0.03186931209635129, 0.040390695623851176, 0.04044555749796245, 0.05747448552165487, 0.0546147485522149, 0.0181938779091003, 0.03318303156831316, 0.034719164043428855, 0.039420974930100536, 0.056670833203592424, 0.015397405082779647, 0.058869756428106476, 0.024534131252338425, 0.009951746263337983, 0.019787343513917866
TCC, 0.03648019214599639, 0.0018081204729470607, 0.10638923247829084, 0.06458910608540343, 0.05559081472999274, 0.03238367623255571, 0.04210665615193073, 0.050137645815441174, 0.04453908907097627, 0.030742099094184308, 0.0414512856245195, 0.038286062033341076, 0.060331448242832784, 0.05363280525592759, 0.015102779743289205, 0.032001976914393125, 0.033632751241873135, 0.04674061190721826, 0.0652008152521286, 0.013018737475491123, 0.07348882179143013, 0.027825340153507943, 0.010251417418812376, 0.024268514667516488
TCG, 0.03612335665523991, 0.002151911557578748, 0.09714320260647633, 0.06239563147248266, 0.05251023669393184, 0.03202704513295448, 0.04377677634825347, 0.047162319816213355, 0.04529961732901535, 0.031731300264373034, 0.04136670076174728, 0.03802363998209191, 0.05787939491580258, 0.04949886767296174, 0.01631335230893411, 0.0314976454786982, 0.03194698160499596, 0.05108706663573055, 0.06592986434950834, 0.013710470675507423, 0.08331181966425605, 0.03044701591793652, 0.011351047525056616, 0.027314734630253558
TCT, 0.03962284371985801, 0.0020940003630708797, 0.10605912806122338, 0.07289194704414373, 0.0595287514954802, 0.03948417688988235, 0.04671759865795005, 0.053780858290811036, 0.04496523486967724, 0.0324458510403293, 0.04043647243832716, 0.04116480137179552, 0.056993379424379556, 0.05555553125362251, 0.018314082557068838, 0.03380146146964968, 0.03510151768002082, 0.038950943874928645, 0.05697150768463576, 0.01530584347270735, 0.055921664176933616, 0.024313063333996777, 0.010225475765018777, 0.019353865064488825
TTA, 0.04351889739108515, 0.002743563366017626, 0.10023991755995942, 0.08893636548417991, 0.06438276037445956, 0.05518991476402781, 0.05488369368305852, 0.05968914566093604, 0.04756367845188823, 0.03842142588961662, 0.03726666175529474, 0.0451263361668399, 0.04859506655648625, 0.05775773385748915, 0.026119326810676375, 0.035240277036880555, 0.03603112626338386, 0.02608293531989452, 0.04170109804666454, 0.01978188183061625, 0.03125762778960748, 0.018243675647080647, 0.010312105851307918, 0.010914784442548932
TTC, 0.04040030568728723, 0.0022436419042833338, 0.10351492795125752, 0.07570280952503314, 0.05999398523145914, 0.042467882373206874, 0.04810101765696214, 0.054426993367575636, 0.0461728655899089, 0.03381784578019257, 0.04008624340588172, 0.04216048201898268, 0.05449075752773978, 0.05538345577003788, 0.01989822478674695, 0.033659862935606764, 0.03481951411709955, 0.0367395767011469, 0.054151475093433536, 0.016302687516595336, 0.05399872662020448, 0.02346996945982239, 0.010166576730649718, 0.017830172248885792
TTG, 0.041821148553145976, 0.002202008621453419, 0.10374787382660752, 0.07645540565833485, 0.06174601153634253, 0.04349157715567139, 0.0481167927066752, 0.054339681979026645, 0.045687131715084844, 0.0332935723996144, 0.04015306688227145, 0.042003035756090434, 0.05605176861835547, 0.05613273776031139, 0.019835092847549776, 0.03348602079498789, 0.035001551908554154, 0.03635455800529585, 0.053693102309204724, 0.016398011444812195, 0.04829926664253239, 0.023679366891717853, 0.009885276113575063, 0.01812593987278457
TTT, 0.04240236065383382, 0.002474741285780955, 0.09956350448301349, 0.08666291214198764, 0.0636712163592525, 0.053261163341891314, 0.05396140069673617, 0.0588703207385967, 0.0479111791612779, 0.03751478931181612, 0.03871287834699579, 0.045966312605596006, 0.04884070155243475, 0.05720811096883389, 0.025141509856908204, 0.03487182027127366, 0.03548196611278177, 0.028541076819880593, 0.04338909756056946, 0.01942262014301067, 0.033612246980546635, 0.01970783877291089, 0.010672215051431155, 0.01213801678263992
