 ,X,Y,1,2,3,4,5,6,7,8,9,10,11,12,13,14,15,16,17,18,19
ACA,0.05959784387208155,0.033434040845230314,0.07290819377786042,0.06734976462136823,0.059190214699574695,0.05708708137331324,0.056488920024460716,0.055462897090737207,0.05282128679690741,0.04793984881570723,0.04598906382528168,0.048412440748141085,0.044531119648854256,0.04415785346242617,0.044615046692735104,0.04595104467677325,0.03790146783887187,0.03611858634380842,0.03483530626939794,0.033371021450919074,0.02183695712555013
ACC,0.05892715889293952,0.03217917592364793,0.07105275572641,0.06779733812965934,0.056556395633483095,0.058616798630383035,0.05715874334140876,0.05444569067008248,0.056215477803451874,0.04824620455395154,0.046905068642407975,0.04739705185820153,0.04773623128799541,0.044077504836181614,0.044101045008202854,0.0448185258474438,0.038241934468818094,0.03468830946254629,0.03569611909004923,0.03257888038922813,0.022563589803507506
ACG,0.04392027787841937,0.0240276926461775,0.068859486565332,0.06909156783588251,0.05638792671457632,0.059493521945202195,0.06086562236474588,0.054175207795534155,0.05391308660434229,0.05155740761975485,0.04864336889139046,0.05156464715741634,0.05060212150074451,0.044035860841773494,0.046177682219579005,0.04401813645646433,0.03981795641665187,0.035593811010787575,0.03820495414044137,0.033832190179825125,0.02521747321495885
ACT,0.06265016191432196,0.03302758248891785,0.07296222706479212,0.06745246434496491,0.05988082257114181,0.057317598001852155,0.05534112029903404,0.05563458659767819,0.0528261625257478,0.04687040207401889,0.04568454563358574,0.04787197871970594,0.04412583457852303,0.04432147877761913,0.044494986184993604,0.04602593048295189,0.0380024868892036,0.03603966040141676,0.03418525427790888,0.03334807262139941,0.021936643550222276
ATA,0.07317552087416448,0.03776086669389983,0.07480722687310279,0.06511171477919202,0.06331872599770838,0.055521307677375405,0.053424764717203775,0.05591829168743876,0.04883812977703307,0.045793995756959235,0.042037115535744345,0.049234485783341386,0.038517030791014595,0.04394936793943585,0.043638639293606916,0.04718160811456212,0.03793550882905246,0.03778056317530802,0.03267901273204346,0.03316361278114384,0.020212510190669268
ATC,0.06640003962992844,0.037262323835103736,0.07284579799366953,0.06602983681476035,0.06016608393589367,0.05688857874054825,0.05468357308184105,0.055367406238563247,0.05316619617712726,0.04678656184496837,0.04449432696545655,0.047874855515306625,0.04236142375161589,0.04380943715894456,0.04414718970293668,0.04605376131246137,0.03779771159964696,0.03582330585427501,0.03382817030842175,0.03292716781332402,0.02128625172520671
ATG,0.06374974406420053,0.03407093504212545,0.07329690904289549,0.06681196323106994,0.06004316386200474,0.05658296911001684,0.05541722881802095,0.055672202802146305,0.052637446853674975,0.04744941988873218,0.0449495437695445,0.04825257337337713,0.042697589996107836,0.04429987893783401,0.0445510056605671,0.04635495940571685,0.03807721992029981,0.03646741726702946,0.033983392266580696,0.03328808264174624,0.021346354046308955
ATT,0.07168634263311387,0.03896837469694274,0.07438262292632868,0.06556423734382298,0.06353309313850251,0.05575260588051179,0.05314833165034357,0.0558893080956113,0.049157567572989766,0.04545516492097728,0.04247265616958348,0.04865848822368287,0.03890684209097743,0.04387210991144821,0.04396061056534688,0.04715349631562704,0.03762844297724277,0.037413966135737046,0.032648122003274015,0.03329745315416234,0.02045016359377343
CCA,0.05954026966059361,0.03116920839374658,0.07104371444288016,0.06804960919359021,0.056481839072205005,0.05879551197077447,0.05713673394562202,0.05456532928373709,0.05680125224639107,0.048245889916215555,0.04697268475765334,0.04708297140722793,0.04774321562380402,0.04405755917833843,0.0438758659710389,0.044868343339371945,0.038287800687654985,0.03461258673391181,0.035664552487375906,0.032539951958799315,0.022465109729067657
CCC,0.05533743926959192,0.02805794117780491,0.06956053254928797,0.06864569372849715,0.054084216549908165,0.06012307415114583,0.05932826807151137,0.053914266144105216,0.05863371868581256,0.04940473746728472,0.04804788713652541,0.04723079086730341,0.0511230062973929,0.04405752183571271,0.043282562030739366,0.043821136271277705,0.039040599901897885,0.03379355669133303,0.03706234908737545,0.032071102305776145,0.02337959977971618
CCG,0.04329868525992308,0.022038134494575288,0.0664059759682258,0.06994947247565168,0.052520821436093844,0.06295113325676271,0.06301665997551785,0.052390453245315674,0.057689037945280824,0.05250823002739188,0.04953682888541107,0.04993949699634943,0.056076395417172645,0.043475136293433615,0.044066846846584476,0.041978985709778996,0.04030167302133079,0.03340689171482738,0.0401917765766735,0.03230081783340915,0.02595654662029031
CCT,0.05744164063771949,0.03138191784879584,0.07085258759044996,0.06814198515471313,0.05583839979887964,0.05906760776179225,0.0572230220756182,0.05465990181601387,0.056828300746209794,0.04830717868247049,0.047514913398273156,0.04699060035654117,0.04870931978080197,0.04424367737362844,0.04384309287017593,0.044843661681076605,0.03841513237692754,0.0346244606411716,0.03586434034876463,0.03247680593206271,0.022731453127913588
CTA,0.06648108711798287,0.03495924738327069,0.07336563492955628,0.0666860106168146,0.060189959272615716,0.056968330619782605,0.054408637725810276,0.05551405449952998,0.05225504855471051,0.04647656912395003,0.04489841833607942,0.04791054837644745,0.04301947462278743,0.04417872523359283,0.044137937402352515,0.04612112438658124,0.03785367222743539,0.03612580431190873,0.03370329550703322,0.03321716888751925,0.021529250864238965
CTC,0.055838278875275774,0.030237835862042605,0.07139609485453353,0.0681655948286872,0.05652218747472928,0.05897140926025212,0.05747872042130976,0.05495088955338744,0.056111659181342255,0.04852120323748466,0.04774763364888231,0.04749466423418245,0.0484655284586865,0.04430479433950723,0.04406142879753178,0.04489610329252593,0.038463542203191224,0.03498980440307752,0.03579662553770907,0.032787238178013316,0.02279876335764806
CTG,0.05494839505088837,0.02904314054738327,0.07092734343904553,0.06892043592993222,0.056122658901191565,0.05934544656984737,0.05784170817715123,0.05475223238663184,0.056697123612774576,0.04859475112032048,0.04800815890101015,0.04710200639955067,0.049183883131825014,0.04449432918827153,0.044064414935284284,0.04491143563205087,0.03851709153157089,0.03474354992560223,0.03620216165341923,0.03273399377605781,0.022845739190190888
CTT,0.06288215872926797,0.033630145762245024,0.07311599863151717,0.0672500625327037,0.05974914818337279,0.05727837606231232,0.05486213192611294,0.05558155325641996,0.05287331224965275,0.04699268085447954,0.04564164591936482,0.04796627309614444,0.044136723261464304,0.0441235907277386,0.04472647968981293,0.045974984965069146,0.03789813042976772,0.03589747460222142,0.03408292959745454,0.03335409617401078,0.021982103348867136
GCA,0.056063548111447016,0.028918819551233203,0.07163981649164815,0.06863883496029845,0.057284925569401755,0.05837912378392787,0.05746383049747177,0.05522945117791937,0.055186305903347804,0.04872356806367048,0.04748770525202306,0.04758457605484285,0.04761549255600782,0.04456735255041609,0.04449734451172042,0.045376167677265565,0.03847497763924867,0.03545925401752704,0.035623079043805045,0.03316669005898147,0.02261913652779613
GCC,0.05239427262302409,0.026354143823665445,0.06918004482542157,0.0699897537201051,0.053482881843162154,0.06077310034834781,0.059396861220783304,0.054012155148486084,0.058722576884052656,0.049552534838529866,0.04907899518334157,0.04690388326795846,0.05260810275157138,0.0442685135153566,0.043411622033450614,0.04374713075242855,0.038968282661650616,0.033940864633496444,0.03730037909593236,0.03218707554862298,0.02372682528061232
GCG,0.04104267308004763,0.018472873775558833,0.06611474221790038,0.07089115472033301,0.0524573306972445,0.06304609136982382,0.06400701320786055,0.052795265339875955,0.057449314857728556,0.05293709999939351,0.04994516542251885,0.050491649151912794,0.05665076338009976,0.043588887185265116,0.04432519314465103,0.041889531335936724,0.04048671951967315,0.0336728037200901,0.04066919997059032,0.03264431623404613,0.02642221166944927
GCT,0.05483266520839287,0.025283429085084377,0.0716460122941169,0.06935868604141869,0.05672791375354374,0.05925371795362878,0.05787479635193393,0.054967237822952715,0.05580150902777488,0.048872731162668284,0.048248232592146785,0.047613423810548935,0.04920510708602636,0.044724247216002704,0.04454495751738755,0.045040664038690864,0.03867990901574498,0.03512667845594753,0.035975354987612014,0.03314586700968024,0.023076859568696876
GTA,0.06586257945316837,0.035025546176658935,0.07339444776274444,0.06661441129266595,0.060556583632342155,0.05664839175866996,0.05490202567946391,0.055518882674369746,0.051580527085124186,0.046578822695926725,0.04459937187052475,0.048449267981019305,0.04260492930164117,0.04412055360658339,0.04435347450858826,0.04630133617395469,0.03787099547388614,0.03648393970566538,0.033854699202955356,0.033215969008543574,0.021463244955503603
GTC,0.056497098527011354,0.031552847451035655,0.07133205811086,0.06813785320419313,0.05704699915298492,0.058540725820690226,0.05706919921745132,0.05475791386497123,0.05563330766914878,0.04844341446043947,0.04707852360375155,0.04769910161943004,0.04722948763436652,0.044395459016328076,0.04446451989648448,0.045191949193320424,0.03848769137542224,0.035089267429125125,0.035750042648910255,0.03297952489491161,0.022623015209163582
GTG,0.053515735287550624,0.028943846323601148,0.07158007654791956,0.06855460034801997,0.05678071694658243,0.05835960216776775,0.05868877008483222,0.0551722211198352,0.055424197896837425,0.04942425388907694,0.04786799486747944,0.0479585698608656,0.04809994266118573,0.04429829656187878,0.04454425996422323,0.04498901570544881,0.038364429480318894,0.03535279340147017,0.03614494437049332,0.033172617511197364,0.022763115003415397
GTT,0.06387457864711876,0.03548936907950563,0.07304872419156071,0.0667988501769537,0.06047029262872961,0.05685944985307061,0.05489413388919389,0.05541563696685712,0.051860723904735256,0.04667552397285942,0.04507363257248661,0.04846135560719717,0.043299046792176304,0.043966071969846136,0.04469746437195494,0.046142338187793654,0.037685917775582556,0.03608963057993596,0.03402960480433868,0.033397428044476415,0.02177022598362686
TCA,0.06257554371917892,0.03405090654529723,0.0728105025542397,0.06713259585247298,0.05980291693812304,0.05726603266818037,0.05543165202720501,0.05555209190576405,0.05322500803875664,0.04716566574186069,0.045375246935950145,0.047808362773181054,0.043680093534881205,0.04425909658891491,0.044503361810833156,0.04613377803906655,0.038079776962429694,0.03604139254284259,0.03423585724294065,0.03318207227508736,0.021688045302794053
TCC,0.060079778711775556,0.03255341783822684,0.07140352465773588,0.06733869997529318,0.05711550123284968,0.05850976627045195,0.05654960679035588,0.054820911922703636,0.056134696547706746,0.04804398709077612,0.046609481846874266,0.04725311802049761,0.04680319177905819,0.04403532839259086,0.044001957904095355,0.0452114885202125,0.038293993382263906,0.03484211553109368,0.03541706603374127,0.03263720077848056,0.022345166773216334
TCG,0.05010976126282104,0.02928978573280414,0.06845036632464764,0.06831432841292129,0.05617083966547398,0.059444450733832845,0.059680973320383225,0.053689597974288836,0.05486743928840383,0.05044255827245699,0.04770851435466618,0.050289398670327654,0.04996455435841985,0.04362737700287523,0.04520640852708834,0.043402549560042726,0.039171246562914215,0.03493180374575806,0.0375124073779703,0.033189133770644384,0.024536505081259263
TCT,0.061954208706587126,0.034963916933941325,0.07279542067289939,0.06698890807060617,0.059165602988520465,0.05757518880285498,0.055199110561357234,0.05539275372902219,0.05349933853722934,0.04717693472025369,0.0458172857329305,0.047853930795719965,0.04457971096831372,0.044028790292513095,0.04427387387890107,0.04572623212929308,0.037897760776574176,0.035690276188751396,0.03441258234328285,0.03311948166699426,0.02188869150345397
TTA,0.06816877198074095,0.03581084079436012,0.07456093372878153,0.06641349960160782,0.06320452057918649,0.05598930640111618,0.05389077263753273,0.0559891859514813,0.048685350954552814,0.04584138451314604,0.04349246607106932,0.049269421271523964,0.04033580234006138,0.04421168087836852,0.044335402728322745,0.046923574295136515,0.03780565738484792,0.037574163224090636,0.032884998713648084,0.0335813381277909,0.02103092782263406
TTC,0.06502565732890252,0.03594057623365595,0.07319668411862523,0.06656039031430633,0.06054197518295058,0.0569674630504041,0.05434607216268817,0.05564199081971312,0.05234873697772543,0.04662603327699105,0.04477949899294996,0.04794676177073251,0.042789746389465984,0.04392813229274424,0.04453374012958262,0.04624402837032107,0.0377844473671289,0.03609289365087335,0.03385818667742284,0.03328608090484979,0.021560903987966257
TTG,0.06618484155287875,0.036573959746035674,0.07298338440137295,0.066534794376223,0.06035954052229873,0.05681489571832575,0.05445046738975691,0.05532758867116976,0.05254898962129676,0.04652023630656733,0.04462849035245089,0.047877034389494505,0.0427172707057232,0.04383145777687802,0.044423236625935884,0.04622280710169239,0.03763298645067768,0.03590450753285705,0.033833794821269844,0.0331700186611314,0.02145969727596352
TTT,0.06957823581586912,0.039277068336576126,0.07365432101676045,0.06614284434124017,0.06239897615951277,0.05618398461886207,0.05343739656472414,0.055617311474095765,0.04947703192531879,0.04551392431359555,0.04345746582772216,0.048534361882967524,0.0409423925714325,0.04374381740273573,0.04416135559596163,0.04650469271557909,0.03724567064324356,0.03676663659749382,0.03304784054290359,0.033254543909330844,0.02106012774407461
