,X,Y,1,2,3,4,5,6,7,8,9,10,11,12,13,14,15,16,17,18,19
B:AACAA, 0.03224978159643805, 2.9221440726980817e-05, 0.04357641867561557, 0.05546760389598638, 0.06709998331940809, 0.05181225107697075, 0.03393480797069735, 0.04652906016299228, 0.13361172677257668, 0.09314026441120767, 0.06037755757262514, 0.06563240970458865, 0.05450543436393383, 0.019098291908120662, 0.03390787156099011, 0.04972236014985849, 0.03828905185185738, 0.07011239369859015, 0.018210250154110673, 0.02370005154240394, 0.00899320817030118
B:AACAC, 0.027977282488031243, 0.0001837470984814553, 0.04075443177889648, 0.054790399207663376, 0.06454214665694656, 0.04706725436762621, 0.03554866709260664, 0.04842042176139349, 0.14473823739215136, 0.10770171937459001, 0.05501437136611313, 0.0638861408109602, 0.05633174392490972, 0.01717592174285523, 0.02893111493503704, 0.048126385490177476, 0.039186781919467284, 0.0683890145162146, 0.02119316317286966, 0.020887910880688036, 0.009153144022320718
B:AACAG, 0.02920566006921707, 0.00028701863994374946, 0.039640619016713716, 0.05442283367689371, 0.06354891132849073, 0.04739278309379247, 0.038061866750947845, 0.048001430712885436, 0.1371231354571173, 0.10938797391047482, 0.057640528406822614, 0.06068145534920822, 0.05562164904863612, 0.0191586065356634, 0.02826272283317809, 0.04771971897554808, 0.03945830674057629, 0.0701089169358261, 0.02325960994944409, 0.019266827206789166, 0.011749425361830983
B:AACAT, 0.033175942019149654, 0.0002984152018035286, 0.041742939719502443, 0.05541038813031305, 0.06874504463661905, 0.048595464755094665, 0.034719761496113485, 0.046713985367302334, 0.13419168377446458, 0.08039123407717001, 0.058132822598102624, 0.06796148880945378, 0.055342590368977394, 0.019222775857605432, 0.03181300386732543, 0.05592555486395901, 0.03967259103353933, 0.07476065318109988, 0.020267801470347614, 0.023706583685656358, 0.009209275086400273
B:AACCA, 0.02912434260473442, 0.00012365891454918173, 0.04078252876475088, 0.05206352704831803, 0.05648862448862077, 0.049113217509626265, 0.034197610678790805, 0.04437089173982663, 0.14737072013147726, 0.11517904253364035, 0.0581281101199653, 0.06045496635701533, 0.057559497801335784, 0.01645635263496518, 0.02884008327179162, 0.0472733611853531, 0.03607610504480655, 0.07029307568552505, 0.02175134297924343, 0.023252882450529234, 0.01110005805513468
B:AACCC, 0.029698800607324567, 0.00016610312107773483, 0.04068928394318532, 0.0553147199910693, 0.056218118698191544, 0.044969804994753386, 0.03678206631059165, 0.043432940223883956, 0.149997274818679, 0.12690354130046602, 0.05801333061016196, 0.06136632000100613, 0.056515246338044764, 0.01812142093186579, 0.025059843164233105, 0.042762538004677164, 0.03329097850773966, 0.06302116026987578, 0.0234850552878408, 0.0222306844802831, 0.011960768395049155
B:AACCG, 0.018544554549972576, 0.000305487161800568, 0.03372184575872938, 0.053876226631242155, 0.057808957350997905, 0.043258347006607446, 0.04120812833150491, 0.04475728866254679, 0.14175884594958268, 0.13336776198435948, 0.0627797978617082, 0.057512908483003326, 0.05599124096208395, 0.024144641101475628, 0.02876671028244993, 0.03803474177041455, 0.03753604277239283, 0.06061925612037678, 0.028249020168790023, 0.022691384170264978, 0.015066812919695872
B:AACCT, 0.031042752755211706, 0.00020454872416831197, 0.040611817045632215, 0.05140102779020636, 0.05837392143465408, 0.047171593010199284, 0.035164525566426234, 0.049427506621470496, 0.14097679173908548, 0.11095400448628231, 0.05513372084559146, 0.06128411362398433, 0.059498410952002354, 0.01725496986362725, 0.030756542739438023, 0.047311353909299365, 0.04006932917705415, 0.06706550217468542, 0.02462038811565954, 0.02037809561812519, 0.011299083807196455
B:AACGA, 0.023086361729434807, 0.0, 0.04186080021205805, 0.05751765885360879, 0.06701838139893145, 0.04605989198931257, 0.03689086817114485, 0.04837191399979809, 0.13086707304684336, 0.11201133879662792, 0.060017531217013136, 0.064356033271076, 0.04959313183116133, 0.024087301590426154, 0.028999543227790005, 0.04319619922112178, 0.0398062849463156, 0.07183359968204495, 0.02072678603923494, 0.02098630766387578, 0.012712993112180465
B:AACGC, 0.024838854170763452, 0.0, 0.04363774791128472, 0.05658081088835663, 0.0651550673828632, 0.042851200101110765, 0.03830544248145375, 0.04243619077916678, 0.13038935019022355, 0.13176164798026538, 0.06516454108516279, 0.06016755396364116, 0.05653557769479674, 0.022296276878658754, 0.02494019868630105, 0.034573241082388885, 0.03307653815637443, 0.06814641152463435, 0.02475758161499825, 0.0214276241548551, 0.012958143272700413
B:AACGG, 0.020662889270168985, 0.0005767597440123419, 0.038318007279460865, 0.049389238584608315, 0.05955938591176639, 0.045502835861814216, 0.0397779262217336, 0.043717923635166564, 0.13821269925420185, 0.13813935995181414, 0.057804419815542823, 0.06129762705581286, 0.05022754440445137, 0.02308475256733681, 0.023359805319760802, 0.040867246505248624, 0.035143580490054394, 0.06826281913948935, 0.03130482627202759, 0.021420666008006694, 0.013369686707521257
B:AACGT, 0.02673277510305249, 0.000258295653608774, 0.04065672925470695, 0.048186600934123365, 0.0656971206086166, 0.04754856417770372, 0.0434874028072427, 0.04415040522214245, 0.1290396588981985, 0.11981299840757197, 0.056480919838748235, 0.0635305762959296, 0.05361909924846883, 0.018059236145337894, 0.027199738260671274, 0.04340178420755139, 0.03615993070786244, 0.07727249952158087, 0.029337164735097922, 0.01866748882263126, 0.010701011149152825
B:AACTA, 0.03615744037097607, 0.00012050824312726477, 0.043294896212886014, 0.057125210349536264, 0.07111054009654268, 0.05241241020877965, 0.031350351119765536, 0.0499021753796111, 0.12744330765603595, 0.08074291723987825, 0.05617942644567078, 0.06647719410401723, 0.052838831631554534, 0.01990387095480435, 0.03221328160553081, 0.05159879022504048, 0.03950603452457608, 0.07865804965712195, 0.021742215984391473, 0.02171288404864861, 0.009509663941504978
B:AACTC, 0.027038565808526652, 0.00023103763106877904, 0.03976668861144984, 0.051250690182185664, 0.06224291624713981, 0.048419622013006085, 0.034680290213073915, 0.04508578541782067, 0.14967332510709275, 0.11758247497853196, 0.059361552708806054, 0.059398552620958035, 0.05764637213854516, 0.019056376107643266, 0.02624761620559235, 0.04527625246037013, 0.03764930219271277, 0.06548747247706337, 0.021596743446453067, 0.02063996872081496, 0.011668394711144723
B:AACTG, 0.029053350180855638, 4.17065793227467e-05, 0.03977231164525763, 0.054124148821761885, 0.0675093582822469, 0.045896797971169974, 0.03646280896501562, 0.04862924233116559, 0.13869374692409314, 0.10676131496382303, 0.05594372253624357, 0.05935390745289576, 0.057141406057457156, 0.020200664510740252, 0.029223010442545726, 0.0493938445067741, 0.036292259287580404, 0.07179563601424177, 0.02184061646996663, 0.020638959365984484, 0.011231186690857898
B:AACTT, 0.03260610100549769, 0.00035136331984113604, 0.04183858285231315, 0.05587777757617201, 0.07140562725214233, 0.05210907546176617, 0.03559192675447867, 0.046429103335335946, 0.13392534456415625, 0.08397726377820314, 0.05891328296937691, 0.06334913982225024, 0.05225800861160544, 0.01971529814196824, 0.03330907250630145, 0.0517934400524361, 0.039103388334893054, 0.07361582266906878, 0.021498986839390305, 0.02323343133749024, 0.009097962815312995
B:AATAA, 0.03407054117703315, 3.05953438354171e-05, 0.04675102633184949, 0.05529962397713886, 0.07479943849058959, 0.05461965703218179, 0.03363743760914, 0.048498812564144074, 0.13240664733360766, 0.0785349927308763, 0.05562788934496151, 0.06500207191796681, 0.050747866682932685, 0.021763344578394506, 0.032466158773011164, 0.05004712011016812, 0.03747007860980197, 0.07365541013135168, 0.020173524281291745, 0.02576639168067555, 0.008631371299047947
B:AATAC, 0.033742083277152314, 0.0, 0.044124642539168105, 0.054545861412762534, 0.07585251470894935, 0.05054964596100513, 0.031576300309713916, 0.049950723348539484, 0.13816233288988594, 0.07693732764828033, 0.05333756670913264, 0.06474727205552937, 0.052458562091642916, 0.020115913145126302, 0.03458673639714209, 0.051290207474511226, 0.03897266211545997, 0.07389250732709302, 0.020207346612696096, 0.02587352633832796, 0.009076267637881387
B:AATAG, 0.038812221569569885, 5.972576395240976e-05, 0.03925249843848275, 0.0562589716034947, 0.06398516782053214, 0.04977804615462028, 0.028288953310965256, 0.052928328927792756, 0.1405776083806521, 0.07333514322020471, 0.054296140714423305, 0.07187915966737822, 0.056185724085046, 0.018639987549889006, 0.03114463387866485, 0.05326231257149087, 0.04331017125491201, 0.07387738137977147, 0.019630531752376272, 0.025719072989636025, 0.008778218966144771
B:AATAT, 0.0397552534855021, 0.00024659593044260144, 0.044192138008433475, 0.05966267874564228, 0.07677088733636171, 0.05200449522732729, 0.03034620022070261, 0.04700123613054473, 0.13433730665136204, 0.060557276055731975, 0.05458827884956739, 0.07579533040604836, 0.05260539468777785, 0.02040628382116243, 0.035996895690843335, 0.04746819264397338, 0.044208074407301304, 0.07422776041360248, 0.01768076376705822, 0.0257840406620514, 0.006364916858563125
B:AATCA, 0.03572441178353316, 0.0002510356738523986, 0.0396166142356058, 0.053383599114450044, 0.06706862339956188, 0.046516800133312046, 0.03264087197087453, 0.05108268913543016, 0.1366284800744573, 0.08711839904161812, 0.05601159549042399, 0.06550550183068012, 0.05714527191293062, 0.01811125826348906, 0.03111223046161043, 0.05331179714724534, 0.039643974801661166, 0.07034674071258988, 0.022456809061497298, 0.027012609018354047, 0.009310686736822563
B:AATCC, 0.0289228761628136, 6.004854783550005e-05, 0.040446648645768024, 0.053379819211766766, 0.06072648199219718, 0.04865012339785769, 0.03343590930258086, 0.04545521944652583, 0.1513370596488911, 0.10898908200171326, 0.05963516540357061, 0.06223889720797706, 0.054421950025747214, 0.017523795844682687, 0.027117625283898, 0.05227371400931324, 0.037859295963531124, 0.06308676102516626, 0.02172839300238035, 0.021397703607760804, 0.011313430268022758
B:AATCG, 0.02919485253289856, 0.0, 0.04012728503507293, 0.05805448831612979, 0.06101095105005232, 0.0384003655818834, 0.03413002870187493, 0.04345575248110544, 0.14806808909919383, 0.09809806414230159, 0.05415721995685465, 0.0641919433571549, 0.06640425498989634, 0.01967204312094421, 0.03276267220857693, 0.04410700174352326, 0.041712929371598595, 0.06561938053822355, 0.025584584917742226, 0.02035344505812507, 0.014894647796847484
B:AATCT, 0.03228999024748616, 0.00034676163872110173, 0.04050583713680137, 0.05378246692615114, 0.0671819158667303, 0.05200909311161714, 0.03170302117017053, 0.04626834889855707, 0.139534136372963, 0.08820903353695798, 0.06148290628877104, 0.0656846250779378, 0.05452693738711725, 0.01862259095891266, 0.03270354935451725, 0.05064502355334197, 0.0382170769983273, 0.07120465601015721, 0.020364742000969528, 0.02396714758267682, 0.010750139881115383
B:AATGA, 0.03646277854369771, 0.00011896122729971205, 0.041016567413509106, 0.05259198735339856, 0.06854358081731858, 0.047006802855189295, 0.03454742080830423, 0.05039122704342488, 0.140403241356372, 0.07822366278193674, 0.054554998679863145, 0.06939666461904273, 0.058986758599302865, 0.022059197738458533, 0.0301535469710602, 0.049812502422115934, 0.041654716288473906, 0.07397356968675942, 0.018892312504438437, 0.022369527054765807, 0.008839975235268282
B:AATGC, 0.032203966996890286, 0.0006448658416892163, 0.041644352230037054, 0.0542651041502022, 0.06495218963549827, 0.04364187721948266, 0.03621031187901412, 0.05421867314163745, 0.13560366048662015, 0.09070391479649227, 0.05323534127419513, 0.0631954366230384, 0.0609671208617087, 0.020672315275603318, 0.029086204638969864, 0.05204256320687666, 0.040149606364788135, 0.07216046228885292, 0.021036210203766836, 0.023361649293162152, 0.010004173591474276
B:AATGG, 0.03345662026992735, 0.00028410662538977464, 0.038718160588048646, 0.05570498023276954, 0.05944762374661559, 0.04521171969371857, 0.03457808141140981, 0.04846591384339442, 0.15097351435084572, 0.09249880419178176, 0.05368822494435203, 0.06772229950511442, 0.059408689485061755, 0.019863859754064035, 0.030109534570941465, 0.04678022711146626, 0.041156325941730354, 0.06591580605085559, 0.020465443690468103, 0.024620460757539778, 0.010929603234504882
B:AATGT, 0.032904280109887614, 0.00028122698522218664, 0.041843475894097475, 0.05377516872172523, 0.0709574337978126, 0.04567454011631101, 0.035246284584239056, 0.05113574350130682, 0.13710979105034324, 0.08371856299011085, 0.055028498048696924, 0.06612092423430886, 0.05422975660554227, 0.02051741654331779, 0.033438366694176894, 0.05010165314819906, 0.041191008036018356, 0.0740966730312828, 0.020271471077895214, 0.024075182479661703, 0.008282542349843713
B:AATTA, 0.04003574527862137, 0.0, 0.044623068556347074, 0.05825378856112043, 0.07768472677762306, 0.05168544818577831, 0.03188309834567992, 0.05244981977669087, 0.12374162241443243, 0.06750231502357047, 0.05634242394076345, 0.06902408688093814, 0.05302372449965003, 0.019422788178212396, 0.03475268788546948, 0.05236429619908683, 0.03911004344427295, 0.07718523800683037, 0.018359763258263908, 0.02512573322234071, 0.007429581564307752
B:AATTC, 0.0375890879302273, 0.00020696900510606847, 0.03902979777466831, 0.05527957656624104, 0.06538169046168653, 0.04914279278515529, 0.035895475211774226, 0.05217077511126173, 0.1430126476209412, 0.07744163834035425, 0.05400511528513199, 0.06640854993226303, 0.05574879739573387, 0.018507732507632435, 0.03358285679610559, 0.04823778393485512, 0.040699778495577564, 0.07406121142570804, 0.020855100694304272, 0.02513778385090519, 0.007604838874366968
B:AATTG, 0.04005167502032563, 0.00032352414346606124, 0.03749854089097643, 0.05857438830244652, 0.06839769526679959, 0.0508518352602639, 0.03255042422520855, 0.04871657249426684, 0.1397478667077316, 0.07003261056606876, 0.05679193952934123, 0.06824389934392329, 0.05169663194667827, 0.02052174171026516, 0.033085854625467384, 0.05305228666348738, 0.04450953800579279, 0.07338824382550688, 0.01769001468940169, 0.025849733441274964, 0.008424983341307257
B:AATTT, 0.039527973848589804, 0.0002382528642161644, 0.04703394429394311, 0.05728557385402171, 0.07614730690998908, 0.051122898014892906, 0.032552928765631484, 0.051771362763355686, 0.12849625815228194, 0.06552533098306741, 0.056095161457472266, 0.06993515652825573, 0.049458455046200354, 0.02107242362592441, 0.03780602395705419, 0.05305706329663021, 0.03606214216828463, 0.0771390029859189, 0.018473808946149844, 0.023812729226796434, 0.007386202311323588
B:ACCAA, 0.029916366336511447, 0.0006183601722635038, 0.04064424430617048, 0.05445478125798674, 0.060056382284561095, 0.04690851599103776, 0.03295013100886203, 0.04481438675326883, 0.1503551413282397, 0.11017598033474126, 0.05542483288742344, 0.05849703558020847, 0.05837801605555328, 0.018893717267654552, 0.028705076211578362, 0.04776306920767207, 0.03923536977589402, 0.06856290398729237, 0.02065401565019053, 0.022106269154282942, 0.010885404448606997
B:ACCAC, 0.026019443421943414, 0.00019260366943457202, 0.03745276114849195, 0.05360253244504796, 0.05467112224796693, 0.04831312823364336, 0.038922539836557045, 0.04100514364177586, 0.14237605053268768, 0.13868311204091865, 0.05610619292754487, 0.053611341403262285, 0.055146216964487606, 0.018150169844653116, 0.02847289981710157, 0.04196527892907371, 0.035013655485752755, 0.06581665800492685, 0.03145868175645466, 0.019816398519151405, 0.013204069129123785
B:ACCAG, 0.02523972739830893, 4.057990588423087e-05, 0.03741210904763055, 0.05005581192126487, 0.05325862800632065, 0.046134547736688625, 0.039840490584893154, 0.045498904907636646, 0.14920403412683594, 0.13688993611736852, 0.05734920016194688, 0.0572986864557409, 0.05958371701075198, 0.018215787429202383, 0.027735059097564893, 0.04407508458467566, 0.034780537280551464, 0.060005146993441026, 0.02373868282664712, 0.019633348653093612, 0.014009979753551945
B:ACCAT, 0.02892713493985175, 0.00025145135497659676, 0.04209810007570107, 0.05219030781118025, 0.05704900469578191, 0.0474585582354475, 0.035500257261848016, 0.044617863939417496, 0.14829332168445689, 0.11109852332378796, 0.057122570759962805, 0.06576667908949425, 0.05958245480675045, 0.01737686962829173, 0.026275317031758023, 0.04764773071459351, 0.037329068671503055, 0.06727186436563987, 0.020775352223685876, 0.02190836716149019, 0.011459202224380821
B:ACCCA, 0.025699280656121107, 0.00012200423032002784, 0.036578923937578396, 0.05111811324239712, 0.051388324660576495, 0.04512416547489806, 0.03823592963414024, 0.04166692196590606, 0.15650703001372276, 0.1337761769907744, 0.05660922958201462, 0.06676731437182701, 0.05880718579287578, 0.015700439088881284, 0.02375985222580572, 0.04293587720208427, 0.03731364735474931, 0.059398167937821524, 0.025834098480533835, 0.021063941581345606, 0.01159337557562655
B:ACCCC, 0.025454174935557287, 0.0001701414501800571, 0.03617163032181634, 0.05411564368157208, 0.050026163888782754, 0.04445693305356694, 0.039516993659968344, 0.041603747711998075, 0.15041912338262142, 0.14746970607753654, 0.05528993432433468, 0.06371934124363143, 0.05829126393880937, 0.017585045235433982, 0.02251071190042469, 0.03765954874699152, 0.03478578906169782, 0.05455614311003634, 0.033746845242985164, 0.01964012627582096, 0.012810992756234275
B:ACCCG, 0.021145236877747768, 0.0, 0.03989444643299999, 0.06027388564635987, 0.04746480688068685, 0.04858960582159975, 0.05153379027983841, 0.03454273881663859, 0.1378952960329049, 0.16454867521285052, 0.05541283599307753, 0.04955944156057864, 0.059403685665871654, 0.020594297406213123, 0.023151578233018444, 0.03132696453968934, 0.03419354637740067, 0.055600722366990485, 0.03064274372627197, 0.016228017425591587, 0.0179976847036696
B:ACCCT, 0.027913118477999276, 0.0, 0.03849536422048614, 0.05124058595805269, 0.05503170195556181, 0.043947976292702744, 0.039571712213666635, 0.039981647441611166, 0.14690716536175738, 0.13635231770697645, 0.05518410889878957, 0.06098540960130466, 0.058838038460768835, 0.018774309559518965, 0.02282452235151544, 0.04223380355799431, 0.035629126607765516, 0.06426288329925807, 0.027066910734979792, 0.021408822678459307, 0.013350474620831361
B:ACCGA, 0.018479460677266298, 0.0, 0.03766748787926783, 0.054169319143837685, 0.05900211706415383, 0.043632309023263816, 0.04433146096995569, 0.04098356704725918, 0.13169800207101395, 0.14319839748350394, 0.05523910165680467, 0.05407336017353025, 0.06653631108552698, 0.025763539202292338, 0.023719769699557688, 0.03614720635366651, 0.04315879180369658, 0.0641709700368122, 0.022110351725808143, 0.023801083391570353, 0.012117393511212167
B:ACCGC, 0.019810013664404182, 0.0005854802516903706, 0.03949578998946118, 0.06177470854224061, 0.05688592849957385, 0.04382207032029851, 0.04334843229885366, 0.033358659609043904, 0.12246739400712321, 0.17247452715102027, 0.050084099691076536, 0.0577798339727243, 0.06195510479828086, 0.02224726902305302, 0.025787889174895075, 0.031706509190174925, 0.03596977961415629, 0.058089801747235395, 0.03501481324574345, 0.0114599617338382, 0.015881933475112
B:ACCGG, 0.017059387332525624, 0.0, 0.04049987837000764, 0.055864086756281024, 0.05375106401631336, 0.047184243517677256, 0.04075813561441696, 0.03345293012928977, 0.13839574302179317, 0.1408626379606003, 0.05177764424676711, 0.0534757962656962, 0.061751608737030624, 0.025912813418396005, 0.030731094672673966, 0.03498867498842417, 0.04103965309050329, 0.05859516022151752, 0.03587288509603894, 0.01889953398457385, 0.019127028559473222
B:ACCGT, 0.019616680910558584, 0.0002700281621010433, 0.035327560488999814, 0.04789789340606562, 0.06126369010471052, 0.04697712432838772, 0.04601046548481869, 0.042309519707177876, 0.13078816449507497, 0.14654044269774902, 0.060139893242287766, 0.057396812960240656, 0.04539057696535473, 0.023531017111269738, 0.028708641818230456, 0.03881323143519515, 0.035898696774925104, 0.06908665886194573, 0.02849843146041137, 0.02168379799311437, 0.013850671591381073
B:ACCTA, 0.033898203096708046, 7.111276362397027e-05, 0.03866818677079739, 0.051761144786415116, 0.06048435627056666, 0.04725653201324801, 0.0338987512025649, 0.048114670505631334, 0.14521137330561454, 0.10535512824572296, 0.05262545275445433, 0.06190210691720377, 0.06358531322192333, 0.017005630860451385, 0.027289844061778198, 0.04520532516604735, 0.03967829596383227, 0.06898032827393827, 0.02373057373111065, 0.023984084157949694, 0.011293585930418003
B:ACCTC, 0.025211239564655596, 0.0005026550563124498, 0.038275506538732906, 0.04919255648911005, 0.05308314405577132, 0.04392711882643513, 0.03747103417264488, 0.042703635060277675, 0.14760781431640183, 0.14131925336516085, 0.05795950812618672, 0.058611381452435336, 0.05980761400665183, 0.016604310403989866, 0.026822234684568718, 0.04406262279074276, 0.03857631310117498, 0.0629350522579089, 0.02516065808849562, 0.018365710933640547, 0.011800636708702308
B:ACCTG, 0.027388382584535166, 0.00011778121101679162, 0.036275867729910656, 0.050629471101579795, 0.053603914419106724, 0.044197616153587874, 0.03906268152385902, 0.04330044472233505, 0.14558832009634817, 0.14136592395600844, 0.05608060445381089, 0.059051780003019874, 0.056533114446575, 0.01921476508880109, 0.02691272766287951, 0.04105229860449778, 0.03641749606005073, 0.06185045834413238, 0.028175755514920228, 0.01966489408044733, 0.013515702242577426
B:ACCTT, 0.029696179585614737, 0.00019220972832227588, 0.03997922738750501, 0.05349289672878522, 0.05715037880594159, 0.04986681781135732, 0.035967480776783856, 0.04757036982765034, 0.1496477373784701, 0.11018539234945611, 0.05735352169256984, 0.05705225421498199, 0.06072653669465244, 0.018940793217735678, 0.02938776778366558, 0.044797873673091806, 0.03692628374581615, 0.06510121152486206, 0.023086913081901157, 0.02093347886555746, 0.011944675125279237
B:ACTAA, 0.03628516926180276, 0.00024761687743687753, 0.041886382980671426, 0.05610222901382917, 0.07576613043309768, 0.05140582450712379, 0.033087895946931255, 0.04685991546952381, 0.12810480989463402, 0.08132756260453813, 0.05909664901438252, 0.0659793519418766, 0.050211283393751305, 0.020323497548442888, 0.03165380457358407, 0.05257322383610349, 0.03977742092691516, 0.07682142733874485, 0.018977661170479294, 0.024047366454444444, 0.00946477681168683
B:ACTAC, 0.033369369573161035, 8.532216056218724e-05, 0.04063894074581777, 0.056102170449790774, 0.06675401819185227, 0.04737869666347639, 0.033662760748037396, 0.045401672031308946, 0.1442504203805599, 0.09734865134609781, 0.05873563502498679, 0.05768962684405855, 0.05382678559574487, 0.020662978945245557, 0.031446876513243426, 0.050265178130957065, 0.03909929547771174, 0.07330984282689805, 0.023240942324692662, 0.01755706878460784, 0.009173747241188638
B:ACTAG, 0.03450850853884272, 7.757558496677699e-05, 0.04107233914316711, 0.05314377938530629, 0.0691382517948143, 0.04378326845709025, 0.035012518789770554, 0.050514184608672075, 0.13603742476904235, 0.09870177031448171, 0.057800791428092024, 0.06320921000573512, 0.055381247045280836, 0.018315305540059224, 0.028513200729455974, 0.05104119253542106, 0.039768437919791594, 0.06868554476607075, 0.022924242149895805, 0.022270368206748287, 0.01010083828729499
B:ACTAT, 0.036275792797408314, 6.775495009382042e-05, 0.04390610444344695, 0.05587887522948785, 0.06534894726293079, 0.05256362575350916, 0.03140476258870111, 0.04611853058458087, 0.14014353372827265, 0.07853777631038451, 0.05453044852956915, 0.06302545129696166, 0.05660353217737891, 0.01874290330655806, 0.03176408196887138, 0.05274117081018382, 0.04094378341019922, 0.0754827248960932, 0.02220144427204891, 0.02516396422281912, 0.008554791460500786
B:ACTCA, 0.027392708422940556, 0.0003097146536662102, 0.039807450715309965, 0.051267131951160526, 0.05908160088608364, 0.04726372619884922, 0.034435757831353976, 0.04254062206980986, 0.14843788501602215, 0.1267625392067294, 0.05714262701717872, 0.06097345190010298, 0.05578599987625603, 0.01933979534405617, 0.027557599182700107, 0.04381229138332, 0.037899521148281726, 0.06360293263802272, 0.022608434807087692, 0.023743748437185543, 0.010234461313882628
B:ACTCC, 0.02736756373844514, 0.00017010694582516445, 0.03784500720352068, 0.05057861697925205, 0.058092423080611154, 0.045308199543906254, 0.03858882878075513, 0.045229852251750954, 0.15154013949403508, 0.12503445104038996, 0.057517423755503415, 0.05957411082027552, 0.058681369774188766, 0.02010953482964767, 0.02543424239780376, 0.043793305559285005, 0.03689172829740375, 0.061398911175597704, 0.025589967314796947, 0.018725481578348472, 0.012528735438657367
B:ACTCG, 0.018713895585248958, 0.0, 0.03870434194706972, 0.05094570411901807, 0.06866544748242513, 0.04273074882211585, 0.04415427153417989, 0.04167284713635361, 0.13392408904399805, 0.1551558473384219, 0.058936872385036844, 0.04276131042517917, 0.05008382829877462, 0.023231161780836302, 0.02477910564452943, 0.0430243260297642, 0.03243048463387803, 0.06824249491931239, 0.03003504739884485, 0.017324425534059187, 0.014483749940953878
B:ACTCT, 0.026463472153634825, 0.0002110486959833064, 0.03973442361148488, 0.051765021711479633, 0.06377175237530451, 0.04581010756910831, 0.033606293062534466, 0.049301810810261276, 0.14465300207440718, 0.11048074289678389, 0.05537944280530731, 0.06310337493939618, 0.05962596639757152, 0.018690774319498664, 0.027353123735647814, 0.046272559485507576, 0.039238288935867754, 0.07066349295232406, 0.022698076142187718, 0.021184537081264596, 0.009992688244444324
B:ACTGA, 0.029487046858213527, 0.00011604599532384269, 0.040169574328004734, 0.05142148315474287, 0.06375483796164626, 0.046950375495397136, 0.03558397618931558, 0.048015012664364476, 0.14430755230379513, 0.10933910697795306, 0.05627254831841578, 0.05782941798508823, 0.05526936456171665, 0.021792993162677313, 0.028200427166201428, 0.048004480072012516, 0.03747828126785571, 0.07219975691093605, 0.02188970434152534, 0.020967129047205216, 0.010950885237609438
B:ACTGC, 0.024956954759887566, 0.000146656688412539, 0.03572574382871831, 0.05342364418355893, 0.06371166837939653, 0.042820075854376104, 0.04021052639371413, 0.04779828573364346, 0.13457089547859807, 0.1295845017055425, 0.05795199965366665, 0.05403344788579419, 0.054700519647906475, 0.019715004450238015, 0.02851132431393344, 0.046019931194629035, 0.03402157052153399, 0.06795338866451507, 0.029973195902606605, 0.02124735240314979, 0.01292331235617841
B:ACTGG, 0.025005892290970267, 8.417912623269984e-05, 0.039105056673170754, 0.052304159531645925, 0.05686718380836829, 0.04299764923183163, 0.037139149608288055, 0.04620661737693044, 0.14642080216956227, 0.1288391480003448, 0.05552003677211862, 0.06305151936034036, 0.05902999492518857, 0.01880815500209067, 0.02638027716743051, 0.04162472512399814, 0.0363287898105184, 0.06740978703802974, 0.023437256895431555, 0.020237004885262606, 0.013202615202245907
B:ACTGT, 0.025939250694254713, 0.00011316367079588817, 0.0398272859291197, 0.05133636829682167, 0.06631606349628943, 0.04597500018477206, 0.03665131539126642, 0.04843434609850717, 0.1385400327615043, 0.12080423628886518, 0.05571497953405634, 0.05826392374673486, 0.05278887048562923, 0.019225911767207407, 0.029600685027305226, 0.0478430920522207, 0.03837097518139237, 0.07052046328308836, 0.022938432885533808, 0.0207492610973629, 0.010046342127272173
B:ACTTA, 0.031163756120956048, 0.00017081057515235567, 0.04341371454537733, 0.04916261949832279, 0.07368343101862003, 0.050563477754487184, 0.03505261930978892, 0.05034097129953972, 0.13031320234459576, 0.0856766251578517, 0.059484540225012504, 0.06598700391503252, 0.053331498634766696, 0.018750378944286977, 0.031189258706860554, 0.04858514150504563, 0.03956747003259215, 0.07604811213423873, 0.023063283857332743, 0.024118053629761806, 0.0103340307903776
B:ACTTC, 0.0314509613438349, 0.0007293201624400769, 0.039806509333782034, 0.055117543384109006, 0.0630210475187104, 0.04760485417150491, 0.03299068731410248, 0.049568182661764014, 0.13729949983746192, 0.10446345227983081, 0.057737222058688885, 0.059942337182109645, 0.057900569759553114, 0.01995332020823094, 0.02771721835194729, 0.04926556132697059, 0.041476878298054375, 0.06939820287121143, 0.02252944452604995, 0.02157175780176072, 0.010455429607882387
B:ACTTG, 0.03076161412888627, 9.525785803733518e-05, 0.039091378002206065, 0.05564338451413984, 0.06367301429864015, 0.047018584944153584, 0.0373412278978917, 0.046085005856652025, 0.1434925547109764, 0.11263174859431661, 0.06051254985263576, 0.058477801936880895, 0.055657690256766076, 0.018773861314911225, 0.028260687284219068, 0.0448851720365066, 0.0390952609156552, 0.06644648356224969, 0.02092063444023463, 0.02098802832282499, 0.010148059271215848
B:ACTTT, 0.03307386824440329, 0.00011177579954766577, 0.0439467696928126, 0.05758161429145973, 0.06982410616649225, 0.04970730835507534, 0.033329853162139975, 0.047840333586330754, 0.13082553657879398, 0.08291211583661241, 0.060463177153061015, 0.0625651282944981, 0.05515977139986624, 0.019518671791200426, 0.03380250046090586, 0.05385637705446061, 0.03966406386981055, 0.07333351512659217, 0.020559922468927128, 0.022551744772166576, 0.009371845894843292
B:AGCAA, 0.028862036505432166, 0.0, 0.04151588119150276, 0.05113698228512727, 0.06398165236334549, 0.04437628189000249, 0.034893018052223466, 0.04787543434239351, 0.1395459142014349, 0.10942440082583398, 0.056099633841545996, 0.06429053206353863, 0.05738846673112903, 0.020054150585698018, 0.02932873632724352, 0.0464698724336162, 0.03967917196361964, 0.07053738068604215, 0.02126845429681163, 0.02279932440984529, 0.010472675003613943
B:AGCAC, 0.022620671312712573, 4.125345086311274e-05, 0.04047866070913514, 0.04857360892242682, 0.05875942639550307, 0.045272965438453425, 0.04008335611406295, 0.04575042103603704, 0.14271624883827463, 0.1410380952457232, 0.05404126060331272, 0.054115877851077444, 0.05439009559511564, 0.019186959406425706, 0.02639925365245007, 0.04518246710159697, 0.03386207622960471, 0.06698487228445862, 0.028569464684036174, 0.020538951293307083, 0.011394013835422948
B:AGCAG, 0.02324981316245676, 0.0001091722061623416, 0.039612755945197586, 0.05161240704095092, 0.05750709411657688, 0.042043699124256755, 0.037065593384486624, 0.04526348759512036, 0.13590754331474772, 0.14381271165674248, 0.05398928378747543, 0.06914684481844288, 0.05552397969241486, 0.019027149103950456, 0.025756230022131135, 0.04022498282308409, 0.03647696607273448, 0.06521059952045272, 0.026637528231157327, 0.01868412547800179, 0.01313803290345671
B:AGCAT, 0.030209447889999082, 0.0003815739062951238, 0.03969412663304797, 0.05151936700861325, 0.06366661275492262, 0.044341013775090136, 0.03431447310995499, 0.050081426696180945, 0.13845007777348617, 0.10754346698402538, 0.05652659754148797, 0.06424175281488698, 0.057915747089522504, 0.020062554389744844, 0.030865927826382762, 0.04767960123865456, 0.04159018063140486, 0.0699095088476073, 0.020795941084818602, 0.020257200032212874, 0.009953401971661077
B:AGCCA, 0.024766911467281237, 0.0001814385889342613, 0.036966148812312694, 0.05015613545828313, 0.053624718457766694, 0.04468662403961568, 0.03858311924724907, 0.044427708786586854, 0.14259740612572583, 0.14075910473471803, 0.05709369582714458, 0.05889018247691092, 0.0569866775069343, 0.01921229020207347, 0.02477086761160666, 0.04279253137027111, 0.03825284491422616, 0.06545852842829307, 0.02468067517645334, 0.020913847478568427, 0.014198543289044279
B:AGCCC, 0.02382938577773157, 0.0004135620479327503, 0.03571840067900751, 0.05227818085062495, 0.05150048556187398, 0.04459095798704221, 0.04249016400773608, 0.040268080581127075, 0.1411820200977796, 0.158148820786894, 0.05752522440256996, 0.05927387959830865, 0.058252740542435746, 0.01814520008734076, 0.022235632400141186, 0.038429590390087795, 0.03507102507042228, 0.058945211463695045, 0.030137087676876322, 0.01826541983387734, 0.013298930156495055
B:AGCCG, 0.016570808669500066, 0.0, 0.03887593459363365, 0.05271164998513031, 0.05991768099299914, 0.047512754100593725, 0.044443144984055855, 0.04066021318606652, 0.11960153919136639, 0.1682768015270537, 0.05465225907433006, 0.05215947888876912, 0.060879231991830485, 0.026818632282885668, 0.021119699719687895, 0.032823177082408485, 0.03689508094933742, 0.056320770345105305, 0.0331212666758739, 0.01917738086957206, 0.01746249488980038
B:AGCCT, 0.024249722977068934, 0.00030249463561500057, 0.036826849910108324, 0.05047031544784487, 0.05327602939938241, 0.043718480333200034, 0.03807734209852233, 0.04363491720803541, 0.1459672491409499, 0.1423870836356823, 0.05944276251525525, 0.05759589735533488, 0.05925465770161919, 0.019548806517226774, 0.02399266953333127, 0.041982928046545416, 0.03645747295226065, 0.06557770316146239, 0.02594531726492331, 0.01882546325639187, 0.012465836909239606
B:AGCGA, 0.024474353273710177, 0.0, 0.04122456521422197, 0.05941882613757642, 0.06030091311680516, 0.04054657198153679, 0.04340154107370981, 0.03778356030417598, 0.130355429732271, 0.13147629052911167, 0.05228388173220399, 0.0649707002685954, 0.061014387559108936, 0.027661376254744793, 0.030380277419948476, 0.035598856823732324, 0.035172371591427484, 0.06044478770919908, 0.03287697535283178, 0.016786603608181808, 0.013827730316906964
B:AGCGC, 0.015001772887319504, 0.0, 0.039971232330636874, 0.055234404188069214, 0.05223444436700886, 0.043532643011832864, 0.04653261592578778, 0.04312309591012704, 0.12489621827818223, 0.1697854152915293, 0.05662011736525962, 0.05240921532620268, 0.062387495474956124, 0.02368737055590225, 0.02853670896420051, 0.030739520284335436, 0.03454579821047751, 0.05479622603300492, 0.03315884796471533, 0.015350913824404108, 0.017455943806048164
B:AGCGG, 0.01780159379529299, 0.0, 0.040264838633900964, 0.05470721906185612, 0.057256201556012506, 0.04574111132268956, 0.04688580682362204, 0.03742266197051154, 0.11694210319813421, 0.16371349041286182, 0.05737930622581734, 0.058183618797781465, 0.056173684373441765, 0.02260640166384106, 0.026456531858960887, 0.03316234815677725, 0.03542493098080496, 0.06053379118551033, 0.03818208806423328, 0.013517188837131341, 0.017645083080818667
B:AGCGT, 0.019609968037295252, 0.0004926327580648796, 0.040533470154756196, 0.050220541558848815, 0.06139720549834982, 0.04359937474456135, 0.04047124745462834, 0.0398472844383434, 0.1253060450344394, 0.14661646337624976, 0.06109283620265167, 0.0618307330567113, 0.05686914425896595, 0.021464705328140838, 0.02494063915261343, 0.03814759115309956, 0.03274635109457315, 0.06823031846780186, 0.0334233254557743, 0.020768679429455292, 0.012391443344675457
B:AGCTA, 0.03135210883063642, 0.00010519045268304494, 0.03832926371980869, 0.05420702693471497, 0.06051989446072011, 0.04495230421667957, 0.03632718328771425, 0.04778659665161004, 0.14141820304894379, 0.10593214837226535, 0.05643949318233915, 0.06846154881864293, 0.05634826530751149, 0.019505657839988262, 0.027106809150967654, 0.044081773851543424, 0.04306580454983928, 0.0687657895519938, 0.021198898662725695, 0.024601894419333938, 0.009494144689338038
B:AGCTC, 0.025553974045470572, 0.0, 0.038054292637845724, 0.05098100467595211, 0.057690681737252475, 0.044388613699900416, 0.040701086185180445, 0.04527401481513266, 0.1433856746388293, 0.13222585489252373, 0.055710236282536664, 0.058841482890101354, 0.05737889989969577, 0.020724550055941236, 0.02285880986809983, 0.04252183211654672, 0.03869006961810794, 0.06377895621612922, 0.027615433095250615, 0.020939745649505084, 0.01268478697999825
B:AGCTG, 0.02199929885390898, 0.0, 0.03827480026394025, 0.05423721156097571, 0.05488353385979407, 0.04231818112588464, 0.04044794978384897, 0.0455873367224723, 0.13883930637152417, 0.14285809856924153, 0.057044638963907046, 0.06412335868330092, 0.054986819955771586, 0.019543642246970503, 0.02451677862744436, 0.04153971730778906, 0.03678855278253907, 0.06234830863746041, 0.027796970724205377, 0.019777133456994275, 0.01208836150202668
B:AGCTT, 0.029241775239396233, 0.00028807790876318376, 0.041558845924143356, 0.050470272249069005, 0.060585636585130026, 0.043457159417211164, 0.035562296230694394, 0.04936669292127277, 0.13497565490580002, 0.11832277307212917, 0.056952309727180114, 0.06485746221276402, 0.05717610698134018, 0.020350023993963212, 0.028002414255129924, 0.046573204004492774, 0.037510787857826106, 0.06727935952091295, 0.02370222603457624, 0.023009300507053444, 0.010757620451151516
B:AGTAA, 0.03588044989215825, 0.0, 0.04298497304244669, 0.051626453348800075, 0.07746910404130501, 0.052530813718634675, 0.03263323767767436, 0.050420287488550035, 0.12700733298795994, 0.08254443089113328, 0.05833747085547675, 0.06628642900928947, 0.05164841093505395, 0.020127781389371897, 0.032788391733461764, 0.050581420073029536, 0.039334545578478076, 0.07425022462663412, 0.021213594129089824, 0.022690770161436124, 0.009643878420016063
B:AGTAC, 0.03514972595947148, 7.499070372563939e-05, 0.039013941641301834, 0.05488958885442382, 0.06065460606080759, 0.05044033882909312, 0.035595210616330294, 0.04532128219309382, 0.13416966595935073, 0.10647751487036443, 0.059215164940974195, 0.056852382573078855, 0.05467496077934844, 0.01983266720296969, 0.030144787254550862, 0.04949227550951834, 0.043277059257814846, 0.06790762375776341, 0.020728253949082495, 0.02506616925678047, 0.011021789830155723
B:AGTAG, 0.03446000190005821, 0.0004955641360357614, 0.04071134714034692, 0.056139656025680294, 0.0683169380006574, 0.04498660784909314, 0.032607351464497836, 0.05048364591912634, 0.13586407566081898, 0.09484111864903959, 0.05493446504108747, 0.06244945367856953, 0.05701935756460094, 0.019772137577263125, 0.030859527492945675, 0.04928500727739489, 0.0401782891926712, 0.07169375437204518, 0.02303743929280165, 0.022882001297650407, 0.0089822604676157
B:AGTAT, 0.035291762768814745, 0.00024713135078115726, 0.04597204778986045, 0.05851155903816642, 0.07260040852797854, 0.04618077435638816, 0.03170710956067741, 0.048088098082782284, 0.1322450616807791, 0.07673506892517533, 0.0586054971002331, 0.06222291535390659, 0.054742478854487506, 0.020909685773130706, 0.0328428957947767, 0.053658377497422714, 0.038579378957247126, 0.07841331413651027, 0.01949934833116873, 0.023318037791058947, 0.00962904832865406
B:AGTCA, 0.0274078274044415, 0.00021583920324067408, 0.039003825824145584, 0.04867136834816076, 0.06258415859868344, 0.04475412917421155, 0.03568257755294299, 0.04862014611617944, 0.14828708498376583, 0.11159250278073735, 0.05786010553377163, 0.06003527171734177, 0.056170980795763055, 0.020077341139948475, 0.027624325991056457, 0.04832789162257498, 0.03908550320153506, 0.06891932325700115, 0.022909565110771135, 0.02092877267734548, 0.011241458966381412
B:AGTCC, 0.02538902358538373, 0.0005183118941095193, 0.03967374345547647, 0.055186725195485155, 0.05367021906306726, 0.04537692310358968, 0.0383753473949438, 0.04476621108187356, 0.14970270103856836, 0.12815635101041833, 0.05690224415772429, 0.05788384036571164, 0.05837559197891521, 0.01902389558493386, 0.025540950973428497, 0.04488712477939718, 0.03746941172418682, 0.06531884083939406, 0.024485649627196904, 0.018787471372746535, 0.010509421773449264
B:AGTCG, 0.02306683590960141, 0.0, 0.039058642802577155, 0.061628005501449735, 0.06086747627795286, 0.04657243602973769, 0.042887897133537786, 0.043660789076417114, 0.13008493749043823, 0.13928024715511025, 0.056126359948197625, 0.05421484652562763, 0.0583618536082765, 0.01999569191169746, 0.024421240004571944, 0.038998706951222456, 0.03028514263040134, 0.06531071791072152, 0.026761116134724715, 0.02389530602139363, 0.014521750976342835
B:AGTCT, 0.028352257342074347, 0.00017292931121743057, 0.03879696515764217, 0.05315131730171474, 0.06170999625000717, 0.04587045302999351, 0.035385101026095656, 0.046669410828048305, 0.14157264453980364, 0.11398740124781032, 0.05864680134308716, 0.06454462229023866, 0.05673645235217407, 0.018486481445532214, 0.02687764904319828, 0.04271110771466009, 0.03918743346772373, 0.0697190346638097, 0.023161059759747027, 0.02317320921657967, 0.011087672668842285
