 ,I,II,III,IV,V,VI,VII,VIII,IX,X,XI,XII,XIII,XIV,XV,XVI
AACAA,0.018666355560740654,0.0680488658522358,0.026716221396310063,0.12891451809136514,0.04664922251295812,0.0217829702838286,0.08906518224696255,0.047865868902184965,0.03498275028749521,0.06153230779487009,0.055532407793203446,0.0883818603023283,0.079082015299745,0.06394893418443026,0.08973183780270329,0.07909868168863853
AACAC,0.01960022449596339,0.06665803220653628,0.027025860208090488,0.12696973621724303,0.05474247722661141,0.022406424038337,0.09057548676768985,0.04818028752752234,0.03652376635150887,0.06229762984069421,0.052022622285541595,0.08863273323835427,0.07252946509519492,0.06320424815438415,0.09057548676768985,0.07805551957863835
AACAG,0.018337447504247747,0.06738691373064469,0.024685025486487353,0.12865065880165422,0.04866476453050364,0.021254768698105345,0.08873785785272337,0.047190074696245955,0.03779694162151765,0.062353733209373895,0.05501234251274324,0.08492289936844805,0.07668387138139968,0.06729073830667137,0.08937902734587888,0.08165293495335492
AACAT,0.018085023095592265,0.06819071478900807,0.026592551997703488,0.12936141339805318,0.047391633393355774,0.02121662882643075,0.09180824134241498,0.04616508781544403,0.035882982332524335,0.06192750332733109,0.056525483441634695,0.09071217933662153,0.0751063441112764,0.06354549962159764,0.08969440747409901,0.07779430569691276
AACCA,0.022377924563244646,0.06778196184949688,0.0263596518303599,0.1249768504228656,0.0474720661769245,0.022902648311624176,0.09309216618309772,0.04580529662324835,0.03645286746095438,0.060559293783566885,0.05383048336317057,0.08580776591147601,0.07963454534230507,0.0675658991295759,0.0882770541391444,0.077103524908945
AACCC,0.01973943939992104,0.06869324911172522,0.026056060007895777,0.12166074483484669,0.04888801158047112,0.0233583366232399,0.09238057639163048,0.0449401237004869,0.040465850769838135,0.0606000789577576,0.05579681537044348,0.0890248716936439,0.07665482300302671,0.06711409395973154,0.08974865113830767,0.07487827345703382
AACCG,0.020969542337745176,0.06657630361983735,0.026311593047360866,0.12406314782331367,0.047041939084675494,0.022324988040184977,0.09448253867006857,0.045527029181948654,0.03444426726199968,0.06179237761122628,0.053101578695582845,0.09081486206346676,0.07853611864136502,0.06490192951682347,0.0928081645670547,0.07630361983734651
AACCT,0.01797084450402145,0.06664711796246649,0.02471514745308311,0.12579591152815014,0.04938840482573727,0.02308143431635389,0.09295408847184987,0.04746146112600536,0.03636058981233244,0.06392426273458444,0.055043565683646115,0.08918398123324396,0.07485757372654156,0.06170408847184987,0.09253518766756032,0.07837634048257372
AACGA,0.018867924528301886,0.06625348134782097,0.025732554034440826,0.1243870866512376,0.04683638645902797,0.022241399599890167,0.09014239202918448,0.04754246263680226,0.03848115168869886,0.06307613854783665,0.05730984976267995,0.08884791903659828,0.07790373828109677,0.06566508453300907,0.09104460047856275,0.07566783038481152
AACGC,0.019701492537313434,0.06119402985074627,0.025298507462686567,0.12455223880597015,0.04947761194029851,0.02283582089552239,0.09052238805970149,0.049776119402985076,0.03723880597014925,0.06186567164179105,0.05716417910447761,0.09179104477611941,0.0744776119402985,0.06313432835820895,0.08992537313432836,0.08104477611940299
AACGG,0.02156004633801004,0.07053674861629554,0.025485905521946198,0.12298880164757368,0.05090745269661475,0.02156004633801004,0.08817093577036941,0.04511520144162698,0.036619899600978244,0.060496846440983396,0.05187282790577938,0.09576522074913116,0.07529926631484103,0.0680267730724675,0.08900759428497876,0.07658643326039387
AACGT,0.018036650473762687,0.06945312875763551,0.026694242701168776,0.12442883940166419,0.04930017796161801,0.024529844644317254,0.09254004136405175,0.04554855466307537,0.037275744312442884,0.0581982588620076,0.05252272617959694,0.08970227502284642,0.07522485690923958,0.06512433264393247,0.09364628925977586,0.0777740368428647
AACTA,0.018302542402036673,0.06533181958922489,0.026008876044999484,0.130457219527299,0.04723569683833901,0.0217428699212165,0.08865724016926411,0.04682285753603743,0.034506485017373655,0.06082499053909932,0.055664499260329584,0.0890356761963739,0.0769945298792445,0.0654006261396085,0.09354250524649947,0.07947156569305398
AACTC,0.018793913530755636,0.0694426483900168,0.024268287426182162,0.12466054571317729,0.04793310056467951,0.02241475925686452,0.0863830337514548,0.045131255657571444,0.03612224664856244,0.06323548428811587,0.05478684426052847,0.09267640846588215,0.07875339454286823,0.06556317082632872,0.09039182723393249,0.07944307944307945
AACTG,0.019501348691404827,0.06429977400306189,0.02566158781074579,0.12433476707734928,0.045563898811693516,0.022308084858205148,0.09072683531384414,0.047277101407013196,0.04075235109717868,0.06229496245534738,0.05671794124079609,0.08682656557556317,0.07756798133702705,0.06648684114602318,0.08934169278996865,0.080338266384778
AACTT,0.01764017640176402,0.06723067230672307,0.026100261002610026,0.12690126901269014,0.0465079650796508,0.021420214202142022,0.09236342363423634,0.045405454054540544,0.033750337503375034,0.06216812168121681,0.05613806138061381,0.09110341103411033,0.07870578705787058,0.06484564845648456,0.08952839528395284,0.08019080190801908
AATAA,0.01859672519819219,0.06684448395939839,0.026820774987034154,0.13237015633103652,0.0474623990516411,0.02144180188189968,0.09329480625324146,0.04541750018522635,0.036185819070904644,0.05913906794102393,0.05688671556642217,0.08809365044083871,0.07718752315329333,0.05962806549603616,0.09000518633770467,0.08062532414610654
AATAC,0.018506700701978303,0.06822785161344025,0.026747315557281985,0.1293804278460642,0.049721150911461946,0.02097611054077301,0.09042479398462862,0.046780056047279486,0.03376709858217031,0.060930606808912074,0.05366110818234788,0.08920396215421325,0.0778557753669432,0.06414916345273439,0.09256124968785549,0.0771066285619156
AATAG,0.017029657089898054,0.06597544022242817,0.025312789620018535,0.13021316033364227,0.046686746987951805,0.021344995366079703,0.09186746987951808,0.045759962928637626,0.03585495829471733,0.06105189990732159,0.05693929564411492,0.08911607970342911,0.07582252085264134,0.0655989341983318,0.09282321594068582,0.07860287303058387
AATAT,0.01726142563276988,0.06581104850490416,0.026622544197000865,0.1348418447962317,0.04825149807709507,0.022255015949676535,0.09144978087827564,0.044927406612407954,0.034507945025787794,0.06093670810601318,0.05384133798408013,0.08617297200608175,0.0775422591896968,0.0645589243657395,0.09177771815281877,0.07924157052142027
AATCA,0.018947418533241295,0.06722048987170028,0.024684011330365855,0.12801409154745186,0.04715431672657161,0.02208945276237176,0.08895289328985266,0.04667825093427912,0.03460998309966437,0.06207897931494132,0.05605674704244126,0.08866725381447715,0.07886029849325177,0.06403084906334056,0.09085715645902263,0.08109780771702649
AATCC,0.017754507519092983,0.06625462562002991,0.026887646641996693,0.12754901188882764,0.0486969529958271,0.02306904968112747,0.09215809778757578,0.044957089992913944,0.036650657428548936,0.060074009920478705,0.05747578930792851,0.08912684040626723,0.07715927879694512,0.06448311156601842,0.08983544602787182,0.07786788441854972
AATCG,0.0171375888063344,0.06638104018656109,0.026031780465318077,0.12489831335755736,0.046965670589511364,0.022506643527306254,0.09029773848907208,0.046260643201909,0.03546830088399588,0.06453712240360106,0.05732414989966918,0.08736916318672379,0.07527523184554477,0.06676067031834698,0.09187049189218505,0.08091545094636368
AATCT,0.01752875018997923,0.07054562034550889,0.02472263032575105,0.1269314554941993,0.0459496428390496,0.023354779877400072,0.09162064947565733,0.045620345508891026,0.035817417295709,0.06069203100461016,0.05410608440143878,0.09212726075282436,0.07677693905466336,0.06246517047469477,0.09265920259384974,0.07908202036577335
AATGA,0.019163999612064785,0.06825720104742508,0.026321404325477644,0.1306371835903404,0.04717292212200563,0.021763165551352923,0.09066045970322956,0.04562118126272913,0.03479778876927553,0.062457569585879155,0.05648336727766463,0.0886044030646882,0.07686936281640966,0.0624381728251382,0.09050528561730191,0.07824653282901756
AATGC,0.018137092925065167,0.06494841575797629,0.02581047839336197,0.12923596578184088,0.047288614751991774,0.022249146381760107,0.0927047765906671,0.04831662811616551,0.036935051584242026,0.06333296618570328,0.058229614127840806,0.08407680728420898,0.07680728420898043,0.06524213386202592,0.08921687410507766,0.07746814994309212
AATGG,0.017905632477483533,0.06713267912353811,0.02661648070977282,0.12915714477752385,0.047829009275440246,0.02175023524667294,0.09229735179459604,0.0467804812474795,0.03559618228256486,0.061594300309181345,0.05522247613926603,0.08726979432719452,0.07955370345476542,0.06586906842317516,0.08810323968275306,0.07732222072859256
AATGT,0.01879255803978339,0.06592139831644415,0.026486515468339498,0.12680285239397351,0.04809393598198488,0.0215806122996086,0.09213983164441585,0.04672671706610906,0.035869390381212805,0.06377674119350168,0.05578789341054099,0.08747520240201598,0.07495576644683931,0.06535842582167176,0.09160366736368024,0.0786284917698783
AATTA,0.017107276436586195,0.06600646038762326,0.025714042842570554,0.13071659299557972,0.0481341380482829,0.021782556953417204,0.09218803128187691,0.04620027201632098,0.034745834750085004,0.06054488269296158,0.056634648078884735,0.09002040122407344,0.07518701122067324,0.06190496429785787,0.09157174430465828,0.08154114246854811
AATTC,0.017231147937317302,0.06780368799314271,0.023956570474076355,0.1292116310248577,0.04606694652629728,0.020505945185608474,0.09068331172113672,0.04542956988065672,0.034879887470054285,0.06378162157410053,0.057561704652849516,0.09373832391920701,0.07734235917272907,0.06360579353392382,0.08921075188465681,0.0789907470493857
AATTG,0.018395471883843977,0.0683934211065994,0.02649604199991797,0.12634838603830853,0.04677822894877159,0.022845658504573232,0.09460235429227677,0.046757721176325824,0.03613469504942373,0.05818055042861244,0.05498133792707436,0.09138263401829293,0.07680160780935975,0.0633895246298347,0.08904474795947664,0.07946761822730815
AATTT,0.0181737532475762,0.06780305430581078,0.02430771180533553,0.12869906850009505,0.04729738292883848,0.02197579367593942,0.09227552119637539,0.046346872821747674,0.03500411887713073,0.062176034471833216,0.056105443254546604,0.09169254166402636,0.07700399214244978,0.06103542234332425,0.08947468474748115,0.08062860401748939
ACCAA,0.021616124742509974,0.06862924043701599,0.02628353889077208,0.12672420536622253,0.04471852102943861,0.022633047378164847,0.09003676566451983,0.04771713905765169,0.03600949127793278,0.0606503089880316,0.054887747385987326,0.08886339339261036,0.07746864488540064,0.06487444916690568,0.09001069072514406,0.078876691611692
ACCAC,0.024487709678918265,0.06198596719483295,0.031178848566516426,0.12443659681241578,0.04679150597091213,0.02360485107569351,0.0887040565029506,0.048603689419636636,0.03786998745411459,0.06505273918498211,0.05074113656428605,0.0887040565029506,0.0753217787277543,0.06914176850518099,0.08856465777612564,0.07481065006272943
ACCAG,0.022163036240844668,0.06796347379434985,0.02511176638447636,0.12080281556168553,0.05008085227813184,0.02235327689527252,0.09345572148768191,0.0480833254066394,0.03842861219442595,0.06040140778084276,0.05555027109293256,0.08608389612860268,0.07733282602492153,0.0655854656140017,0.09036431085322934,0.07623894226196139
ACCAT,0.01965963422381223,0.06964458858537564,0.02571132435052994,0.12875723026513758,0.04784513022835936,0.022234110134073354,0.09134374268614798,0.0459393493597245,0.03513992443746029,0.06098498779631549,0.05443177638837808,0.08696379016349594,0.08031027449931459,0.06676919990638269,0.08870239727172423,0.0755625397037681
ACCCA,0.01996742157532447,0.06725868320109295,0.029898586516735853,0.12232673007198781,0.048552361935788976,0.02375072250538595,0.08995848878146183,0.04797435762702958,0.03688718406809942,0.06179391519100415,0.05343912563711838,0.09079922232147548,0.07776785245126373,0.06694340812358783,0.08670064631390889,0.0759812936787347
ACCCC,0.022084698458924888,0.06540468389758525,0.0271811673340614,0.11272903773813858,0.04708166484649921,0.023298143429195485,0.09634753063948549,0.046232253367309795,0.044169396917849775,0.05569712413542046,0.05047931076325689,0.09258585123164664,0.079116612061643,0.06686081786190996,0.09416332969299843,0.07656837762407474
ACCCG,0.019140919366993216,0.07083647324792766,0.02426525998492841,0.12569706103993972,0.05109269027882442,0.020045214770158252,0.09133383571966842,0.04415975885455915,0.03632253202712886,0.06239638281838734,0.05470987189148455,0.08816880180859081,0.07611152976639035,0.06782215523737754,0.0934438583270535,0.07445365486058779
ACCCT,0.020134228187919462,0.07099964676792653,0.025291416460614623,0.11741434122218297,0.04627340162486754,0.022394913458142,0.08682444365948429,0.0489579653832568,0.0390674673260332,0.06280466266336983,0.054892264217590955,0.09106322854115154,0.07566231013776051,0.06774991169198163,0.09290003532320734,0.07756976333451078
ACCGA,0.02096534459829461,0.06860674333098647,0.025424391770319955,0.12524446530548383,0.04858014550574982,0.02245169365563639,0.09309238832824845,0.04654619416412423,0.034186028318860986,0.0636000938746773,0.0541343972463428,0.08847688336071345,0.07572557302667605,0.06547758742079324,0.08902448564499726,0.07846358444809512
ACCGC,0.021938441388343156,0.06406898057192753,0.026959179218511244,0.12213490504256712,0.05217201484392054,0.022920759659463,0.08742632612966601,0.0473695699628902,0.0389652914210871,0.05992141453831041,0.05435494433529797,0.08316961362148002,0.0809866841301026,0.07345557738485047,0.09342938223095394,0.07072691552062868
ACCGG,0.026977047753725662,0.06918307407810291,0.02806483193734363,0.12139671489176547,0.047536168824105295,0.022952246274339172,0.09159142826063309,0.048732731426085064,0.03698466224301099,0.06004568693571195,0.053410203415642336,0.09409333188295442,0.0732078755574894,0.06668117045578158,0.09170020667899488,0.06744261938431415
ACCGT,0.021601907700939824,0.06655912470192173,0.028054425585636134,0.1219666152335531,0.04930565296675551,0.023776125683826622,0.08865198485061018,0.04776265955954552,0.034436807406368355,0.06066769532893814,0.05456585776406228,0.09321082900827606,0.07736007855239165,0.06887361481273671,0.08921307336232291,0.0739935474821153
ACCTA,0.018168793956759573,0.0660328210471477,0.024355300859598854,0.12548840843969783,0.051250325605626465,0.019992185464964833,0.0916254232873144,0.04636624120864809,0.03633758791351915,0.0640140661630633,0.055483198749674396,0.09292784579317531,0.07814535035165408,0.060237040896066685,0.0930580880437614,0.07651732221932794
ACCTC,0.01957284029327383,0.06458399744979279,0.025757092763787057,0.12700031877590054,0.04532993305706089,0.023844437360535542,0.08842843481032833,0.047625119540962706,0.03825310806503028,0.06579534587185208,0.05215173732865795,0.08995855913292955,0.07197959834236532,0.06764424609499523,0.09142492827542238,0.08065030283710552
ACCTG,0.018201542912246866,0.06955159112825458,0.026699614271938284,0.12289054966248794,0.05159112825458052,0.0234450337512054,0.09070636451301832,0.04719141755062681,0.034233365477338476,0.059546769527483126,0.053459498553519766,0.0932377049180328,0.07913452266152363,0.06262054001928641,0.09124879459980714,0.07624156219864996
ACCTT,0.01807012501796235,0.06764621353642765,0.02568616180485702,0.128574507831585,0.04853427216554103,0.02220146572783446,0.08952435694783734,0.04594769363414283,0.0368587440724242,0.06326339991378072,0.0544259232648369,0.08815921827848829,0.0787110216985199,0.06376634573933036,0.09035062508981176,0.0782799252766202
ACTAA,0.017401303181295517,0.06454580298965121,0.026063625910310462,0.12878497508623993,0.049942506707550786,0.022154082023763896,0.09195093905711,0.0451513990034496,0.03553085473361441,0.062476044461479495,0.054695285550019165,0.09018781142200076,0.07569950172479878,0.06443081640475277,0.09068608662322729,0.08029896512073591
ACTAC,0.024799805872361077,0.06629458869206503,0.027420528997816065,0.12409609318126669,0.04804659063334142,0.023004125212327104,0.08769716088328075,0.05251152632856103,0.03960203834020869,0.06309148264984227,0.0520747391409852,0.09041494782819703,0.07522446008250425,0.0636253336568794,0.08847367143897113,0.07362290706139286
ACTAG,0.01782190821717268,0.06078543695499968,0.02679651199796321,0.12971803195213544,0.050474190057921205,0.02545986888167526,0.08879129272484247,0.04449112087072751,0.032461332824135956,0.06256762777671696,0.05709375596715677,0.08949143911908854,0.07294252434599961,0.07046018713003628,0.08904589141365922,0.08159887976576921
ACTAT,0.01716723191496801,0.06709555609943708,0.026677388902485926,0.13163875388972412,0.04678158106359918,0.0220272018460893,0.08870319219607706,0.04622216006433341,0.035733016328100414,0.062130694730953465,0.05555749798958078,0.08898290269570994,0.07492745008915772,0.06597671410090557,0.09408761931401,0.07629103877486801
ACTCA,0.02118857834729089,0.06951871657754011,0.026737967914438502,0.1311673897689436,0.04903642417515892,0.02199576228433054,0.0888406820704268,0.046261729391585106,0.03460801130057512,0.0630107960851579,0.05483805872263142,0.08677227323176269,0.07643022903844214,0.06623953183331652,0.08707496720815255,0.0762788820502472
ACTCC,0.020802165704922704,0.07166773527106932,0.026572629479233455,0.1146256322576049,0.04901332193488637,0.02400797891287312,0.08563083279903114,0.047517275771176176,0.04053572700719527,0.06361758210443827,0.05570990952482724,0.08990525040963168,0.0722376576191494,0.06675215501887868,0.08826672365890148,0.08313742252618081
ACTCG,0.01810521521293555,0.06968799817809156,0.028695058073331815,0.12445912092917331,0.04896378956957413,0.023001594169892964,0.07777271692097472,0.047255750398542476,0.039854247324071966,0.06422227283079025,0.05044409018446823,0.09542245502163517,0.07663402414028694,0.06729674333864723,0.09007059895240264,0.07811432475518106
ACTCT,0.017626749045974922,0.06737234235871344,0.025440668726149373,0.12588588042885698,0.04811012175177176,0.02139741958931492,0.08795202616754498,0.045656914410321645,0.03761584590223514,0.06387425040886789,0.05356169362166091,0.09063238233690714,0.07927494094130474,0.0653734326730874,0.08931491913501727,0.08091041250227149
ACTGA,0.021529036154974545,0.06747778065406851,0.023729398567607213,0.1240400379670377,0.046682198636638195,0.02230563465355078,0.08991284839071534,0.04564673397186988,0.039433945983259985,0.06532056260246785,0.05405988437311243,0.08827336267149884,0.07813443782897575,0.06372422124428337,0.0904305807230995,0.0792993355768401
ACTGC,0.02060619898396027,0.06883954563616644,0.028597522689651236,0.12066898795593356,0.049546206975283974,0.02174781665620184,0.08773331811176437,0.04806210400136994,0.04098407443347223,0.061019464581311716,0.05434100119869856,0.08699126662480736,0.07346309720874479,0.0674125235458645,0.09161481819738569,0.07837205319938352
ACTGG,0.021919399989436435,0.06961390165319813,0.026884276131622035,0.12332963608514234,0.04632123804996567,0.022500396133734748,0.09132203031743516,0.049067765277557705,0.040458458775682674,0.061585591295621404,0.05440236623884223,0.09016003802883854,0.0748956847831828,0.06544129298051023,0.08598742935615064,0.07611049490307928
ACTGT,0.02030679970111204,0.06474440683925982,0.026855962375280207,0.12408245791393785,0.04856929365742165,0.021229836051162587,0.087952177926245,0.04900883477649334,0.03749285745681508,0.06241483890817986,0.054151465869632105,0.08799613203815217,0.0773592369566173,0.06707397477033976,0.09243549734077623,0.078326227418575
ACTTA,0.01906594367675354,0.06729928284065069,0.028380269372048277,0.12594017841525276,0.04818960993528074,0.022170718908518454,0.09025712786426447,0.045128563932132236,0.03493965366450936,0.06200804617806542,0.05562357880006997,0.08977610634948399,0.07713835927934232,0.0624890676928459,0.09279342312401609,0.07880006996676579
ACTTC,0.019494584837545126,0.06750902527075812,0.029176238923531342,0.1273711847719068,0.04657039711191336,0.022579586478503447,0.08916967509025271,0.04634066294716114,0.03626517886445684,0.06091237282573023,0.053298326222513945,0.08680669510994421,0.0769937643583853,0.06665572694453561,0.09127010173941581,0.07958647850344601
ACTTG,0.020008061856425667,0.06790281798526879,0.025468137344717652,0.1252152882113672,0.04507310637986002,0.022719777199604236,0.09161200483711386,0.04514639598372971,0.03415295540327604,0.06548426105756898,0.05566345413903038,0.09062259518487302,0.0769174392612408,0.0674264355601158,0.08750778702041115,0.07907948257539668
ACTTT,0.019597065725218275,0.06716275923302961,0.02496670401454453,0.12939982664947255,0.04756569350781134,0.021816798088916137,0.0884721899245291,0.04743885165845718,0.03551571781916581,0.06246961080692556,0.056951990360019446,0.08737289389679302,0.07724668625668563,0.06371688899224151,0.09109358814451515,0.07921273492167516
AGCAA,0.018867924528301886,0.069105924184206,0.025807191604060333,0.12527957790904398,0.0483741469289442,0.02311177381430292,0.09107071170499513,0.04590812639788955,0.03785054768595515,0.058897746171933246,0.05683317084360842,0.08765842748179159,0.07808109193095142,0.0641738831220967,0.09012444801284625,0.07885530767907324
AGCAC,0.022146714398398156,0.06910988410897397,0.02627267762878466,0.12371822098173654,0.0505430495722347,0.022874825556701655,0.0868272556276925,0.04574965111340331,0.03889327103937868,0.06207147624537346,0.052788058977003824,0.09313755233298951,0.0747527455858261,0.06249620775438384,0.09089254292822037,0.07772586614889873
AGCAG,0.019259385230219802,0.06934228986862803,0.024956421920836698,0.12393180562050933,0.049190085455550356,0.022448025168997916,0.08881425109476637,0.048849963862080695,0.040857106415543555,0.059138642064538074,0.054717061349432425,0.09089749585476808,0.07248841460822245,0.06755665150291229,0.08979210067599167,0.07776029930700225
AGCAT,0.018508521631834658,0.06863576771805352,0.025063623043109433,0.12886558186164881,0.04958741420529035,0.02116912161641089,0.0878769183311483,0.04692681422071412,0.03724839978406725,0.06385439962982957,0.05567980257576926,0.0861417444281638,0.07646332999151692,0.06481838513148762,0.09084599367625511,0.07831418215470039
AGCCA,0.022331786542923435,0.06960556844547564,0.023830239752513534,0.12277648878576952,0.04703209590100541,0.022718484145398298,0.09348414539829852,0.04490525908739366,0.036156225831399845,0.06303170920340294,0.05679621036349575,0.09251740139211137,0.0777262180974478,0.06298337200309358,0.08517014694508894,0.07893464810518175
AGCCC,0.01873214096729813,0.07228278124669277,0.02571700709069743,0.1230818075986877,0.049952375912795006,0.021377923589797863,0.08762832045719124,0.049317388083395065,0.03820510106889618,0.060958831622393905,0.054926447243094506,0.08805164567679119,0.08043179172399195,0.06392210815959361,0.08805164567679119,0.07736268388189227
AGCCG,0.022149993980979898,0.06644998194293969,0.02768749247622487,0.11749127242084989,0.054773082942097026,0.025520645238955097,0.08559046587215602,0.04225352112676056,0.03454917539424582,0.06187552666425906,0.0527266161068978,0.09040568195497772,0.07921030456241723,0.06801492716985674,0.0883592151197785,0.08294209702660407
AGCCT,0.01802750180932956,0.06585959602605435,0.025133232449503256,0.13165339824988487,0.048029475623396274,0.02184354233831173,0.09230870452003422,0.04467399170998092,0.03513389038752549,0.06112244226593855,0.0552010000657938,0.08684781893545628,0.07618922297519573,0.06480689519047306,0.09237449832225804,0.08079478913086387
AGCGA,0.019942577791572904,0.0723209435865601,0.026305579265926905,0.12935516411887948,0.047256925583921784,0.02211531000232793,0.08745247148288973,0.044541010320478004,0.03910917979359044,0.05928455032202995,0.05664623263754171,0.09086676495693334,0.07503685885000388,0.06316442926980678,0.08962520369364475,0.0769767983238923
AGCGC,0.018732153055396918,0.07252998286693318,0.028555111364934323,0.12267275842375785,0.048315248429468875,0.023757852655625356,0.09331810394060537,0.047058823529411764,0.03495145631067961,0.05928041119360365,0.054597372929754424,0.09206167904054825,0.07127355796687607,0.06533409480296973,0.0836093660765277,0.08395202741290692
AGCGG,0.019346684814310712,0.06649815282908808,0.027513124635426794,0.12026054831810228,0.051818005055415124,0.02129107524790978,0.08808088664203773,0.04617927279797784,0.03849893058526152,0.061442737701730504,0.05580400544429322,0.08846976472875753,0.077095080692203,0.0670814699591678,0.09255298463931558,0.07806727590900253
AGCGT,0.02026971126003144,0.06312567220981219,0.02506825515016133,0.12368660544386531,0.05013651030032266,0.023827252419955324,0.08860759493670886,0.05063291139240506,0.03880201869777447,0.0636220733018946,0.05907172995780591,0.08819392735997353,0.07528749896583106,0.06875155125341276,0.08844212790601473,0.07247455944403078
AGCTA,0.01777150916784203,0.06922425952045135,0.022792665726375175,0.1265444287729196,0.04829337094499295,0.0231311706629055,0.09370944992947813,0.04496473906911142,0.03492242595204514,0.06335684062059238,0.05607898448519041,0.09094499294781382,0.076163610719323,0.0642031029619182,0.08846262341325811,0.07943582510578279
AGCTC,0.019019607843137255,0.06895424836601308,0.025816993464052286,0.12555555555555556,0.04470588235294118,0.021633986928104577,0.08777777777777777,0.04673202614379085,0.043202614379084965,0.05856209150326797,0.05758169934640523,0.0934640522875817,0.07477124183006537,0.06326797385620915,0.09019607843137255,0.07875816993464052
AGCTG,0.019817804059453412,0.06930904054126046,0.024985349741622715,0.12775025304991744,0.04560225880347344,0.022694582068083745,0.09258963294443556,0.048532310478930266,0.04118054445687497,0.060838527515848916,0.05524479249906771,0.09019231793724362,0.0717063555484524,0.06526024186244739,0.08976612860263172,0.07452985989025625
AGCTT,0.017532420488299644,0.0704556980366587,0.02369050206476853,0.12663913641961894,0.04665652394407013,0.02227776570310802,0.09505180033326088,0.046620299934796786,0.03778164167210027,0.060820111569948564,0.05600231833659349,0.08885749474751865,0.076867347678041,0.06437006447873651,0.08784322248786496,0.07853365210461494
AGTAA,0.018515712597351436,0.06830510015455014,0.026909906360798812,0.1301857632049456,0.048395405921391556,0.021485499560592744,0.08951786417770236,0.045183187369314225,0.03694051334888936,0.06345646837782963,0.055516833843449805,0.08566926270493046,0.07682050971241552,0.062365526228067514,0.09239673929513016,0.07833570714264068
AGTAC,0.022487036298364578,0.06631431990426805,0.028619864379736737,0.12370362983645791,0.045672118069405666,0.023334662943757477,0.09024730753889111,0.04871360191463901,0.036447945751894695,0.06137814120462704,0.05030913442361388,0.08755484642999602,0.07813123254886319,0.0693558037495014,0.08920023932987635,0.0785301156761069
AGTAG,0.022219123320782783,0.06898154604192813,0.027518244782224702,0.12820155254962115,0.04899363175754195,0.021754288104866824,0.08724957002742528,0.04778506019616046,0.03876725700739088,0.06252033654069632,0.05433923674057547,0.08724957002742528,0.07395528285222888,0.06568121600892483,0.08859759215358155,0.07618649188862549
AGTAT,0.01943907156673114,0.06669890393294649,0.02614442295293359,0.12672469374597034,0.04803352675693101,0.021760154738878143,0.08978078658929722,0.047259832366215344,0.03729851708575113,0.061992263056092844,0.054674403610573824,0.08713733075435202,0.0753384912959381,0.0655705996131528,0.09174725983236622,0.08039974210186976
AGTCA,0.020277633012744586,0.06485999905244706,0.025347041265930733,0.13038328516605865,0.04775666840384706,0.021841095371203868,0.0918178803240631,0.04775666840384706,0.035959634244563415,0.06315440375230966,0.05320509783484152,0.08755389207371962,0.07438290614488084,0.06504950964135121,0.0909650826739944,0.07968920263419718
AGTCC,0.019230769230769232,0.06822137138879221,0.027236338322311173,0.12669683257918551,0.04899060215802297,0.022885485555168814,0.0884963452836756,0.04716324399582318,0.036460146188652974,0.062043160459450054,0.05308040375913679,0.09258614688478942,0.07500870170553428,0.06500174034110685,0.08806126000696136,0.07883745214061956
AGTCG,0.021820695102685625,0.06951026856240126,0.02754739336492891,0.12114928909952606,0.051145339652448656,0.02665876777251185,0.08165481832543443,0.05005924170616114,0.03771721958925751,0.06556082148499211,0.051639020537124804,0.09468799368088468,0.07533570300157978,0.06289494470774092,0.08688783570300158,0.0757306477093207
AGTCT,0.019366000669717602,0.06886929344792946,0.02673289429623842,0.12551624065185846,0.047884808572385314,0.024444692488000894,0.08343565130036834,0.04581984596495144,0.038229713137626964,0.0642928898314544,0.056870186404732674,0.08829110391784797,0.07405960486661457,0.06786471704431297,0.0898537783234736,0.07846857908248689
AGTGA,0.01957052422524722,0.06677975919566387,0.027266332905788407,0.1259878356572469,0.04658860523811494,0.02205304315445405,0.0863089081054243,0.048202242542099386,0.0353758947411974,0.06446274152840416,0.056849683478836524,0.08932930613595928,0.07488932103107286,0.06723488766601846,0.09102569407091729,0.07807522032355496
AGTGC,0.021751615218951904,0.06798277099784637,0.025340990667623832,0.12483847810480976,0.04946159368269921,0.02455132806891601,0.0895908111988514,0.050466618808327354,0.04012921751615219,0.06281407035175879,0.05089734386216798,0.09382627422828428,0.07236180904522613,0.06288585786073224,0.087724335965542,0.07537688442211055
AGTGG,0.022582331416623105,0.06722425509670674,0.028593831677992683,0.1192890747516989,0.05023523261892316,0.023470987976999477,0.08693152117093571,0.0450601150026137,0.04014636696288552,0.06607422895974908,0.05504443282801882,0.09006795608991114,0.07595399895452169,0.0665446941975954,0.08782017773131208,0.0749607945635128
AGTGT,0.020691532806969778,0.06822760686087667,0.028096923495780017,0.12458480805880752,0.050313095562210725,0.021236046828205825,0.09049823032943098,0.04661040021780561,0.03528450857609584,0.06142118159542608,0.05423359651511026,0.08663218077865505,0.07546964334331609,0.06708412741628098,0.09109719575279064,0.07851892186223795
AGTTA,0.017781184134891742,0.06920866066296226,0.024832343360797086,0.13289902280130292,0.04790189691511784,0.022226480168614678,0.09223989269975091,0.0441463881969726,0.03383789998083924,0.062387430542249475,0.05648591684230696,0.089020885227055,0.0789423261161142,0.05978156735006706,0.08848438398160567,0.07982372101935237
AGTTC,0.019079075189430736,0.0646590246745677,0.026034583252380027,0.1230231202642316,0.047134252962891005,0.020866524188847872,0.09088789586166698,0.046085098115407036,0.03415581892364484,0.06500874295706237,0.05614921313386439,0.09228676899164562,0.07732659801826307,0.06734019817369341,0.0914319020788809,0.07853118321352244
AGTTG,0.019558337185733084,0.06653390704455744,0.02667045979872693,0.12609793392838092,0.04729561537640909,0.021336367838981542,0.08730130507449949,0.0470466910849543,0.0364140677785285,0.061911027346111445,0.054052131858753245,0.0879769567227339,0.07841115180825717,0.06678283133601223,0.09267095764730984,0.07994025817005085
AGTTT,0.01769511008530763,0.06609644061276673,0.025230240083271106,0.12569864005611747,0.0454596881859118,0.022605389993890435,0.08992374357929989,0.04665897314054262,0.03785667413391261,0.060303668001719726,0.056592673047767744,0.09044418799357365,0.07774986988889643,0.06691104926119522,0.0900142556513475,0.08075939628447944
ATCAA,0.017511696744008404,0.06687673064069512,0.02549412775708966,0.12938031127661606,0.046710589133963525,0.02247684522104459,0.09139692542728922,0.04564117253890958,0.03498520003819345,0.06112861644228015,0.054177408574429486,0.09101499092905567,0.07871670008593526,0.0641649957032369,0.09118686145326077,0.07913682803399218
ATCAC,0.019871197356156257,0.06969748326413015,0.027582408270485553,0.12884501313448013,0.047665452080332175,0.02173544614863147,0.08698415388526395,0.0460554190322854,0.035674942801457506,0.06207101093127701,0.05448690788916193,0.08694178459452588,0.07779001779510211,0.06812981950682145,0.09172951444792814,0.07473942886196085
ATCAG,0.020977391034107683,0.06724419237044518,0.02377437650532204,0.12706860383808563,0.04832569341931474,0.022103954626680133,0.08779426617978402,0.04381943904902494,0.03573925879885013,0.06234946779582006,0.054890839872581774,0.09043586356926424,0.07878175743920442,0.06522414730790148,0.0926501437339756,0.07882060445963794
ATCAT,0.019544989092204264,0.067094074173011,0.025755754418770312,0.1305596367036196,0.046480566314945904,0.022104981968745826,0.09169226659543209,0.0461911758158586,0.033413472240772894,0.0629980855705445,0.05734384043453097,0.08984461956279774,0.0759316147989849,0.062285739726637285,0.09040113975335025,0.07835804282979386
ATCCA,0.018092472637927185,0.06799834072561345,0.02492102492102492,0.1263920354829446,0.04827850282395737,0.023421296148568877,0.09358945722582086,0.048725230543412365,0.036791218609400426,0.06171224353042535,0.05469223651041833,0.0887711796802706,0.07827307827307828,0.06295669932033568,0.08704808704808704,0.0783368965187147
ATCCC,0.018307987597814854,0.06799055071607854,0.02760962645799498,0.12712239775579506,0.04953491805699099,0.022663516905359515,0.09220434076480141,0.04473645356562823,0.0339583640927211,0.05839362173335302,0.05558836556917171,0.0892514395393474,0.07256754761553226,0.06725232540971504,0.09035877749889266,0.08245976672080318
ATCCG,0.01741811817651471,0.06800566713892825,0.02908575714642887,0.12609384115342945,0.04900408367363947,0.02241853487790649,0.08742395199599967,0.04625385448787399,0.03941995166263855,0.06042170180848404,0.05800483373614468,0.09067422285190432,0.07642303525293774,0.06417201433452788,0.09109092424368698,0.07408950745895491
ATCCT,0.017535295884650044,0.06766296185040553,0.028612195854610993,0.1292805647341544,0.04689846800841094,0.02249173926103935,0.09060528687293481,0.044945929708621206,0.03529588465004506,0.06218083508561129,0.05602282967858216,0.0892910784019225,0.07667467708020427,0.06360768999699609,0.08947882246920998,0.07941574046260139
ATCGA,0.018091951879138302,0.06607292735242003,0.025552550592185024,0.12822904038049054,0.0487270353445864,0.023360999720227548,0.08817495103982094,0.046395598246759304,0.03408561037023221,0.0630420591252448,0.05488202928284995,0.08966707078243029,0.07763685535764245,0.06588641238459386,0.0913457054928658,0.07884920264851254
ATCGC,0.018017276840806253,0.06754422048539696,0.027149321266968326,0.1262854792266557,0.0483751542575072,0.02048539695598519,0.08663101604278074,0.044919786096256686,0.038173591114767584,0.06244343891402715,0.05553270259152612,0.08704236939531057,0.07667626491155903,0.06310160427807486,0.09584533113944879,0.08177704648292884
ATCGG,0.018284462419952813,0.06521739130434782,0.025699359622514323,0.12150320188742837,0.051482979440512305,0.0226659925851028,0.09024266936299292,0.04406808223795079,0.0369902258173239,0.06429052915402764,0.05409504550050556,0.09057971014492754,0.07574991573980451,0.06976744186046512,0.09302325581395349,0.07633973710819009
ATCGT,0.0206046511627907,0.06446511627906977,0.027906976744186046,0.12944186046511627,0.046511627906976744,0.022093023255813953,0.0918139534883721,0.04748837209302326,0.03520930232558139,0.06395348837209303,0.0573953488372093,0.08897674418604651,0.07511627906976744,0.06511627906976744,0.08823255813953489,0.07567441860465117
ATCTA,0.017529330572808834,0.06680469289164942,0.024879227053140097,0.12912353347135955,0.04654934437543133,0.02129054520358868,0.09361628709454796,0.044996549344375435,0.03533471359558316,0.06069703243616287,0.05469289164941339,0.08947550034506556,0.0782263630089717,0.06625258799171843,0.09147688060731539,0.07905452035886819
ATCTC,0.01899654986074739,0.0667996840836347,0.025481148937939062,0.12881905474498068,0.04672236771002203,0.022197281456540714,0.08770835931329758,0.047719998337282285,0.03603940640977678,0.061811530947333417,0.05374735004364634,0.08978675645342311,0.0764850147566197,0.06364052043064389,0.09144947416552354,0.08259550234858877
ATCTG,0.017736549165120595,0.06690166975881262,0.02489795918367347,0.129721706864564,0.04656771799628943,0.022337662337662337,0.09139146567717996,0.0449721706864564,0.03781076066790352,0.06474953617810761,0.05684601113172542,0.08846011131725418,0.07461966604823747,0.06393320964749537,0.09057513914656772,0.07847866419294991
ATCTT,0.0174848965958061,0.06744468958122848,0.02608301202086641,0.1265180725375781,0.046970040619394214,0.023031402709334212,0.09307408400173199,0.04587723458215633,0.03466050846409204,0.062393039031732614,0.05567125095362791,0.09115651869110704,0.07678508835233716,0.06391884368749871,0.09084723396358688,0.07808408420792182
ATTAA,0.01705704359520341,0.06616608763868655,0.026045052112518213,0.13271321304494005,0.049221113975120474,0.021405356942732264,0.09252493555978931,0.04547797825843326,0.033979603272442004,0.061616048414210464,0.05430908887145579,0.08914042362434159,0.07618513952706489,0.06036086517987224,0.09469909223355374,0.07909895774963577
ATTAC,0.01857073407875547,0.06488413547237076,0.0285204991087344,0.12954140333819478,0.0494571382271917,0.02067736185383244,0.09470102090422947,0.04757737805866148,0.03694701020904229,0.06122184410954464,0.0547723221520013,0.08601523253929672,0.07574137092853671,0.06274509803921569,0.09077945227677849,0.07784799870361368
ATTAG,0.017040941584229908,0.06809155895732544,0.023647916817098706,0.12979276482056465,0.047007004115820636,0.02187883601704094,0.09246154957036609,0.045707271283125135,0.034442920066430786,0.06209834645100729,0.05585240811610947,0.09090909090909091,0.07556502274532458,0.06430067152863023,0.09000649866416348,0.08119719835367174
ATTAT,0.01814526794688674,0.06718510289372058,0.027191451092419192,0.13057892045354352,0.047734927436562095,0.02211289213352378,0.09047946534059849,0.046147877761907284,0.03611419704103405,0.05990230827558236,0.05766280484579167,0.08892768343649156,0.076548695974184,0.059867040505034476,0.09190781004778784,0.07949355481493238
ATTCA,0.01778769665900654,0.06598020152024041,0.02474809969948736,0.13001590949266395,0.048369277001944495,0.021522008131518472,0.09220876789817925,0.04494431677567615,0.03405073360438395,0.06246685522361676,0.05519710093689235,0.0909934594307937,0.07890666430970479,0.06483118260562136,0.08803252607389075,0.0799452006363797
ATTCC,0.01630170316301703,0.06774417796315607,0.025199860966284324,0.12690302398331596,0.04522071602363573,0.023496697949252694,0.08978102189781022,0.04699339589850539,0.037261035801181785,0.06273896419881822,0.055856795272853664,0.09144942648592283,0.078380257212374,0.06569343065693431,0.08832116788321168,0.0786583246437261
ATTCG,0.022265645086645754,0.06941944772972695,0.02545379750089988,0.12531495860544042,0.04674242813801615,0.021340052450249395,0.09091376561937574,0.04396565022882707,0.03645806551138993,0.06036920861829588,0.056769681698976705,0.08808556589705353,0.07944670129068751,0.06803105877513241,0.08937111122538181,0.07605286162390086
ATTCT,0.01697212183789365,0.06633970056788849,0.025038719669592154,0.13235673722250904,0.04670022371364653,0.021704525899156772,0.09183014971605576,0.045925830321803474,0.03428841851660644,0.06158578557907417,0.05706849079332301,0.09013078643951127,0.07569695405265875,0.06350025813113061,0.09086215797625194,0.07999913956289795
ATTGA,0.018517365219738017,0.06645076913495672,0.027174025866185048,0.1262792966722717,0.04801644142741483,0.022669240829544746,0.09223391667185651,0.04434203151273588,0.03500031139067074,0.06186294658612028,0.05559361441531212,0.09071848207427706,0.07651906748873803,0.06406344065931785,0.09111291025720869,0.07944613979365178
ATTGC,0.01951100754703857,0.0675407783535631,0.02563210795395263,0.12509998956630614,0.04750808611275345,0.02424094877056307,0.0917121691649567,0.048516676520710886,0.03665704448231489,0.05992418182450527,0.05582026223350607,0.08826905018606754,0.07679198692310367,0.06427155427259765,0.08924286161444023,0.07926129447362014
