,X,Y,1,2,3,4,5,6,7,8,9,10,11,12,13,14,15,16,17,18,19,20
N:AACGA,0.04875549,0.00556369,0.11625183,0.061054173,0.06193265,0.043923865,0.051390922,0.049341142,0.062371889,0.040995608,0.057686676,0.055636896,0.024158126,0.045387994,0.03147877,0.035285505,0.039238653,0.030746706,0.032650073,0.027525622,0.025183016,0.053440703
N:CGTTA,0.045116279,0.004418605,0.109302326,0.070930233,0.05,0.05,0.049534884,0.050930233,0.07,0.045813953,0.038837209,0.051162791,0.026511628,0.045581395,0.040232558,0.039069767,0.040930233,0.031860465,0.035348837,0.025813953,0.021860465,0.056744186
N:GTTAT,0.062514579,0.007697691,0.120888733,0.075169116,0.060765104,0.052542571,0.046536039,0.044320037,0.062456263,0.045486354,0.05143457,0.043678563,0.02816655,0.030849079,0.035864241,0.034114766,0.044611617,0.032481922,0.031432237,0.027175181,0.01947749,0.042337299
N:AATAA,0.057446203,0.00642241,0.126125699,0.07676083,0.065859323,0.054412741,0.048653901,0.047919234,0.060574462,0.045999621,0.045881126,0.0442459,0.030073941,0.02455209,0.035643189,0.034813726,0.046118115,0.03185136,0.032135747,0.02853351,0.018911745,0.037065125
N:TATTT,0.060504833,0.007274021,0.123559526,0.076772548,0.065762685,0.055207448,0.04862525,0.046905576,0.060089739,0.04732067,0.045284734,0.042991836,0.028937953,0.023502204,0.033345852,0.035658516,0.044395248,0.033207487,0.034057441,0.026486925,0.018837343,0.041272163
N:ATTTT,0.064436121,0.00739016,0.127961126,0.076263751,0.065246001,0.054430721,0.046939326,0.047732334,0.059694945,0.047479247,0.044931498,0.041303908,0.029577512,0.024465141,0.033306337,0.035246676,0.042316258,0.032665182,0.031872174,0.027620301,0.017817372,0.041303908
N:TTTTT,0.055283545,0.00596059,0.119433929,0.070527475,0.065298076,0.052099627,0.055255778,0.049054543,0.056551558,0.046120526,0.046786927,0.055144711,0.026989254,0.034328925,0.037374008,0.034949048,0.038012643,0.029479004,0.029229103,0.027683422,0.022944568,0.041492739
N:TTTTA,0.058760943,0.006477143,0.124540347,0.075635115,0.0636328,0.053590428,0.046721296,0.050193194,0.058443619,0.04728128,0.04862524,0.045470666,0.029175144,0.024993934,0.034047001,0.035726952,0.044276035,0.031228417,0.031863065,0.027439195,0.019636757,0.042241428
N:TTTAA,0.055185272,0.00675082,0.124086496,0.076230685,0.063650586,0.053899402,0.046784252,0.049098819,0.05587107,0.045776987,0.05312788,0.046805684,0.02884636,0.0264675,0.03360408,0.035832923,0.04363387,0.032939714,0.032296779,0.026531793,0.019159469,0.043419558
N:ATTAA,0.055889443,0.006994669,0.131234933,0.076024583,0.064242301,0.051509287,0.046416081,0.052561882,0.058979322,0.048962684,0.050252963,0.043292248,0.029914095,0.023191063,0.032800244,0.035856168,0.043054565,0.030525279,0.030287596,0.026790262,0.019048589,0.042171743
N:TATTA,0.063559499,0.007497189,0.128160273,0.079886709,0.065308843,0.054146362,0.045274689,0.050814278,0.065267191,0.046690824,0.045899454,0.039526844,0.030571869,0.020117456,0.033487442,0.03577825,0.046191012,0.029738848,0.030113707,0.028947478,0.016743721,0.036278062
N:AATAT,0.066976584,0.007403581,0.125918274,0.077565427,0.065283517,0.052054637,0.045798898,0.046602388,0.064623508,0.047118916,0.045368457,0.041637971,0.031594353,0.022641185,0.030417815,0.036329201,0.043560606,0.03262741,0.035497016,0.026084711,0.017619376,0.037276171
N:CTTAA,0.060363452,0.005803363,0.126021943,0.073113907,0.061210658,0.053628161,0.049137968,0.050196975,0.054898971,0.049942814,0.051637226,0.047655356,0.026009235,0.028466133,0.032659804,0.035413225,0.039988139,0.032617444,0.030838311,0.025966874,0.020290592,0.04413945
N:TCTTA,0.059381473,0.006650434,0.123814369,0.073409165,0.060762438,0.052622015,0.049133263,0.049169604,0.061089508,0.046516699,0.048588146,0.048442781,0.026492714,0.028636843,0.037031653,0.033106807,0.041974052,0.031108042,0.030017807,0.027401243,0.020023985,0.044626958
N:ATCTT,0.067731196,0.007807206,0.127655187,0.070647851,0.058951772,0.049170668,0.051262411,0.049111746,0.060012374,0.045576408,0.048110067,0.047108388,0.026809651,0.032259965,0.035647998,0.033114339,0.039065492,0.02931385,0.032083198,0.026603423,0.01988628,0.04207053
N:AATCT,0.063124017,0.007680211,0.12844238,0.073071719,0.061112533,0.049555645,0.046959002,0.054346634,0.057930732,0.047836741,0.051567129,0.045093808,0.028380207,0.031635153,0.035694693,0.034085506,0.037340453,0.030135684,0.030062539,0.02527155,0.018213071,0.042460593
N:GATTT,0.058746605,0.006806827,0.126915468,0.069141267,0.061127318,0.051101499,0.048754317,0.05200684,0.062367971,0.04623948,0.05284512,0.045367669,0.029473896,0.031988734,0.035241257,0.032793482,0.03792375,0.032089327,0.030714549,0.025584281,0.018978641,0.043791704
N:ATTTA,0.053480828,0.007125232,0.125481716,0.075494192,0.069062075,0.052205495,0.048684466,0.049377582,0.05833264,0.048379495,0.050957886,0.046133799,0.027086972,0.025284871,0.032936871,0.0364579,0.043610857,0.032521001,0.034406277,0.02534032,0.019074552,0.038564973
N:TTTAT,0.057518983,0.006840328,0.126911743,0.074297146,0.066359784,0.053324442,0.047710211,0.049646153,0.060594979,0.048527609,0.045903332,0.047430575,0.029254232,0.02499516,0.034180129,0.034201639,0.044096453,0.031125643,0.031362258,0.026715997,0.01987567,0.039127536
N:TTTTG,0.063564035,0.006630165,0.126507828,0.073765934,0.061190008,0.050688682,0.0516939,0.048849346,0.057767987,0.044400719,0.046518094,0.050496193,0.031012063,0.03139704,0.036252032,0.032273933,0.038604671,0.03022072,0.031204551,0.026670374,0.018692788,0.041598939
N:TTTGT,0.057779671,0.0065101,0.125496877,0.073132149,0.061774966,0.052526973,0.051817149,0.048734485,0.058631459,0.04650361,0.047010627,0.048957573,0.030177659,0.031901517,0.035470917,0.033949866,0.041027825,0.028899976,0.031414781,0.026790784,0.019428896,0.04206214
N:AACAA,0.059319931,0.006362959,0.123445926,0.076062186,0.061959882,0.051806223,0.050768294,0.050790857,0.060493242,0.046661703,0.047880142,0.049143708,0.032108125,0.03005483,0.033281437,0.032424017,0.037410591,0.030438412,0.030664049,0.027392315,0.020352445,0.041178727
N:TGTTT,0.055413042,0.005776303,0.124872186,0.073477442,0.060417975,0.05252489,0.050928334,0.051179478,0.057547762,0.046820343,0.049995515,0.048865369,0.031034173,0.030567764,0.035447125,0.033491793,0.040613508,0.030747152,0.031662032,0.026657099,0.019499507,0.042461207
N:GTTTT,0.058116053,0.006641835,0.122312974,0.074182112,0.061504286,0.052708343,0.049724005,0.051003007,0.057240946,0.045415788,0.048916214,0.049611812,0.030202396,0.032558453,0.034353543,0.034510613,0.039738814,0.029618992,0.031234573,0.0265449,0.018624063,0.045236279
N:TATAA,0.064945286,0.008094738,0.125805726,0.07779943,0.067418678,0.055763754,0.044296207,0.048793284,0.062696747,0.049580273,0.04504572,0.044895818,0.029943037,0.022298006,0.035039724,0.033203418,0.045120672,0.029643232,0.028144206,0.024434118,0.017838405,0.03919952
N:TATAT,0.066435867,0.007267317,0.127807502,0.077966296,0.071070928,0.053245973,0.05049927,0.045148923,0.061400246,0.052215959,0.041915825,0.047323396,0.033446826,0.023146691,0.027867586,0.032874596,0.039455237,0.029698721,0.029755944,0.02543561,0.020314154,0.035707133
N:CATAT,0.064410163,0.006777829,0.125909601,0.075179841,0.060917294,0.0558859,0.046446838,0.048401181,0.061083621,0.050646597,0.04603102,0.042371824,0.029814129,0.027443969,0.031560564,0.036384049,0.043494532,0.03264169,0.036924612,0.025655952,0.019044451,0.032974344
N:TATGT,0.061823966,0.006468717,0.124178155,0.073806999,0.06465182,0.055496642,0.050406504,0.049734889,0.061505832,0.047507953,0.045987982,0.04796748,0.029197596,0.028844115,0.029551078,0.03223754,0.042064334,0.03262637,0.034110993,0.024566985,0.020926122,0.036337929
N:CACAT,0.054054054,0.004105371,0.125983579,0.066455696,0.061209944,0.056477363,0.049121907,0.049349983,0.060525716,0.046584559,0.049749116,0.046042878,0.028538032,0.037490022,0.036349641,0.031674079,0.040027369,0.032443836,0.032728931,0.027540198,0.02209488,0.041452845
N:TGTGT,0.043529588,0.00376569,0.11775254,0.064719068,0.061506276,0.058383144,0.053048416,0.049073521,0.058293485,0.046264196,0.052375971,0.05460251,0.026688583,0.045546922,0.032232516,0.032053198,0.038598326,0.030783025,0.032949791,0.028735804,0.025,0.04409743
N:AACAC,0.052150941,0.00587065,0.123479339,0.069175826,0.059228336,0.054727504,0.049835296,0.051139885,0.056945305,0.044943087,0.054792733,0.048400248,0.028113891,0.035876195,0.035974039,0.032386419,0.040116108,0.031995043,0.030396921,0.028146505,0.022145396,0.044160334
N:GTTTG,0.053082192,0.005993151,0.123287671,0.068361433,0.05703372,0.051633298,0.052291886,0.051962592,0.059701001,0.046529241,0.051205216,0.053279768,0.027561907,0.036782139,0.034773446,0.033028188,0.040239726,0.030360906,0.031118282,0.025816649,0.02245785,0.043499737
N:GTTTC,0.053906646,0.004883308,0.12655378,0.069729833,0.058377727,0.049816083,0.052035769,0.04876966,0.060153475,0.04420345,0.053209031,0.053113902,0.029521816,0.034722222,0.035261289,0.031804921,0.038685946,0.031424404,0.032122019,0.025780061,0.020643075,0.045281583
N:TTTCT,0.060872492,0.006184006,0.124787907,0.071052964,0.061054787,0.05257106,0.051168791,0.049612273,0.058951383,0.0461066,0.046218782,0.04886907,0.027764924,0.031621163,0.034706155,0.032742978,0.040273162,0.031452891,0.031508982,0.026951608,0.021005988,0.044522037
N:TTCTA,0.061633184,0.004855755,0.126059221,0.074804024,0.059284649,0.0533181,0.050017455,0.048779714,0.062363134,0.048938399,0.04798629,0.045764702,0.028245898,0.028372846,0.036180139,0.032974706,0.040718525,0.031229173,0.031927386,0.027166841,0.020406868,0.038972992
N:TCTAT,0.058502952,0.005532389,0.12786425,0.075967136,0.065521655,0.05429173,0.048841914,0.047851038,0.060567276,0.046571157,0.051153957,0.049874076,0.028405103,0.029272119,0.033565914,0.031831881,0.040171752,0.031708022,0.030964865,0.025721481,0.020725816,0.035093514
N:AATAG,0.060377901,0.007337426,0.128476885,0.076203721,0.064166507,0.053903702,0.049060042,0.046422406,0.062296183,0.049395741,0.049155956,0.044360253,0.027767121,0.024314214,0.034481105,0.034912718,0.040235949,0.031507769,0.030452714,0.026088625,0.019134855,0.039948206
N:TATTG,0.063813417,0.006395768,0.129021399,0.072228901,0.065256071,0.052993508,0.047415244,0.046357297,0.064053859,0.045539793,0.050012022,0.044337581,0.030536187,0.026785285,0.032700168,0.033661938,0.040682856,0.033229142,0.031305602,0.026448666,0.019187305,0.03803799
N:ATTGT,0.062966957,0.00689363,0.124663021,0.072132789,0.066933683,0.051721482,0.04702303,0.049795887,0.061195409,0.043788031,0.05330047,0.046599399,0.03080952,0.027998151,0.035007317,0.032658091,0.040090888,0.030039282,0.031541246,0.025918509,0.018254641,0.040668567
N:CACAA,0.054558053,0.005964933,0.124932217,0.064981623,0.059227571,0.054588179,0.051003193,0.049677653,0.060914623,0.043381334,0.050973067,0.050009038,0.026751823,0.038922697,0.033289149,0.032204615,0.040187986,0.031120082,0.0317226,0.026119178,0.022594445,0.046875941
N:TACAC,0.053989441,0.005827274,0.127652157,0.062954478,0.06081283,0.052794103,0.049108477,0.044974599,0.061858751,0.045422851,0.045173822,0.047763721,0.027442972,0.041338779,0.035860145,0.03122821,0.043928678,0.030032872,0.035461699,0.027044526,0.024604044,0.04472557
N:TGTAT,0.057353141,0.006105006,0.123931624,0.068918736,0.065696649,0.054673721,0.048229548,0.046703297,0.058913309,0.047144214,0.04687288,0.047822548,0.030932031,0.031067698,0.034764618,0.031983449,0.043956044,0.031813865,0.036256953,0.025471442,0.019298603,0.042090625
N:CATAC,0.060159607,0.005803895,0.12779731,0.068418997,0.060717674,0.055025392,0.051844411,0.050784084,0.058820247,0.043808248,0.047156649,0.051956024,0.026508176,0.037613706,0.033595625,0.028852056,0.039008873,0.030358837,0.033874658,0.026452369,0.019922987,0.041520174
N:CACAC,0.04058865,0.003260486,0.112795206,0.062601339,0.060186817,0.056767712,0.053842087,0.048942545,0.060909411,0.046140289,0.053119492,0.059376102,0.025502291,0.051233698,0.031899894,0.032358125,0.035671484,0.030701445,0.030965809,0.027546704,0.027053225,0.048537187
N:TGTGC,0.047267768,0.004308341,0.117874965,0.063416297,0.058859994,0.053869758,0.050553265,0.052970895,0.064036202,0.042928432,0.049778384,0.05346682,0.024207296,0.044323219,0.033443883,0.031429191,0.040820754,0.032173078,0.033009949,0.025602083,0.025757059,0.049902365
N:TGCAC,0.048487261,0.004299363,0.122014331,0.061823248,0.060350318,0.049522293,0.049761146,0.051313694,0.059872611,0.044665605,0.050835987,0.053980892,0.025159236,0.046536624,0.032762739,0.030931529,0.041640127,0.031966561,0.03455414,0.024442675,0.025756369,0.049323248
N:TGCAT,0.054556704,0.005750473,0.125782501,0.066603581,0.061144271,0.054338332,0.047641578,0.04920658,0.055502984,0.045930994,0.049279371,0.05149949,0.026787014,0.035885864,0.033993303,0.035376328,0.041199592,0.032282719,0.030826903,0.025258407,0.024421313,0.046731693
N:CATGC,0.055650818,0.005105222,0.125214341,0.063561964,0.061457521,0.051636789,0.048051442,0.050701481,0.058807482,0.046336711,0.047739673,0.055066251,0.023460639,0.045869057,0.035268901,0.033203429,0.036477007,0.029111458,0.034021824,0.023460639,0.025019486,0.044777864
N:CATGT,0.057049844,0.004835804,0.122349,0.06700591,0.060779418,0.055279876,0.046303613,0.049495875,0.061885647,0.047030564,0.052435286,0.046746104,0.02610702,0.037011284,0.034071873,0.032776004,0.04007712,0.033566168,0.033913841,0.027244856,0.021840134,0.04219476
N:TGTGG,0.049364303,0.004327628,0.120195599,0.060244499,0.062102689,0.049657702,0.050953545,0.048410758,0.060317848,0.046968215,0.053667482,0.057261614,0.025256724,0.051442543,0.035183374,0.030293399,0.03794621,0.028973105,0.029070905,0.023276284,0.02396088,0.051124694
N:CCCAC,0.048515094,0.003927023,0.12070141,0.057950858,0.064495896,0.045460743,0.05691456,0.046933377,0.070331888,0.04537893,0.044778969,0.063432327,0.025743816,0.053042079,0.033788759,0.025880171,0.031743435,0.030107175,0.028389103,0.022689465,0.023971202,0.05582372
N:CCCCA,0.050715433,0.00309182,0.11753709,0.056467656,0.063825708,0.048893895,0.055964336,0.042686288,0.070201088,0.047359969,0.046784747,0.067468782,0.021474966,0.055748628,0.034585241,0.025693263,0.033434796,0.02631642,0.029192532,0.022409702,0.02552549,0.054622151
N:ACCCC,0.047280285,0.002837616,0.118220695,0.059070381,0.063786419,0.047520083,0.054594141,0.04867911,0.066743935,0.04532193,0.048599177,0.067183566,0.02350026,0.05359498,0.035170457,0.025338715,0.034451061,0.0278566,0.026337876,0.022061468,0.024779185,0.057072059
N:CACCC,0.048076314,0.003549471,0.11852697,0.056506307,0.06271788,0.047157254,0.056411232,0.04503391,0.072985992,0.045287444,0.044463459,0.065284908,0.026811181,0.054287887,0.032705838,0.025226596,0.034860873,0.028617608,0.028015466,0.02288141,0.024846295,0.055745706
N:GGTGC,0.049609682,0.004203427,0.12328514,0.060926602,0.058201303,0.047069149,0.054598365,0.047808213,0.066053859,0.048131553,0.04434385,0.057647004,0.025913437,0.053997875,0.034689824,0.02845397,0.0369994,0.027992055,0.030717354,0.02355767,0.023973394,0.051826874
N:AGCAC,0.052568582,0.004820135,0.125517598,0.062273551,0.058423913,0.050465839,0.050239389,0.052342133,0.064602743,0.04373706,0.047780797,0.052536232,0.025815217,0.047619048,0.03451734,0.030603002,0.038528727,0.029794255,0.029600155,0.025782867,0.023065476,0.049365942
N:TGCTG,0.052552977,0.005872856,0.125771948,0.062401615,0.059051463,0.049223007,0.051099899,0.053662967,0.062885974,0.044177598,0.050837538,0.055600404,0.025085772,0.046155399,0.033198789,0.03025227,0.036004036,0.030998991,0.030978809,0.024480323,0.022764884,0.046942482
N:GCTGT,0.048317843,0.004782869,0.122071852,0.063726289,0.061497907,0.051388662,0.050138594,0.050029893,0.060981575,0.045083972,0.051062558,0.055111691,0.024077396,0.049595087,0.032664819,0.029458123,0.037746617,0.030246209,0.033806185,0.0244035,0.024240448,0.049567911
N:GACAG,0.047794882,0.004966715,0.125338049,0.059340545,0.060926773,0.047976909,0.053723736,0.050941336,0.065841481,0.045168504,0.049277096,0.053203661,0.0236114,0.051045351,0.03375286,0.029488246,0.038043478,0.031672561,0.029150198,0.023715415,0.023845434,0.051175369
N:TGTCT,0.048380188,0.006041887,0.124805555,0.064634669,0.061343193,0.052145095,0.050837523,0.049913204,0.062447866,0.046238474,0.051784386,0.053317402,0.024663525,0.041887413,0.034380143,0.032351151,0.039565345,0.032238429,0.031178844,0.025768199,0.022341457,0.043736051
N:GTCTC,0.04868466,0.004441408,0.122343697,0.059583191,0.061188931,0.048992142,0.053228562,0.051076187,0.064229587,0.04451657,0.050529552,0.057123334,0.023129484,0.047386402,0.03457465,0.028903314,0.038913563,0.030816536,0.03033823,0.024803553,0.024325248,0.050871199
N:TCTCC,0.04990154,0.004520229,0.122717508,0.061515396,0.059993734,0.051736484,0.052251164,0.053235768,0.063059434,0.04641067,0.046544934,0.055965807,0.022780165,0.048670784,0.035356248,0.026673827,0.040212137,0.029650018,0.029090584,0.022713033,0.024346581,0.052653956
N:CTCCA,0.05728164,0.005372252,0.125240632,0.060728836,0.058982854,0.049402337,0.050834938,0.05258092,0.066526391,0.043380937,0.047342974,0.055043202,0.021489009,0.048708421,0.034113802,0.029972691,0.035904553,0.029032547,0.028607244,0.024018445,0.023749832,0.051685544
N:TCCAG,0.055774722,0.005993766,0.122883111,0.05908764,0.060744099,0.050216865,0.053050282,0.053660557,0.065669885,0.04300255,0.049541204,0.056602951,0.022580153,0.04426669,0.034436913,0.029314967,0.036354918,0.030404743,0.028791875,0.023560951,0.023975066,0.050086092
N:TCTGG,0.054814884,0.004320156,0.120848237,0.063431969,0.060342825,0.049217262,0.052236726,0.049844381,0.064662981,0.045919078,0.048822409,0.057276908,0.024480884,0.043596414,0.036512287,0.031123705,0.035583221,0.02921912,0.030426906,0.024178938,0.023737632,0.049403075
N:ATCTG,0.057527242,0.006026663,0.126133804,0.065897608,0.059992695,0.051013575,0.047178426,0.050496134,0.063127777,0.047969806,0.050130882,0.053205089,0.027424362,0.040816948,0.031959579,0.032385706,0.035916479,0.030711633,0.031959579,0.02468497,0.020819383,0.044621659
N:CATCT,0.058009664,0.004673514,0.124283791,0.062920814,0.059963562,0.049850817,0.048028939,0.049243524,0.06453146,0.047606474,0.052517625,0.052015948,0.025796742,0.042880152,0.034826922,0.03186967,0.037995406,0.02938769,0.030655084,0.024450136,0.021888945,0.046603121
N:GATGC,0.05326138,0.005021117,0.125997184,0.058986391,0.058610981,0.047067105,0.050398874,0.049648053,0.063115908,0.044204599,0.054106053,0.053026748,0.023979352,0.045612389,0.036696387,0.031534491,0.038995777,0.03205068,0.030971375,0.024073205,0.021914594,0.050727358
N:GGCAT,0.063193968,0.005300434,0.12602239,0.062462874,0.05985835,0.04761252,0.051542152,0.047384053,0.064519077,0.04546493,0.049714416,0.054283756,0.025725383,0.04263194,0.034544208,0.030386109,0.037559973,0.030157642,0.030020562,0.02394334,0.021567284,0.046104638
N:TGCCA,0.062646461,0.005874082,0.124636776,0.063083893,0.058959538,0.051898141,0.048679894,0.049117325,0.062740197,0.045899078,0.050398375,0.053710358,0.024308702,0.044493048,0.036056866,0.031057647,0.036275582,0.029370411,0.02912045,0.024089986,0.022777691,0.044805499
N:GCCAG,0.0522858,0.003652918,0.118256413,0.060136848,0.061581659,0.048496579,0.054575689,0.048414797,0.06583431,0.046070387,0.047079028,0.06207235,0.022953412,0.053539787,0.036774528,0.02753319,0.03265818,0.029386909,0.029059782,0.022680806,0.025379604,0.051577025
N:TTCTG,0.056126247,0.006159744,0.124534763,0.06600789,0.061039154,0.050487569,0.050729492,0.048663838,0.061001935,0.045295519,0.050357302,0.052367128,0.025867203,0.037684234,0.035767456,0.031840852,0.039954593,0.030017121,0.032603841,0.026127736,0.022368617,0.044997767
N:ATTCT,0.062032173,0.006287596,0.132066741,0.070279539,0.059990746,0.050736275,0.048722066,0.048232124,0.061515011,0.047578867,0.048776505,0.045918506,0.027382346,0.030566972,0.035030894,0.03288059,0.042053404,0.030294782,0.031519639,0.029015488,0.018944446,0.040175291
N:TATTC,0.0619571,0.005982982,0.124667612,0.07237192,0.060804822,0.051763872,0.047730899,0.045027477,0.060538912,0.046711576,0.049016132,0.044052473,0.030358093,0.029250133,0.035986527,0.035942209,0.043121787,0.032485375,0.036075164,0.027122851,0.018746676,0.04028541
N:AGTTA,0.057355644,0.007495889,0.122062095,0.06876874,0.063110552,0.055034336,0.046232711,0.051455653,0.059628591,0.04778025,0.0486991,0.045894187,0.026066351,0.02935487,0.037237644,0.033320437,0.044249927,0.032498307,0.033513879,0.025437663,0.021713899,0.043089274
N:AACTA,0.0625,0.007030604,0.130117866,0.072063689,0.061879653,0.054021919,0.051540529,0.048955749,0.059398263,0.047921836,0.04657775,0.04693962,0.028639371,0.028329198,0.034480976,0.032154673,0.039288668,0.031792804,0.029776675,0.026002895,0.02016129,0.040425972
N:ACTAG,0.067174811,0.007550933,0.124590397,0.064681579,0.056631999,0.054922354,0.049294771,0.052571591,0.061048582,0.048226243,0.04559054,0.049437242,0.027852971,0.03098732,0.040319134,0.029776321,0.037184784,0.029633851,0.029491381,0.028351617,0.022225388,0.04245619
N:TCTAG,0.060800949,0.005929575,0.11799854,0.067779602,0.061986864,0.051450465,0.050538223,0.049215472,0.061804415,0.046569969,0.049261084,0.052681992,0.027321657,0.033981025,0.03644408,0.030970626,0.039728152,0.031198686,0.030332056,0.026683087,0.024448093,0.042875388
N:CTCTA,0.056469025,0.005356253,0.117671483,0.064607208,0.06373526,0.051943199,0.048164757,0.05260754,0.061991364,0.042642418,0.051112772,0.053562531,0.024954327,0.038656369,0.037369208,0.031846869,0.038656369,0.030476665,0.032967946,0.026241488,0.024539113,0.044427836
N:GCTCT,0.048596054,0.003848656,0.123536427,0.061497181,0.060602775,0.05008673,0.050710104,0.053257806,0.060656982,0.046238075,0.048270815,0.055697095,0.024826539,0.045750217,0.035586513,0.029488291,0.037294016,0.029949046,0.034773417,0.025314397,0.023390069,0.050628794
N:AGCTC,0.054226902,0.003866976,0.124695104,0.060057112,0.060086858,0.049199833,0.051876971,0.051668749,0.060027366,0.046225236,0.047028378,0.058688798,0.02317211,0.047117616,0.03498126,0.028972574,0.039502647,0.029091558,0.030816824,0.022725921,0.025075852,0.050895354
N:AGCTG,0.053807196,0.00519716,0.124687617,0.062631311,0.0604861,0.049273503,0.049870624,0.052811995,0.062233231,0.046110976,0.047880222,0.058119734,0.023486742,0.048809076,0.033372404,0.027931972,0.038326293,0.029325254,0.030386801,0.02284539,0.024172325,0.048234071
N:GCTGA,0.05346276,0.005462048,0.125894262,0.060735595,0.058865438,0.048356933,0.04987087,0.053195595,0.062576068,0.046011815,0.054382996,0.055303233,0.023035592,0.046486775,0.036007956,0.030130317,0.038471814,0.029892837,0.027280553,0.024401104,0.024371419,0.045804019
N:TTCAG,0.059210063,0.006970031,0.12360658,0.067541245,0.059468212,0.052662458,0.046865833,0.050432987,0.058928446,0.044166999,0.052920607,0.048297388,0.025955739,0.03841731,0.034990965,0.032526812,0.039848865,0.031118725,0.034005304,0.02569759,0.021473328,0.044894511
N:ATTCA,0.060927326,0.007591375,0.131212984,0.070056608,0.06010929,0.051798043,0.049180328,0.046464448,0.059782075,0.046889827,0.050554628,0.041032689,0.029089362,0.032230621,0.035797258,0.035568208,0.04129446,0.030561827,0.0331141,0.026177154,0.019305651,0.041261739
N:AATTC,0.064295282,0.006102099,0.132832267,0.072108945,0.05986754,0.048891204,0.04985861,0.050081857,0.062769757,0.045951779,0.047291264,0.043458848,0.028798928,0.029543087,0.036798631,0.034826611,0.040631046,0.030696532,0.031552314,0.026864117,0.017859801,0.038919482
N:AATTA,0.057293497,0.007873462,0.124077329,0.078523726,0.06629174,0.054446397,0.047557118,0.049103691,0.055571178,0.04913884,0.046783831,0.041933216,0.027346221,0.023339192,0.034622144,0.035676626,0.046818981,0.030439367,0.035289982,0.028611599,0.016449912,0.042811951
N:ATTAT,0.065418478,0.007392548,0.126676325,0.079163416,0.067721684,0.055648427,0.046918533,0.049333185,0.060291987,0.047810097,0.047847245,0.039971767,0.028790074,0.021434674,0.034288049,0.035922583,0.045729782,0.03035031,0.031613359,0.027044095,0.015936699,0.034696683
N:CATAA,0.060943615,0.007784611,0.126747237,0.072082921,0.063137069,0.051653692,0.048342007,0.049331212,0.06115866,0.046191562,0.053890155,0.045632446,0.027525698,0.028170831,0.033589953,0.034837211,0.041761645,0.032557739,0.031826588,0.024859146,0.018106748,0.039869253
N:GACAT,0.056904646,0.006516108,0.127489072,0.0652825,0.064473045,0.052209811,0.049295775,0.049660029,0.056418974,0.047717339,0.054800065,0.051238465,0.025457342,0.037599158,0.033632831,0.031649668,0.038246722,0.031932977,0.033025741,0.024000324,0.021531488,0.040917921
N:TGTCA,0.057641444,0.005318537,0.126926173,0.065719871,0.062327507,0.050425483,0.049103036,0.04924678,0.061091306,0.045911914,0.053214121,0.049936753,0.02524149,0.041657084,0.034297378,0.031020009,0.041053358,0.031278749,0.029640064,0.024839006,0.021590386,0.042519549
N:GTCAG,0.049470205,0.003645532,0.121903853,0.061360771,0.06211032,0.04899322,0.051684781,0.052229907,0.062485094,0.04640387,0.053183878,0.055262172,0.02446254,0.045960955,0.033525263,0.030561139,0.037034513,0.030458928,0.027903649,0.025178018,0.024258117,0.051923273
N:TCTGA,0.055445824,0.004749812,0.128926825,0.065415726,0.060125094,0.049379233,0.049026524,0.052059819,0.057609105,0.045123213,0.054246614,0.052012792,0.027299661,0.037833898,0.033084086,0.031884876,0.039879609,0.03016836,0.033460309,0.02602991,0.021585779,0.044652935
N:CTCTG,0.049069076,0.004061253,0.124017652,0.062624167,0.062729654,0.048858102,0.052919355,0.049192145,0.062290125,0.046554968,0.050123947,0.056066387,0.025844336,0.046097857,0.03482832,0.028780393,0.038502787,0.030345119,0.030978041,0.023892825,0.022591818,0.049631674
N:CTCAG,0.048883647,0.003639839,0.127089349,0.057932409,0.061246899,0.047277238,0.053540201,0.052869169,0.062893977,0.046646875,0.051669446,0.05718004,0.026637928,0.04634186,0.032961894,0.02944406,0.040688926,0.029789743,0.028996706,0.023831795,0.023730123,0.046707878
N:TCTCA,0.053437476,0.005129791,0.126775449,0.065346841,0.062769056,0.050292579,0.050962803,0.051323692,0.062176166,0.046554791,0.051607249,0.050576135,0.026344959,0.03794499,0.032737865,0.031500528,0.038202769,0.030134303,0.031706751,0.026551182,0.021988503,0.045936122
N:ATCTC,0.057059544,0.005579955,0.124991,0.065915473,0.061919505,0.048635611,0.050615595,0.052055584,0.063107495,0.046583627,0.050543596,0.052055584,0.025307798,0.041867665,0.034487724,0.030311758,0.038627691,0.029375765,0.030383757,0.024083807,0.022679819,0.04381165
N:GATCT,0.06278959,0.006105746,0.130818863,0.065994024,0.056857056,0.047027238,0.053436106,0.048845971,0.064781536,0.04200407,0.049495518,0.054908414,0.025202442,0.04118131,0.032997012,0.029013121,0.036504568,0.03187113,0.0300957,0.024379682,0.022084614,0.043606288
N:ATCTA,0.062523221,0.005519877,0.12780638,0.072395308,0.063107054,0.050899634,0.044636697,0.050315801,0.059710206,0.048564301,0.05169577,0.048351998,0.027705536,0.029987793,0.035083064,0.032800807,0.041770607,0.03126161,0.032216974,0.023034871,0.018894963,0.041717531
N:TCTAA,0.056968596,0.005882862,0.123280561,0.071243187,0.058525824,0.05337832,0.046197768,0.052945757,0.05644952,0.049052686,0.048230816,0.046846613,0.02586729,0.031101306,0.037806039,0.035037633,0.045246129,0.031144563,0.035080889,0.027251492,0.018729994,0.043732157
N:TTTAG,0.06152827,0.005143592,0.124849004,0.072828586,0.06199587,0.05131902,0.050500721,0.052176285,0.058255075,0.046526127,0.046487161,0.045396096,0.027471457,0.029692553,0.036083077,0.035108912,0.042863266,0.031407084,0.035420645,0.024626895,0.019756069,0.040564236
N:GTTTA,0.054228878,0.005892517,0.1251163,0.072438084,0.063001196,0.053032653,0.048823712,0.052500997,0.058083381,0.048735103,0.049754109,0.046785698,0.028886624,0.027956227,0.03858934,0.032165168,0.04049444,0.032519605,0.032962651,0.026715697,0.019139604,0.042178016
N:AGTTT,0.05924252,0.007237256,0.128125179,0.074060301,0.060672807,0.05223411,0.049259111,0.050288918,0.059557183,0.046541564,0.047256708,0.048715602,0.026832199,0.031866812,0.034412724,0.032724984,0.039218491,0.031094456,0.031237485,0.026832199,0.018965616,0.043623777
N:AACTC,0.052425395,0.004877674,0.125244844,0.064523563,0.061489419,0.051119561,0.050466644,0.048123824,0.060145178,0.047778162,0.051542036,0.055536352,0.026577563,0.037715559,0.036985828,0.030072589,0.039405461,0.030495065,0.034911856,0.026846411,0.021123785,0.042593233
N:ACTCC,0.054199485,0.003587304,0.124541839,0.06211495,0.056811978,0.050807143,0.053380644,0.051431022,0.067417921,0.047024877,0.048623567,0.054823364,0.022927552,0.045231225,0.036379942,0.03025813,0.033494502,0.029907198,0.032051782,0.024994151,0.022498635,0.047492786
N:TCCAT,0.062938143,0.006207344,0.127790989,0.068898428,0.05929403,0.048855811,0.048021988,0.051326395,0.063555789,0.044841111,0.048299929,0.047991106,0.024829375,0.041135234,0.033599951,0.03332201,0.03854112,0.030449955,0.030172014,0.025169081,0.021308792,0.043451407
N:AATGG,0.059686921,0.007372496,0.125669079,0.068742636,0.058273018,0.050025248,0.052146103,0.049284632,0.062110756,0.044537957,0.052146103,0.048409359,0.028042417,0.036020872,0.034842619,0.033799024,0.040195253,0.0297593,0.031139539,0.023800707,0.020501599,0.043494361
N:CATTC,0.057681642,0.006412923,0.131239601,0.067595674,0.05875624,0.051476705,0.050228785,0.047836938,0.062222684,0.045271769,0.050922074,0.048807543,0.02891015,0.036570993,0.035843039,0.033069884,0.037749584,0.030955352,0.02953411,0.026414309,0.021318636,0.041181364
N:ATTCC,0.059213905,0.005174798,0.129330437,0.070946079,0.059924946,0.050128382,0.048074264,0.050246889,0.060675489,0.046889196,0.049575351,0.052222003,0.028244124,0.034999012,0.036974126,0.033774442,0.035789058,0.03061426,0.029942722,0.024056883,0.021410231,0.041793403
N:TTCCA,0.058539586,0.006483366,0.125644787,0.069731674,0.060550849,0.050518196,0.04921679,0.052458473,0.060124935,0.045809474,0.047323837,0.050044958,0.026572334,0.037456817,0.036155411,0.033126686,0.038687237,0.031281056,0.031186409,0.024703043,0.021177417,0.043206663
N:TCCAC,0.052914798,0.006344461,0.123932902,0.059890384,0.060355423,0.050224215,0.048928749,0.050988208,0.063577479,0.046470686,0.050257432,0.053114101,0.025776449,0.047699718,0.036571998,0.030725793,0.036306261,0.029828932,0.029430327,0.023119083,0.023982727,0.049559874
N:AGTGG,0.053976365,0.005780901,0.12245289,0.060907058,0.062727563,0.048993932,0.050079847,0.048450974,0.061545832,0.048610668,0.049089748,0.054519323,0.025071862,0.049441073,0.036378154,0.030629192,0.034940913,0.028776749,0.03139572,0.023634622,0.022644523,0.049952092
N:CACTG,0.051872858,0.005128205,0.120241049,0.060829493,0.065414156,0.04981685,0.050289495,0.051447477,0.061373036,0.046201111,0.051234787,0.053172634,0.026090039,0.04650833,0.034928512,0.030958289,0.03759896,0.030721966,0.029114971,0.024979322,0.024057663,0.048020796
N:ACTGC,0.056083021,0.00621918,0.121623611,0.063295797,0.060204607,0.048207846,0.050820637,0.049201443,0.062007802,0.047067049,0.048171046,0.053286229,0.026679915,0.043350261,0.033451093,0.030838301,0.038198278,0.030286303,0.032678295,0.024324722,0.023662324,0.050342239
N:TGCAG,0.051379458,0.006291847,0.123225224,0.060591671,0.05973693,0.045348782,0.051640629,0.05004986,0.065197778,0.04575241,0.048886462,0.056365449,0.0259509,0.051331972,0.032408946,0.029393608,0.039246878,0.02948858,0.032290232,0.023125505,0.022816848,0.049480032
N:TCTGC,0.051092336,0.005324201,0.123881418,0.059591061,0.059741039,0.0506674,0.05306704,0.048117782,0.065915113,0.045318202,0.0506674,0.05606659,0.025921112,0.046168075,0.034219867,0.030595411,0.036319552,0.029645553,0.031095336,0.023221517,0.023071539,0.050292456
N:TCTCT,0.049512761,0.00412993,0.123402939,0.068197989,0.061113689,0.05136891,0.052575406,0.056225831,0.060417633,0.044361949,0.049249807,0.050440835,0.025212684,0.040247486,0.036488786,0.029822119,0.039613302,0.031987626,0.032018561,0.027795824,0.021809745,0.044006187
N:GATGG,0.055525332,0.003570214,0.120469228,0.058143489,0.06283577,0.04767086,0.050527032,0.04916695,0.067120027,0.045766746,0.05266916,0.057599456,0.023189391,0.050901054,0.035396124,0.031213873,0.035056103,0.028901734,0.02883373,0.024447467,0.022951377,0.048044883
N:ACCAT,0.060925332,0.005687891,0.125095434,0.064093755,0.060505421,0.047297297,0.049205986,0.052374408,0.066231486,0.044014353,0.055886395,0.052565277,0.026187204,0.037372118,0.036303252,0.032027791,0.039089937,0.029699191,0.031455184,0.024812949,0.019468621,0.039700718
N:TACCA,0.065123144,0.007333272,0.127340651,0.06613781,0.057420902,0.048381146,0.04930357,0.049903145,0.062401992,0.046351813,0.046720782,0.046167328,0.025551148,0.042154783,0.036896965,0.031408542,0.037127571,0.029978784,0.032423208,0.02638133,0.022045937,0.043446177
N:GGTAA,0.054640336,0.00787885,0.129438248,0.064514479,0.05929602,0.048910263,0.046249872,0.048142843,0.06231454,0.044254579,0.052440397,0.047375422,0.024557454,0.035966438,0.037501279,0.030287527,0.041952318,0.031361915,0.031771206,0.026859716,0.020924997,0.053361302
N:CTTAC,0.053656383,0.008043553,0.125508853,0.066898818,0.054392074,0.047868949,0.047721811,0.047721811,0.063122272,0.043454804,0.058708127,0.047574673,0.024670165,0.036441218,0.040659179,0.028397665,0.043111482,0.032615626,0.030997106,0.025209672,0.021580264,0.051645495
N:ACTTA,0.055756595,0.008046853,0.125607085,0.068755357,0.05918484,0.053471098,0.044852871,0.048900105,0.060279973,0.046995524,0.056375583,0.044995715,0.026092753,0.030663746,0.03566327,0.032901628,0.043805352,0.030473288,0.033425388,0.025664222,0.021188458,0.046900295
N:TACTT,0.067482993,0.007113703,0.118833819,0.068066084,0.061496599,0.054382896,0.047891156,0.0501069,0.060602527,0.045753158,0.048007775,0.046297376,0.025461613,0.032147716,0.035646259,0.03292517,0.044586978,0.031098154,0.033858115,0.027094266,0.017920311,0.043226433
N:AGTAT,0.070962812,0.007131941,0.126591951,0.071319409,0.062812022,0.05669893,0.047580234,0.051349975,0.057463067,0.047987774,0.048446256,0.041110545,0.028323994,0.028120224,0.034029547,0.032195619,0.040550178,0.030922058,0.032908813,0.025878757,0.017473255,0.040142639
N:AATAC,0.064035,0.006662026,0.120612509,0.069901561,0.062096053,0.055682609,0.046932485,0.047578801,0.060206821,0.045789003,0.048523417,0.040071592,0.028587054,0.027692155,0.034901064,0.035746246,0.043750621,0.034254748,0.033857015,0.026996122,0.018245998,0.047877101
N:TGTTC,0.056046054,0.005905864,0.123903836,0.068394679,0.059148124,0.051780708,0.049633121,0.051691225,0.063473125,0.044115015,0.054465191,0.047962775,0.028485355,0.036419495,0.03462984,0.031140011,0.039968979,0.031259321,0.030543459,0.025055181,0.022161904,0.043816739
N:GTTCA,0.057492968,0.006550807,0.124619475,0.066741166,0.059997688,0.052059651,0.04889985,0.052136719,0.062271203,0.046896073,0.048745713,0.046973142,0.026896844,0.041038881,0.034025664,0.031174136,0.04084621,0.03075026,0.032098956,0.024006782,0.021039652,0.04473816
N:TTCAT,0.063049243,0.007305912,0.128594457,0.071421143,0.059019292,0.053741355,0.048099423,0.046409443,0.063777235,0.046903437,0.050335396,0.042873486,0.027585669,0.02919765,0.034891581,0.033539598,0.043263481,0.031017628,0.0333056,0.025141698,0.018849774,0.0416775
N:AATGA,0.062118211,0.006164403,0.134584809,0.072801317,0.063122368,0.052355583,0.045940141,0.048060026,0.059635714,0.045884355,0.051769825,0.045103344,0.026861175,0.029371566,0.035257036,0.032690859,0.040277817,0.030570974,0.030459401,0.027084321,0.019915762,0.039970991
N:CATTG,0.064525699,0.007120077,0.126344285,0.068530742,0.062300675,0.050322628,0.048431358,0.051175554,0.064822369,0.042572128,0.052807239,0.045501743,0.026329452,0.036490395,0.0353408,0.031409924,0.037417489,0.030149077,0.030037825,0.02681154,0.019951049,0.041607951
N:ATTGC,0.06470487,0.007571846,0.126541616,0.071645729,0.060115872,0.053060288,0.050306889,0.047094591,0.061607297,0.044570642,0.051167326,0.04267768,0.025010038,0.034589572,0.033614409,0.03315551,0.03757242,0.031033098,0.034646934,0.026730913,0.020421041,0.042161418
N:GGCAA,0.061272158,0.006173097,0.124171011,0.061438999,0.058561001,0.048216893,0.050677789,0.046381648,0.063941606,0.046298227,0.05096976,0.053555787,0.024650678,0.042544317,0.035662148,0.030323253,0.038164755,0.028905109,0.032950991,0.025693431,0.023733055,0.045714286
N:TGCCC,0.054415464,0.003574739,0.122401695,0.056070436,0.064146697,0.047166689,0.058552893,0.045842712,0.070965179,0.046140606,0.042797564,0.057063419,0.022904806,0.05117172,0.033761419,0.028697206,0.033993115,0.030285979,0.030947968,0.02211042,0.025817556,0.05117172
N:GCCCA,0.053422161,0.003708126,0.120639809,0.054176356,0.066023506,0.048174219,0.057821633,0.049179813,0.06775187,0.047294325,0.04405757,0.060241342,0.025045566,0.048425617,0.033593112,0.029507888,0.030827729,0.029036516,0.03221042,0.023474326,0.024731318,0.050656778
N:CCCAG,0.04723108,0.003208369,0.119798553,0.055145057,0.064614607,0.048183869,0.057322859,0.047036634,0.06846465,0.048864432,0.045908843,0.065334059,0.023314148,0.054017267,0.032064245,0.028116979,0.033172591,0.028253092,0.029925333,0.022303026,0.02520028,0.052520028
N:GCTGG,0.049150155,0.004317397,0.120523541,0.056671514,0.061943283,0.047218688,0.056739684,0.050263588,0.067283221,0.046673332,0.047264134,0.062988548,0.022677695,0.054421923,0.033334848,0.026790584,0.032675877,0.028267588,0.03001727,0.023495728,0.024927286,0.052354117
N:CTCTT,0.055633101,0.005228758,0.125180016,0.06617924,0.060839703,0.050404343,0.051002548,0.049562424,0.059909161,0.044355821,0.050692367,0.051844467,0.02479229,0.039392932,0.036579151,0.029289908,0.041010302,0.030087515,0.032989919,0.026830619,0.022665337,0.045530076
N:TCTTG,0.059715243,0.006560581,0.130290341,0.066499162,0.058570631,0.049692909,0.050809604,0.050027917,0.060999442,0.044974874,0.047124511,0.051563372,0.027247348,0.03813512,0.036376326,0.02987158,0.037437186,0.031490787,0.030820771,0.025293132,0.022110553,0.04438861
N:CTTGC,0.055045197,0.004152275,0.124494745,0.062431102,0.061255236,0.050011024,0.050341736,0.049312854,0.060998016,0.047438818,0.051885059,0.056845741,0.025391343,0.043837731,0.034136841,0.029359888,0.03685603,0.029617109,0.03082972,0.025207614,0.022635408,0.047916514
N:AGCAA,0.056349073,0.005629306,0.124908979,0.069316081,0.058281521,0.052092085,0.051167871,0.049375455,0.058981684,0.047443007,0.051531955,0.049935585,0.027922478,0.035400213,0.035484232,0.032879628,0.037836778,0.031619336,0.030751134,0.026326108,0.021957094,0.044810396
N:GCTGC,0.051450344,0.005162242,0.121828909,0.062118977,0.059046214,0.048180924,0.055383481,0.053023599,0.063495575,0.045993117,0.045550639,0.061283186,0.023869223,0.048303835,0.032989184,0.030186824,0.034832842,0.029547689,0.030776794,0.02313176,0.023574238,0.050270403
N:GGCAG,0.051345642,0.003674107,0.12064848,0.05575457,0.062758336,0.048773767,0.05749977,0.048268577,0.066960595,0.04792413,0.044847065,0.058533113,0.023445394,0.050220446,0.035799577,0.029668412,0.033250666,0.029140259,0.029576559,0.023743915,0.025925416,0.052241205
N:TGCCT,0.055667493,0.004830544,0.120479438,0.059490597,0.060446373,0.047117173,0.053600951,0.048279603,0.06460529,0.047685472,0.051663567,0.055202521,0.025831783,0.046833023,0.035260384,0.030171523,0.035906179,0.030352346,0.030352346,0.025418475,0.02317111,0.047633809
N:GCCTC,0.049698963,0.003567845,0.120163898,0.057280633,0.062716022,0.048695507,0.056416546,0.051092652,0.066033003,0.048388895,0.046186866,0.064193333,0.022856506,0.049977701,0.035065225,0.029155982,0.033727283,0.029351098,0.027567176,0.022605642,0.024779797,0.050479429
N:CCTCT,0.050985009,0.004204949,0.121817379,0.062296323,0.061728655,0.049050733,0.052225469,0.048567164,0.06334756,0.047137481,0.051405504,0.058091374,0.024998423,0.046653912,0.035678994,0.027710615,0.039610622,0.029644892,0.029960263,0.023463617,0.023064147,0.048356916
N:TCTTT,0.062772333,0.006427486,0.124008748,0.071069634,0.060318202,0.049833887,0.052571829,0.049449907,0.058364914,0.045810448,0.050668626,0.048581779,0.027997128,0.032371158,0.03440792,0.031820231,0.0402177,0.030267617,0.031836925,0.026795105,0.021185663,0.043222758
