 ,X,1,2,3,4,5,6,7,8,9,10,11,12,13,14,15,16,17,18,19,20
B:AACAA,0.037481124208343666,0.10901755730352274,0.08388739885956412,0.060830760215465754,0.060582839369830284,0.0558498050440623,0.042710000225382586,0.055106042507155895,0.044062295747030585,0.06531587369559828,0.06657801618246974,0.04234938808627645,0.019698438098672496,0.034303229732470866,0.02923212152629088,0.033649620230341,0.04065901868421646,0.042484617638441254,0.012576348351326377,0.024161013320110888,0.03946449097342739
B:AACAC,0.03285427807486631,0.11734625668449197,0.07476604278074866,0.06677807486631016,0.06173128342245989,0.05026737967914439,0.043683155080213906,0.05825534759358289,0.04415106951871658,0.06036096256684492,0.06945187165775402,0.04084224598930481,0.02713903743315508,0.034525401069518714,0.024364973262032085,0.033990641711229945,0.03947192513368984,0.037165775401069516,0.014004010695187166,0.025133689839572194,0.04371657754010695
B:AACAG,0.03438372342709899,0.11799441700665665,0.07099527592870947,0.06586858492591798,0.05803092119390165,0.05008589220528237,0.04479815331758643,0.05703779257032424,0.04514709040154606,0.06146660940519648,0.07389413785698948,0.03993987545630234,0.027270775177152675,0.03529632810822418,0.025660296328108224,0.034786343139360104,0.0391883186600816,0.03666523512991196,0.012695941593300408,0.025901868155464892,0.04289242001288383
B:AACAT,0.03763793804120166,0.11238238144362124,0.09037481634311795,0.06449091875332146,0.06495982994154241,0.052455531588983716,0.04313982931632749,0.053893525899527964,0.04085779486698553,0.0660539560473913,0.05852011628997468,0.04651598987151834,0.018787708274719435,0.03488699240363875,0.026227765794491858,0.03185470005314327,0.04092031635874832,0.03910719309762731,0.012473037606677295,0.021444871674638155,0.0430147863328019
B:AACCA,0.033600924405522106,0.1224229155263638,0.06902633339414949,0.06294471811713191,0.06060329623548014,0.053974335583530986,0.04393967037645199,0.05880921972875996,0.04561211457763182,0.0604512558535547,0.07881773399014778,0.03600316243994405,0.02681992337164751,0.03375296478744755,0.026272577996715927,0.032171744815422974,0.040047436599160734,0.03579030590524843,0.012953840540047437,0.026150945691175577,0.03983458006446512
B:AACCC,0.033014908669411244,0.12338622646788441,0.06007434349894081,0.06682920980055158,0.05579759382869019,0.050321755465845955,0.04220792197929574,0.062472520884128066,0.045005795595347536,0.06063391822215117,0.09256964706822815,0.031536032615212435,0.03285503017706543,0.03257524281546025,0.02150365722051241,0.03325472640792997,0.03737159758583477,0.033014908669411244,0.012390583156800831,0.027698948798912826,0.04548543107238499
B:AACCG,0.026504159411878506,0.11162700715805765,0.06538982395047398,0.06790481717933837,0.05474946798220159,0.0522344747533372,0.04410911201392919,0.06635712903849875,0.04236796285548462,0.05726446121106597,0.09131360030953763,0.03366221706326175,0.0375314374153608,0.0338556780808667,0.028051847552718126,0.030760301799187463,0.034822983168891465,0.0330818340104469,0.01567034242600116,0.026310698394273555,0.046430644225188625
B:AACCT,0.03466099118273031,0.12298570994223168,0.06882791121921557,0.06168288233505625,0.06065673456977805,0.05153542110063849,0.044504408634843416,0.058756460930373976,0.04610063849194284,0.06871389480085133,0.07688507145028885,0.03606719367588933,0.029112192155670416,0.033406810580723624,0.022765278200060808,0.03200060808756461,0.03614320462146549,0.03659927029492247,0.012579811492854972,0.0266798418972332,0.039335664335664336
B:AACGA,0.03472349807091677,0.10729377181701268,0.07642844019841999,0.06522138526547859,0.06650744074958663,0.042623553187580376,0.0455631085798273,0.06026088554106192,0.04372588645967297,0.06375160756935513,0.07348888480617306,0.03784677567517913,0.025169943046114276,0.035642109130993936,0.02553738747014514,0.03692816461510197,0.042623553187580376,0.037479331251148267,0.013044277053095719,0.024435054198052544,0.04170494212750322
B:AACGC,0.02538303224331123,0.11136519551795106,0.07317630916990624,0.07066087354219072,0.05259547221587011,0.0505373885204665,0.04527784129887949,0.06059913103132861,0.04527784129887949,0.051680768351246284,0.08826892293619941,0.032014635261833985,0.03864623828035674,0.03567345072032929,0.021724216784815915,0.03567345072032929,0.03750285844957695,0.03292933912645781,0.017150697461696774,0.026983764006402927,0.046878573061971185
B:AACGG,0.02631578947368421,0.10081269349845201,0.0708204334365325,0.06520897832817338,0.05572755417956656,0.0516640866873065,0.043924148606811146,0.06636996904024768,0.050696594427244585,0.05108359133126935,0.09268575851393189,0.03676470588235294,0.037345201238390094,0.033862229102167185,0.0228328173374613,0.03289473684210526,0.036571207430340556,0.027670278637770898,0.016253869969040248,0.03018575851393189,0.05030959752321981
B:AACGT,0.029295589203423306,0.10023041474654378,0.07537853851217907,0.06484529295589203,0.065174456879526,0.04739960500329164,0.04855167873601053,0.05924950625411455,0.03949967083607637,0.055134957208689925,0.07620144832126399,0.03851217906517446,0.032587228439763,0.03900592495062541,0.02880184331797235,0.03818301514154049,0.048716260697827515,0.03554970375246873,0.013166556945358789,0.02057274522712311,0.043943383805134954
B:AACTA,0.03951081843838194,0.10948349236213771,0.08847377144649017,0.0634323343636608,0.0625811942839224,0.05451776194955875,0.04148187967567083,0.05698158849616987,0.04309456614254357,0.07082381400349415,0.058235900192626436,0.046543923307799134,0.01729158267257985,0.03198494825964252,0.027639654168346548,0.031536979796622316,0.040003583747704165,0.040003583747704165,0.011826367423733369,0.02020337768221117,0.044348877839000135
B:AACTC,0.03324975471492424,0.12366001671572369,0.06973363857698317,0.06577273883498673,0.06101239143864239,0.05236382135978778,0.04375158981067626,0.059522511719175844,0.04618627130346306,0.06232057850939351,0.08194338457066028,0.03724699298666376,0.027144881718085687,0.03234129147134707,0.02561866346887605,0.03324975471492424,0.03619317562411425,0.03364947854209819,0.011882699225989316,0.024601184636069626,0.03855518005741488
B:AACTG,0.03592149117392914,0.11742377484261202,0.0714417973089742,0.06369584001975065,0.06135045056165905,0.051475126527589184,0.04487100357980496,0.05900506110356746,0.043852610788791505,0.06323293420565362,0.07184298234785828,0.043111961486236264,0.024811751635600544,0.03342179977780521,0.025675842488581655,0.03425503024317986,0.03990248117516356,0.03629181582520676,0.012498456980619677,0.025737563263794592,0.040180224663621776
B:AACTT,0.038037362142696374,0.10899971062023729,0.08240892575801421,0.06581781936272145,0.06250602874505642,0.05218481720844989,0.04469309668499405,0.057683032699913185,0.04379280408990065,0.06568920613485096,0.06363139448892319,0.04459663676409119,0.02044950323140735,0.03392173885084081,0.029195202726600433,0.03298929294877978,0.0382302819845021,0.04141345937429665,0.012379023182534324,0.021671328896176973,0.0397093341050127
B:AATAA,0.039236015113814394,0.10390747396553313,0.09377015943231039,0.06868030596258409,0.06520136392959175,0.0574371025711916,0.043198783522256014,0.0546032623721316,0.04082573034743341,0.0661459773292784,0.0574371025711916,0.04552575799465487,0.017095198599207446,0.033291862501151966,0.027578103400608237,0.0308957699751175,0.04156298958621325,0.04077965164500968,0.011773108469265506,0.021104045710072804,0.03995023500138236
B:AATAC,0.03877672480886325,0.10712814173877215,0.09266126447832257,0.06413954127180332,0.06317813487158358,0.05686032138442522,0.04298860046696882,0.05425078972668589,0.04216453783820904,0.07118985487341482,0.052694226983472967,0.0416609440095225,0.017076408918188894,0.03639609943689054,0.02824703566359932,0.03419859909353111,0.041020006409376,0.04143203772375589,0.012681408231470036,0.019457034290161608,0.04179828778098246
B:AATAG,0.0434802341941633,0.11296691326646394,0.08682430899105886,0.06177097989379567,0.06208868515408705,0.05854854082512595,0.043888712385966505,0.05532610175645623,0.043571007125675125,0.06009168066082694,0.05487223709889711,0.04552262515317932,0.016475287069395907,0.035083738029319654,0.027549584713838334,0.0317251395633822,0.04012163572822584,0.04198248082421822,0.011891254028048836,0.02092316071347524,0.04529569282439976
B:AATAT,0.043018667922972736,0.1082975089806254,0.10673694128732113,0.06039102526352983,0.06627995995524409,0.06139214416112125,0.042370885106884165,0.05408986514339556,0.037571403333137035,0.06492550497614981,0.04625758200341558,0.05143984453212414,0.01248454154643425,0.03135857723337848,0.026205759378128496,0.02738354631647135,0.043902008126729876,0.0434603380248513,0.011247865261174253,0.019816265237618515,0.04136976620929274
B:AATCA,0.041856897622265236,0.11194711275064831,0.08776799737024726,0.0650863800723182,0.06420979582891997,0.052229811169144234,0.041856897622265236,0.0563935863252858,0.04112641075276672,0.06665692684174002,0.059790350268453925,0.04452317469593484,0.017933452646188685,0.03418678549253077,0.025311370028123746,0.03396763943168121,0.042149092370064645,0.0378757441834983,0.013002666277073669,0.020964973154607547,0.041162935096241644
B:AATCC,0.04036615315918732,0.1173476222371065,0.07220361687876758,0.06747041750390712,0.06023665996874302,0.05425318151373074,0.04300066979236437,0.05434248716231302,0.04496539406117437,0.0657289573565528,0.078231748158071,0.03465059164992186,0.027818709533377985,0.031658852422415715,0.02192453672694798,0.031703505246706856,0.03688323286447868,0.037195802634516634,0.013261888814467515,0.025362804197365484,0.041393168117883454
B:AATCG,0.038206420801273545,0.1013531440700451,0.08171928893605732,0.07375961793579199,0.061554789068718495,0.04298222340143274,0.04563544706818785,0.05651366410188379,0.04563544706818785,0.06818784823560627,0.07190236136906342,0.03847174316794906,0.0246749801008225,0.0395330326346511,0.022817723534093923,0.033695940567789864,0.03873706553462457,0.04006367736800212,0.010082249933669409,0.023613690634120457,0.04085964446802866
B:AATCT,0.038996604228283493,0.11319239055026108,0.07905210501332749,0.06568810019352248,0.062146273779530435,0.055135648300288456,0.04403549129148866,0.0540402380691569,0.04301310840909921,0.06765983860955928,0.06444663526490671,0.04323219045532552,0.02011903457844963,0.034395881257530944,0.02683755066272319,0.03147478730784679,0.04093182896994925,0.04023806915689926,0.012451162960528717,0.021871690948260122,0.041041369993062404
B:AATGA,0.038949354230155275,0.1145261935858366,0.08834711943114207,0.06434479756203744,0.06440284428965318,0.05346103613408794,0.04289653170802496,0.054244666956900306,0.04008126541866202,0.062255115367871136,0.06181976491075316,0.045160354085038455,0.01909737338557539,0.03450877956755188,0.02559860687853722,0.03270933101146423,0.040545639239587865,0.039878101872006966,0.012102742707879843,0.022173849949209113,0.04289653170802496
B:AATGC,0.036975435005117706,0.11625725008529512,0.07714943705220062,0.06495223473217332,0.06171102012964858,0.05629477993858751,0.04379904469464346,0.05484476287956329,0.03961958375980894,0.062009553053565335,0.06734049812350734,0.04345786421016718,0.02119583759808939,0.034757761856021835,0.026441487546912317,0.03343568747867622,0.04047253497099966,0.03868133742749915,0.01330603889457523,0.024735585124530876,0.04256226543841692
B:AATGG,0.039182163916122954,0.1216984752799972,0.0711768605422002,0.06133770629077841,0.06465231499249852,0.05585987927846202,0.040787132340113746,0.056557691636718886,0.04406685042392101,0.06287289347894351,0.06999057953316354,0.041415163462544924,0.021597292488049962,0.03440214926206343,0.022469557935871045,0.03356477443215519,0.04190363211332473,0.03796099228917344,0.012421059976972192,0.02337671400160497,0.04270611632532012
B:AATGT,0.037710902244833436,0.1154896381248024,0.08735017676985428,0.06421200885286425,0.06148141760800207,0.054036963582535714,0.04386191831220718,0.0514213446006151,0.04064269494984335,0.07346727601966026,0.058118478916961286,0.04417809203529648,0.019660256963007675,0.03337069931878934,0.026414877410824638,0.03190480296628438,0.03934925699175074,0.03937800005748613,0.013423011698427753,0.02086746572389411,0.04366071685205944
B:AATTA,0.040967848856479944,0.10497182631753398,0.09595624792840571,0.06774941995359629,0.06529665230361285,0.05541929068611203,0.04607225720914816,0.05548558170367915,0.04076897580377859,0.0615512098110706,0.05217103082532317,0.047199204507789194,0.015810407689758037,0.03543254888962546,0.028041100430891613,0.03165396088829964,0.03984090155783891,0.04229366920782234,0.011070599933708982,0.019588995691083858,0.0426582698044415
B:AATTC,0.041319608627650675,0.11308333030225876,0.07805623249554432,0.06656239770123304,0.06674426217582657,0.06114283635834576,0.04128323573273197,0.05295893500163678,0.043065507583748594,0.06528934637907831,0.05772378423598734,0.04295638889899247,0.020186956679882153,0.03277197832175463,0.02753428145346088,0.03084421489106318,0.04273815152948023,0.03899174335285345,0.012039428218091877,0.02316953406321609,0.04153784599716291
B:AATTG,0.044031583836507196,0.11351602415234556,0.08392940083604274,0.061402693915466794,0.06776590803529958,0.05606130980027868,0.04417092429168602,0.05452856479331166,0.03743613562470971,0.06544356711565258,0.05448211797491872,0.04593590339061774,0.020483046911286575,0.03283790060380864,0.029075708313980493,0.03130515559684162,0.03999071063632141,0.04268462610311194,0.011333023687877381,0.02238736646539712,0.041198327914537855
B:AATTT,0.042744128553770085,0.10630407911001236,0.09587144622991348,0.06472187886279357,0.06697156983930778,0.058368355995055625,0.04323856613102596,0.05530284301606922,0.042027194066749075,0.06091470951792336,0.049666254635352285,0.046427688504326325,0.01542645241038319,0.03512978986402967,0.028751545117428924,0.031940667490729296,0.0434610630407911,0.04487021013597033,0.010407911001236093,0.019357231149567368,0.03809641532756489
B:ACCAA,0.0370304559508156,0.12225025764952557,0.07104019332598883,0.06219126479263656,0.060023454991293225,0.0559721383133729,0.04388926401080351,0.0582820995770994,0.04509755144106045,0.05931269767937738,0.07594441877820818,0.04008671239205373,0.02640463413767369,0.033014677138491065,0.025658338960162053,0.030633640143572977,0.04058424251039482,0.03816766764988095,0.011585344184228295,0.02505419524503358,0.037776751128327235
B:ACCAC,0.03255462934376179,0.12335768927309526,0.0642516551747796,0.0628108812733697,0.06202188604164523,0.046996672498370556,0.043394737744845806,0.05790538918047408,0.046790847655311996,0.058591471990669275,0.08795581626702342,0.03468148605536688,0.03605365167575726,0.033240712153956985,0.02329251140612672,0.0334808411375253,0.036636822064423175,0.034407052931288803,0.01375596034441357,0.027854962093924737,0.03996432369386985
B:ACCAG,0.030032109802933953,0.13020210287729017,0.05959201662154505,0.06421960586790909,0.057105080904111316,0.049266511364351825,0.042624189384876915,0.06513253163759995,0.04630737266259523,0.059182774035131905,0.08839639866523956,0.031070956368444248,0.034754139646162564,0.03094503557262482,0.023358307624504186,0.0340615752691557,0.034785619845117424,0.03283384750991626,0.01281244097462696,0.03116539696530882,0.04215198640055405
B:ACCAT,0.03533971728226174,0.12456300349597203,0.06843745250038,0.06376348989208086,0.063687490500076,0.05262957896336829,0.045371637026903784,0.05734154126766986,0.04544763641890865,0.06015351877184982,0.07588539291685667,0.037771697826417386,0.02667578659370725,0.034237726098191215,0.02382580939352485,0.032147742818057455,0.04107767137862897,0.03575771393828849,0.011779905760753913,0.023483812129502964,0.04062167502659979
B:ACCCA,0.030077934729663906,0.12734413054067217,0.05918168533852898,0.06353507062834876,0.05765952264978081,0.049074525085241114,0.04045908426692645,0.06630540672187044,0.044995129079396005,0.05878592303945446,0.0935825621042377,0.03126522162688748,0.033335362883585,0.031721870433511934,0.022710667316122746,0.033000487092060396,0.037018996590355575,0.03263516804676084,0.012664393570384803,0.029347296639064782,0.04529956161714564
B:ACCCC,0.02615948991178269,0.1328500305703555,0.052231635950738056,0.06428509040090838,0.0557253908638309,0.04755873875447637,0.038911695344571576,0.06856494016944711,0.04550615774303433,0.06376102716394445,0.10092584505196961,0.02633417765743733,0.041488339592977555,0.0313564503450083,0.01934666783125164,0.0301336361254258,0.03616036335051096,0.028299414796052056,0.01122368765831077,0.03271028037383177,0.04646694034413486
B:ACCCG,0.02094332981344597,0.11562829989440337,0.05895811334037311,0.07514959521295318,0.049278423090461106,0.04523055262231609,0.042062653995072155,0.07057374164026751,0.04311862020415347,0.05684618092221049,0.10806054206265399,0.028159098908834918,0.046286518831397394,0.032206969376979935,0.023407250967969025,0.030271031326997537,0.03009503695881732,0.027279127067933825,0.009679690249912002,0.03467089053150299,0.052094332981344596
B:ACCCT,0.029404206894020044,0.1352373260893506,0.055981792151536286,0.06916045666458646,0.05495392973826218,0.04684115854777725,0.04085753092764583,0.06453507580485297,0.044601886861715796,0.061084394846004184,0.09456334202121802,0.031496641092470905,0.03516757828273558,0.030762453654417973,0.020447120149774237,0.033882750266142944,0.035351125142248814,0.03145993172056826,0.011710289636944312,0.027899122646011527,0.044601886861715796
B:ACCGA,0.02699625955439909,0.11091234347048301,0.06667750853797365,0.06960481379086031,0.05269149455195967,0.0518783542039356,0.04618637176776712,0.06651488046836884,0.04634899983737193,0.05513091559603187,0.09237274353553424,0.03138721743372906,0.038380224426736054,0.03398926654740608,0.02406895430151244,0.032362985851357946,0.03577817531305903,0.03447715075622052,0.011058708733127337,0.03122458936412425,0.04195804195804196
B:ACCGC,0.028031809145129226,0.12524850894632206,0.055666003976143144,0.06421471172962227,0.04970178926441352,0.05208747514910537,0.04413518886679921,0.06520874751491054,0.044532803180914515,0.05427435387673956,0.10159045725646124,0.027634194831013918,0.044532803180914515,0.029622266401590457,0.026043737574552684,0.030019880715705764,0.03121272365805169,0.03359840954274354,0.017693836978131212,0.028628230616302187,0.0463220675944334
B:ACCGG,0.022143836958651773,0.11992945326278659,0.05486968449931413,0.06839114246521653,0.058788947677836566,0.04154418969233784,0.04585537918871252,0.0725063688026651,0.048990789731530475,0.05486968449931413,0.1011169900058789,0.0268469527728787,0.05055849500293945,0.029786400156770528,0.0268469527728787,0.031746031746031744,0.03292181069958848,0.029394473838918283,0.015089163237311385,0.023123652753282382,0.04467960023515579
B:ACCGT,0.023943135054246164,0.11129816685372242,0.06846240179573512,0.0718294051627385,0.055929667040778154,0.050505050505050504,0.04751215862326973,0.061541339319117094,0.04414515525626637,0.055368499812944255,0.09408903853348298,0.035166479610924055,0.03890759446315002,0.03423120089786756,0.021885521885521887,0.03610175832398055,0.034044145155256264,0.02861952861952862,0.013655069210624766,0.02749719416386083,0.04526748971193416
B:ACCTA,0.037294293652489846,0.11893567001496046,0.07560376148749733,0.062192776234238085,0.060803590510792906,0.05246847617012182,0.04119469972216286,0.055888010258602266,0.04472109425090831,0.06839068176960889,0.07437486642444967,0.0392177815772601,0.025058773242145758,0.032271852960034195,0.02591365676426587,0.031630690318444114,0.03916435135712759,0.03756144475315238,0.012502671511006626,0.025379354562940798,0.039431502457790125
B:ACCTC,0.028088436127412984,0.13830140626730153,0.05916657439190935,0.06304211419923966,0.05580777322555642,0.04801978370796885,0.0431845864245377,0.06285756468460488,0.045473000406008934,0.06042151109142583,0.09297604547300041,0.031151958070350275,0.03340346214889455,0.03225925515815893,0.022293581367881003,0.03229616506108589,0.033698741372310194,0.03159487690547374,0.013213745247849998,0.030672129332299857,0.042077289336729044
B:ACCTG,0.02848644670673372,0.13381577333496872,0.06019256715319514,0.06393352140316448,0.056850239175763526,0.04814178829878572,0.043603581503740954,0.0630749417392371,0.04443149760824237,0.061817735802771986,0.09159205200539679,0.030724886544830125,0.035569728934134674,0.032074083159573163,0.022077762786704282,0.03228872807555501,0.03418986875996566,0.030878204341960015,0.012142769532687354,0.02928369925180915,0.04483012388078008
B:ACCTT,0.03494720206881689,0.12150707564111773,0.06914014797787515,0.06263917821995546,0.059765821420874936,0.051181667983621865,0.045219452625529774,0.05850872782127721,0.0480928094246103,0.06346526829969111,0.07560520077580633,0.03907765246749515,0.02880540191078227,0.03426477982903527,0.023022771352632712,0.033366855829322604,0.0360606278284606,0.03573737518856404,0.013289275195747432,0.02589612815171324,0.040406579987069896
B:ACTAA,0.039418701829324915,0.10999164267805739,0.08064815674621599,0.06374779459559848,0.06602284334664314,0.053811867397158514,0.04206518711115238,0.05571547961742037,0.04373665149967499,0.06885504689386202,0.06059058408394465,0.045454545454545456,0.018061101309313772,0.036122202618627544,0.028554183303927942,0.03180425294827746,0.04044015228897762,0.03881511746680286,0.013185996842789488,0.02200761444888105,0.040950877518803976
B:ACTAC,0.037015909234962285,0.11548456614058439,0.07764467262470685,0.06458769094251125,0.060087469100589465,0.0515940926665399,0.03986816251505356,0.05843950053875895,0.04436838435697534,0.06604550928566902,0.06959498003422704,0.0391709450465868,0.025416745895924447,0.03169170311212525,0.026557647207960954,0.03308613804905876,0.04094568042086582,0.0391709450465868,0.011789313557710592,0.022754642834505925,0.04468530138809659
B:ACTAG,0.03840579710144928,0.11624396135265701,0.0748792270531401,0.06702898550724638,0.057789855072463765,0.04830917874396135,0.04432367149758454,0.058876811594202896,0.04583333333333333,0.06841787439613527,0.0696256038647343,0.043780193236714976,0.024516908212560386,0.0323671497584541,0.02644927536231884,0.03315217391304348,0.03756038647342995,0.03828502415458937,0.011352657004830917,0.02179951690821256,0.0410024154589372
B:ACTAT,0.04257726127423253,0.11425926878181725,0.08823983133645293,0.0613976448809585,0.061963284825422946,0.056358307193911654,0.04458271198642464,0.057129634390908623,0.04160024682470304,0.06330025196688435,0.05568982362318095,0.04391422841569394,0.018717539980459712,0.035069676556795396,0.027973466344423305,0.03054455700107986,0.038566359849848304,0.04201162132976809,0.0129068750964159,0.019386023551190415,0.04381138478942768
B:ACTCA,0.031964556510362466,0.12182212839344653,0.0682406113407273,0.06621866730100205,0.05726859147810056,0.05233266926347715,0.0448990514703696,0.06158008979810294,0.044512503345128004,0.062115310279206686,0.08203740596473491,0.038416936754779814,0.028872171508429724,0.0331836698284321,0.023579435639737148,0.03327287324194939,0.03975498795753918,0.034224376319467155,0.012339805536558533,0.025095893669531088,0.038268264398917666
B:ACTCC,0.028771718561844142,0.12764493376913813,0.06446757268191984,0.06872527094443488,0.05870462755891966,0.04769482195079993,0.043738173060381906,0.06352141751247205,0.0476088078444865,0.05771546533631516,0.0872183038018235,0.03363151556855324,0.03169619817650095,0.033416480302769655,0.022578702907276794,0.032857388611732326,0.03625494581111302,0.032126268708068124,0.012041974883880957,0.025761224840873904,0.04382418716669534
B:ACTCG,0.02726457399103139,0.11085201793721973,0.060807174887892376,0.07210762331838565,0.05596412556053812,0.04556053811659193,0.04538116591928251,0.06672645739910314,0.04125560538116592,0.059730941704035874,0.09632286995515695,0.03210762331838565,0.039103139013452914,0.03533632286995516,0.024753363228699553,0.03515695067264574,0.03605381165919282,0.0315695067264574,0.014708520179372197,0.026547085201793722,0.04269058295964125
B:ACTCT,0.031864827766520686,0.12507353421792275,0.0704294398326688,0.06506961239296687,0.060134649323485195,0.04895744819922871,0.04353225701026211,0.05716059873194326,0.047552127590038566,0.05836982809333943,0.08134518595986666,0.040656252042617164,0.028531276554023138,0.0342506046146807,0.023825086606967777,0.03389110399372508,0.03608078959409112,0.03477351460879796,0.011830838616903065,0.024446042224982024,0.04222498202496895
B:ACTGA,0.033192978618690874,0.11871821512549899,0.07024115491879478,0.06518291682616066,0.05894898014983321,0.051375293924645925,0.04623503034942856,0.05938644939027725,0.042844643735987314,0.0649368403784109,0.07371356701481926,0.04093071580904468,0.027724613113140482,0.03469677913271723,0.023486629846338928,0.03414994258216219,0.03819653305626948,0.03540766664843878,0.01328812817848745,0.027150434735057693,0.040192486465795374
B:ACTGC,0.030167597765363128,0.12271880819366852,0.06595903165735569,0.06793296089385475,0.056722532588454375,0.050465549348230915,0.048044692737430165,0.06327746741154562,0.04502793296089386,0.05646182495344507,0.08283054003724395,0.035083798882681566,0.030204841713221603,0.03284916201117318,0.024655493482309124,0.03679702048417132,0.035791433891992554,0.03448789571694599,0.013631284916201117,0.02696461824953445,0.03992551210428305
B:ACTGG,0.03289283302787692,0.1255265104015948,0.06302048165653837,0.06668595865084724,0.057104273174496,0.04739397447027427,0.042345905276357676,0.061380663001189675,0.04568984920099032,0.06401723417253465,0.08668531558470789,0.03363235908813222,0.03179962059097778,0.03269991318607119,0.023504067393331406,0.03224976688852448,0.03536863766438378,0.03263560657213595,0.012025336805890486,0.02877720973602135,0.04456448345712356
B:ACTGT,0.03032265330255082,0.11687031927473394,0.07162565459766879,0.0689509544456332,0.05760459485331381,0.05036882707359649,0.0465679373838617,0.05791429697618109,0.04375246353961372,0.06196857931189819,0.07435666422658933,0.041443774987330366,0.02812658370403739,0.033447829269666086,0.02536741933667436,0.03693901683653359,0.03646038628301143,0.03677008840587871,0.013683202883045217,0.026099442536178838,0.04135931077200293
B:ACTTA,0.03688773298656264,0.1093194625054183,0.0870827915041179,0.07074122236671002,0.06025140875596012,0.051452102297355876,0.046510619852622455,0.05869094061551799,0.04282618118768964,0.06406588643259645,0.06254876462938881,0.043866493281317726,0.019202427394885133,0.03541395752058951,0.030689206762028607,0.03372345036844387,0.037624620719549196,0.039358474208929344,0.012873862158647595,0.01954919809276116,0.037321196358907675
B:ACTTC,0.0360431654676259,0.12071942446043166,0.07359712230215827,0.06571942446043165,0.06093525179856115,0.04985611510791367,0.04424460431654676,0.05802158273381295,0.04431654676258993,0.05406474820143885,0.07629496402877697,0.04248201438848921,0.025215827338129496,0.033453237410071945,0.026115107913669066,0.034100719424460434,0.03838129496402878,0.03730215827338129,0.013273381294964028,0.02553956834532374,0.04032374100719424
B:ACTTG,0.03892450142450143,0.1168091168091168,0.07115384615384615,0.06773504273504273,0.06043447293447293,0.048254985754985755,0.045334757834757836,0.06079059829059829,0.04764957264957265,0.06631054131054132,0.07428774928774928,0.039601139601139604,0.026282051282051282,0.032727920227920225,0.02492877492877493,0.033297720797720795,0.03408119658119658,0.03653846153846154,0.012428774928774929,0.02346866096866097,0.03896011396011396
B:ACTTT,0.03631893613454769,0.11007431413085993,0.0849863105548416,0.06959266916242945,0.0625523830809633,0.0533888361177851,0.04338715985919428,0.054981281779069115,0.04299603285466838,0.0632228865172934,0.05998211990836453,0.044756104375034925,0.020729731239872606,0.03425155053919651,0.027183326814549925,0.03377661060512935,0.0400067050343633,0.0434150975023747,0.012544001788009164,0.022629490976141253,0.0392244510253115
B:AGCAA,0.03584571733573054,0.11520633761272017,0.07056774447284883,0.06542686181419782,0.0597241340562407,0.05045368991768969,0.04382391774587746,0.059162288956934574,0.04654886647751215,0.06191532994353457,0.07739416242941821,0.04239121274264685,0.02486164564429587,0.03376689046829789,0.022951372306655057,0.03539624125628564,0.03722223782903054,0.03781217518330196,0.01171447032053263,0.025732505548220357,0.04208219793802848
B:AGCAC,0.02806984307410565,0.12247797669792555,0.06109690252912759,0.07173755170345111,0.05765526822645322,0.04827760411733131,0.045846357866818226,0.061633671181838275,0.04534116384073758,0.05673960405418206,0.08809320829781188,0.033595402734362664,0.03586877585172556,0.033311231094692306,0.022702156546998833,0.036626566890846514,0.03410059676044331,0.032458716175681225,0.013387641691137002,0.02810141770073569,0.042878342963594454
B:AGCAG,0.02808284330681425,0.1293021445866482,0.060078692493946734,0.0673209961950882,0.05722500864752681,0.04602646143203044,0.046783120027672084,0.06232704946385334,0.044729332410930474,0.05566845382220685,0.09162054652369422,0.032579557246627464,0.03210394327222414,0.03210394327222414,0.021035108958837773,0.03411449325492909,0.03443877551020408,0.03301193358699412,0.012214631615358008,0.03005015565548253,0.04918280871670702
B:AGCAT,0.034812106840562525,0.11981688238975069,0.0741362842933834,0.06474986002700656,0.0577018081217271,0.0536178901953035,0.04614168560418931,0.05793235187563811,0.044363205216875805,0.0582287652735237,0.07199552086420972,0.04176135427988012,0.02354839772091032,0.034383954154727794,0.0243717682705925,0.03500971577248625,0.038797220301024275,0.03724928366762178,0.012646971643118269,0.024865790600401803,0.043869182887066496
B:AGCCA,0.030969686656781,0.13015047281036538,0.05875489218951309,0.06641223229695895,0.05702895203831101,0.048058925055303015,0.04429102754211537,0.060821158567712766,0.04893404963901111,0.055521793033035956,0.0927145878406301,0.03417847679704402,0.03454311204025573,0.030410579283856383,0.02243722196562705,0.03133432189999271,0.03388676860247466,0.03172326615941853,0.01375890317718842,0.029073583392080122,0.04499598901232467
B:AGCCC,0.02628086010087603,0.13545261481284843,0.050769843376692325,0.06520440668967348,0.05249535439341651,0.04429917706397664,0.04350278736395009,0.06759357578975311,0.04589195646402973,0.05807008229360234,0.10598619591186621,0.026612689142553755,0.041744093443058135,0.029964162463498804,0.021568887709052298,0.030893283780196443,0.03281789222192726,0.02920095566764003,0.013505441996283514,0.03225378285107513,0.04589195646402973
B:AGCCG,0.017387788111605337,0.1264321337107427,0.05202857527968729,0.06860762906052029,0.05539830165790538,0.04771532551556813,0.04933279417711282,0.0698207305566788,0.043671653861706426,0.05445477827200431,0.10432672866963202,0.028036123466774497,0.0440760210270926,0.029518803073190457,0.023722873702655346,0.02857527968728939,0.0349103652783394,0.02277935031675428,0.016579053780832995,0.03585388866424046,0.04677180212966707
B:AGCCT,0.03045822102425876,0.1311590296495957,0.057601078167115904,0.06436657681940701,0.05444743935309973,0.04520215633423181,0.04336927223719676,0.06398921832884097,0.04617250673854448,0.06215633423180593,0.09566037735849056,0.03105121293800539,0.03703504043126685,0.03264150943396226,0.022102425876010783,0.03153638814016173,0.03509433962264151,0.03137466307277628,0.012857142857142857,0.028894878706199462,0.04283018867924528
B:AGCGA,0.02471450485767854,0.11249360831770921,0.0593148116584285,0.06971194818476223,0.059655701380603374,0.043804329299471624,0.04959945457644452,0.06442815749105164,0.0419294358275098,0.05437191068689279,0.09698312595875234,0.03323674791205045,0.03664564513379922,0.03562297596727459,0.02488494971876598,0.03272541332878814,0.03528208624509971,0.031020964717913754,0.017385375830918696,0.030339185273564002,0.04584966763252088
B:AGCGC,0.023592814371257487,0.11197604790419162,0.05796407185628742,0.07101796407185629,0.054131736526946105,0.05401197604790419,0.04562874251497006,0.06455089820359282,0.04395209580838323,0.05353293413173653,0.11508982035928143,0.022035928143712576,0.04383233532934132,0.03053892215568862,0.026227544910179642,0.025748502994011976,0.033652694610778446,0.03389221556886227,0.015688622754491018,0.03293413173652695,0.04
B:AGCGG,0.02422145328719723,0.12226066897347174,0.0530565167243368,0.07064590542099193,0.052768166089965395,0.048298731257208766,0.0461361014994233,0.06675317185697809,0.039071510957324106,0.05118223760092272,0.10755478662053057,0.02955594002306805,0.04382929642445214,0.02710495963091119,0.025086505190311418,0.03200692041522491,0.031718569780853516,0.027393310265282585,0.01903114186851211,0.03157439446366782,0.05074971164936563
B:AGCGT,0.023535475004294794,0.10084177976292734,0.06528087957395637,0.0635629616904312,0.05085036935234496,0.053770829754337744,0.04930424325717231,0.06682700566912901,0.044665864971654354,0.05085036935234496,0.09654698505411441,0.03435835767050335,0.0441504896065968,0.03435835767050335,0.02216114069747466,0.037794193437553684,0.034530149458855866,0.03298402336368322,0.01580484452843154,0.027143102559697648,0.05067857756399244
B:AGCTA,0.03545277789269019,0.11612129235097009,0.07342903239151119,0.06788565755181401,0.057833119596243744,0.05266206097712324,0.044843420345013034,0.05911554213378563,0.0474082654200968,0.06159765027096347,0.07719356306623092,0.036735200430232075,0.026806767881520706,0.03259835353493567,0.02544160840607289,0.0326810904728416,0.036735200430232075,0.0363628842096554,0.011996855996359575,0.024241922806436934,0.04285773383527076
B:AGCTC,0.028310502283105023,0.12420091324200913,0.05792998477929985,0.0678234398782344,0.058295281582952815,0.04669710806697108,0.04538812785388128,0.06432267884322679,0.04861491628614916,0.06027397260273973,0.0919634703196347,0.03220700152207002,0.03558599695585997,0.030136986301369864,0.021369863013698632,0.03187214611872146,0.03713850837138508,0.03111111111111111,0.013546423135464232,0.030532724505327246,0.04267884322678843
B:AGCTG,0.028712825061860965,0.12874083757411645,0.059246463420327744,0.06909753023016947,0.058429431812876416,0.04589383257855175,0.044936738409823054,0.0651757785144031,0.04449320696577805,0.05623511835286428,0.0894066016153882,0.03128063868527942,0.0352023904010458,0.03125729492506653,0.020775946589476634,0.0332882020635884,0.036673047294458194,0.031070544843363367,0.013095849479434147,0.030813763481021522,0.046173957701106494
B:AGCTT,0.03472112622707617,0.11701019538524668,0.07193586061046053,0.06789558410403712,0.06338183769451722,0.04898835264038383,0.04583188661974054,0.059309996527887376,0.04567406331870837,0.06609639847227045,0.07553423187399387,0.03841419147122881,0.02578832738865566,0.032669423313658026,0.023705059815031092,0.033490104479025284,0.03730942836400366,0.03289037593510306,0.012688993402986017,0.025630504087623497,0.04103405826836274
B:AGTAA,0.03791310805792796,0.1077979948013368,0.08603787597474935,0.0675454883030078,0.06312662458225028,0.05105829929446714,0.044968436687708876,0.05703676197549202,0.04225770516152989,0.06446342369105088,0.05707389528406981,0.04604530263646491,0.019643520237653176,0.03616784255477163,0.028369847753434832,0.0337913108057928,0.039064240623839584,0.041663572224285184,0.01240252506498329,0.021537318975120682,0.042034905310063125
B:AGTAC,0.03780663780663781,0.11786435786435787,0.07232323232323232,0.0677056277056277,0.055757575757575756,0.05200577200577201,0.04346320346320346,0.06025974025974026,0.04663780663780664,0.06747474747474748,0.07261183261183261,0.0410966810966811,0.027186147186147185,0.032496392496392495,0.02909090909090909,0.03370851370851371,0.03428571428571429,0.03722943722943723,0.012871572871572872,0.02608946608946609,0.032034632034632034
B:AGTAG,0.03673980609546783,0.11819826506471216,0.07403627591965486,0.06499049032796772,0.058449691515517,0.05330055202486431,0.0409147840608619,0.05719719812589878,0.045600037110915245,0.061789673887832255,0.0698612979542608,0.04226005473859999,0.023890151690866075,0.03442037389247112,0.02449320406364522,0.034002876095931715,0.039152015586584404,0.04003339982372315,0.012942431692721622,0.024168483555225682,0.043558936772278144
B:AGTAT,0.03983989574606721,0.10737224239039374,0.09201340407707344,0.06413478544168295,0.0643674951130969,0.05394210183375221,0.04365633435725589,0.05189425672530951,0.04049148282602625,0.06916131434422415,0.06162152099041236,0.04314437308014521,0.01773247696174253,0.03560457972633343,0.02932141859815694,0.031415805640882435,0.040956902168854135,0.03928139253467374,0.012426696453504608,0.020245741413013125,0.041375779577399234
B:AGTCA,0.032225063938618924,0.11684782608695653,0.07209079283887468,0.06748721227621483,0.05907928388746803,0.050671355498721225,0.04584398976982097,0.05671355498721228,0.04565217391304348,0.062180306905370845,0.07503196930946292,0.04008951406649616,0.02624680306905371,0.034654731457800514,0.024520460358056266,0.03500639386189258,0.03836317135549872,0.03702046035805626,0.014002557544757033,0.024328644501278772,0.04194373401534527
B:AGTCC,0.03022713533120304,0.1293289575956473,0.06265653337939373,0.06451334312116763,0.056179290094135935,0.04836341652992487,0.04167026513515848,0.06654287935054841,0.043613438120735815,0.06010881768719233,0.08951550220226272,0.03376802832714397,0.033811209949045684,0.032256671560583816,0.022540806632697124,0.03519302184990068,0.03506347698419553,0.033163485620519906,0.011831764401070904,0.027204421798082735,0.042447534329389414
B:AGTCG,0.026972353337828724,0.11755450663070353,0.06698134412227467,0.07507305012362328,0.051022701730726004,0.05371993706450888,0.045178691840863115,0.06743088334457181,0.037986064284108785,0.054843785120251745,0.08833445718138908,0.035288828950325916,0.04068329961789166,0.03394021128343448,0.022252191503708697,0.03438975050573163,0.03438975050573163,0.027646662171274445,0.009889862890537199,0.030343897505057317,0.046077770285457405
B:AGTCT,0.035963517154078355,0.12015969359602713,0.07166736992437275,0.07118049920477783,0.05887889902301276,0.05125125774935895,0.04592813788178779,0.05910610535882372,0.04508422863448992,0.05634717128111915,0.07666590931221397,0.03865753513583693,0.025447109610828005,0.034178324515563636,0.024051413547989224,0.03362653770002272,0.03586614301015937,0.03547664643448343,0.012918303093251971,0.024797948651368105,0.04274724918043429
B:AGTGA,0.0325744956505645,0.12335739404034796,0.0672465913998396,0.0659201678080079,0.05934974396939972,0.04895428465667222,0.04660990807576038,0.05697452032821272,0.042106237275587634,0.062434449996915296,0.07909186254549941,0.04152014313035968,0.026991177740761305,0.03269788389166513,0.025603060028379296,0.03414769572459744,0.03729409587266334,0.037016472330186935,0.013048306496390895,0.025633907088654453,0.04142760194953421
B:AGTGC,0.030082114960945323,0.12169036651311836,0.061886641297816944,0.0741838574003605,0.05567794912878029,0.04862807931103545,0.0464650510715001,0.06308832365311436,0.04954936911676347,0.05880232325255357,0.0854396154616463,0.03504906869617464,0.03416783496895654,0.03156418986581214,0.022271179651512117,0.03552974163829361,0.03468856398958542,0.03344682555577809,0.012457440416583216,0.026797516523132385,0.03853394752653715
B:AGTGG,0.03175471333890998,0.12946399845569784,0.06312335113570555,0.06753104690817836,0.05842609870664693,0.04552474100765717,0.04414130364841387,0.062254681165948136,0.04780902129850074,0.05707483430924651,0.08657744031915578,0.0329129399652532,0.035358085065311115,0.033845955858696354,0.02084807927417798,0.033459880316581946,0.03593719837848272,0.033331188469210474,0.013609162859532849,0.026800077215108423,0.04021620230358407
B:AGTGT,0.02905179873902831,0.11929781184324391,0.0718259364569168,0.06681913709976511,0.05760909877611571,0.04824452960810978,0.04676103350228706,0.06243046112003956,0.044690320187909506,0.05995796761033502,0.07590555074792929,0.039250834466559525,0.028742737050315242,0.03582024972184448,0.02491037211027321,0.03390406725182346,0.0386636172580047,0.03517122017554704,0.0133514649524045,0.025683026332055877,0.0419087649894919
