,X,1,2,3,4,5,6,7,8,9,10,11,12,13,14,15,16,17,18,19
B:ACA,0.028302024,0.044927499,0.050232949,0.07562995,0.046359617,0.058862881,0.058133579,0.108955268,0.103737217,0.052563557,0.070443419,0.058350548,0.022976744,0.028638407,0.045571771,0.021113098,0.062637238,0.028394004,0.019914943,0.014255288
B:ACC,0.027139476,0.043601707,0.053341616,0.06776306,0.045781655,0.057898324,0.053576974,0.11249187,0.11775411,0.054315091,0.066729783,0.060852278,0.022963679,0.025859743,0.040889792,0.022269162,0.056512677,0.033572788,0.020082561,0.016603653
B:ACG,0.019807147,0.044931949,0.053932452,0.075803287,0.044630718,0.060436079,0.05350534,0.101034774,0.128555285,0.051518261,0.064839796,0.059184032,0.02375052,0.025204344,0.03549158,0.022539162,0.059824326,0.038441058,0.018235735,0.018334154
B:ACT,0.029718295,0.045484854,0.05314995,0.078415499,0.046687163,0.05603064,0.059776215,0.105944527,0.09784541,0.054564841,0.067811741,0.05759064,0.024383268,0.029124028,0.044854677,0.02176494,0.062037168,0.029849003,0.020551097,0.014416046
B:ATA,0.038808232,0.05074745,0.05018239,0.082082505,0.049205212,0.056225022,0.063005904,0.103652145,0.070777431,0.05094257,0.078281135,0.054952879,0.024192174,0.034977834,0.048332556,0.020513305,0.063956692,0.025209205,0.02265816,0.0112972
B:ATC,0.032618856,0.045630754,0.051006327,0.073792928,0.046224128,0.057590049,0.059049391,0.110821528,0.092509881,0.052493862,0.073857007,0.059140818,0.022779452,0.028506339,0.047328945,0.021573733,0.059749096,0.028334225,0.022474302,0.01451838
B:ATG,0.0328562,0.045745711,0.049634241,0.074579989,0.045686744,0.058307507,0.060132038,0.109333557,0.093433971,0.051945683,0.073919331,0.057984574,0.024038399,0.028933359,0.046644076,0.022159826,0.061495255,0.028133138,0.021234153,0.013802249
B:ATT,0.03804965,0.049052009,0.05091752,0.08213816,0.048494961,0.056074258,0.065184511,0.102587382,0.071740446,0.051394935,0.075897672,0.056423173,0.024504031,0.03364173,0.049334478,0.020048575,0.063524821,0.025611222,0.023171733,0.012208732
B:CCA,0.027420639,0.042271942,0.053365876,0.066256811,0.045180964,0.05891204,0.053711849,0.113552293,0.118842944,0.054761179,0.067732288,0.060620948,0.02311261,0.024867307,0.041398417,0.022457661,0.056385973,0.032096626,0.020239724,0.016811908
B:CCC,0.024871943,0.041192395,0.056310983,0.062523682,0.044480802,0.059549908,0.050791032,0.114102684,0.128148105,0.054862931,0.069139802,0.062206363,0.022085375,0.022392802,0.03754893,0.022679544,0.054198312,0.035499383,0.019821385,0.017593641
B:CCG,0.016584409,0.047098305,0.066392567,0.064353403,0.045454145,0.059610893,0.047151819,0.102041723,0.138187684,0.050874115,0.059336579,0.067350233,0.024084867,0.024191713,0.032158999,0.024354563,0.051184892,0.041064134,0.017288215,0.021236742
B:CCT,0.026954474,0.041925715,0.054047518,0.066970555,0.0448008,0.05861523,0.055073851,0.11098727,0.119228524,0.055406666,0.067114003,0.060524492,0.022626731,0.024470905,0.041666808,0.023132375,0.056810079,0.032721332,0.020286249,0.016636421
B:CTA,0.033521146,0.045226541,0.052072066,0.076840289,0.046575171,0.055431278,0.060677266,0.104870534,0.091720587,0.053799304,0.072835547,0.057806398,0.023514158,0.028980859,0.046909049,0.021821094,0.063322114,0.028792913,0.021398211,0.013885476
B:CTC,0.026118619,0.042782172,0.052596853,0.068553048,0.044864222,0.058640779,0.055694257,0.111707338,0.116199574,0.054850193,0.068307482,0.062706155,0.022711297,0.024663466,0.040684963,0.023040422,0.057382192,0.032198334,0.020658561,0.015640073
B:CTG,0.024241114,0.042240144,0.054380078,0.069425561,0.044639936,0.059331723,0.054606619,0.10943093,0.123691706,0.055016239,0.064998921,0.059333954,0.022711155,0.025092075,0.04134787,0.022383872,0.058027327,0.033029818,0.01937557,0.016695387
B:CTT,0.031124537,0.046199302,0.052250298,0.075060019,0.046676276,0.055758715,0.060815039,0.106049489,0.097116193,0.054712094,0.06985758,0.059176444,0.023583533,0.028707329,0.044799293,0.022187643,0.061053543,0.028501081,0.021609674,0.014761916
B:GCA,0.025809696,0.042646395,0.053432096,0.071875044,0.043593543,0.060028396,0.056362438,0.10610314,0.118491794,0.05428119,0.066508802,0.058937669,0.023050417,0.026139598,0.042317307,0.022743044,0.059478061,0.032947247,0.019515075,0.01573905
B:GCC,0.023586908,0.041060726,0.058543181,0.06335714,0.044635792,0.060695814,0.051079575,0.108147355,0.133724026,0.055394957,0.063141174,0.061818154,0.023160596,0.023050599,0.03906416,0.023482981,0.054058473,0.034630905,0.018561152,0.018806331
B:GCG,0.017439259,0.046873442,0.069303879,0.066071269,0.044978015,0.059046073,0.047608994,0.098953652,0.140716841,0.049946105,0.05811254,0.066121522,0.024600348,0.024088121,0.032351368,0.023621708,0.051644273,0.042024905,0.01631468,0.020183006
B:GCT,0.025000949,0.043295341,0.054213086,0.070601188,0.043995685,0.058982922,0.055429091,0.105948612,0.120988233,0.05563205,0.066173327,0.059847204,0.023004151,0.025533105,0.041595359,0.022743616,0.058357174,0.032659308,0.019857143,0.016142456
B:GTA,0.032163398,0.046963981,0.052654182,0.080232191,0.04782018,0.056536526,0.06032941,0.10350804,0.091116369,0.0534059,0.070380605,0.057620018,0.023904349,0.031486742,0.046263231,0.021389924,0.061086808,0.028555814,0.020962991,0.01361934
B:GTC,0.025805076,0.04406515,0.053192007,0.070264651,0.045259969,0.058083194,0.055178827,0.112059822,0.116660365,0.053703013,0.066799156,0.059047756,0.023388046,0.025609222,0.041201125,0.022005659,0.059134707,0.032306816,0.019813463,0.016421976
B:GTG,0.02464916,0.042266167,0.050502282,0.070860295,0.044412611,0.060422634,0.054480032,0.111658412,0.12091255,0.053266713,0.066295749,0.060023406,0.022926097,0.025703038,0.042124173,0.021818266,0.060839714,0.03229438,0.018908887,0.015635433
B:GTT,0.030533196,0.046777878,0.052646702,0.078370513,0.048049115,0.055617156,0.060051255,0.105274092,0.093315444,0.053722403,0.070956089,0.057898465,0.023737081,0.029792409,0.045492355,0.021407743,0.062008482,0.028895141,0.020935931,0.014518553
B:TCA,0.030565477,0.045340184,0.051078516,0.074300181,0.045372424,0.057535649,0.059561738,0.10974015,0.099277163,0.053283129,0.069475992,0.058409369,0.024065616,0.028381012,0.045487381,0.022124348,0.060394194,0.029673323,0.021335046,0.014599107
B:TCC,0.02770555,0.042990415,0.052992728,0.06790256,0.04479839,0.05801737,0.056064949,0.113047061,0.112367621,0.054466585,0.069569444,0.060938591,0.022821959,0.024972104,0.041852987,0.023007085,0.057486668,0.031752611,0.021113235,0.016132087
B:TCG,0.021889402,0.046882997,0.060803833,0.072017004,0.046675998,0.05988568,0.048340191,0.103556141,0.120602787,0.053002548,0.06287315,0.063184403,0.023677307,0.025768576,0.037556601,0.022444943,0.054298999,0.039013404,0.01865244,0.018873597
B:TCT,0.030216105,0.045092231,0.051010444,0.072817843,0.046602077,0.056620916,0.059720017,0.109422092,0.100315378,0.053462578,0.071665576,0.060935594,0.022631841,0.027493179,0.04402294,0.021948087,0.061111647,0.028740776,0.021553341,0.014617339
B:TTA,0.035014207,0.049796366,0.052332268,0.085899982,0.050043703,0.054871095,0.064626226,0.097583608,0.076154794,0.052987905,0.07401417,0.055370514,0.024395495,0.033427095,0.047890022,0.01975505,0.064900624,0.026533452,0.021963696,0.012439729
B:TTC,0.032392241,0.04632545,0.05139508,0.074959759,0.046601712,0.055719764,0.061870672,0.107317652,0.092014773,0.053186511,0.071337555,0.059314128,0.023693681,0.029233171,0.045518966,0.022249537,0.061980131,0.028467587,0.021909538,0.014512093
B:TTG,0.032438996,0.045973855,0.052125026,0.074671242,0.046528096,0.056841255,0.059750736,0.108604497,0.094163398,0.053885681,0.071216348,0.058829003,0.023735073,0.029456169,0.046159938,0.02167463,0.059642094,0.027862435,0.021940377,0.01450115
B:TTT,0.035133405,0.049334781,0.052201115,0.0821337,0.050028609,0.055839652,0.062710921,0.100754714,0.081036204,0.053311252,0.072733729,0.05719059,0.024071032,0.032744169,0.047533679,0.019781642,0.062754771,0.025761296,0.021627431,0.013317308
N:ACA,0.072363479,0.076288455,0.064709186,0.069389675,0.058217979,0.05436228,0.055569535,0.051937296,0.047630905,0.043945724,0.049390462,0.040383808,0.049834843,0.049394454,0.048339868,0.039758934,0.039045424,0.034694626,0.035521868,0.019221198
N:ACC,0.073311654,0.074886616,0.0650337,0.066742899,0.059239183,0.054768986,0.055131313,0.054529409,0.047238456,0.044855431,0.048319172,0.042139245,0.049994548,0.049518127,0.047147603,0.039930499,0.037335035,0.035343567,0.034830093,0.019704465
N:ACG,0.056506446,0.072648603,0.066240021,0.065743838,0.059440994,0.057254596,0.054784739,0.052264195,0.049656878,0.046525464,0.051717307,0.044492158,0.04981255,0.05252256,0.046723223,0.040941673,0.03835229,0.036730771,0.035829906,0.021811789
N:ACT,0.075806041,0.07619169,0.064461561,0.070159322,0.058280121,0.053354275,0.055672392,0.051957147,0.046962122,0.043556553,0.048959917,0.039663179,0.049752866,0.049016626,0.04846986,0.03990002,0.038911374,0.034254496,0.035473274,0.019197163
N:ATA,0.084818842,0.07768468,0.062668522,0.073605596,0.057037588,0.05259628,0.055696686,0.04891656,0.046550446,0.040279997,0.050188598,0.035800975,0.048893517,0.047117224,0.050131714,0.040156691,0.041231489,0.033659957,0.035065527,0.017899109
N:ATC,0.079661926,0.076189604,0.063724778,0.070445967,0.058230688,0.053235181,0.055682567,0.052640108,0.046865378,0.0427218,0.049024302,0.038498865,0.049285416,0.048583644,0.048412444,0.039837531,0.038807518,0.034223048,0.035142755,0.018786481
N:ATG,0.076033054,0.076437807,0.064279676,0.070236611,0.057747666,0.053624044,0.055510175,0.051768359,0.047464824,0.042980484,0.049262441,0.038945288,0.049950007,0.049023109,0.048718414,0.040092365,0.039566745,0.034107571,0.035428636,0.018822725
N:ATT,0.083515965,0.077227273,0.06321908,0.073890501,0.057346136,0.052341449,0.055719869,0.049487196,0.046385483,0.040787969,0.049840376,0.036052823,0.048905681,0.047620278,0.049963438,0.03986073,0.040868965,0.033641415,0.035264397,0.018060974
N:CCA,0.073889648,0.074835208,0.065219619,0.066612638,0.05940209,0.054661731,0.055158103,0.054913304,0.047110113,0.044935243,0.047970304,0.042217067,0.049951757,0.049142676,0.047112937,0.039933751,0.037199323,0.035279701,0.034819339,0.019635448
N:CCC,0.069871178,0.073692447,0.06585394,0.064044403,0.060181975,0.056476076,0.0547801,0.055664755,0.047430426,0.045997081,0.047716198,0.044459692,0.050588876,0.049240391,0.046260752,0.040487254,0.036328061,0.036156043,0.03440635,0.020364001
N:CCG,0.058288681,0.071157542,0.066440056,0.061894375,0.062118704,0.059110802,0.054402922,0.054756079,0.048914293,0.047547442,0.049998879,0.047285784,0.050099462,0.051410344,0.044953409,0.040957503,0.035905677,0.038250964,0.03455585,0.021951231
N:CCT,0.071503839,0.074716922,0.065240364,0.066016013,0.059566926,0.054753748,0.055260352,0.054792373,0.047299795,0.045459785,0.047964081,0.042980844,0.050407381,0.049445085,0.047162616,0.040091619,0.037215462,0.035411438,0.034813691,0.019897668
N:CTA,0.079509508,0.076630624,0.063896471,0.070594956,0.05810397,0.052829422,0.055586813,0.051426052,0.04676617,0.042897519,0.049123991,0.038773038,0.04951259,0.048464407,0.048548714,0.039852471,0.039105215,0.034075243,0.035374801,0.018928023
N:CTC,0.068862399,0.075069081,0.065444752,0.0664143,0.059523408,0.055017495,0.055418627,0.054122134,0.047678959,0.045691991,0.04843394,0.043072867,0.050392329,0.049496883,0.047267967,0.040179125,0.037593506,0.03525182,0.035047203,0.020021212
N:CTG,0.069109487,0.074672907,0.065692319,0.066251598,0.059702499,0.05501449,0.055216022,0.054715471,0.047327966,0.045782424,0.047951291,0.043355614,0.050604638,0.049603926,0.0471906,0.040089672,0.037220554,0.035548483,0.035048013,0.019902026
N:CTT,0.075682059,0.076358991,0.064478694,0.0699632,0.058381008,0.053026645,0.05563059,0.051919294,0.047195262,0.043646082,0.049120184,0.039839579,0.049514334,0.049309385,0.048271152,0.039851954,0.038697831,0.034258741,0.035532092,0.019322924
N:GCA,0.069428501,0.075183821,0.065514081,0.067457036,0.058874668,0.054720183,0.055330159,0.053465821,0.047781339,0.045264887,0.048385322,0.042328296,0.050535398,0.049781819,0.047635446,0.040058676,0.03815493,0.034944424,0.035389627,0.019765566
N:GCC,0.06699537,0.073450556,0.066508172,0.063497487,0.060651935,0.056119449,0.054846272,0.055760299,0.047492705,0.046883884,0.047607621,0.04575896,0.050650704,0.049552137,0.04607765,0.040337568,0.036339468,0.036302903,0.034608749,0.020558111
N:GCG,0.054783289,0.07082214,0.066953576,0.061454937,0.062193953,0.059968587,0.054399192,0.054282914,0.049038729,0.047850515,0.050347484,0.048483232,0.049959602,0.051509017,0.044876657,0.041088942,0.036341333,0.038521085,0.034613854,0.022510961
N:GCT,0.068224411,0.075134658,0.065883921,0.066642179,0.059488715,0.054815471,0.055035422,0.053563196,0.047663801,0.045895376,0.048341646,0.043279108,0.050596571,0.049869315,0.047163181,0.040179573,0.037566615,0.035240667,0.035355557,0.020060616
N:GTA,0.078961861,0.076597201,0.063725851,0.071010978,0.057760371,0.053232371,0.055594311,0.05105,0.046883671,0.042408106,0.04954308,0.038401463,0.049438756,0.048644552,0.049005424,0.039876503,0.039587116,0.034198141,0.03529737,0.018782875
N:GTC,0.070144524,0.075012375,0.065325951,0.067126959,0.059186638,0.054583258,0.055196836,0.054035015,0.047538527,0.045082827,0.048605061,0.04203087,0.050467139,0.049894729,0.047489184,0.040188049,0.037765356,0.035290744,0.03523385,0.019802109
N:GTG,0.066570132,0.075253128,0.065773056,0.066699937,0.059017768,0.055887844,0.055409578,0.053674446,0.048208141,0.045742541,0.048605337,0.043036641,0.050401489,0.04998579,0.047195986,0.039911185,0.03799961,0.035315358,0.03537223,0.019939806
N:GTT,0.077041958,0.076314934,0.064137136,0.070751398,0.058100718,0.053136489,0.055634689,0.05145597,0.046931875,0.043130291,0.04964855,0.039182386,0.049159481,0.049133114,0.048592629,0.039664316,0.039030452,0.034335202,0.035501788,0.019116624
N:TCA,0.075373868,0.076108849,0.06445028,0.070055273,0.058295336,0.053568047,0.055575501,0.052258193,0.047112694,0.04340904,0.048908419,0.039497428,0.049902484,0.049138657,0.048483478,0.040044453,0.039028919,0.03435139,0.035383166,0.019054526
N:TCC,0.074056839,0.075077459,0.064738215,0.067204563,0.059257823,0.054324363,0.055388331,0.054524153,0.047204521,0.044688016,0.048172156,0.041551631,0.050010543,0.049221806,0.047515845,0.03998288,0.037489054,0.0351061,0.034902096,0.019583605
N:TCG,0.064323952,0.072428902,0.065297405,0.065888272,0.059715492,0.056549543,0.054934824,0.053768906,0.048645978,0.045701808,0.05079512,0.043619435,0.049595071,0.051491909,0.046295576,0.040365431,0.037790167,0.036314406,0.035377046,0.021100757
N:TCT,0.074764077,0.07620635,0.064500365,0.069368068,0.05869765,0.053475731,0.055690936,0.052454766,0.047220651,0.043902538,0.049060783,0.04031305,0.049614139,0.048994485,0.048127908,0.039888642,0.038506079,0.034526749,0.035364626,0.019322405
N:TTA,0.080151573,0.077287249,0.063648915,0.073531776,0.057326661,0.052638045,0.055660052,0.04880554,0.046782011,0.041436214,0.050358989,0.036963008,0.049092533,0.048051463,0.049794175,0.040006229,0.040942428,0.033648609,0.035432219,0.018442309
N:TTC,0.077774308,0.076442272,0.064034354,0.070849029,0.058236475,0.052827587,0.05575518,0.051717792,0.046932993,0.042934992,0.049150414,0.038884756,0.049339411,0.048941408,0.048657305,0.03979335,0.039054903,0.034198968,0.035498308,0.018976193
N:TTG,0.079236025,0.076327503,0.064035867,0.070679975,0.058151854,0.052912484,0.055574261,0.052020422,0.046732133,0.042856271,0.049115457,0.038774658,0.04912895,0.048840356,0.048575537,0.039623731,0.038884163,0.034268527,0.035330184,0.018931643
N:TTT,0.082424393,0.076831419,0.063616528,0.072949776,0.057753052,0.05226023,0.055807742,0.049667854,0.046426592,0.041564044,0.049823621,0.037428924,0.048637837,0.048116318,0.049377996,0.039468128,0.040068433,0.033920806,0.035301706,0.018554602
T:ACA,0.043804912,0.080467485,0.078120533,0.046603718,0.063043757,0.063859222,0.061204743,0.050571733,0.042422635,0.059233937,0.05027091,0.062150615,0.031110953,0.043817838,0.048043516,0.040092498,0.037469121,0.035340949,0.032899674,0.029471253
T:ACC,0.041495008,0.07694435,0.078001441,0.044654435,0.064699051,0.065438016,0.060443071,0.055287437,0.041684199,0.059081781,0.049622467,0.067751839,0.031230957,0.042317608,0.046221034,0.041361059,0.035862978,0.036288862,0.031483123,0.030131286
T:ACG,0.030185255,0.07312501,0.077084598,0.048012463,0.06473373,0.068244107,0.06079579,0.052235629,0.042527908,0.058782239,0.054439682,0.068347689,0.032762566,0.043983139,0.04253528,0.043465304,0.036418395,0.039029037,0.032091367,0.031200816
T:ACT,0.04682974,0.081014757,0.078803981,0.047124952,0.063221795,0.062240891,0.06103014,0.050414224,0.041736121,0.058562321,0.049436783,0.061832904,0.031410861,0.043718706,0.04809603,0.040184063,0.037060989,0.03479741,0.032765162,0.029718169
T:ATA,0.058067256,0.085678973,0.078211812,0.048307982,0.062905203,0.059008977,0.059624275,0.045179832,0.043440436,0.055742715,0.050969423,0.054351834,0.030818513,0.04408744,0.050236488,0.038643167,0.039339786,0.032787869,0.033746294,0.028851726
T:ATC,0.049428216,0.081527654,0.07751473,0.046539136,0.063675777,0.062072184,0.060727089,0.050801955,0.042533683,0.058110763,0.049688525,0.060889039,0.030639617,0.043285807,0.048842486,0.039578775,0.037468745,0.034240968,0.032773772,0.029661079
T:ATG,0.048383628,0.081573612,0.077775922,0.046525711,0.062774139,0.062629416,0.061148619,0.050045549,0.04273135,0.058396289,0.050028997,0.060279093,0.030760284,0.043915793,0.048852195,0.039810442,0.037676044,0.034371981,0.033015621,0.029305314
T:ATT,0.056775766,0.085546479,0.078519966,0.048987242,0.063075559,0.058799174,0.060124141,0.045284602,0.042991733,0.056211996,0.050129988,0.054988938,0.030710175,0.044062083,0.050370834,0.038422134,0.038880156,0.033071677,0.033840067,0.029207289
T:CCA,0.041848204,0.076744914,0.078241379,0.044237595,0.064850297,0.065651343,0.060547771,0.056047105,0.041535271,0.059198707,0.04935607,0.067876186,0.031016278,0.042047461,0.046167935,0.041361229,0.035725394,0.036139548,0.03138226,0.030025055
T:CCC,0.037745652,0.073582868,0.077544723,0.04278312,0.066321585,0.068301611,0.06014488,0.058897417,0.041029807,0.059263971,0.050265851,0.07238992,0.031023415,0.040617709,0.044143311,0.042889948,0.034525127,0.037574386,0.030625174,0.030329526
T:CCG,0.027782802,0.068461544,0.077479929,0.045106828,0.069306262,0.070708624,0.057628754,0.05794675,0.042234857,0.058230421,0.053173186,0.07609524,0.032817523,0.040686107,0.040212718,0.045067969,0.034330394,0.040916357,0.030183525,0.031630211
T:CCT,0.040382303,0.076275862,0.078195096,0.044224636,0.064975206,0.065612132,0.060793693,0.056254089,0.041148651,0.059679415,0.049159421,0.068842676,0.031203664,0.041781534,0.046203739,0.041707801,0.035566788,0.036476541,0.03144504,0.030071713
T:CTA,0.050432289,0.081937289,0.07822324,0.046793314,0.063046397,0.061332404,0.060590138,0.049879166,0.041924837,0.058106625,0.049373909,0.061030139,0.031191652,0.043545899,0.048744924,0.039885125,0.037248696,0.034182809,0.032906614,0.029624536
T:CTC,0.039930849,0.0769564,0.077783417,0.044933667,0.064845507,0.065483477,0.06111078,0.055270639,0.041189978,0.060214168,0.049446141,0.068149129,0.031083907,0.042003373,0.046037174,0.041389885,0.036074232,0.036268537,0.031719884,0.030108855
T:CTG,0.038120924,0.07609998,0.078949028,0.044675721,0.065044005,0.066011566,0.060794046,0.055808864,0.04125999,0.060084123,0.049125576,0.068688576,0.031445608,0.042174345,0.045999459,0.041732148,0.035719394,0.036858635,0.031499698,0.029908313
T:CTT,0.047154822,0.081173133,0.078498205,0.046904394,0.063113289,0.061841235,0.061413657,0.050586546,0.041655225,0.058531546,0.049505334,0.062210069,0.031093271,0.043677584,0.048356958,0.039991386,0.036996893,0.034570971,0.032802069,0.029923412
T:GCA,0.040183818,0.077307095,0.078523168,0.045550906,0.06390041,0.065165538,0.061355212,0.053679185,0.041814306,0.059829138,0.049463602,0.066394308,0.031458415,0.042816245,0.046672604,0.041468525,0.036280354,0.036360315,0.032164557,0.029612299
T:GCC,0.035677268,0.072613975,0.079136296,0.042990003,0.066438018,0.068030119,0.059986803,0.058999438,0.04084678,0.059886493,0.049452964,0.072881174,0.031746919,0.040984465,0.04403277,0.042904926,0.034568423,0.037957256,0.030533744,0.030332165
T:GCG,0.027249286,0.068048506,0.07823895,0.04566526,0.067845805,0.07111897,0.058350233,0.058132645,0.042873145,0.057730448,0.053041017,0.075032164,0.033156182,0.041235821,0.039983945,0.045079011,0.03402464,0.041735901,0.030436845,0.031021228
T:GCT,0.039037638,0.076655544,0.078952571,0.045219418,0.064351448,0.065570947,0.061021772,0.054566861,0.041243038,0.059929814,0.04935511,0.068237091,0.031640273,0.04260471,0.045947394,0.041636055,0.035867681,0.036417533,0.031766106,0.029978994
T:GTA,0.049972193,0.082227619,0.078593436,0.047371391,0.063119956,0.061572614,0.060295058,0.048875995,0.042258992,0.057852484,0.049919094,0.059999011,0.031402409,0.044033392,0.048512514,0.03965295,0.037636346,0.034326585,0.032920946,0.029457016
T:GTC,0.039930289,0.077291496,0.078357952,0.045345086,0.064451899,0.06506164,0.060824895,0.054294653,0.041779472,0.059468384,0.049976918,0.066396179,0.031264223,0.042620118,0.046670938,0.041491012,0.036201213,0.036504929,0.032031965,0.030036739
T:GTG,0.037859205,0.077035364,0.077974691,0.045366984,0.063730717,0.06656146,0.061556594,0.053981984,0.042070102,0.060180045,0.050274135,0.066600864,0.031239426,0.042949497,0.046106411,0.041358223,0.036542624,0.03670382,0.032115605,0.029792248
T:GTT,0.047762246,0.081796057,0.078224607,0.047593867,0.063018757,0.061913805,0.06088683,0.049205602,0.042080186,0.058083175,0.050049614,0.060917441,0.031353631,0.044221226,0.048496254,0.039692101,0.037380321,0.034534716,0.032967464,0.0298221
T:TCA,0.046688597,0.080579188,0.078246487,0.046646696,0.063540688,0.062642504,0.061165449,0.051063706,0.042159547,0.058495586,0.049490644,0.06178743,0.030936268,0.043537168,0.048508035,0.040108517,0.03721237,0.034778854,0.03271915,0.029693115
T:TCC,0.042530654,0.077656374,0.077594706,0.044956935,0.064703658,0.064890413,0.060828978,0.055039849,0.041590611,0.059182816,0.049494604,0.066842182,0.03084595,0.042080049,0.046718975,0.041264235,0.036041216,0.035900977,0.03179146,0.030045358
T:TCG,0.034321684,0.073392749,0.077432647,0.047245202,0.065394517,0.06714986,0.059846608,0.053282066,0.042443212,0.058627159,0.053197335,0.069290292,0.032328661,0.042662669,0.042337094,0.043151698,0.036172001,0.038644917,0.031600669,0.031478959
T:TCT,0.045897314,0.080569473,0.077953538,0.046327143,0.063842584,0.062544771,0.061156242,0.051680595,0.041694838,0.059189811,0.049452476,0.063220164,0.030810289,0.043094414,0.048051412,0.040064361,0.037063869,0.03492063,0.032592711,0.029873364
T:TTA,0.053344688,0.085220897,0.079053289,0.049263435,0.06261049,0.059473224,0.060336715,0.04487927,0.042550773,0.056891148,0.050639715,0.056257055,0.031429974,0.04450478,0.049504059,0.038658889,0.038708487,0.033496392,0.033847145,0.029329576
T:TTC,0.049080454,0.081873928,0.078095725,0.047300793,0.063289661,0.061305742,0.061245882,0.04985581,0.042018857,0.058040879,0.049518807,0.060736807,0.03074104,0.043776659,0.048841023,0.039756879,0.037385269,0.034341381,0.032936191,0.029858213
T:TTG,0.049883896,0.081647107,0.078177942,0.046952311,0.063306593,0.061531481,0.060828554,0.050172602,0.04217557,0.057800567,0.049484925,0.06081642,0.030933484,0.043608297,0.048999786,0.039617597,0.037233498,0.034227383,0.032879592,0.029722394
T:TTT,0.053883011,0.0840923,0.078967743,0.0487269,0.062961822,0.059649594,0.060216769,0.046233506,0.042306051,0.056993007,0.050027977,0.057632944,0.031320702,0.044255469,0.04941467,0.038483675,0.038114507,0.033676295,0.033484773,0.029558287
U:ACA,0.04416776,0.069307665,0.082889308,0.053673756,0.059358551,0.065789488,0.0628135,0.055835938,0.054865508,0.048201441,0.053561356,0.049799607,0.04882465,0.037298164,0.04683386,0.036912946,0.03184128,0.040793441,0.033015552,0.024216229
U:ACC,0.040914899,0.067063122,0.083387484,0.050537972,0.062183846,0.065800687,0.059094346,0.059667249,0.057514057,0.049636815,0.051688158,0.054562685,0.048289022,0.035839104,0.046241213,0.036749415,0.03121729,0.041987232,0.032291648,0.025333755
U:ACG,0.030237828,0.063851322,0.081012798,0.050879963,0.062674026,0.06922735,0.055194214,0.055377772,0.062877119,0.050004994,0.055386572,0.055194534,0.04778874,0.037114504,0.045583147,0.03820327,0.03160668,0.045004916,0.034534574,0.028245675
U:ACT,0.046844634,0.06922208,0.083214485,0.05443997,0.060131667,0.064343341,0.063357019,0.055869545,0.052055821,0.048208974,0.052701474,0.049934602,0.049614403,0.037754994,0.046596715,0.036815574,0.032187241,0.03915324,0.033116998,0.024437222
U:ATA,0.059840858,0.071851939,0.081696739,0.058782074,0.056189658,0.062669958,0.069082963,0.052038511,0.047854916,0.044778066,0.056445466,0.042996218,0.049936254,0.038862249,0.046088246,0.037572341,0.031940481,0.036124511,0.032868716,0.022379837
U:ATC,0.049364339,0.069828644,0.082827094,0.054866304,0.059083704,0.063907415,0.064398957,0.056670993,0.052360878,0.04727196,0.053631237,0.048194566,0.048978578,0.037626325,0.047236894,0.037107033,0.03140557,0.039068711,0.032284125,0.023886675
U:ATG,0.04861516,0.07007133,0.082907386,0.054813078,0.058707628,0.064508238,0.064762202,0.056309281,0.052850688,0.047257437,0.053604287,0.047527416,0.049015305,0.037665303,0.046998637,0.037013188,0.03171445,0.039396893,0.032663511,0.023598582
U:ATT,0.057950911,0.071741224,0.08243273,0.059108731,0.056670537,0.062474806,0.068661302,0.052017787,0.047153113,0.04522416,0.055461009,0.043691545,0.050090664,0.039174486,0.046855829,0.037419765,0.031929623,0.035994001,0.033105819,0.022841955
U:CCA,0.041113502,0.066930001,0.083819481,0.050205462,0.062410096,0.065728292,0.059323375,0.060464665,0.057727672,0.049618926,0.051151981,0.054546209,0.048065662,0.035571219,0.046340683,0.036707982,0.031092009,0.04202454,0.031986798,0.025171445
U:CCC,0.037173892,0.064959214,0.083305182,0.047677278,0.0644207,0.067173265,0.056303895,0.062993611,0.061772278,0.050346296,0.05068064,0.058496663,0.04660559,0.034020352,0.044963454,0.036976973,0.030355542,0.044162532,0.03132972,0.026282925
U:CCG,0.027655273,0.06100707,0.082066138,0.046657424,0.066691788,0.070625526,0.050787696,0.059133368,0.067434478,0.051017582,0.052690777,0.062964246,0.045472347,0.034392469,0.043153481,0.038405069,0.029895795,0.047502517,0.032749844,0.029697112
U:CCT,0.04013983,0.06696482,0.083673777,0.049618889,0.063156023,0.065566983,0.059067557,0.060612295,0.057819431,0.049995599,0.05080056,0.055587381,0.048040362,0.035279824,0.046179871,0.03670859,0.031391225,0.042208554,0.031801518,0.025386911
U:CTA,0.050736675,0.069856622,0.083114783,0.054713352,0.059728061,0.06311417,0.064372771,0.055910871,0.051061677,0.047542905,0.052955816,0.048956491,0.049707578,0.037819372,0.046621245,0.03675469,0.03199821,0.038313723,0.032764377,0.023956611
U:CTC,0.039485559,0.067501184,0.083422364,0.050445688,0.062621704,0.06604669,0.059509383,0.059722139,0.057581294,0.049919801,0.051486756,0.054852368,0.047968758,0.035609617,0.045972326,0.036717579,0.031323014,0.042356796,0.032109285,0.025347696
U:CTG,0.03772394,0.066870582,0.084070632,0.049916411,0.063193597,0.066311799,0.058805792,0.05982061,0.05813705,0.050216761,0.05085614,0.05562912,0.048416698,0.0354778,0.046144802,0.036782098,0.03155081,0.042476735,0.03212845,0.025470172
U:CTT,0.04693796,0.069529351,0.083305414,0.054152729,0.060053793,0.063876907,0.063274997,0.05629505,0.05224905,0.048308027,0.052793942,0.049940008,0.049379846,0.037846935,0.046833137,0.036628315,0.032119353,0.039085331,0.032900284,0.02448957
U:GCA,0.039865665,0.067677801,0.083710542,0.051162597,0.061850618,0.066198971,0.060321062,0.058234473,0.05707053,0.049424308,0.051688573,0.053182334,0.048674597,0.036339662,0.046415463,0.036808392,0.031814904,0.041837652,0.032595462,0.025126393
U:GCC,0.035260526,0.064528029,0.084619897,0.047156912,0.065310523,0.06722171,0.056018714,0.062048889,0.061438448,0.05122956,0.049681256,0.059487925,0.04738534,0.034069367,0.044947589,0.03673186,0.031039971,0.043827592,0.031530462,0.026465429
U:GCG,0.027149052,0.060252861,0.082382473,0.046785896,0.067085093,0.070960366,0.051041186,0.057996799,0.067031545,0.051366671,0.053496927,0.061846635,0.045837189,0.034956817,0.042699677,0.038251281,0.030032691,0.047140441,0.03350531,0.030181091
U:GCT,0.038472186,0.067149899,0.084112956,0.050445333,0.062930147,0.066232666,0.0589986,0.058879853,0.057582872,0.050157035,0.051073488,0.055163913,0.048588017,0.03603176,0.045975069,0.036676473,0.031659906,0.041922551,0.032404657,0.025542619
U:GTA,0.050661996,0.069849327,0.082442804,0.055353102,0.058881127,0.063920306,0.064462547,0.054659502,0.051031892,0.047499848,0.05402666,0.048168042,0.049645567,0.038190173,0.046391902,0.037030741,0.032163994,0.038538655,0.03309539,0.023986425
U:GTC,0.039719932,0.067498034,0.083455323,0.051152561,0.061951559,0.065931767,0.059818446,0.058995568,0.057305936,0.049260356,0.051860643,0.053505451,0.048427202,0.036235201,0.046464044,0.03704369,0.03150811,0.042026073,0.032586263,0.025253841
U:GTG,0.03765404,0.06745538,0.083071564,0.050835921,0.061406959,0.067470559,0.059698599,0.058442386,0.059139878,0.04964127,0.052241346,0.053399177,0.047954966,0.036019704,0.046276757,0.036866736,0.031478043,0.043042473,0.032723735,0.025180508
U:GTT,0.047731557,0.069443643,0.083042499,0.055276254,0.059226968,0.064213039,0.063522264,0.054519457,0.05160135,0.047813479,0.053808523,0.049207615,0.049735029,0.03814052,0.047117001,0.036768023,0.032084996,0.038952198,0.03339502,0.024400564
U:TCA,0.046677202,0.06948672,0.083311287,0.054347439,0.059841431,0.064527859,0.063752036,0.056731779,0.05288759,0.047862482,0.052852979,0.049283128,0.049074717,0.037468933,0.047005322,0.036970897,0.03172531,0.039509158,0.032563806,0.024119923
U:TCC,0.042125926,0.067620675,0.083110967,0.050884619,0.062062007,0.065222199,0.060165062,0.05987215,0.056923804,0.049116116,0.051656163,0.053574271,0.047933642,0.035920269,0.046703808,0.036938597,0.031185332,0.041869942,0.032000002,0.02511445
U:TCG,0.034015357,0.063811798,0.082103211,0.050626598,0.062777626,0.068958158,0.055229071,0.056188561,0.061949012,0.04962155,0.054486047,0.056119704,0.047337496,0.036575684,0.044894512,0.037963999,0.031053721,0.044591952,0.033807771,0.027888172
U:TCT,0.045718045,0.069470345,0.083247232,0.053482992,0.060383417,0.064191221,0.062893504,0.057180826,0.053407811,0.048424186,0.052836512,0.050588924,0.049000273,0.037190195,0.046651877,0.036687154,0.031742451,0.039953064,0.032544146,0.024405827
U:TTA,0.054589791,0.071244788,0.082383988,0.058813248,0.05731901,0.063207045,0.067354553,0.051248893,0.047720898,0.046278699,0.055439927,0.045390756,0.050618262,0.039192485,0.046173908,0.037251824,0.03246466,0.036149594,0.033677352,0.023480318
U:TTC,0.049040683,0.069982072,0.083057577,0.055031954,0.059433603,0.063418556,0.064430761,0.055842711,0.051466703,0.047494393,0.053334949,0.04843744,0.049281969,0.038042792,0.047189524,0.036818508,0.031921148,0.038853491,0.032805114,0.024116051
U:TTG,0.049722186,0.069669086,0.083330875,0.054880618,0.059077435,0.063786371,0.064036764,0.055701674,0.051519429,0.047433467,0.053311845,0.048681084,0.049311503,0.037979491,0.047370618,0.036777184,0.031749143,0.038783371,0.032853276,0.024024578
U:TTT,0.054574174,0.07041668,0.082865531,0.057644501,0.057801846,0.063117901,0.066311415,0.052165769,0.048101311,0.046779806,0.05486445,0.046945091,0.050407818,0.038942843,0.046386924,0.036801554,0.032191136,0.036699271,0.033322924,0.023659054