,X,Y,1,2,3,4,5,6,7,8,9,10,11,12,13,14,15,16,17,18,19,20
N:AACGA,0.049028269,0.116902238,0.06139576,0.062279152,0.044169611,0.051678445,0.049617197,0.062720848,0.041224971,0.058009423,0.055948174,0.024293286,0.045641932,0.031654888,0.035482921,0.039458186,0.030918728,0.032832744,0.027679623,0.02532391,0.053739694,
N:CGTTA,0.045316515,0.109787433,0.071245036,0.050221911,0.050221911,0.04975473,0.051156272,0.070310675,0.046017286,0.039009577,0.051389862,0.026629292,0.045783695,0.040411119,0.039243167,0.04111189,0.032001869,0.035505723,0.025928521,0.021957487,0.056996029,
N:GTTAT,0.06299953,0.121826516,0.075752233,0.061236483,0.052950165,0.046897038,0.044663846,0.062940762,0.04583921,0.051833568,0.044017395,0.028385049,0.031088387,0.036142454,0.034379408,0.044957687,0.032733898,0.03167607,0.02738599,0.019628585,0.042665726,
N:AATAA,0.057817531,0.126940966,0.077257007,0.066285033,0.05476446,0.048968396,0.04822898,0.060966011,0.046296959,0.046177698,0.044531902,0.030268336,0.024710793,0.035873584,0.03503876,0.046416219,0.032057245,0.03234347,0.028717949,0.019033989,0.037304711,
N:TATTT,0.060948171,0.124464887,0.077335086,0.066244549,0.055611971,0.048981542,0.047249268,0.060530036,0.047667403,0.04561655,0.043306851,0.029149991,0.023674412,0.033590188,0.035919798,0.044720546,0.033450809,0.034306991,0.026681003,0.01897537,0.041574577,
N:ATTTT,0.064915859,0.128913819,0.076831549,0.06573177,0.054835968,0.047288798,0.04808771,0.060139385,0.047832738,0.045266021,0.041611423,0.029797722,0.024647289,0.033554309,0.035509094,0.042631311,0.03290838,0.032109468,0.027825939,0.017950025,0.041611423,
N:TTTTT,0.055615043,0.120150095,0.070950381,0.065689625,0.052412034,0.05558711,0.04934869,0.05689066,0.04639708,0.047067477,0.055475377,0.027151091,0.034534772,0.037598115,0.035158614,0.03824058,0.02965577,0.029404371,0.027849421,0.023082152,0.041741543,
N:TTTTA,0.059144027,0.125352271,0.076128208,0.064047646,0.053939804,0.04702589,0.050520422,0.058824635,0.047589524,0.048942246,0.045767106,0.029365348,0.025156878,0.034268966,0.035959869,0.044564686,0.031432007,0.032070792,0.027618081,0.019764777,0.042516815,
N:TTTAA,0.05556035,0.124929875,0.076748802,0.0640832,0.05426574,0.047102231,0.049432529,0.056250809,0.04608812,0.053488974,0.047123808,0.02904242,0.026647391,0.033832477,0.036076468,0.043930436,0.033163596,0.032516291,0.026712122,0.019289691,0.043714668,
N:ATTAA,0.056283125,0.132159343,0.076560096,0.06469482,0.051872115,0.046743033,0.052932125,0.059394768,0.049307574,0.050606941,0.043597196,0.030124808,0.02335442,0.033031287,0.036108737,0.043357839,0.030740297,0.03050094,0.026978971,0.019182766,0.042468798,
N:TATTA,0.064039616,0.129128373,0.080490159,0.065802174,0.054555374,0.045616686,0.05119812,0.065760208,0.047043518,0.046246171,0.039825423,0.030802803,0.02026942,0.0337404,0.036048512,0.04653993,0.02996349,0.030341181,0.029166142,0.0168702,0.0365521,
N:AATAT,0.067476149,0.126857473,0.078143972,0.065770454,0.052442903,0.046140503,0.046949986,0.065105522,0.047470367,0.045706852,0.04194854,0.031830009,0.022810061,0.030644695,0.036600173,0.043885516,0.032870772,0.035761781,0.026279271,0.017750795,0.037554206,
N:CTTAA,0.060715807,0.126757563,0.07354069,0.061567959,0.053941202,0.049424798,0.050489987,0.055219429,0.050234342,0.051938645,0.047933532,0.026161057,0.028632297,0.032850447,0.03561994,0.040221559,0.03280784,0.031018321,0.026118449,0.020409033,0.044397103,
N:TCTTA,0.05977903,0.124643301,0.073900637,0.06116924,0.052974318,0.049462208,0.049498793,0.0614985,0.046828126,0.048913441,0.048767103,0.026670081,0.028828565,0.037279579,0.033328455,0.042255067,0.031316309,0.030218775,0.027584693,0.020158045,0.044925734,
N:ATCTT,0.068264149,0.128659659,0.071203753,0.059415642,0.049557575,0.051665776,0.049498189,0.060484589,0.045935032,0.048488628,0.047479066,0.027020607,0.032513807,0.035928499,0.033374903,0.039372884,0.02954451,0.032335649,0.026812756,0.020042758,0.042401568,
N:AATCT,0.063612575,0.12943648,0.073637268,0.061585523,0.049939188,0.047322449,0.054767258,0.058379096,0.04820698,0.05196624,0.045442819,0.02859986,0.031879999,0.035970958,0.034349316,0.037629455,0.030368923,0.030295212,0.025467143,0.018354034,0.042789223,
N:GATTT,0.059149223,0.12778528,0.069615125,0.061546253,0.051451722,0.049088454,0.052363268,0.062795409,0.046556381,0.053207292,0.045678596,0.029675895,0.032207968,0.035482782,0.033018231,0.03818366,0.032309251,0.030925051,0.025759622,0.01910871,0.04409183,
N:ATTTA,0.053864626,0.126382218,0.076035966,0.06955769,0.052580141,0.049033843,0.049731933,0.058751257,0.048726684,0.051323579,0.046464872,0.027281358,0.025466324,0.033173238,0.036719535,0.043923824,0.032754384,0.034653189,0.025522171,0.019211438,0.038841729,
N:TTTAT,0.057915142,0.12778584,0.074808863,0.066816833,0.053691711,0.048038812,0.049988088,0.061012324,0.04886184,0.046219488,0.04775725,0.029455719,0.025167313,0.034415542,0.034437201,0.044400165,0.031340019,0.031578263,0.026900002,0.020012562,0.039397024,
N:TTTTG,0.063988287,0.127352194,0.074258278,0.061598415,0.051026999,0.052038927,0.049175386,0.058153555,0.044697068,0.046828575,0.050833226,0.03121905,0.031606597,0.036493993,0.032489342,0.038862335,0.030422426,0.031412823,0.026848383,0.018817552,0.041876588,
N:TTTGT,0.058158287,0.126319228,0.073611366,0.062179762,0.05287117,0.052156695,0.049053831,0.059015657,0.046808337,0.047318676,0.04927838,0.030375406,0.03211056,0.03570335,0.034172331,0.041296671,0.02908935,0.031620634,0.026966338,0.019556209,0.042337763,
N:AACAA,0.059699798,0.124236438,0.076549265,0.062356655,0.052137975,0.051093399,0.051116107,0.060880623,0.04696051,0.048186752,0.04945841,0.032313736,0.030247292,0.033494561,0.032631651,0.037650158,0.030633331,0.030860413,0.027567727,0.020482776,0.041442423,
N:TGTTT,0.055734984,0.125597676,0.073904336,0.060768995,0.052830053,0.051224221,0.051476824,0.057882107,0.047092362,0.050285982,0.04914927,0.031214478,0.030745358,0.035653068,0.033686376,0.040849467,0.030925789,0.031845985,0.026811973,0.019612796,0.042707901,
N:GTTTT,0.058504631,0.123130788,0.074678112,0.061915518,0.053060763,0.050056472,0.051344025,0.057623673,0.045719449,0.04924328,0.049943528,0.030404337,0.032776146,0.034583239,0.03474136,0.040004518,0.029817032,0.031443415,0.026722385,0.018748588,0.04553874,
N:TATAA,0.065475291,0.126832401,0.078434336,0.067968868,0.05621883,0.0446577,0.049191476,0.063208403,0.049984887,0.045413329,0.045262203,0.030187396,0.022479976,0.035325676,0.033474384,0.045488892,0.029885144,0.028373885,0.02463352,0.017983981,0.03951942,
N:TATAT,0.066922212,0.128743119,0.078537049,0.071591204,0.053635761,0.050868951,0.045479436,0.061849728,0.052598207,0.042222671,0.047669827,0.033691674,0.023316137,0.028071591,0.033115255,0.03974407,0.029916131,0.029973773,0.025621812,0.020462864,0.035968528,
N:CATAT,0.064849703,0.126768819,0.075692874,0.061332998,0.05626727,0.046763795,0.048731475,0.061500461,0.050992213,0.046345139,0.042660973,0.030017584,0.027631248,0.031775936,0.036632337,0.043791342,0.032864439,0.037176589,0.025831031,0.019174412,0.033199364,
N:TATGT,0.062226492,0.124986658,0.074287544,0.065072758,0.055857971,0.050734692,0.050058704,0.061906287,0.04781727,0.046287402,0.048279788,0.029387697,0.029031914,0.02974348,0.032447433,0.042338208,0.032838795,0.034333084,0.024726936,0.021062369,0.036574519,
N:CACAT,0.054276881,0.12650292,0.066729646,0.06146227,0.05671018,0.049324402,0.049553418,0.06077522,0.046776595,0.049954197,0.046232681,0.028655674,0.037644567,0.036499485,0.031804649,0.040192374,0.032577579,0.03286385,0.027653727,0.022185961,0.041623726,
N:TGTGT,0.043694126,0.118197636,0.064963701,0.061738765,0.058603828,0.053248935,0.049259015,0.05851383,0.046439071,0.052573949,0.054808904,0.026789464,0.045719086,0.032354353,0.032174357,0.038744225,0.030899382,0.033074339,0.028844423,0.025094498,0.044264115,
N:AACAC,0.052458909,0.124208523,0.069584331,0.059578098,0.055050687,0.050129589,0.051441882,0.057281585,0.045208491,0.055116302,0.048686067,0.028279912,0.036088055,0.036186477,0.032577671,0.040353007,0.032183983,0.030576425,0.028312719,0.022276172,0.044421115,
N:GTTTG,0.053402239,0.124031008,0.068773604,0.057377592,0.05194461,0.052607169,0.052275889,0.060060955,0.046809779,0.051513947,0.053601007,0.027728086,0.037003909,0.034983105,0.033227324,0.040482343,0.030543961,0.031305903,0.025972305,0.022593255,0.043762009,
N:GTTTC,0.054171181,0.127174814,0.070072016,0.058664202,0.050060544,0.052291122,0.049008986,0.060448665,0.044420368,0.053470142,0.053374546,0.029666688,0.034892614,0.035434325,0.031960997,0.038875789,0.031578612,0.032279651,0.025906571,0.020744376,0.045503792,
N:TTTCT,0.06125127,0.125564398,0.07149509,0.061434699,0.052898183,0.051487188,0.049920984,0.059318207,0.046393498,0.046506378,0.049173157,0.02793769,0.031817925,0.034922113,0.032946721,0.040523761,0.031648606,0.031705046,0.027119314,0.021136697,0.044799074,
N:TTCTA,0.06193392,0.126674321,0.075169027,0.059573925,0.053578263,0.050261513,0.049017732,0.062667432,0.049177191,0.048220436,0.045988009,0.028383722,0.02851129,0.036356678,0.033135604,0.040917209,0.031381554,0.032083174,0.0272994,0.020506442,0.039163159,
N:TCTAT,0.058828414,0.12857558,0.076389754,0.065886163,0.054593764,0.04911363,0.048117242,0.060904222,0.04683024,0.051438535,0.050151534,0.028563125,0.029434965,0.033752647,0.032008967,0.040395234,0.031884419,0.031137128,0.025864574,0.020841118,0.035288745,
N:AATAG,0.060824194,0.129426542,0.076766994,0.064640804,0.05430214,0.049422677,0.046765544,0.062756655,0.049760858,0.0495193,0.044688149,0.027972366,0.024493937,0.034735978,0.035170781,0.040533359,0.031740664,0.030677811,0.026281463,0.019276294,0.04024349,
N:TATTG,0.06422418,0.129851902,0.072693834,0.06567612,0.053334624,0.047720453,0.046655696,0.06446617,0.04583293,0.050333946,0.044622979,0.030732746,0.0269577,0.032910657,0.033878618,0.040944729,0.033443036,0.031507115,0.026618914,0.019310812,0.038282838,
N:ATTGT,0.063404041,0.125528367,0.072633497,0.067398301,0.052080506,0.04734944,0.050141544,0.061620196,0.044091984,0.053670454,0.046922868,0.031023384,0.0281925,0.03525032,0.032884787,0.040369178,0.030247799,0.031760189,0.026098422,0.018381355,0.040950867,
N:CACAA,0.054885441,0.125681901,0.06537156,0.05958298,0.054915747,0.05130925,0.049975755,0.061280155,0.043641654,0.051278943,0.050309128,0.026912353,0.039156261,0.033488908,0.032397866,0.040429143,0.031306825,0.031912959,0.026275912,0.022730028,0.047157231,
N:TACAC,0.054305896,0.128400381,0.063323481,0.06116928,0.053103552,0.049396323,0.045238215,0.062221332,0.045689094,0.045438605,0.048043685,0.027603827,0.041581083,0.036070337,0.031411252,0.044186163,0.030208907,0.035669556,0.027203046,0.024748259,0.044987726,
N:TGTAT,0.057705433,0.124692875,0.069342069,0.066100191,0.055009555,0.048525799,0.046990172,0.059275184,0.047433797,0.047160797,0.048116298,0.031122031,0.031258531,0.03497816,0.032179907,0.044226044,0.032009282,0.036479661,0.025627901,0.019417144,0.042349167,
N:CATAC,0.060510806,0.128543362,0.068818411,0.06107213,0.055346618,0.052147067,0.05108055,0.059163626,0.044063991,0.047431939,0.052259332,0.026662925,0.037833287,0.033791749,0.029020488,0.039236598,0.030536065,0.034072411,0.026606792,0.020039293,0.04176256,
N:CACAC,0.040721422,0.113164176,0.062806118,0.060383697,0.056953408,0.054018212,0.049102643,0.061108655,0.046291221,0.053293254,0.05957033,0.025585713,0.051401291,0.032004244,0.032463973,0.035788171,0.030801874,0.031067103,0.027636814,0.02714172,0.04869596,
N:TGTGC,0.047472295,0.118385008,0.063690699,0.059114681,0.054102851,0.050772008,0.0532001,0.064313286,0.043114183,0.049993774,0.05369817,0.024312041,0.044515004,0.033588594,0.031565185,0.040997385,0.03231229,0.033152783,0.025712863,0.02586851,0.050118292,
N:TGCAC,0.048696626,0.12254118,0.062090197,0.060610907,0.049736127,0.049976012,0.051535263,0.060131137,0.044858468,0.051055493,0.054213977,0.025267871,0.046737566,0.032904206,0.031065089,0.041819926,0.03210459,0.034703342,0.024548217,0.025867584,0.049536223,
N:TGCAT,0.054872245,0.126509993,0.066988799,0.061497913,0.05465261,0.047917124,0.049491178,0.055823999,0.046196647,0.04956439,0.05179735,0.026941943,0.036093418,0.034189911,0.035580936,0.04143788,0.032469434,0.031005198,0.025404495,0.024562559,0.047001977,
N:CATGC,0.055936386,0.125856869,0.063888127,0.061772886,0.051901759,0.048298014,0.050961651,0.059109248,0.046574484,0.047984645,0.055348819,0.023581026,0.04610443,0.035449881,0.03337381,0.036664186,0.029260841,0.034196404,0.023581026,0.025147871,0.045007638,
N:CATGT,0.057327066,0.12294353,0.067331512,0.061074763,0.055548498,0.046528616,0.049736391,0.062186369,0.047259099,0.052690084,0.046973258,0.026233882,0.037191133,0.034237439,0.032935273,0.040271867,0.033729277,0.034078638,0.027377247,0.021946262,0.042399797,
N:TGTGG,0.049578862,0.120718022,0.060506348,0.062372615,0.049873536,0.051175012,0.048621172,0.060580016,0.04717236,0.053900744,0.057510498,0.025366501,0.051666135,0.035336296,0.030425067,0.038111141,0.029099035,0.02919726,0.023377453,0.024065025,0.051346905,
N:CCCAC,0.048706366,0.121177276,0.058179329,0.064750171,0.045639973,0.057138946,0.047118412,0.070609172,0.045557837,0.04495551,0.063682409,0.025845311,0.053251198,0.033921971,0.025982204,0.031868583,0.030225873,0.028501027,0.022778919,0.024065708,0.056043806,
N:CCCCA,0.050872722,0.11790162,0.056642785,0.064023657,0.049045535,0.056137905,0.042818676,0.07041881,0.047506852,0.046929846,0.06767803,0.021541568,0.055921527,0.034692504,0.025772948,0.033538491,0.026398038,0.02928307,0.022479204,0.025604655,0.054791556,
N:ACCCC,0.04741483,0.118557114,0.059238477,0.063967936,0.047655311,0.054749499,0.048817635,0.066933868,0.045450902,0.048737475,0.067374749,0.023567134,0.053747495,0.035270541,0.025410822,0.034549098,0.027935872,0.026412826,0.022124248,0.024849699,0.057234469,
N:CACCC,0.048247567,0.118949176,0.056707589,0.062941289,0.047325234,0.056612175,0.045194326,0.073245977,0.045448763,0.044621843,0.065517461,0.026906685,0.054481267,0.03282234,0.025316456,0.034985052,0.028719547,0.02811526,0.022962916,0.024934801,0.055944278,
N:GGTGC,0.049819093,0.123805548,0.061183783,0.05844698,0.047267836,0.054828834,0.048010019,0.066332684,0.048334725,0.044531033,0.057890342,0.026022822,0.054225809,0.034836256,0.028574079,0.03715558,0.028110214,0.030847017,0.023657111,0.024074589,0.052045644,
N:AGCAC,0.052823197,0.12612554,0.062575171,0.058706888,0.050710269,0.050482723,0.052595651,0.064915645,0.0439489,0.048012222,0.05279069,0.025940253,0.04784969,0.034684524,0.030751227,0.03871534,0.029938563,0.029743523,0.025907746,0.023177193,0.049605045,
N:TGCTG,0.052863436,0.126514952,0.062770255,0.059400313,0.049513794,0.051401774,0.053979983,0.063257476,0.04443858,0.051137863,0.055928866,0.025233967,0.046428064,0.033394913,0.030430987,0.036216732,0.031182119,0.031161818,0.024624942,0.022899369,0.047219797,
N:GCTGT,0.048550052,0.122658511,0.064032549,0.061793457,0.051635629,0.050379553,0.050270329,0.061274644,0.045300639,0.051307957,0.05537655,0.024193108,0.049833433,0.032821801,0.029599694,0.037928021,0.030391568,0.033968653,0.02452078,0.024356944,0.049806127,
N:GACAG,0.048033451,0.125963674,0.059636744,0.06123089,0.048216386,0.053991899,0.05119561,0.066170129,0.045393963,0.049523063,0.053469228,0.023729257,0.051300144,0.033921338,0.029635437,0.038233373,0.031830655,0.029295701,0.023833791,0.023964458,0.051430811,
N:TGTCT,0.048674272,0.1255642,0.065027558,0.061716074,0.052462065,0.051146544,0.050216607,0.062827463,0.04651954,0.052099163,0.053641498,0.024813446,0.042142031,0.034589127,0.032547801,0.039805847,0.032434394,0.031368369,0.025924834,0.022477262,0.044001905,
N:GTCTC,0.048901853,0.122889499,0.059849005,0.061461908,0.049210707,0.053466026,0.051304049,0.064516129,0.044715168,0.050754976,0.057378174,0.02323267,0.047597804,0.034728895,0.029032258,0.039087165,0.030954015,0.030473576,0.024914207,0.024433768,0.051098147,
N:TCTCC,0.05012813,0.123274738,0.061794722,0.060266151,0.051971407,0.052488423,0.053477499,0.063345772,0.046621409,0.046756283,0.056219934,0.022883604,0.048891786,0.035516792,0.026794947,0.040394731,0.029784651,0.029222677,0.022816167,0.024457133,0.052893045,
N:CTCCA,0.057591034,0.125917091,0.061056848,0.059301436,0.049669172,0.051109511,0.052864923,0.066885718,0.04361525,0.047598686,0.055340505,0.021605077,0.048971508,0.03429806,0.030134582,0.036098483,0.029189359,0.028761759,0.024148175,0.023878111,0.051964712,
N:TCCAG,0.056111038,0.123624085,0.059443933,0.06111038,0.050519668,0.053370171,0.053984125,0.066065869,0.043261852,0.049839933,0.056944262,0.022716309,0.044533614,0.034644564,0.029491734,0.036574135,0.030588081,0.028965487,0.023703022,0.024119633,0.050388107,
N:TCTGG,0.05505272,0.121372586,0.063707194,0.060604647,0.049430811,0.052463376,0.050060651,0.064943548,0.046118317,0.049034245,0.057525427,0.024587105,0.043785574,0.03667071,0.031258748,0.035737613,0.029345899,0.030558925,0.024283848,0.023840627,0.04961743,
N:ATCTG,0.057876041,0.126898579,0.066297158,0.060356443,0.051322881,0.047464478,0.050802303,0.063510534,0.048260657,0.050434836,0.053527683,0.027590642,0.041064429,0.032153356,0.032582068,0.036134248,0.030897844,0.032153356,0.02483464,0.020945615,0.04489221,
N:CATCT,0.058282046,0.12486736,0.063216256,0.060245119,0.05008489,0.048254457,0.049474745,0.064834465,0.047830008,0.052764219,0.052260187,0.025917869,0.043081494,0.03499045,0.032019312,0.038173812,0.029525679,0.030799024,0.024564941,0.021991723,0.046821944,
N:GATGC,0.053530161,0.126633024,0.059284064,0.058906758,0.047304627,0.050653209,0.049898599,0.06343442,0.044427675,0.054379097,0.053294345,0.024100363,0.045842569,0.036881573,0.031693628,0.039192567,0.032212423,0.031127671,0.024194689,0.022025185,0.050983351,
N:GGCAT,0.063530709,0.126693923,0.062795719,0.060177316,0.047866232,0.051816804,0.047636547,0.064862878,0.045707198,0.049979328,0.054573017,0.025862465,0.042859112,0.034728283,0.030548027,0.037760118,0.030318343,0.030180532,0.024070927,0.021682209,0.046350315,
N:TGCCA,0.063016626,0.125373228,0.063456643,0.059307917,0.052204796,0.048967533,0.049407549,0.063110916,0.046170286,0.050696169,0.054027721,0.024452337,0.044755948,0.036269919,0.03124116,0.036489927,0.029543954,0.029292517,0.024232329,0.02291228,0.045070245,
N:GCCAG,0.052477496,0.118689978,0.060357329,0.061807437,0.048674382,0.05477578,0.048592301,0.066075679,0.046239295,0.047251635,0.062299926,0.023037566,0.05373608,0.036909355,0.027634135,0.032777915,0.029494651,0.029166325,0.022763961,0.025472653,0.051766122,
N:TTCTG,0.056474113,0.125306619,0.066417002,0.06141747,0.050800487,0.05104391,0.048965453,0.061380021,0.045576257,0.050669413,0.052691696,0.026027526,0.037917798,0.03598914,0.032038199,0.040202228,0.030203164,0.032805917,0.026289673,0.022507256,0.045276659,
N:ATTCT,0.062424674,0.132902378,0.070724225,0.06037033,0.051057303,0.04903035,0.048537307,0.06190424,0.047879917,0.049085132,0.04620905,0.027555604,0.030760381,0.035252547,0.033088638,0.042319492,0.030486469,0.031719075,0.02919908,0.019064315,0.040429495,
N:TATTC,0.062330019,0.125417986,0.072807526,0.061170806,0.052075438,0.048018191,0.045298497,0.060903295,0.046992733,0.04931116,0.044317625,0.030540818,0.029426189,0.03620313,0.036158545,0.043381337,0.032680904,0.0362923,0.027286103,0.018859512,0.040527888,
N:AGTTA,0.057788822,0.122983969,0.069288116,0.063587195,0.055449983,0.046581884,0.051844272,0.060078936,0.04814111,0.049066901,0.046240803,0.026263217,0.029576573,0.037518881,0.03357209,0.044584125,0.032743751,0.033766993,0.025629781,0.021877893,0.043414705,
N:AACTA,0.062942524,0.13103915,0.072573928,0.062317784,0.054404415,0.051905456,0.049302374,0.059818825,0.048261141,0.046907539,0.04727197,0.028842149,0.028529779,0.034725115,0.032382341,0.039566847,0.032017909,0.029987505,0.026187005,0.02030404,0.040712203,
N:ACTAG,0.067685903,0.125538329,0.065173701,0.057062877,0.055340224,0.049669825,0.052971576,0.061513063,0.048593167,0.04593741,0.049813379,0.028064887,0.031223084,0.040625897,0.030002871,0.0374677,0.029859317,0.029715762,0.028567327,0.022394488,0.042779213,
N:TCTAG,0.061163623,0.118702395,0.068183904,0.062356612,0.051757364,0.050839681,0.049509039,0.062173075,0.046847756,0.049554923,0.052996237,0.027484629,0.03418372,0.036661466,0.031155364,0.039965128,0.031384785,0.030512985,0.02684225,0.024593925,0.043131137,
N:CTCTA,0.056773116,0.118305155,0.064955124,0.06407848,0.052222918,0.048424129,0.052890837,0.062325193,0.042872052,0.051388019,0.053850971,0.025088708,0.038864538,0.037570445,0.032018368,0.038864538,0.030640785,0.033145481,0.026382801,0.024671259,0.044667084,
N:GCTCT,0.048783806,0.124013713,0.061734777,0.060836916,0.050280242,0.050906024,0.053463569,0.060891332,0.046416717,0.048457311,0.055912282,0.024922457,0.045926974,0.035724003,0.02960222,0.037438102,0.030064755,0.034907765,0.0254122,0.023480438,0.0508244,
N:AGCTC,0.05443741,0.125179169,0.060290253,0.060320115,0.049390827,0.052078356,0.051869326,0.060260392,0.046404682,0.047210941,0.058916627,0.023262064,0.047300526,0.035117057,0.029085045,0.039655996,0.029204491,0.030936455,0.022814142,0.025173196,0.051092929,
N:AGCTG,0.054088302,0.125339024,0.062958517,0.060802099,0.049530923,0.050131164,0.053087902,0.062558357,0.046351874,0.048130363,0.058423369,0.023609444,0.04906407,0.033546752,0.028077898,0.038526522,0.029478458,0.030545552,0.022964741,0.024298608,0.048486061,
N:GCTGA,0.05375638,0.126585679,0.061069158,0.059188729,0.048622511,0.050144763,0.053487747,0.062919739,0.046264514,0.05468167,0.055606961,0.023162105,0.046742083,0.036205713,0.030295794,0.038683103,0.03005701,0.027430379,0.024535116,0.024505268,0.046055577,
N:TTCAG,0.059625656,0.124474169,0.068015314,0.059885617,0.053032093,0.047194782,0.050786974,0.059342062,0.044477005,0.053292055,0.048636385,0.026137921,0.038686959,0.035236565,0.032755117,0.040128563,0.031337146,0.034243985,0.02587796,0.021624049,0.045209623,
N:ATTCA,0.061393386,0.13221669,0.070592502,0.060569092,0.05219427,0.04955653,0.046819875,0.060239375,0.047248508,0.050941343,0.041346566,0.02931188,0.032477167,0.036071087,0.035840285,0.04161034,0.030795608,0.033367404,0.026377395,0.019453328,0.041577368,
N:AATTC,0.064690027,0.133647799,0.072551662,0.0602351,0.049191375,0.05016472,0.050389338,0.063155136,0.046233902,0.047581611,0.043725666,0.028975741,0.029724468,0.037024558,0.035040431,0.040880503,0.030884996,0.031746032,0.027029051,0.017969452,0.039158431,
N:AATTA,0.057748175,0.125062,0.079146886,0.066817828,0.054878481,0.047934528,0.049493375,0.056012187,0.049528803,0.047155105,0.042265996,0.02756324,0.02352441,0.034896904,0.035959753,0.047190534,0.030680932,0.035570042,0.028838659,0.016580458,0.043151704,
N:ATTAT,0.065905689,0.12761976,0.079752994,0.068226048,0.056062874,0.047267964,0.049700599,0.060741018,0.048166168,0.048203593,0.040269461,0.029004491,0.021594311,0.034543413,0.03619012,0.046070359,0.030576347,0.031848802,0.027245509,0.016055389,0.03495509,
N:CATAA,0.06142176,0.127741656,0.072648461,0.063632423,0.052058951,0.048721283,0.049718249,0.061638492,0.046553966,0.054312961,0.045990464,0.027741656,0.028391851,0.033853489,0.035110533,0.042089293,0.032813177,0.03207629,0.025054183,0.018248808,0.040182055,
N:GACAT,0.057277875,0.128325254,0.065710677,0.064895914,0.052552247,0.049619098,0.049985742,0.056789017,0.048030309,0.05515949,0.05157453,0.025624313,0.037845765,0.033853424,0.031857253,0.038497576,0.032142421,0.033242351,0.024157738,0.021672709,0.041186296,
N:TGTCA,0.057949652,0.127604844,0.066071274,0.062660771,0.050695107,0.049365589,0.049510101,0.06141796,0.046157403,0.053498656,0.050203763,0.025376456,0.041879823,0.034480765,0.031185872,0.041272869,0.031445996,0.029798549,0.02497182,0.02170583,0.0427469,
N:GTCAG,0.049651211,0.122349884,0.061585282,0.062337574,0.04917248,0.051873889,0.052421009,0.062713719,0.046573656,0.053378471,0.055464369,0.024552045,0.046129121,0.033647928,0.030672959,0.037170018,0.030570373,0.028005745,0.025270141,0.024346875,0.052113254,
N:TCTGA,0.055710438,0.129542125,0.065727921,0.06041204,0.049614894,0.049260502,0.052308274,0.057884043,0.045338563,0.054505505,0.052261022,0.027429948,0.038014459,0.033241979,0.032037046,0.040069933,0.030312338,0.033619997,0.026154137,0.021688796,0.04486604,
N:CTCTG,0.049269171,0.124523372,0.062879537,0.062985454,0.049057337,0.05313515,0.049392741,0.062544132,0.04674481,0.050328343,0.056295015,0.025949725,0.046285835,0.034970343,0.028897755,0.038659794,0.03046886,0.031104364,0.023990256,0.022683943,0.049834063,
N:CTCAG,0.049062226,0.127553624,0.058144044,0.061470642,0.047449948,0.053735791,0.053062307,0.063123737,0.046817282,0.051858201,0.057388926,0.026735239,0.046511153,0.033082308,0.029551624,0.040837568,0.029898569,0.029102635,0.023918855,0.023816813,0.046878508,
N:TCTCA,0.053713012,0.127429134,0.065683785,0.063092709,0.050551899,0.051225579,0.05158833,0.062496761,0.046794839,0.051873348,0.050836918,0.0264808,0.038140644,0.032906669,0.031662953,0.038399751,0.030289682,0.031870239,0.026688086,0.022101881,0.04617298,
N:ATCTC,0.05737972,0.125692358,0.066285342,0.062266951,0.048908518,0.050899613,0.052347681,0.063461608,0.04684502,0.050827209,0.052347681,0.025449806,0.042102596,0.034681244,0.030481845,0.038844441,0.0295406,0.030554248,0.024218948,0.022807081,0.044057488,
N:GATCT,0.063175322,0.131622517,0.066399442,0.057206344,0.047316138,0.053764378,0.049146044,0.065179505,0.042262112,0.049799582,0.05524573,0.025357267,0.041434298,0.033199721,0.029191356,0.036728825,0.032066922,0.030280586,0.024529453,0.022220286,0.043874172,
N:ATCTA,0.062870257,0.128515771,0.072797139,0.06345733,0.051182153,0.044884453,0.050595079,0.060041629,0.048833858,0.051982708,0.048620377,0.027859316,0.03015424,0.035277793,0.032982868,0.042002455,0.031435128,0.032395794,0.023162726,0.01899984,0.041949085,
N:TCTAA,0.057305718,0.124010095,0.071664781,0.058872161,0.053694195,0.046471151,0.053259072,0.05678357,0.049342964,0.04851623,0.047123836,0.026020364,0.031285354,0.038029762,0.035244974,0.04551388,0.031328866,0.035288487,0.027412758,0.018840832,0.043990949,
N:TTTAG,0.061846383,0.125494497,0.073205123,0.0623164,0.051584348,0.050761819,0.052446046,0.058556265,0.046766676,0.046727508,0.045630802,0.027613489,0.029846069,0.036269633,0.035290431,0.043084877,0.031569465,0.035603776,0.02475422,0.019858212,0.040773961,
N:GTTTA,0.054550316,0.12585792,0.072867457,0.063374632,0.053347001,0.049113112,0.052812194,0.058427667,0.049023977,0.050049024,0.047063018,0.029057848,0.028121936,0.038818076,0.032355825,0.040734468,0.032712363,0.033158035,0.026874053,0.019253053,0.042428024,
N:AGTTT,0.059674399,0.129059213,0.074600202,0.061115113,0.052614897,0.049618211,0.050655525,0.059991356,0.046880853,0.04760121,0.049070739,0.027027806,0.032099121,0.034663593,0.03296355,0.039504394,0.031321135,0.031465207,0.027027806,0.019103876,0.043941795,
N:AACTC,0.052682362,0.125858742,0.06483983,0.061790814,0.051370127,0.05071401,0.048359707,0.060439985,0.04801235,0.051794674,0.055808568,0.026707835,0.037900425,0.037167117,0.030219992,0.039598611,0.030644539,0.03508298,0.026978001,0.021227325,0.042802007,
N:ACTCC,0.054394615,0.124990217,0.062338577,0.057016514,0.05099006,0.053572826,0.051616185,0.06766064,0.047194177,0.048798623,0.05502074,0.023010096,0.045394067,0.036510918,0.030367066,0.03361509,0.03001487,0.032167175,0.025084136,0.022579635,0.047663771,
N:TCCAT,0.063331262,0.128589186,0.069328776,0.059664388,0.04916097,0.048321939,0.051646986,0.063952766,0.045121193,0.048601616,0.048290864,0.024984462,0.041392169,0.03380982,0.033530143,0.038781852,0.030640149,0.030360472,0.02532629,0.021441889,0.043722809,
N:AATGG,0.060130231,0.126602455,0.069253205,0.058705826,0.050396798,0.052533406,0.049650682,0.062572068,0.044868751,0.052533406,0.048768907,0.028250695,0.036288408,0.035101404,0.034050058,0.040493794,0.02998033,0.03137082,0.023977481,0.02065387,0.043817405,
N:CATTC,0.058053937,0.132086662,0.068031958,0.059135471,0.051808952,0.050552978,0.048145693,0.062624289,0.045563967,0.051250741,0.049122562,0.029096745,0.036807033,0.036074382,0.033283327,0.037993232,0.031155148,0.029724732,0.026584796,0.021456233,0.041447162,
N:ATTCC,0.059521919,0.130003177,0.071315121,0.060236658,0.050389136,0.048324333,0.050508259,0.060991105,0.0471331,0.049833227,0.052493647,0.028391042,0.035181067,0.037166455,0.033950127,0.035975222,0.030773507,0.030098475,0.02418202,0.021521601,0.042010801,
N:TTCCA,0.058921597,0.126464704,0.07018672,0.060945985,0.050847861,0.049537963,0.0528008,0.060517291,0.046108412,0.047632657,0.050371535,0.026745737,0.037701248,0.03639135,0.03334286,0.038939697,0.031485186,0.031389921,0.024864247,0.021315614,0.043488616,
N:TCCAC,0.053252658,0.124724209,0.060272782,0.06074079,0.050544895,0.049241158,0.051313766,0.063983419,0.0467674,0.050578325,0.053453233,0.025941031,0.048004279,0.036805509,0.030921976,0.036538076,0.030019389,0.029618239,0.023266698,0.024135856,0.049876312,
N:AGTGG,0.054290212,0.123164894,0.061261203,0.063092293,0.049278808,0.050371037,0.048732693,0.061903691,0.048893315,0.049375181,0.054836326,0.025217643,0.049728549,0.036589675,0.030807286,0.035144078,0.028944071,0.031578271,0.023772045,0.022776189,0.050242539,
N:CACTG,0.052140244,0.120860848,0.061143047,0.065751342,0.050073638,0.05054872,0.05171267,0.061689391,0.046439261,0.051498884,0.05344672,0.026224524,0.046748064,0.035108556,0.031117868,0.037792769,0.030880327,0.029265048,0.025108081,0.024181671,0.048268326,
N:ACTGC,0.056433994,0.122384744,0.063691909,0.060581374,0.048509535,0.051138678,0.04950935,0.062395853,0.0473616,0.048472505,0.0536197,0.02684688,0.043621552,0.033660433,0.031031291,0.038437326,0.030475838,0.032882799,0.024476949,0.023810405,0.050657286,
N:TGCAG,0.051704776,0.124005448,0.060975318,0.060115165,0.045635916,0.051967601,0.05036676,0.065610589,0.0460421,0.049195996,0.056722338,0.026115213,0.05165699,0.03261415,0.029579719,0.039495377,0.029675292,0.032494684,0.023271928,0.022961317,0.049793324,
N:TCTGC,0.051365818,0.124544518,0.059910034,0.060060815,0.050938607,0.053351092,0.048375342,0.066267937,0.045560777,0.050938607,0.056366698,0.02605986,0.046415199,0.034403036,0.030759179,0.03651396,0.029804237,0.03126178,0.023345815,0.023195034,0.050561657,
N:TCTCT,0.049718093,0.123914698,0.06848081,0.061367131,0.051581939,0.052793439,0.056459003,0.060668189,0.044545921,0.049454048,0.050650016,0.025317242,0.040414395,0.036640107,0.029945793,0.039777581,0.03212028,0.032151344,0.027911095,0.021900191,0.044188683,
N:GATGG,0.055724279,0.12090087,0.058351817,0.063060911,0.047841665,0.05070807,0.049343116,0.067360519,0.045930729,0.052857874,0.057805835,0.023272479,0.051083433,0.035522948,0.031325712,0.03518171,0.029005289,0.028937041,0.024535062,0.023033612,0.048217028,
N:ACCAT,0.061273851,0.125811034,0.064460399,0.060851538,0.047567858,0.049487465,0.052674012,0.066610358,0.044266134,0.056206089,0.052865973,0.026337006,0.037585902,0.036510923,0.032211003,0.039313549,0.029869083,0.031635121,0.024954889,0.01957999,0.039927823,
N:TACCA,0.065604237,0.128281373,0.0666264,0.057845096,0.048738559,0.049667797,0.050271802,0.062862984,0.046694234,0.047065929,0.046508386,0.025739906,0.042466199,0.03716954,0.031640571,0.037401849,0.030200251,0.032662733,0.026576221,0.0222088,0.043767133,
N:GGTAA,0.055074257,0.130466172,0.065026815,0.059766914,0.04929868,0.046617162,0.048525165,0.062809406,0.044606023,0.052856848,0.04775165,0.024752475,0.036252063,0.037799092,0.030528053,0.042285479,0.031610974,0.032023515,0.02707302,0.021091172,0.053785066,
N:CTTAC,0.054091471,0.126526576,0.067441286,0.054833127,0.048257108,0.048108776,0.048108776,0.063634116,0.043807169,0.059184178,0.047960445,0.02487021,0.036736712,0.040988875,0.028627936,0.043461063,0.032880099,0.031248455,0.025414091,0.021755253,0.052064277,
N:ACTTA,0.056208899,0.126626026,0.069313109,0.059664955,0.053904862,0.045216723,0.049296789,0.060768972,0.047376758,0.056832909,0.045360726,0.026304421,0.030912495,0.035952575,0.033168531,0.044160707,0.030720492,0.033696539,0.025872414,0.021360342,0.047280756,
N:TACTT,0.067966487,0.119685224,0.068553755,0.061937201,0.054772532,0.048234281,0.050465899,0.061036724,0.046080965,0.048351734,0.046629082,0.025644037,0.032378044,0.035901652,0.033161068,0.044906429,0.031320962,0.034100697,0.027288388,0.018048704,0.043536137,
N:AGTAT,0.07147255,0.127501283,0.071831709,0.063263212,0.057106208,0.047922011,0.05171883,0.057875834,0.048332478,0.048794253,0.041405849,0.02852745,0.028322217,0.034273987,0.032426886,0.040841457,0.031144177,0.033145203,0.026064649,0.017598769,0.04043099,
N:AATAC,0.064464464,0.121421421,0.07037037,0.062512513,0.056056056,0.047247247,0.047897898,0.060610611,0.046096096,0.048848849,0.04034034,0.028778779,0.027877878,0.035135135,0.035985986,0.044044044,0.034484484,0.034084084,0.027177177,0.018368368,0.048198198,
N:TGTTC,0.056379021,0.124639942,0.068801008,0.05949952,0.052088334,0.049927988,0.05199832,0.063850216,0.0443771,0.054788766,0.04824772,0.028654585,0.036635862,0.034835574,0.031325012,0.040206433,0.031445031,0.030724916,0.025204033,0.022293567,0.044077052,
N:GTTCA,0.057872076,0.125441216,0.067181258,0.060393313,0.052402932,0.049222295,0.052480509,0.06268182,0.047205306,0.049067142,0.047282883,0.027074202,0.041309491,0.034250029,0.031379698,0.04111555,0.030953027,0.032310616,0.024165083,0.021178387,0.045033164,
N:TTCAT,0.063513266,0.129540871,0.07194678,0.059453655,0.054136874,0.048453419,0.046751002,0.064246615,0.047248632,0.050705848,0.043189021,0.027788691,0.029412535,0.035148372,0.033786438,0.043581886,0.031245908,0.033550719,0.025326733,0.018988502,0.041984233,
N:AATGA,0.062503508,0.13541959,0.073252877,0.063513893,0.052680326,0.046225091,0.048358125,0.060005613,0.046168959,0.052090935,0.045383104,0.027027786,0.029553747,0.035475723,0.032893629,0.040527645,0.030760595,0.03064833,0.027252315,0.020039293,0.040218917,
N:CATTG,0.064988422,0.127250317,0.069022186,0.062747442,0.050683499,0.048778666,0.051542541,0.065287219,0.042877418,0.053185927,0.045828042,0.026518264,0.036752073,0.035594233,0.031635168,0.037685815,0.03036528,0.030253231,0.02700381,0.020094121,0.041906327,
N:ATTGC,0.065198543,0.127507081,0.072192359,0.060574533,0.053465118,0.050690712,0.047453904,0.062077337,0.044910699,0.051557713,0.043003295,0.025200855,0.034853477,0.033870875,0.033408473,0.037859083,0.031269869,0.034911277,0.026934859,0.020576845,0.042483093,
N:GGCAA,0.061652747,0.124942292,0.061820624,0.058924749,0.048516389,0.050992571,0.046669744,0.064338775,0.046585806,0.051286356,0.053888446,0.024803794,0.042808579,0.035883661,0.030511604,0.038401813,0.029084652,0.033155664,0.025853024,0.023880472,0.045998237,
N:TGCCC,0.054610683,0.122840818,0.056271592,0.064376827,0.047335902,0.058762955,0.046007175,0.071219771,0.046306139,0.042951103,0.057268137,0.022986978,0.051355302,0.033882541,0.028800159,0.034115068,0.030394632,0.031058995,0.022189742,0.025910178,0.051355302,
N:GCCCA,0.053620994,0.121088822,0.054377996,0.06626924,0.04835352,0.058036841,0.049362856,0.068004037,0.047470351,0.044221549,0.060465556,0.025138784,0.048605854,0.033718143,0.029617714,0.030942468,0.029144587,0.032330305,0.023561696,0.024823366,0.050845319,
N:CCCAG,0.047383103,0.120184148,0.055322552,0.064822582,0.048338958,0.057507364,0.04718803,0.068685016,0.049021712,0.04605661,0.06554435,0.023389189,0.054191132,0.03216745,0.028207479,0.033279363,0.02834403,0.030021653,0.022374812,0.025281392,0.052689074,
N:GCTGG,0.049363275,0.121046145,0.056917249,0.062211876,0.047423433,0.056985714,0.050481537,0.067574969,0.046875713,0.047469077,0.063261673,0.022776028,0.054657903,0.033479392,0.026906751,0.032817564,0.028390159,0.030147428,0.023597608,0.025035374,0.052581131,
N:CTCTT,0.055925522,0.125837992,0.066527094,0.061159491,0.05066928,0.05127063,0.049822936,0.060224058,0.044588966,0.050958819,0.052116974,0.024922604,0.039599991,0.03677142,0.029443863,0.041225862,0.030245662,0.033163322,0.026971647,0.022784472,0.045769394,
N:TCTTG,0.060109597,0.131150766,0.066938317,0.058957426,0.050021076,0.051145145,0.050358297,0.061402276,0.045271884,0.047435717,0.051903892,0.027427287,0.038386961,0.036616552,0.030068849,0.037684418,0.031698749,0.031024308,0.025460166,0.022256569,0.044681748,
N:CTTGC,0.055274713,0.125013837,0.062691414,0.061510645,0.050219549,0.05055164,0.049518468,0.061252352,0.047636619,0.052101398,0.057082764,0.025497214,0.044020516,0.034279178,0.029482307,0.037009704,0.0297406,0.030958267,0.025312719,0.022729789,0.048116306,
N:AGCAA,0.056668075,0.12561611,0.069708492,0.058611463,0.052386988,0.051457541,0.049654978,0.059315589,0.04771159,0.051823687,0.050218279,0.028080552,0.03560062,0.035685115,0.033065765,0.038050979,0.031798338,0.030925222,0.026475144,0.022081397,0.045064075,
N:GCTGC,0.051717321,0.122461082,0.062441315,0.059352607,0.048430936,0.055670867,0.05329874,0.063825056,0.046231777,0.045787003,0.061601186,0.023993081,0.048554485,0.033160366,0.030343464,0.03501359,0.029701013,0.030936496,0.023251791,0.023696565,0.050531258,
N:GGCAG,0.051534987,0.12109339,0.055960173,0.062989767,0.048953628,0.05771181,0.048446575,0.067207523,0.048100857,0.045012446,0.058748963,0.023531852,0.050405642,0.035931594,0.029777819,0.033373283,0.029247718,0.029685627,0.023831474,0.02602102,0.052433853,
N:TGCCT,0.055937703,0.121064244,0.059779364,0.060739779,0.047345879,0.053861129,0.048513952,0.064918884,0.047916937,0.051914341,0.055470474,0.025957171,0.04706035,0.035431538,0.030317975,0.036080467,0.030499676,0.030499676,0.025541856,0.023283582,0.047865023,
N:GCCTC,0.049876916,0.120594159,0.057485733,0.062940584,0.048869867,0.056618552,0.051275596,0.066269442,0.048562157,0.046352243,0.064423185,0.022938346,0.050156652,0.03519078,0.029260378,0.033848047,0.029456193,0.027665883,0.022686584,0.024868524,0.050660177,
N:CCTCT,0.051200304,0.122331778,0.062559382,0.061989317,0.04925786,0.052446002,0.048772248,0.063615058,0.047336529,0.051622575,0.058336676,0.025103984,0.046850917,0.035829656,0.027827629,0.039777886,0.029770074,0.030086777,0.023562697,0.02316154,0.048561113,
N:TCTTT,0.063178412,0.124810969,0.071529388,0.060708405,0.050156266,0.05291192,0.049769802,0.058742481,0.046106798,0.050996404,0.048896058,0.028178244,0.032580569,0.034630507,0.032026078,0.040477871,0.03046342,0.032042881,0.026968444,0.021322714,0.043502369,
N:CTTTT,0.064185606,0.123958333,0.07280303,0.060511364,0.052348485,0.052651515,0.049375,0.056477273,0.045643939,0.050681818,0.049905303,0.027481061,0.030284091,0.036931818,0.032234848,0.04,0.030075758,0.033276515,0.027140152,0.022102273,0.041931818,
N:TTTGC,0.060331521,0.127038454,0.068619556,0.059425542,0.052714583,0.052110597,0.049929535,0.059324878,0.045869405,0.051271727,0.048016912,0.028420911,0.034662103,0.033823233,0.033219247,0.040567747,0.030669083,0.030367089,0.026508288,0.020803973,0.046305617,
N:GCCTG,0.048278854,0.122713006,0.053127153,0.059889255,0.046875399,0.056725101,0.050856108,0.065809283,0.04753885,0.048789201,0.063767894,0.023322871,0.054275434,0.030799459,0.028247723,0.035851897,0.029829799,0.032585675,0.023373906,0.02692082,0.050422312,
N:CCTGT,0.049940051,0.123963926,0.059531877,0.061330345,0.049105979,0.052311943,0.049470886,0.066439035,0.047307512,0.050304958,0.056742949,0.023927436,0.048376166,0.033493197,0.0311995,0.03883647,0.03065214,0.029453162,0.023692853,0.025022155,0.048897461,
N:AACAG,0.055451153,0.126809772,0.068791191,0.060162516,0.051877928,0.049045817,0.04883407,0.063365184,0.046584262,0.049919272,0.049919272,0.027977025,0.038326143,0.034329425,0.031523782,0.040761229,0.030226834,0.033588312,0.025780154,0.021862841,0.04486382,
N:AATTT,0.064162793,0.124888735,0.079195925,0.0656216,0.052146177,0.047176343,0.049006033,0.061245179,0.047720305,0.046014242,0.040945505,0.030684403,0.02531896,0.034047077,0.038522401,0.044234003,0.031970132,0.033107507,0.028854713,0.017604589,0.037533379,
