,X,Y,1,2,3,4,5,6,7,8,9,10,11,12,13,14,15,16,17,18,19,20,21,22,,
ACA, 0.056605225904353275, 0.00395685136301378, 0.07455255267535421, 0.08807940921389074, 0.07243505877634801, 0.0708060245093344, 0.06636531426761798, 0.06202386577808384, 0.056768650043679064, 0.05297490627258849, 0.038129810282311515, 0.04746522737760785, 0.04712289708439503, 0.04717946794208368, 0.030710695472469955, 0.027043771120436894, 0.02394042434021078, 0.024619938451126568, 0.02573450675280382, 0.02733893368777631, 0.01777803216145649, 0.020408724601356742, 0.009742722462798975, 0.00821698945890141
ACC, 0.0539223741599137, 0.00370141301267256, 0.07823652467634411, 0.08546475368213545, 0.0694991443073866, 0.06338703445138097, 0.06255806649818067, 0.05900948183789957, 0.056449051712618714, 0.050884180107405544, 0.03865986441127477, 0.04842398638850087, 0.048427547909752684, 0.047645607404066356, 0.027375918929811182, 0.02726385990391861, 0.025393900338731214, 0.028781227749566245, 0.03177251313258165, 0.025657891945767647, 0.024307407101279974, 0.022999850885779837, 0.009481431959180373, 0.01069696749385086
ACG, 0.04903175497931505, 0.003481418944027002, 0.07562362815971349, 0.08355297338353003, 0.0639225344552951, 0.059865361019472006, 0.059462961905712854, 0.057176000804571005, 0.05833712381094457, 0.05119164895752733, 0.038997880795607974, 0.050121105453108626, 0.04691333637988997, 0.047186633870783645, 0.027711552699510644, 0.0267794824625935, 0.025801169382936646, 0.03358668961063141, 0.03649449473163902, 0.0263491242675015, 0.030167972341944158, 0.024480977234773275, 0.010847107033431525, 0.01291706731553963
ACT, 0.0553745249473282, 0.0036898291577609978, 0.07625124889573935, 0.08788327000740585, 0.07305175771798846, 0.0705356158560689, 0.06618442271367937, 0.06219698266084494, 0.05670680201322174, 0.0524964393073426, 0.03808211713315817, 0.04709768159135298, 0.04740253354519602, 0.04781656735466567, 0.030199634998224107, 0.02727219032455616, 0.0242226473044111, 0.024504868252180442, 0.02655201471439909, 0.02689590710783567, 0.017813312752861965, 0.020244162943527433, 0.009412964455188081, 0.008112504245062673
ATA, 0.06029492238380917, 0.0039028215353866342, 0.07193558212730043, 0.08993701394899421, 0.07601637204084784, 0.08039441193845738, 0.07027258583166478, 0.06520570721890831, 0.05691024770296842, 0.05395605669079243, 0.03710786300886533, 0.044849846331823526, 0.046024173195859545, 0.04746830500927177, 0.03414701200288325, 0.02705040709650948, 0.02209563573481916, 0.019815893661449754, 0.02047196074285341, 0.028230476899034046, 0.011928952615799774, 0.016768559598788063, 0.009703530062611876, 0.0055116626203012935
ATC, 0.05692993101153545, 0.003814284104909401, 0.07532805876006148, 0.08755409395767669, 0.0725670504838273, 0.07069726985838709, 0.06636523010464457, 0.06200489602180174, 0.05673723378863511, 0.052746171315166616, 0.03796500333685476, 0.04714506560014937, 0.04754267692101795, 0.047842581678375684, 0.030231134773337904, 0.027065569497018556, 0.02386516194454767, 0.024841533725407115, 0.026093287153398127, 0.026964470560457195, 0.017971704429876417, 0.020236188389285203, 0.009469719574301812, 0.00802168300932683
ATG, 0.057433858550908795, 0.0039756852050801365, 0.07430164683522292, 0.08845582428965441, 0.07302230628292254, 0.07201927029904641, 0.06709269555366121, 0.062330216413356496, 0.05643069375170451, 0.053243760827785994, 0.03798723068862465, 0.047477640483618945, 0.04724039607372736, 0.04730444048013367, 0.030957263828785005, 0.026946851900441715, 0.023599968243829664, 0.024190883755662276, 0.024650772710533352, 0.027450811558551926, 0.016334411209984454, 0.020158934543815163, 0.009680151501791875, 0.007714285011156638
ATT, 0.05791058522417161, 0.0038484334875207313, 0.07272985170257903, 0.08969332556971249, 0.07520746978323269, 0.07806897809824478, 0.06936069457087966, 0.0647481710528909, 0.05711564279609189, 0.05373797695175212, 0.03738239715480326, 0.045991091883896995, 0.045830678697597355, 0.04752559134474579, 0.033262522485078716, 0.027085001447199632, 0.02252815224965839, 0.02116767194745942, 0.02188458711880591, 0.028119565300589313, 0.013267489001566922, 0.017740393008635665, 0.009752511615636514, 0.0060412175072501705
CCA, 0.05344174631326916, 0.0037055832903279554, 0.07853530042652374, 0.08536133004300256, 0.06905519317305144, 0.062412691574097144, 0.06227700527212042, 0.058330147517495344, 0.05634463614174646, 0.05068387260465545, 0.03882681689150135, 0.049015674149344345, 0.04874424363779277, 0.04749478352353208, 0.026974100955044492, 0.027254374425454874, 0.025594245228986224, 0.029334755501419035, 0.03230985818582422, 0.025472233195302042, 0.024639212856556403, 0.023594754352459613, 0.009532681798057859, 0.011064758942435056
CCC, 0.04998112643486028, 0.0032989208678232598, 0.08124175571803834, 0.08323976967809979, 0.06554420940474258, 0.056114218395228045, 0.05883956958821737, 0.05546640089083212, 0.055801865647991354, 0.04914488952859849, 0.03971148367416208, 0.04958603554875042, 0.050701236630217306, 0.047212239123813254, 0.02469443487231858, 0.02729481176691355, 0.026430325910222197, 0.032882975684573074, 0.037619734616034996, 0.0243519307496309, 0.031306616874548616, 0.026140652725143695, 0.009655248040614229, 0.013739547628625637
CCG, 0.04355174148539477, 0.0030659328509522596, 0.08076203394954135, 0.07884005851543448, 0.05833150327582472, 0.05144309003617346, 0.05396728968102965, 0.05286292942653758, 0.058272752265902505, 0.047147060148761466, 0.040612683365373436, 0.04982808519004891, 0.04884107761082389, 0.04725153912440579, 0.023827844789550266, 0.026998863926034497, 0.026977147629485495, 0.039110352867643625, 0.04641859629635654, 0.023584934507805255, 0.04355072988795112, 0.027207696101018825, 0.0106622755508922, 0.016883781517057984
CCT, 0.051622310188031165, 0.0035362473363827153, 0.07988261763317392, 0.08533400661122933, 0.068774317843971, 0.06142741198086795, 0.061743130823131584, 0.05832551147189146, 0.0562874811250225, 0.05064132002258645, 0.03888141136577019, 0.04890457618455655, 0.049459461712191705, 0.04769098207971665, 0.026629039584609503, 0.027273203157119896, 0.025844698184934938, 0.029452569179836366, 0.033164486390809864, 0.025417500659044412, 0.025220915048711177, 0.023765428023122436, 0.009340768773460599, 0.01138060461982727
CTA, 0.05761989816656718, 0.0036917437402904226, 0.07576490903241706, 0.08848039484721021, 0.07438683113598121, 0.07288965868857844, 0.0674755727334548, 0.06312350700818341, 0.05640326176765466, 0.052779054321949626, 0.037810253707259364, 0.046341953057035014, 0.04755495613630067, 0.04795500484335537, 0.030829892823352394, 0.02730921560453612, 0.023738965413769696, 0.02289465985400339, 0.02477123345617239, 0.02702631866539982, 0.01559605331772701, 0.019120586460927277, 0.009240357756791728, 0.007195717461082845
CTC, 0.051504825502696125, 0.0035137369588874056, 0.07964565480063343, 0.08504005731881191, 0.06855262186894358, 0.061851341906524165, 0.0618474800395617, 0.05847702183894038, 0.056642345163086825, 0.05070008357688509, 0.038720985635886496, 0.04873221699190635, 0.049048181685894136, 0.04797198339810353, 0.026831469316524467, 0.02717032280637112, 0.025603280624595135, 0.02954264074750133, 0.033169080398514704, 0.025516026887159995, 0.025804834608763347, 0.023579329520427354, 0.009387782437223678, 0.011146695966157751
CTG, 0.05109956638209555, 0.0036087261857412232, 0.0790367179426347, 0.08557580017929618, 0.06881613891019164, 0.06190180679612196, 0.06205052078417274, 0.058263694963294, 0.05654863290883299, 0.05091240265369346, 0.038942210791120487, 0.04917764429912651, 0.049080261779877524, 0.04733582888697398, 0.02703208658738519, 0.02726622704929942, 0.02582713111724638, 0.02955757828869461, 0.03277356426198396, 0.025657573804339372, 0.024839413171650542, 0.02375892491951185, 0.009498990013585697, 0.011438557323129999
CTT, 0.05583228690752528, 0.0036932782821959835, 0.07600487056771549, 0.08841642161778501, 0.07335462919535957, 0.07073748033101568, 0.06660953649262548, 0.06250818665637012, 0.05641961605975612, 0.052937725377195065, 0.038071109361359656, 0.047276819050721286, 0.04780794298453964, 0.04770085332313385, 0.030188317567495092, 0.027236356788190957, 0.024135222473714635, 0.02407422107712521, 0.0258566090615275, 0.027092350793786937, 0.01648629458976471, 0.020309092791002403, 0.009438701851845087, 0.007812076798249155
GCA, 0.053028090567056006, 0.003682198052397515, 0.0772365842072051, 0.08640919667586464, 0.0695584850806253, 0.06458989781711187, 0.06338800605952798, 0.05929229367882742, 0.05669386846865894, 0.05180574185535212, 0.038614989612508824, 0.048954753589019455, 0.04836949943963792, 0.047373166317901665, 0.028188758354317268, 0.027092372305832883, 0.02513889772807552, 0.028401035608463295, 0.03060133001645111, 0.026324201627840965, 0.02225624742259778, 0.02293303738867875, 0.009620275802470525, 0.01044707232357727
GCC, 0.04855737672271432, 0.0032638294972166023, 0.0811941998811188, 0.08325838301880462, 0.06571843372457924, 0.056575350810208744, 0.058816122593148654, 0.055419759944350756, 0.05665831100937733, 0.04890734136913049, 0.03968823036554749, 0.04974637088943047, 0.049681561746120005, 0.047386306152894096, 0.024920027940632906, 0.02736376316331784, 0.026779402082130144, 0.03328411783818355, 0.038214677938788126, 0.024307616333787162, 0.031269959503305696, 0.02567046326282835, 0.009568488946955861, 0.013749905265428883
GCG, 0.043189706554552655, 0.00281360137906714, 0.08040758404981746, 0.07878799192453974, 0.058254610749639585, 0.05180304585155477, 0.054222855383479214, 0.05357884347287439, 0.05865609452945732, 0.04717682225007155, 0.04040569992003714, 0.04962014730949999, 0.048147954482098174, 0.047597252706858155, 0.024039267779756634, 0.02709002744771256, 0.027144959950772294, 0.03864369507335491, 0.04651205874833019, 0.023723145656217068, 0.0442371131985951, 0.026843878437934263, 0.010528318823012143, 0.016575324320767318
GCT, 0.05157573607513868, 0.003438780297771011, 0.07880983449965212, 0.0858725789082159, 0.06942334988554295, 0.06302280055339401, 0.06264576377620781, 0.058784842420547566, 0.05649677771753263, 0.051093241341566835, 0.03877110527106214, 0.04898327919572577, 0.04887353291884167, 0.04756553680435508, 0.02740360162635151, 0.027311811286617808, 0.025658291413340972, 0.02905765308672023, 0.03225717178594458, 0.025777984819015762, 0.023467019908245818, 0.023359091919348724, 0.009425046134885887, 0.01092516835397453
GTA, 0.057810421570139076, 0.0037811262290374306, 0.07473490793872598, 0.08858004161908149, 0.07432398049245671, 0.07379901736812261, 0.06752407745160448, 0.06329117372152698, 0.056728988971370665, 0.05286849034448942, 0.037836481426833456, 0.04621975533438434, 0.04670580441943977, 0.04768891862620264, 0.0315869337746329, 0.027268952509286366, 0.023708708545185714, 0.02280864942991079, 0.0245040189345267, 0.027260786015833392, 0.015631491865358768, 0.018821119108212873, 0.009418246162184781, 0.007097908141452824
GTC, 0.05335871621524063, 0.0038010834839444767, 0.07761658864282141, 0.08628226798738783, 0.06984973663007243, 0.06481788666521704, 0.06335105148250729, 0.05950088473591887, 0.05635044228761149, 0.051718306091437724, 0.038621925425642405, 0.04855037100731903, 0.04839675585413091, 0.04715619844753082, 0.02814469573215068, 0.027126381303842227, 0.02504796887961362, 0.028003613841144897, 0.03034375531390026, 0.026251657009163626, 0.02302244065504323, 0.0227101659868405, 0.009657850819372763, 0.010319255502146038
GTG, 0.052572515909451424, 0.0037551139989225662, 0.0772609125866707, 0.0856733318393318, 0.06864904886808365, 0.06340081953570535, 0.06246715604237375, 0.058807546787254625, 0.05701937199735838, 0.051452790088987774, 0.03872647578358656, 0.048936260036368154, 0.048148091720778, 0.047423310419208435, 0.027936303112000266, 0.02705579365869291, 0.025235327136782705, 0.029245339878308595, 0.031535931059979184, 0.026186189765545556, 0.024448522755974436, 0.023258191752480683, 0.009835923834204025, 0.010969731431950456
GTT, 0.05711975105615551, 0.003822307650317227, 0.07463449196548637, 0.08825138270804812, 0.0734116703306582, 0.071881265030408, 0.06700598920005621, 0.0629354976068012, 0.05675875893048084, 0.052937443132702294, 0.037944706518831604, 0.047034076454335445, 0.0468806826284059, 0.047622257666759316, 0.030807739183520564, 0.027184491202716175, 0.02386077640139448, 0.023810234048938145, 0.025301241575294446, 0.027291503108091992, 0.01656153156061456, 0.019806326277810284, 0.009572176088283108, 0.007563699673890096
TCA, 0.05556206695064499, 0.003764243057530179, 0.07569498020944565, 0.08767362562619788, 0.07234228398969575, 0.07003035588824581, 0.06599549897477791, 0.06175776215658543, 0.05673731349675298, 0.052699002743438125, 0.038097855215022534, 0.04745226635703239, 0.047511164643400806, 0.04759014160035672, 0.030095909278837766, 0.02704561204929646, 0.024033064687685027, 0.025246327789341324, 0.026590894308083857, 0.02703139922741218, 0.018461974354704317, 0.02067993700125641, 0.009538526848623222, 0.008367793545632513
TCC, 0.052983653050438874, 0.003739918485636057, 0.07866097053723499, 0.08570859608220029, 0.06905524085711819, 0.06308295159400626, 0.06263411336959299, 0.05907853533971813, 0.05630225276763095, 0.051220985743032674, 0.03867068366843395, 0.04891613935778715, 0.049101580137829434, 0.047646937175824335, 0.027294516487807553, 0.02713923181725985, 0.025367714674315617, 0.0285896179976366, 0.03166717157533759, 0.025829325812981717, 0.023824500805632608, 0.023285685944135763, 0.009524168531020677, 0.010675508187387764
TCG, 0.049634510017180354, 0.0035289787883929116, 0.07774796463607882, 0.08223306781338774, 0.06337915327826195, 0.05799202364938034, 0.05824767263037253, 0.056774384050811165, 0.05818112388652691, 0.049473463786397234, 0.03895294525006226, 0.050017854412849456, 0.04691519990876994, 0.047839164831090845, 0.026294704781477624, 0.026928148492773064, 0.026110677707936517, 0.03436891188252666, 0.038775932962461936, 0.02516933935617023, 0.03343332524258228, 0.024534313802190143, 0.010209837701235954, 0.013257301131083423
TCT, 0.05565499411777912, 0.0037676372894771223, 0.07634527799140346, 0.08775559678704972, 0.07253228243951605, 0.06964245095752886, 0.0660404516317155, 0.061853037078202264, 0.056545411733951674, 0.05261918478129199, 0.03810972655851662, 0.04732334440812163, 0.04806453267316065, 0.047730602857673124, 0.029728920331618457, 0.027152820378332627, 0.024171094978245055, 0.024784058039355402, 0.026699630763358125, 0.026859326712037654, 0.018310874229218732, 0.020605920882338313, 0.009445155946200141, 0.008257666433907454
TTA, 0.056547943601396373, 0.003674689862171594, 0.07309002286144593, 0.09005686495965702, 0.07588369501873754, 0.07875594306889168, 0.06960061543446536, 0.06524444715358968, 0.057118787328139714, 0.05381146683758762, 0.03737779639206987, 0.045690556770604795, 0.04573673302070082, 0.04771002998986986, 0.03362156895687204, 0.027271466315208784, 0.022643890957044617, 0.020688343588616025, 0.02173144507381617, 0.028222143871784577, 0.012508652819781566, 0.0174249572709063, 0.009701754530707396, 0.005886184315934732
TTC, 0.056574720156995176, 0.0038847804539208957, 0.07493475256606087, 0.08861337605081242, 0.07325593121907686, 0.07183378190407558, 0.06710363658724706, 0.06292234676632753, 0.0566091223047908, 0.05323491502767379, 0.03796305398004128, 0.04733002016251809, 0.04755360308442818, 0.04753097947296259, 0.030694253064881747, 0.02706744893271945, 0.023752991727170724, 0.023652648102405468, 0.02497576953168335, 0.02740074128856162, 0.016047260939406085, 0.019922196864070738, 0.009615405062895504, 0.007526264749274181
TTG, 0.05800173429196882, 0.0038181270071589004, 0.07495420265570454, 0.08796297204352353, 0.07316146578559728, 0.07131911489734126, 0.06673615259307229, 0.062348443918671094, 0.05663161068698877, 0.052721775440948686, 0.03794125375580787, 0.04708491049040257, 0.04703146474868671, 0.047576155444870094, 0.030413591732294062, 0.027134209026550758, 0.023844320925572662, 0.024203480050713867, 0.02564872860118494, 0.027035652766211362, 0.017134074172104947, 0.02011191317981696, 0.009481717304045706, 0.007702928480762504
TTT, 0.0570429333088755, 0.0037476695104321145, 0.07337918088450454, 0.08901608472113627, 0.07441495261086051, 0.07513646652917753, 0.06816137276375372, 0.06411298430504027, 0.05758020713750022, 0.05306983703312897, 0.03766379230581699, 0.04633052754635296, 0.04566621895875619, 0.04783428300278716, 0.032158861068995744, 0.027171348185440924, 0.023341968595524766, 0.02234323381499896, 0.0240397546958137, 0.027575448031399444, 0.015516474527034306, 0.01838902736867448, 0.009623686022914461, 0.0066836870710801815
