,,X,Y,1,2,3,4,5,6,7,8,9,10,11,12,13,14,15,16,17,18,19,20,21,22
B:ACA, 0.035798451352261264, 0.0009202109751991922, 0.07090113343059141, 0.055055549321063865, 0.09545505554932104, 0.026618785770396138, 0.02872853776231624, 0.05804062394792951, 0.046347211311861744, 0.02657389743014252, 0.02998541128941758, 0.03730221075075749, 0.07830770957243857, 0.04825496577264056, 0.0063517001458871045, 0.05415778251599146, 0.02361126697340366, 0.06719784535966784, 0.0744024239703737, 0.016339355852317366, 0.05884861407249466, 0.020311973964762652, 0.02480080799012456, 0.015688474918639887
B:ACC, 0.029450623363520622, 0.0009128251939753535, 0.07329025438996854, 0.04962886449350214, 0.08626198083067094, 0.022940738427538496, 0.026952364937903865, 0.06790939008864014, 0.039635830791035095, 0.026832256359749212, 0.03290975041437459, 0.038146484421917405, 0.07384275384947993, 0.047346801508563754, 0.00605347233899445, 0.051598645175238426, 0.02068269715823104, 0.07614883855004924, 0.08285089721107881, 0.013500204184582863, 0.06875015013572269, 0.022508347546181754, 0.02123519661774244, 0.020610632011338254
B:ACG, 0.024088093599449415, 0.0006882312456985547, 0.06750922855534003, 0.04623662641556655, 0.07970969154726898, 0.02377526121504098, 0.031032972533316647, 0.05505849965588437, 0.04654945879997496, 0.028718012888694237, 0.028029781642995678, 0.03447412876180943, 0.06369267346555715, 0.05061627979728462, 0.007445410748920728, 0.05074141275104799, 0.021022336232246766, 0.0861540386660827, 0.08615403866608273, 0.021210035662891827, 0.07170118250641307, 0.026465619720953508, 0.025589689044609894, 0.023337295876869172
B:ACT, 0.03762730525736306, 0.0007982383704927058, 0.07071290944123315, 0.06003303055326178, 0.09075144508670518, 0.027965868428296174, 0.02909441233140655, 0.06215249105422517, 0.043435177539223775, 0.027085053674649043, 0.03184695843655381, 0.03553537021745115, 0.07374071015689512, 0.04979355904211395, 0.007101568951279934, 0.0569777043765483, 0.02559867877786953, 0.06685934489402698, 0.07613542526837326, 0.014010459675199559, 0.05562895678502614, 0.019680704651802917, 0.02075419763281035, 0.016680429397192408
B:ATA, 0.05226510067114093, 0.0006291946308724832, 0.06572986577181208, 0.06879194630872486, 0.1043204697986577, 0.037877516778523496, 0.029530201342281875, 0.053691275167785234, 0.043666107382550334, 0.03158557046979865, 0.037080536912751684, 0.03536073825503356, 0.08259228187919464, 0.04718959731543624, 0.008347315436241612, 0.055620805369127516, 0.03183724832214765, 0.04970637583892618, 0.057676174496644285, 0.018833892617449666, 0.0419043624161074, 0.01421979865771812, 0.019840604026845638, 0.011703020134228187
B:ATC, 0.04029702073711854, 0.0009961061305804582, 0.06885206314709168, 0.05538953786712548, 0.09188324428748226, 0.027075975731232455, 0.02864559751275319, 0.060188958314467696, 0.0421684928612394, 0.027317456005312563, 0.032901687343415136, 0.03896887922967793, 0.08252588366687798, 0.04905068067252256, 0.0068218177427631374, 0.05312566029762444, 0.02774004648495276, 0.063056536569169, 0.07416462917685411, 0.01720546952820792, 0.05234084940686407, 0.020405083159769386, 0.018593981104168555, 0.020284343022729325
B:ATG, 0.03973790892806637, 0.0008720656170453474, 0.06861035165456773, 0.05446874705383237, 0.09689356085603847, 0.02736400490242293, 0.029273121523522197, 0.05760346940699538, 0.0420712736871877, 0.025384180258319976, 0.03254925992269256, 0.03917224474403696, 0.08932780239464506, 0.04711511266144997, 0.006481568775337041, 0.05227679834071839, 0.024299990572263595, 0.06533421325539739, 0.07183935137173564, 0.01468369944376355, 0.05760346940699538, 0.01887904214198171, 0.02012821721504667, 0.01803054586593759
B:ATT, 0.05068826409632618, 0.0006774859113725249, 0.06239029347457887, 0.070396945154436, 0.10476395774951497, 0.035845163674437235, 0.029008714932405377, 0.05355218181258277, 0.04335909832784159, 0.029378252702244947, 0.034736550364918545, 0.03649185477165645, 0.07655590798509532, 0.048963754503741574, 0.008868906476149416, 0.05887968466110307, 0.03181104302035538, 0.05373695069750254, 0.06198996089058604, 0.0198626551288763, 0.042989560558002016, 0.013426538970837312, 0.021186832137468053, 0.010439441997967544
B:CCA, 0.029820440942495644, 0.0008485491325100387, 0.07361163724524586, 0.049882566861125834, 0.08559739374195015, 0.022168346086824758, 0.02865368588529434, 0.06794454125312524, 0.038760512160012126, 0.025789832563072955, 0.03212364573073717, 0.03997272520645503, 0.079293885900447, 0.047215698158951436, 0.005379195393590423, 0.051761497083112354, 0.02033487385407986, 0.07439957572543375, 0.08243048715811803, 0.01339495416319418, 0.06633835896658838, 0.022774452610046216, 0.022486552011516028, 0.01901659216607319
B:CCC, 0.024918436646913913, 0.001098608429322858, 0.07417271456155534, 0.045542313070111196, 0.0775351221785738, 0.01814368466608962, 0.026965843265197416, 0.06901258406019042, 0.036470470737066385, 0.024868499900126503, 0.03094413742592716, 0.04013249883480924, 0.07527132299087821, 0.04997003795192756, 0.004444370464078833, 0.046341301018709626, 0.017294759970703774, 0.08084759304880484, 0.09015247353352421, 0.013216592316399227, 0.08247886011052664, 0.023786537053066117, 0.024319195685465082, 0.022072042080031957
B:CCG, 0.022149837133550492, 0.0013372192696725525, 0.06833533344762557, 0.04429967426710098, 0.07022115549459969, 0.024104234527687295, 0.027155837476427216, 0.052254414537973595, 0.03898508486199211, 0.032058974798559924, 0.030996056917538144, 0.0343562489285102, 0.07193553917366705, 0.05335162009257671, 0.007097548431338933, 0.048242756728955935, 0.01964683696211212, 0.08585633464769415, 0.09175381450368593, 0.020298302760157722, 0.08373049888565061, 0.02756728955940339, 0.02012686439225099, 0.02413852220126864
B:CCT, 0.02937877749392485, 0.0011682970901613807, 0.07378964421459279, 0.04780671692940369, 0.08584647018505825, 0.02141877998629198, 0.027120069786279524, 0.06945915633372796, 0.037634743597731946, 0.025873886223440713, 0.030531497289550746, 0.040641161443080574, 0.07805782291731572, 0.04917751884852638, 0.004751074833322949, 0.05040812511682971, 0.020328369368808025, 0.07442831329054769, 0.08357218518287746, 0.014081874260078507, 0.06841547759985045, 0.023132282385195338, 0.02350613745404698, 0.019471618169356344
B:CTA, 0.03991110707968615, 0.0008617170846750421, 0.07057009388180868, 0.060274842396480566, 0.09891605061454037, 0.029207673817406684, 0.03025080502517121, 0.062270397750464876, 0.04131706653362965, 0.028391310263504013, 0.0370538346410268, 0.038323733502653175, 0.08394938545965804, 0.04685019728785887, 0.005714544877318699, 0.05583019638078823, 0.026168987255657847, 0.05818857998095152, 0.07043403328949159, 0.014558483377930972, 0.048755045580298424, 0.017143634631956096, 0.020136967662932558, 0.014921311624109939
B:CTC, 0.02930705329962334, 0.0011523313210532653, 0.07084257778236418, 0.047881946236004336, 0.08372461001324319, 0.022823039746831093, 0.02679600295822369, 0.06373940113169253, 0.04007361161274788, 0.02614244191046213, 0.029444645099152098, 0.039248060815575386, 0.07653543848786612, 0.05269765921951052, 0.005022100682799304, 0.05164852174810382, 0.021859897150129856, 0.07428237277058286, 0.08592607880570316, 0.014997506148633542, 0.07005142493507387, 0.023201417195535146, 0.02268544794730234, 0.019916412981786282
B:CTG, 0.029230458289121318, 0.0009347683290384519, 0.0725961295538376, 0.04766055277651458, 0.08551867010257189, 0.023558688292658277, 0.02804304987115355, 0.06614117528169369, 0.03943711788186549, 0.028030417866707093, 0.031163154969430555, 0.03871709362841696, 0.07675205901672477, 0.04796372088322975, 0.004977009751907432, 0.05281441059067252, 0.019895407003183267, 0.07572886665656108, 0.08282805315547472, 0.01469102117123945, 0.06341266232125713, 0.0229649840836744, 0.028068313880046485, 0.018872214643019556
B:CTT, 0.03741548279267644, 0.0007407126035098382, 0.07050064574944921, 0.05743371571830131, 0.09372863329028337, 0.026456734786902678, 0.02886879890602447, 0.05927600091164629, 0.04182177315201702, 0.026608675833776494, 0.030957988300539387, 0.03866899642938539, 0.07245688672794956, 0.04911494340196004, 0.006571450277292411, 0.05868722935501026, 0.027672263161893185, 0.0682025374154828, 0.07352047405606624, 0.01656157410924561, 0.05699688520853908, 0.02087290131429005, 0.020607004482260886, 0.016257692015497986
B:GCA, 0.029497395035243637, 0.0008236285626723874, 0.0718472264787006, 0.04913040147103891, 0.08736209010113391, 0.025532485442844012, 0.028922770456634998, 0.059741802022678536, 0.04236898559607723, 0.02771605884155685, 0.03240882623352743, 0.037005822862396565, 0.077459393196445, 0.0488430891817346, 0.006148482991112474, 0.052501532332209624, 0.02083971805087343, 0.076329298191848, 0.07682730615997548, 0.01538078455409133, 0.059799264480539384, 0.02359791602819491, 0.030244406987434875, 0.019671314741035856
B:GCC, 0.025020657742521896, 0.0011568335812262437, 0.07178978681209716, 0.04505040489175342, 0.07873078829945464, 0.021384895058667985, 0.029218311022971406, 0.06218806808791936, 0.03772930094199306, 0.028904313336638576, 0.03111882333498595, 0.03829119153858866, 0.07945794083622541, 0.04956205585853578, 0.00533796066765824, 0.049628160634605845, 0.01857544207568997, 0.08125929598413484, 0.08514295157825154, 0.015633779540571803, 0.0743348206907949, 0.02515286729466204, 0.02384729796727814, 0.021484052222773095
B:GCG, 0.022949542178063515, 0.0014026884862653418, 0.06818624586012079, 0.05244496395869862, 0.07395285408143384, 0.024469121371517626, 0.0268069355152932, 0.045002922267679726, 0.04227547243327489, 0.03869082407948568, 0.034560685758815504, 0.031131891681278005, 0.0679135008766803, 0.048548607052406004, 0.007130333138515487, 0.04800311708552502, 0.021352035846483534, 0.08556399766218585, 0.08439509059029807, 0.020338983050847463, 0.07843366452367036, 0.03280732515098383, 0.019364893824274303, 0.024274303526202995
B:GCT, 0.028675376812373424, 0.0007527286413248024, 0.07217233901464236, 0.04788787927666363, 0.08491495958564081, 0.025413552699965945, 0.02912342957506676, 0.06023621341649192, 0.03942864311701346, 0.0302704446475617, 0.0317759019302113, 0.03862214814416546, 0.07486065559080235, 0.0488915174650967, 0.004856891947595748, 0.054250228506908964, 0.020574582862877933, 0.07525494202197251, 0.08192196713084933, 0.015861067799344052, 0.06373102496549994, 0.023227055218022475, 0.028370700933741957, 0.01892574869616646
B:GTA, 0.04144368388301181, 0.0005807923667288945, 0.0700684505289359, 0.062393694254304084, 0.09807093963907901, 0.03094793611283966, 0.03107239161999585, 0.06056834681601327, 0.042771209292677866, 0.0267579340385812, 0.03451566065131716, 0.03335407591785937, 0.07624974071769343, 0.04878655880522712, 0.008172578303256586, 0.05559012652976562, 0.025803775150383734, 0.06081725783032566, 0.06936320265505082, 0.014976146027795064, 0.054677452810620204, 0.01750674133997096, 0.019580999792574154, 0.01593030491599253
B:GTC, 0.02861193079905109, 0.0007521842272753573, 0.07151536191633397, 0.04834230168373547, 0.08577793207197824, 0.023983104785048896, 0.027599375108488113, 0.06309668460336748, 0.03948967193195625, 0.02676040039345021, 0.031215645431927327, 0.03951860209454377, 0.07484233061389807, 0.048024069895272824, 0.005554591216802639, 0.0528554070473876, 0.020308974136434642, 0.07585488630446102, 0.08806341491639183, 0.016027310073482615, 0.06494821500896834, 0.022449806167910664, 0.022276225192385576, 0.022131574379448012
B:GTG, 0.028435430463576154, 0.0009312913907284767, 0.07311672185430464, 0.05022764900662251, 0.08404387417218544, 0.021730132450331126, 0.027669701986754967, 0.0627069536423841, 0.04584023178807946, 0.026407284768211917, 0.029987582781456957, 0.037686258278145694, 0.07442052980132448, 0.049544701986754966, 0.00589817880794702, 0.04917218543046357, 0.01995033112582782, 0.07808360927152316, 0.0789114238410596, 0.014114238410596029, 0.07388245033112582, 0.023799668874172186, 0.024358443708609276, 0.01908112582781457
B:GTT, 0.03893827868591275, 0.0010515247108307045, 0.0685721569002326, 0.058534875569575893, 0.09616671446324443, 0.029028454895962775, 0.029187776821846218, 0.05920402765828633, 0.04566166395819392, 0.02823184526654558, 0.030303030303030304, 0.035082688079533506, 0.070675206321894, 0.048019628461268844, 0.0073925373609916205, 0.06009623044323361, 0.028040658955485458, 0.06720198833763502, 0.07519994901698374, 0.017589140617531786, 0.04821081477232897, 0.01962846126883982, 0.023229136793805564, 0.014753210336806554
B:TCA, 0.03876436005567442, 0.0009556058748987266, 0.06830504601450027, 0.05338928474977668, 0.09207054864241641, 0.026653094293371003, 0.02829424351330577, 0.059850011425722424, 0.04250368739223467, 0.027754118453580407, 0.030101585059309887, 0.03909674470781311, 0.07759104223362487, 0.049234476598043087, 0.006294534349876394, 0.05534204458109147, 0.02478343062509089, 0.06930219997091636, 0.0767808546440368, 0.015414338242931633, 0.059663045058894394, 0.019008247294181196, 0.02006772337287326, 0.01877973284583585
B:TCC, 0.03065544683168491, 0.0010716230697609052, 0.07313388261335488, 0.049927094496073646, 0.08444741141542081, 0.022591922421516787, 0.026843279517945302, 0.06779333485585791, 0.03798113240693569, 0.02517435834372749, 0.03039193296207157, 0.04082708219875972, 0.07821091650123853, 0.05006763522653409, 0.0052351422096516345, 0.05115682588760255, 0.021520299351755885, 0.07164063735221264, 0.08492173638072484, 0.015354074802803788, 0.0672838747079388, 0.023329761256434132, 0.022082462273597666, 0.01835813291639583
B:TCG, 0.026759167492566897, 0.0007433102081268584, 0.06646432111000991, 0.050173439048562925, 0.08089692765113976, 0.027068880079286425, 0.02793607532210109, 0.05302279484638255, 0.041129831516352834, 0.02843161546085233, 0.03208622398414271, 0.03295341922695738, 0.06398662041625373, 0.049306243805748266, 0.008610009910802777, 0.050421209117938556, 0.02521060455896928, 0.07817145688800795, 0.08863974231912786, 0.022051536174430134, 0.07377353815659067, 0.028741328047571853, 0.01691030723488603, 0.026511397423191283
B:TCT, 0.03582809714995589, 0.0009722197216570946, 0.06818140899843364, 0.05388617827629044, 0.09394523162234664, 0.025367733107682335, 0.02754622544695101, 0.06033163494949859, 0.042561618925877245, 0.025745818554993433, 0.031471112471418546, 0.03905082548655996, 0.07750751669877391, 0.049817258700466306, 0.005797310192103416, 0.05732495543992942, 0.026844066759087553, 0.06767729506868553, 0.07675134580415174, 0.016779792233044665, 0.05755900833588391, 0.02056064670615559, 0.021946960012962934, 0.016545739337090182
B:TTA, 0.04991780602221242, 0.0007617978429092659, 0.0661962230864841, 0.07461609398179704, 0.10135920773024336, 0.036686580329577806, 0.028747844913997032, 0.053245659757026595, 0.04610881680766609, 0.034160619060983916, 0.0337997674511848, 0.031153522312657868, 0.06836133274527886, 0.05092017160498778, 0.009021290244978147, 0.06122448979591838, 0.034401186800850005, 0.0547291608195341, 0.06278818010504793, 0.018323242853133394, 0.0369672426927549, 0.013030752576079548, 0.02301431378052203, 0.01046469668417465
B:TTC, 0.03943124606670863, 0.0008849905601006924, 0.06725928256765261, 0.05795704845814978, 0.09585431088735054, 0.026864380113278786, 0.02769037130270611, 0.06004169288860919, 0.04163388923851478, 0.025763058527375707, 0.03064033983637508, 0.03888058527375708, 0.07382787916928887, 0.04806482064191316, 0.006824260541220892, 0.05846837633731907, 0.02786736941472624, 0.06676762114537445, 0.0725298930144745, 0.01795547514159849, 0.06000235997482693, 0.020630113278791693, 0.020335116425424796, 0.013825519194461927
B:TTG, 0.038840395962354314, 0.0007558394694494563, 0.06987857804652073, 0.05741941775978933, 0.09694250743648508, 0.02916077436972741, 0.03042863412493295, 0.05754132735163603, 0.04310723167698834, 0.026795728287901693, 0.03218413224752524, 0.03837713951333691, 0.07460867021017213, 0.04854439947335056, 0.00731457551080119, 0.05900424245379626, 0.027137075145072416, 0.06595308918905739, 0.07326766469985858, 0.016921051348320088, 0.04769103233042376, 0.018920368654605745, 0.021870580777295562, 0.017335543960598818
B:TTT, 0.04890092082435704, 0.0005147465349932321, 0.060797285188645064, 0.07141631555869063, 0.10300650105809009, 0.03450708253102778, 0.029740910910720075, 0.055096943930757064, 0.04525956570644195, 0.027739118830190836, 0.030656015861819142, 0.036832974281737936, 0.06926200598631156, 0.04830991554343888, 0.008826949840809867, 0.06098793205345738, 0.03351571883400377, 0.06022534459420814, 0.0593293043295903, 0.020303891102510824, 0.042704897717957026, 0.0156521076010905, 0.02484128648504375, 0.011572264694107104
N:ACA, 0.07537413822095175, 0.004834370270724735, 0.0395997982175887, 0.06393980158062891, 0.025937447452497056, 0.028838069614931905, 0.017866151000504454, 0.040902976290566675, 0.11791659660332941, 0.025685219438372292, 0.02972086766436859, 0.03266352782915756, 0.07268370607028753, 0.027534891541953932, 0.01303178072977972, 0.16415839919287037, 0.03030939969732639, 0.030982007734992423, 0.031696653775012615, 0.009878930553220111, 0.0627627375147133, 0.015554060871027406, 0.0065999663695981165, 0.031528501765596094
N:ACC, 0.0610620377978636, 0.003748972884141332, 0.04231717337715694, 0.05818611339359081, 0.0324568611339359, 0.022596548890714878, 0.015149958915365653, 0.033278553820870985, 0.1381984387838948, 0.027732128184059162, 0.022442481511914542, 0.036616680361544786, 0.07718775677896464, 0.024650780608052595, 0.008987263763352508, 0.16146261298274445, 0.03774650780608051, 0.042830731306491364, 0.03415160230073953, 0.008319638455217748, 0.06095932621199671, 0.012479457682826623, 0.005135579293344289, 0.032302793755135575
N:ACG, 0.049418187042091645, 0.005458985777905473, 0.03850021548628071, 0.03620169515874156, 0.035196092515443186, 0.02312886079586267, 0.02025571038643873, 0.030024421778480102, 0.12483838528946992, 0.03088636690130728, 0.02327251831633386, 0.037207297802039935, 0.08044821146387013, 0.029162476655652924, 0.008906766269214193, 0.15658669731360433, 0.03979313317052148, 0.044821146387013365, 0.044246516305128575, 0.008763108748742997, 0.08518890963941962, 0.01666427237465881, 0.004022410573193506, 0.027007613848584973
N:ACT, 0.07566734021057109, 0.0051579283207486976, 0.038657875146229925, 0.06976496862703392, 0.02414123152185473, 0.02573646708497288, 0.0186642560884824, 0.04418802509837286, 0.11459108795065405, 0.023822184409231093, 0.02430075507816654, 0.03275550356269276, 0.07327448686589387, 0.028288843985961935, 0.01515473784962246, 0.16361799425715198, 0.03392534297564607, 0.030841220886950974, 0.034244390088269704, 0.010369031160267998, 0.056524513453153236, 0.013665851324045518, 0.005796022545995958, 0.03684994150802936
N:ATA, 0.0971656749138741, 0.00829940494832446, 0.03953961791418729, 0.07649545881616036, 0.021531475101785155, 0.03311932352020044, 0.023958659567804578, 0.06028813028499844, 0.07602568117757595, 0.02286251174444097, 0.028969621046038216, 0.03398058252427184, 0.08557782649545882, 0.03335421233949264, 0.023175696836830573, 0.14790165988098963, 0.03993109927967428, 0.019339179455057944, 0.028264954588161608, 0.01268399624177889, 0.04008769182586908, 0.014719699342311304, 0.007359849671155654, 0.025367992483557786
N:ATC, 0.08010319657689403, 0.005474452554744526, 0.04650138434432419, 0.07236345330984142, 0.025924993707525795, 0.025987918449534353, 0.01950667002265291, 0.043543921469921976, 0.10583941605839413, 0.025044047319405988, 0.02296753083312358, 0.032028693682355905, 0.07381072237603825, 0.028567832871885218, 0.01434684117795117, 0.13830858293480994, 0.045305814246161584, 0.032280392650390136, 0.03473445758872389, 0.011515227787566069, 0.05751321419582179, 0.016045809212182228, 0.006418323684872894, 0.035867102944877924
N:ATG, 0.08131248144115609, 0.005938830050480055, 0.04558052063743442, 0.06389191329308126, 0.030733445511234286, 0.030881916262496287, 0.017024646144709492, 0.04251212511135306, 0.10150450361278827, 0.027665049985152932, 0.03103038701375829, 0.03543501930119766, 0.07958032267643274, 0.029100267247352273, 0.011877660100960112, 0.13985944768880532, 0.045679501138275756, 0.0325150945263783, 0.03305948728100564, 0.010937345342967437, 0.05815104424428388, 0.013362367613580122, 0.006285261803424726, 0.026081361971691575
N:ATT, 0.09370563180312351, 0.007986275437766211, 0.04484145764316137, 0.07536677709417888, 0.02058684335068623, 0.036973497397065784, 0.02443208707998107, 0.05732371036441079, 0.07566256507335542, 0.024550402271651683, 0.029992901088499762, 0.04064126833885471, 0.08938712730714624, 0.0361452910553715, 0.019167061050638905, 0.1273071462375769, 0.04407240889730241, 0.021947468054898257, 0.030407004259346906, 0.012127307146237574, 0.04578797917652627, 0.015676762896355893, 0.006329862754377661, 0.01958116422148604
N:CCA, 0.05857865001486768, 0.003832556910166187, 0.04113390821686985, 0.05904119998678429, 0.03254369445270426, 0.02223543793570555, 0.014173852710873229, 0.032345458750454296, 0.1475204017576899, 0.029834473188621268, 0.022830145042455476, 0.03667360491624541, 0.0744375061948657, 0.02712525192453828, 0.008425017345623946, 0.1505600158588562, 0.032246340899329304, 0.04291802953711964, 0.03997753328707833, 0.007995506657415666, 0.06082532130703407, 0.013281792050748338, 0.005253246109624343, 0.036211054944328816
N:CCC, 0.048676222294069045, 0.003664187951287854, 0.04070122498832489, 0.057190070769120235, 0.037683658440205485, 0.016488845780795344, 0.012393576894061863, 0.02766102669109459, 0.1741566979200345, 0.02665517117505479, 0.023745374860796784, 0.0395157524158494, 0.07558285734813378, 0.028092107626540217, 0.005999209684951682, 0.12458239034378706, 0.031792218989115203, 0.04501203434278119, 0.044473183173474144, 0.008549771886338329, 0.07005065200991487, 0.015231526385745594, 0.004131192298020619, 0.03797104573050256
N:CCG, 0.03488890871776569, 0.006335326135451057, 0.04996876951905059, 0.047113411260819124, 0.04345498349246007, 0.01668599982154011, 0.020969037208887306, 0.028107432854465958, 0.1496386187204426, 0.029267422146872484, 0.022664406174712236, 0.05103952886588739, 0.08842687605960559, 0.026590523779780488, 0.007049165700008923, 0.11269742125457304, 0.02667975372535023, 0.0459534219684126, 0.04764879093423754, 0.012938342107611314, 0.08253769965200324, 0.014366021236727044, 0.004729187115195859, 0.030248951548139554
N:CCT, 0.059538756360272255, 0.003601400911914359, 0.041796074803409765, 0.060761250247802816, 0.03300733496332518, 0.020749355712680898, 0.014868168902398733, 0.03099187206766668, 0.1455758937421529, 0.02950505517742682, 0.024152514372563272, 0.03462631335491971, 0.07285402762175379, 0.02719222890372035, 0.007665367078570012, 0.13810876891561488, 0.03971453115707394, 0.04566179871803343, 0.03974757153241261, 0.008656578338729928, 0.062181986387365364, 0.017973964184233138, 0.005154298552831559, 0.0359148879931276
N:CTA, 0.09130149197710426, 0.005067092052172282, 0.04335178755747396, 0.06793656751430985, 0.025241625222858215, 0.02552313033686778, 0.022708079196772077, 0.05001407525570048, 0.10518907760157643, 0.02730599605892841, 0.02627381064089331, 0.03640799474523788, 0.08229332832879796, 0.03593881955522192, 0.019142347752650835, 0.13380876419254953, 0.03434362390916768, 0.0254292952988646, 0.03490663413718682, 0.01182321478840199, 0.05151543586375151, 0.014169090738481748, 0.008820493572299899, 0.0214882237027306
N:CTC, 0.05363092465876115, 0.004227420914985849, 0.04295489556837316, 0.06108264966144808, 0.03081001683803246, 0.022426826210009677, 0.015655787625837424, 0.032422168881883, 0.13305628201913086, 0.027048328735714545, 0.02550782789381292, 0.03156235445849604, 0.0713287715401426, 0.02697667753376563, 0.006054526564683123, 0.15082578010246123, 0.042345860351807395, 0.04155769713036936, 0.042847418765449785, 0.009780389066026582, 0.06509511697058719, 0.016981334861892308, 0.005696270554938559, 0.04012467309139111
N:CTG, 0.05595397791765556, 0.0037147869156949746, 0.03864410277577133, 0.06921370343617789, 0.028866989990713028, 0.020457125167681355, 0.014472190692395005, 0.031291920338458366, 0.1514033639459292, 0.030079455164585697, 0.02321741822309359, 0.033304096584459805, 0.0710452997626664, 0.024223506346094315, 0.009441750077391394, 0.14843669383964506, 0.032813951088638944, 0.042668455267774234, 0.03926323392838716, 0.009132184501083482, 0.057372820142400166, 0.015529873078113711, 0.005675368898978433, 0.04377773191621092
N:CTT, 0.08090601362363661, 0.005976012369927703, 0.0467215512557984, 0.05290651510719211, 0.027289063479460068, 0.02841740147937649, 0.021730954072464375, 0.046261857996573195, 0.10226085502946215, 0.029002465627481298, 0.025450290442559233, 0.03460236533077019, 0.07756278992018055, 0.034142672071544984, 0.015922102887709472, 0.13565130176772955, 0.03405909147895859, 0.030590496886622923, 0.03932466881190188, 0.00986250992519537, 0.0754732751055205, 0.0175101341468511, 0.005934222073634502, 0.022441389109448786
N:GCA, 0.06914719817023363, 0.005187060937755269, 0.03998529652017644, 0.0627756902466917, 0.03185753961770952, 0.021156673746119917, 0.016173827805914066, 0.031489952622120565, 0.14691226923705278, 0.03132658062408104, 0.02360725371671296, 0.036023525567717686, 0.08115504002613953, 0.0242607417088711, 0.010945923868648916, 0.1302483254370201, 0.034757392582911294, 0.04051625551380493, 0.036717856559385725, 0.009761476882862278, 0.0607743832707074, 0.017194902793661166, 0.006330664924032022, 0.03169416761966999
N:GCC, 0.04748776889026948, 0.004115865496621884, 0.04430379746835443, 0.05109885842975849, 0.03797468354430379, 0.017589500660091635, 0.014522015997514948, 0.02551060029509979, 0.1671973285703192, 0.033082239652092886, 0.023724469985245016, 0.04379902151122156, 0.07886153607206647, 0.02601537625223266, 0.007066863399860216, 0.11400170847247028, 0.032033858818047684, 0.049118583521006454, 0.04799254484740235, 0.009940203463539646, 0.06748466257668712, 0.01650229090626699, 0.005086588491108177, 0.035489632678418884
N:GCG, 0.03751182095198067, 0.005884207208153831, 0.05159188820006303, 0.04654828202164547, 0.04591783124934328, 0.014290217505516444, 0.023221603446464224, 0.031102238100241673, 0.13996007145108752, 0.03835242198171693, 0.02353682883261532, 0.052327414101082284, 0.08805295786487338, 0.029526111169486183, 0.007565409267626353, 0.09467269097404646, 0.02721445833771147, 0.04192497635809604, 0.05085636229904381, 0.014815593149101608, 0.08889355889460963, 0.014710518020384578, 0.00704003362404119, 0.02448250499106862
N:GCT, 0.054568885667109664, 0.00426885747654142, 0.042044218919898506, 0.06169707220812693, 0.03133180298820023, 0.02005557569167573, 0.017155974386855143, 0.032338608996818494, 0.1386573235069067, 0.03495630461922597, 0.02263299907373847, 0.03374813740888406, 0.07756433490395069, 0.027989207039587613, 0.009987515605493134, 0.1366839837300149, 0.03652692199267045, 0.03986951794128308, 0.04466191454230599, 0.009343159759977447, 0.06226088357295316, 0.01606862389754742, 0.007168458781362006, 0.03841971728887277
N:GTA, 0.0878485888954024, 0.005610920358428944, 0.04187253998827569, 0.06624235826145213, 0.02420232811322335, 0.029227032911816435, 0.021103760154090948, 0.043296206347877064, 0.10325768361108786, 0.026044719872707484, 0.02612846495268403, 0.030650699271417805, 0.07897161041788796, 0.03199062055104263, 0.017921447114981996, 0.17176115903190683, 0.026798425592496445, 0.028222091952097815, 0.031488150071183316, 0.010216899757139268, 0.05225692990536806, 0.010133154677162717, 0.0071183317980068675, 0.027635876392261956
N:GTC, 0.06236040907487951, 0.003761608087457389, 0.03843893264370518, 0.06206653344304689, 0.029857764194193018, 0.023157399788409545, 0.01804396379452216, 0.035206300693546494, 0.13142118255554247, 0.026037380980369104, 0.0222169977665452, 0.03356059715528388, 0.07147055366169038, 0.02574350534853649, 0.0076995415540143395, 0.1606911954860703, 0.037322205242741276, 0.03949688491830258, 0.03638180322087692, 0.00905136946044434, 0.06494651463500646, 0.01357705419066651, 0.005172211120253909, 0.04231809098389561
N:GTG, 0.061287851296318696, 0.0042740212088222245, 0.038103302286198126, 0.05245756219507277, 0.030724567557759767, 0.02286198137171888, 0.014112334180073384, 0.03286157816217088, 0.14479254868755295, 0.027015039716140474, 0.02798274263134551, 0.03507923067618241, 0.07181162049917342, 0.022337808959316155, 0.008951251965646546, 0.16938833111568083, 0.03423249062537801, 0.0395951776138059, 0.03290189911697109, 0.008386758598443612, 0.06572315632434177, 0.015483246643280513, 0.005685254626829565, 0.033950243941776544
N:GTT, 0.0730384791271967, 0.005291696609394395, 0.04370549421833148, 0.07003331808976285, 0.025413209642647153, 0.030574247076500943, 0.01946821715554975, 0.048343894950022864, 0.09387861762592278, 0.02508656170379565, 0.02521722087933626, 0.036519239563598364, 0.07989808584307834, 0.03266479388515058, 0.01796563663683282, 0.14575031031554192, 0.037760501731234075, 0.030966224603122754, 0.03697654667799047, 0.011106029920951197, 0.06408832560266546, 0.016201737767034687, 0.005683674136016202, 0.024367936238322334
N:TCA, 0.06834268977300463, 0.00488162069807176, 0.04409730697258157, 0.06773248718574566, 0.026075990562199985, 0.02745911642665365, 0.016516150028476125, 0.04194125783093319, 0.10170043120982834, 0.02575054918232853, 0.02664551297697502, 0.033845903506630866, 0.07175982426165488, 0.027092994874298268, 0.010983646570661457, 0.15434057440403545, 0.0497111707753641, 0.0344154259214059, 0.03592059230331137, 0.010617525018306078, 0.06126433976080058, 0.01590594744121715, 0.005979985355137905, 0.03701895696037751
N:TCC, 0.05864314378738548, 0.0045051866434466575, 0.04069811463617778, 0.066214886045279, 0.03195275232831075, 0.022412357083364885, 0.016847126523813132, 0.03467857954115242, 0.1334140985840842, 0.027788294086469295, 0.023623835844627846, 0.03414855758309987, 0.07155296433709396, 0.029681229650942685, 0.007836753236919815, 0.14753539789505568, 0.036003634436283787, 0.041531006284546076, 0.03933520102975695, 0.008518210040130234, 0.06466267888241085, 0.016619974256076323, 0.005224502157946544, 0.036571515105625806
N:TCG, 0.05299725319114558, 0.006463079657456778, 0.04411051866214251, 0.045726288576506714, 0.04168686379059622, 0.02375181774115366, 0.023913394732590073, 0.031992244304411055, 0.12813055420908065, 0.029245435449991922, 0.020843431895298106, 0.03716270803037648, 0.09015996122152208, 0.024559702698335757, 0.00824042656325739, 0.12796897721764416, 0.04750363548230733, 0.04217159476490548, 0.04572628857650672, 0.009856196477621587, 0.06850864436904185, 0.015026660203587009, 0.0035546938116012275, 0.0306996283729197
N:TCT, 0.07282441630681404, 0.0054526824269926066, 0.04497548122667056, 0.061223742955427055, 0.02440898777720852, 0.027519578423479466, 0.018736734245773254, 0.043548269047793305, 0.11597013832979579, 0.025763009587938222, 0.027739149527922124, 0.032276952353070335, 0.07278782112274025, 0.03073995462197175, 0.013210861450633096, 0.14495352411622633, 0.03333821269120984, 0.031911000512332574, 0.039120251774866416, 0.01079557930176389, 0.0686159701383298, 0.01646783283319915, 0.006257776476615677, 0.03136207275122594
N:TTA, 0.10056969236612227, 0.0075958982149639176, 0.046638815039878455, 0.0742119255601975, 0.0172426889479681, 0.0354728446638815, 0.028484618306114692, 0.06076718571971136, 0.06927459172047094, 0.02506646410938093, 0.02780098746676795, 0.036840106342575014, 0.08879605013292823, 0.03691606532472464, 0.025977971895176605, 0.12609191036840103, 0.03965058868211166, 0.022104063805545002, 0.029548044056209647, 0.012988985947588301, 0.04656285605772883, 0.015191796429927839, 0.006000759589821497, 0.02020508925180403
N:TTC, 0.07231413701180553, 0.006600939364448018, 0.044852536707146784, 0.06122794397664282, 0.02640375745779207, 0.03139677569500275, 0.01971819066559472, 0.04806837896162145, 0.10007193331358695, 0.0275039140185334, 0.030254305420386752, 0.03689755849870943, 0.07696864553801887, 0.033808657385858754, 0.01493674099775737, 0.1395083146447764, 0.03550120594084543, 0.030508187703634743, 0.038209283628824094, 0.010409173613168028, 0.07049464731519486, 0.017390936402488046, 0.0054161553759573475, 0.021537680362205394
N:TTG, 0.08387664286453483, 0.005433095312014902, 0.044861844147780196, 0.06266169926523853, 0.02757942667908517, 0.02964917727413847, 0.020852737245161963, 0.04460312532339853, 0.09655386525923625, 0.026492807616682188, 0.021887612542688607, 0.03792817965435165, 0.08237607368312118, 0.03332298458035807, 0.014695229224878405, 0.13960467763634482, 0.037358998240712, 0.029649177274138468, 0.037358998240711996, 0.00993480285625582, 0.06654248163096346, 0.016661492290179034, 0.006623201904170547, 0.02349166925385491
N:TTT, 0.08532308610655126, 0.006342336964632145, 0.04413520370094016, 0.07174302342933889, 0.02055663333830772, 0.03521862408595732, 0.024921653484554544, 0.05596179674675422, 0.07722727951052082, 0.02495896134905238, 0.02697358603193553, 0.04290404417251156, 0.09181465452917476, 0.03760632741381885, 0.02253395015669303, 0.12535442471272945, 0.03835248470377556, 0.023317415311147595, 0.029435905088792715, 0.012274287419788091, 0.06305029100134309, 0.020556633338307716, 0.00540964035218624, 0.014027757051186389
T:ACA, 0.037070846710158006, 0.0012076273607001268, 0.1046088635506758, 0.07783312577833124, 0.061980874473019754, 0.04036582997246565, 0.04265997920641631, 0.054483759297131173, 0.04329863927702309, 0.033789573503033354, 0.04137466153301267, 0.040261862053994776, 0.05623293383755869, 0.05579763958549933, 0.01993442023604145, 0.03126235333097215, 0.0367589429547454, 0.03514115644315468, 0.05821403681149816, 0.015029647994333178, 0.05880813920276028, 0.024135409645023823, 0.009951215053640591, 0.019798462188810307
T:ACC, 0.03565102140632483, 0.001117578933763808, 0.10593558589265668, 0.0677668441446213, 0.05820280129649293, 0.03077016647111147, 0.037958403762769155, 0.05082449956031758, 0.04204732351249231, 0.03276330894595328, 0.04179517134943221, 0.037506050384817156, 0.06024155923801898, 0.0545586323469411, 0.015943872702437637, 0.030995709611939083, 0.03498706294680983, 0.04205239189767943, 0.06791762860393866, 0.011984196774986505, 0.07653768471096267, 0.027484585773549612, 0.009481681588837387, 0.025476238143146403
T:ACG, 0.03404804273572999, 0.0009334456731122197, 0.09584424392648504, 0.0626002929690914, 0.05227645374549447, 0.029468215650422853, 0.03764897548219286, 0.045640948548614356, 0.04392438740442669, 0.03609672874488266, 0.04278467470991514, 0.03860339746256603, 0.056786359806598456, 0.04878040253533633, 0.017064225956781816, 0.03062191254977503, 0.03274751168555117, 0.04961246272335398, 0.06947702569947245, 0.011599897915304665, 0.08919825057597444, 0.03148893324989425, 0.011823645192754787, 0.030929565056268937
T:ACT, 0.03845661713941823, 0.0013245386963558312, 0.10717092876597145, 0.07922203739923593, 0.06288606014418067, 0.04010596309570846, 0.04152049168226257, 0.05603557975283714, 0.04303344671122103, 0.03302488361073186, 0.04042655207953982, 0.04026344540355545, 0.055494234319613166, 0.056581143462164175, 0.019690912849009617, 0.03244979196868352, 0.03690991590163543, 0.034405665988461606, 0.058409063106816594, 0.014818803949993744, 0.05523973166139617, 0.02367718376638624, 0.009839832056367417, 0.019013176488453878
T:ATA, 0.04154497881883877, 0.0019835534512833296, 0.10216596062795916, 0.0962172937951657, 0.06594567655120856, 0.054399202591577364, 0.0473162222775978, 0.0626862696237229, 0.04582905556939945, 0.03623025168203339, 0.03795265387490655, 0.04249389484176427, 0.04932170446050338, 0.05659008223274359, 0.025859955145776232, 0.03293097433341639, 0.03973685522053327, 0.023806628457513086, 0.04583503613256915, 0.01858360328930974, 0.03394767007226514, 0.017220034886618493, 0.010119112883129827, 0.011283329180164465
T:ATC, 0.03997241696356741, 0.0014205263762785884, 0.10646285867524806, 0.07801402137685322, 0.06089568248860285, 0.0406374746197755, 0.04306018465310501, 0.055273340229092444, 0.043182775926138756, 0.033585411638508984, 0.04030494579167146, 0.03982377504501398, 0.05671685246906486, 0.05678121288740759, 0.020317971114431288, 0.03256330689959009, 0.03678504386468989, 0.03420909474006819, 0.06008964486840592, 0.015049611155805847, 0.05320154771482205, 0.023113052139600812, 0.009677048615101713, 0.0188621997471555
T:ATG, 0.03950046142598608, 0.0013531167227968407, 0.10456871651665328, 0.07876122104102497, 0.061723216318899286, 0.03996068890300467, 0.04288145546939607, 0.054691563694763724, 0.04235650850342174, 0.033352109975190856, 0.04083440200390715, 0.03988638134161104, 0.05743495092105421, 0.05577501588024498, 0.019922816016875008, 0.031913899109507766, 0.03691048335870177, 0.03415391253280918, 0.05807615326533792, 0.015018516964895668, 0.05804858755707899, 0.023690928484964704, 0.009327995973009574, 0.019856898018864533
T:ATT, 0.040995628687440354, 0.0017675244725853787, 0.10065677639807875, 0.09475543247495168, 0.06529765083331295, 0.05379146953539151, 0.046709856827639014, 0.06192380933189589, 0.04539284958625823, 0.0367236314279669, 0.038994929162282636, 0.04269838231208897, 0.048611241052627034, 0.058224674238618684, 0.02599326095311022, 0.032643068007950984, 0.038391840600382574, 0.025846447031120233, 0.046601905414411074, 0.018737486632016662, 0.03547283438669923, 0.01826681847034287, 0.009863880464680456, 0.011638601698147698
T:CCA, 0.035721523910487364, 0.0010412452932676804, 0.10767083520344489, 0.06707785872705506, 0.05847302075187922, 0.02981128762411455, 0.037993555602416615, 0.050189828288886906, 0.04156940035266133, 0.03236393861493864, 0.04185494279715081, 0.03700974700775314, 0.061697681116372506, 0.05517779530052932, 0.015283084974313488, 0.031114280158164257, 0.03552131598963842, 0.042069099630517914, 0.06865162426881033, 0.011671957680640468, 0.07506155983303972, 0.028108699772632726, 0.009313770940804919, 0.025551946160479778
T:CCC, 0.0322761056874027, 0.0006002216632561049, 0.10839444892671991, 0.05540185538287163, 0.05379754197596694, 0.022124449680486657, 0.03428242802225566, 0.04694757040507052, 0.041485087981328925, 0.03208254583320537, 0.04176146911929335, 0.03431872049491766, 0.06539624400825235, 0.052835326162312984, 0.011903000456912925, 0.03013205807167857, 0.03289214714643454, 0.04831086457045067, 0.07632586173684609, 0.009021936473283624, 0.09953350213986004, 0.03146836552661773, 0.008806973365977947, 0.029901275168597148
T:CCG, 0.03181131036106783, 0.0004772747820199866, 0.09840901397553073, 0.05414440610827621, 0.048675720169800485, 0.023842713780205502, 0.03488521226112607, 0.043606515326407594, 0.04424148001438132, 0.036403240422440745, 0.04448537373558977, 0.03588391499883309, 0.06087461129438183, 0.046920105883515514, 0.01452849666853792, 0.029847545398923925, 0.031319317854492164, 0.0528555539436143, 0.07551874722728583, 0.009869285580624746, 0.10341724538862153, 0.034056814621849105, 0.010954192133586478, 0.03297190806888736
T:CCT, 0.0352942765513265, 0.0009708057603392924, 0.10885096274385163, 0.0638655121675729, 0.05749787055866918, 0.028346684022985305, 0.037460439665266174, 0.04972635940242263, 0.041431457314514905, 0.03260303414788157, 0.04165263219208785, 0.03724517404014746, 0.06158200818347047, 0.05488429261605139, 0.01464988101298094, 0.03196483488282375, 0.03523940492139428, 0.04323377931305785, 0.0710258377842667, 0.011112771329657779, 0.07740192118239077, 0.02877383855753459, 0.009150899514850375, 0.026035322134455755
