,X,Y,1,2,3,4,5,6,7,8,9,10,11,12,13,14,15,16,17,18,19
ACA, 0.061223450966627575, 0.0001877562281010561, 0.07557211081797513, 0.07076101931113264, 0.06199122096983237, 0.059300463116309786, 0.05841734993514953, 0.05806212235549241, 0.052652937125475356, 0.048272912603755144, 0.047703234253440606, 0.05044899583109075, 0.04642015942949126, 0.04597886742521433, 0.045868891226709854, 0.04796768199211939, 0.039183542201568645, 0.03741080020922496, 0.035987322701121635, 0.03446596117194926, 0.022123200128218334
ACC, 0.06043138642728457, 0.00018156330929912972, 0.07356756444599236, 0.07116783562452204, 0.05920163116978484, 0.06081976551049004, 0.05905422354490963, 0.056939515132918915, 0.055947026847503745, 0.04851839965072854, 0.048605457727732046, 0.049318319991512816, 0.04967034928463271, 0.045888959441334046, 0.045266825070897215, 0.04675060156957706, 0.039486278043495554, 0.03589813074356082, 0.03684568592234271, 0.033602075920071715, 0.022838404621409535
ACG, 0.04456054188866147, 0.00015620976431129043, 0.07059827255074501, 0.07189014809139303, 0.05852504466827171, 0.06124587630624481, 0.06238995123055144, 0.056184079325992266, 0.05322362560244145, 0.05150812076472144, 0.05002956347318358, 0.053210853686635966, 0.05223590884648648, 0.04545225366204744, 0.04699834130384313, 0.04547462501376027, 0.04076912905049839, 0.03651301772730079, 0.039112355313331085, 0.03461160397180105, 0.025310477757777974
ACT, 0.06437522574057172, 0.00018510204998057987, 0.0755974701331479, 0.0708411163580196, 0.0626893421174277, 0.05953018394622154, 0.05721773761833849, 0.05821641549209931, 0.052637811959564934, 0.04716461248641776, 0.04736544053288975, 0.049854685522923575, 0.04597327716971187, 0.0461286025809421, 0.04569589243123748, 0.04800537353069042, 0.03926621146341971, 0.03731291239031974, 0.03530279603318207, 0.03442762989687829, 0.02221216054601551
ATA, 0.07559782541814764, 0.00021940884449254386, 0.07790947866899138, 0.0686948779481349, 0.06662137899318966, 0.05785445817654205, 0.05550195508393633, 0.05878158504852398, 0.04898966751647474, 0.046314053280667095, 0.04375875413024881, 0.05151824366048686, 0.0403190216044247, 0.04590036233116123, 0.0450700756770868, 0.04940756362838496, 0.0393661144950646, 0.039298733727765656, 0.03392032633337967, 0.03440054737599859, 0.020555568056897768
ATC, 0.06848795396952757, 0.00019833914319920893, 0.07584038375212158, 0.06966140907587005, 0.06330141783390371, 0.05930493344706041, 0.056789913690515205, 0.05819585697098092, 0.053251236407007206, 0.047261394155313385, 0.04632996529946534, 0.050072367919322416, 0.04434514454096451, 0.04580705563763243, 0.04553136165352796, 0.04825801731622951, 0.03921432781603079, 0.03726311747792117, 0.03509656409976979, 0.03414048649131023, 0.021648753302326434
ATG, 0.06556505605556498, 0.0001890006069758894, 0.07603951718484711, 0.07024421300812458, 0.06295030150570377, 0.058797951501793115, 0.05735836266203689, 0.05831545964507375, 0.05251485819254581, 0.04778056512219284, 0.0466450441286341, 0.05031028594184124, 0.04455259883002934, 0.04615421470232083, 0.04583825685703535, 0.048398018563960074, 0.03938141868666302, 0.03779183994176874, 0.035138098690346654, 0.03440142534897742, 0.021633512823564623
ATT, 0.07413417062058757, 0.00021077964857945576, 0.07756941554063371, 0.06927235126832917, 0.0669386524432444, 0.05817311492847858, 0.05528351050944549, 0.058831178989628814, 0.04937257565257121, 0.04600718498246747, 0.04427296861389227, 0.05097417760336635, 0.040752437504469004, 0.04589482866242617, 0.04543001299758877, 0.049460774974546914, 0.03910259884762231, 0.03897515010703757, 0.03393550805668047, 0.034584545444411245, 0.020824062603993224
CCA, 0.06102530353151847, 0.00017652799889268913, 0.0734815209285698, 0.07134962514450932, 0.059048698543537184, 0.06097421814017351, 0.058975863512721736, 0.057003364719042056, 0.056470530378672404, 0.0484426714825508, 0.048635422351004924, 0.04894274767394216, 0.04965824521601263, 0.045822251560621904, 0.04497569718496076, 0.04674591074860965, 0.03948641806750336, 0.0357781880559373, 0.03676425010697941, 0.03352987033835071, 0.022712674315889227
CCC, 0.056460667568455615, 0.00015663867310283049, 0.07170047498027375, 0.07174375020795425, 0.056389635792603574, 0.06220270431780019, 0.06105900467837187, 0.05614128449595163, 0.05809485802612827, 0.049487763750223415, 0.04958643051593783, 0.04893333842937026, 0.05302812002756025, 0.045705869976905615, 0.04423478113542785, 0.045520250629545435, 0.040152126317124275, 0.0348125307802246, 0.038085185993269065, 0.032939208023548515, 0.023565375680220706
CCG, 0.043723251446442624, 0.00013536116218192655, 0.06796116932903973, 0.07266409862534998, 0.054436323596864955, 0.06472945839228894, 0.06449815589416591, 0.05423506052224212, 0.05685065198890513, 0.05236710194498279, 0.05084688410528635, 0.051425087046179305, 0.057763903882132955, 0.04483247179496364, 0.04472248147662211, 0.04333922664282304, 0.04118040332662226, 0.03422691796409455, 0.0410637298688784, 0.032995167850294924, 0.026003093139638302
CCT, 0.05883335422645425, 0.0001708365519142696, 0.07329231320999843, 0.07145830452948844, 0.05841190008866981, 0.06127960214843383, 0.05908307171348862, 0.057106811092447446, 0.056498048482933334, 0.04853769355095879, 0.04920267877419333, 0.048850044865771894, 0.050676505400788156, 0.04603271614487732, 0.0449508655780419, 0.046743064499399176, 0.03964033027077819, 0.03579083546827249, 0.03698124010207437, 0.033472483117708896, 0.022987300183307205
CTA, 0.06844648256986847, 0.00019436142679932797, 0.07617994996433629, 0.07016755959123887, 0.06317003660413513, 0.0592731149821768, 0.05636875521259267, 0.05820199643885448, 0.052186974692303, 0.04685308281785162, 0.04662434446599663, 0.04998232970381745, 0.04489196675098715, 0.0460668561516325, 0.045435298420308086, 0.04819983899366073, 0.03919052905843171, 0.0374813382545566, 0.034881839820611535, 0.03436096632847977, 0.021842377751361233
CTC, 0.05715189198308582, 0.00016504445394849984, 0.07376421484085127, 0.07138777191583934, 0.05903535740120752, 0.061106780931802586, 0.05927141827950975, 0.057337143386351874, 0.055705654960262314, 0.048693797446803286, 0.04938966275618086, 0.049320208467345854, 0.05038059704209291, 0.04603516246903964, 0.04513774649259482, 0.04673307712246058, 0.03963867459487596, 0.03611531073373573, 0.03685918231638936, 0.03374449307921619, 0.023026809326405932
CTG, 0.05616208458664114, 0.00016184633927085102, 0.07317902900103912, 0.07210440453048916, 0.058536595851526256, 0.0614201377256142, 0.059576419307630364, 0.057068319394739817, 0.056235766613289, 0.04869621506773526, 0.04960627714943292, 0.04886001336619806, 0.051050624046223535, 0.04617214494671497, 0.045061071016248545, 0.04670023945173603, 0.03964501304131687, 0.03583138763970814, 0.03723238043524435, 0.03365295062107513, 0.0230470798681263
CTT, 0.06463922244278782, 0.00018481843019888328, 0.07580695238143519, 0.07066509278288814, 0.06262550568401054, 0.05952933925919099, 0.05676296769117649, 0.058192472469999326, 0.05271252196624287, 0.04732145086984496, 0.04735014162535612, 0.04997110657959538, 0.04601884465675566, 0.04595318157211153, 0.0459602474581223, 0.04798727440006774, 0.03918079575001445, 0.03718853403570345, 0.03522087447852277, 0.03445635903810376, 0.022272296427871815
GCA, 0.057296041294015485, 0.00015742920360914994, 0.07390130961807126, 0.07179814615148762, 0.059738515666204306, 0.06041319399639774, 0.05918542481991121, 0.057556492069035986, 0.05471741537379841, 0.04881593624577472, 0.04905752425343153, 0.049354654973003356, 0.049429691009204586, 0.04622160934670596, 0.04550676033518361, 0.047160778682681176, 0.03958554337306253, 0.036561031248618224, 0.03663520607979877, 0.034094546435736485, 0.022812749824268123
GCC, 0.05334550266751616, 0.00014869012000053472, 0.07116893883680589, 0.07301332482120677, 0.05566251070993125, 0.0627775903873634, 0.06102758219556997, 0.05614856857407253, 0.058061465580863975, 0.04955394469886739, 0.05058369627785142, 0.048515827561458204, 0.05448241790022727, 0.04583460236899985, 0.04426849605802103, 0.045361827277441896, 0.04000299497014571, 0.03491095824204454, 0.038260248845660816, 0.03300163101276778, 0.023869180893183472
GCG, 0.04124900373175505, 0.00012272704755619747, 0.06740980719777144, 0.07338981609442129, 0.0541697404303848, 0.06458817966904128, 0.06527173953725973, 0.05446476491786077, 0.056424718450126934, 0.052620089609436385, 0.051060482115680955, 0.051803643892364415, 0.05815858463761692, 0.04477315635089708, 0.04483930454378004, 0.04308732754019106, 0.04121234964798752, 0.03436861096875537, 0.04139914405954567, 0.03321226334095858, 0.026374546216608855
GCT, 0.055906865431808624, 0.00015033977009012837, 0.07361567179047725, 0.07226710512183694, 0.05894150735606449, 0.061109141985627044, 0.05938312475506218, 0.05706551374241705, 0.05510972343297447, 0.04877021184368675, 0.04965708813104884, 0.04919180580432033, 0.05087061623498958, 0.04621519985012953, 0.04539217343727434, 0.04663676785355864, 0.03965542827837434, 0.03607966842131963, 0.03685705980689115, 0.03393771454351616, 0.023187272408532345
GTA, 0.06782341718310726, 0.00020637175779067603, 0.0762094939434271, 0.07010460044878918, 0.0635506826045501, 0.05893354087632268, 0.056879423387045346, 0.058209801450961385, 0.051532595788096935, 0.04698222665374127, 0.046326057123560825, 0.05055548272390421, 0.04441489585661583, 0.04599472486061372, 0.04566851840424908, 0.04838325328778725, 0.03920232667354135, 0.037847168256168025, 0.03504010458068476, 0.0343619489041422, 0.021773365234900942
GTC, 0.05790113786742583, 0.000168665704680923, 0.07379256751675438, 0.07146693041302424, 0.05965328804673148, 0.06070205249407239, 0.05892569802182958, 0.057218893859848415, 0.05532947332982761, 0.048679062162283855, 0.04876252717595537, 0.04960076962120879, 0.04916814125606806, 0.04618369354305421, 0.04560292183388901, 0.04708727621614801, 0.03972161650977331, 0.036282202401728386, 0.03686937999977002, 0.03400181786317609, 0.02288188416275023
GTG, 0.054682608491882695, 0.0001615354255911803, 0.07384391791751324, 0.07170275820058783, 0.05917716443749797, 0.06037862338481169, 0.06041876473305709, 0.057508036184432815, 0.05496082253151274, 0.049546942528511106, 0.049450891883230805, 0.04975720573957946, 0.04994070171757949, 0.04595012059827122, 0.045585787560982624, 0.046759506568853096, 0.039486637349065504, 0.03645380952439801, 0.03716981933879197, 0.03409956325565198, 0.02296478262819734
GTT, 0.06578029177723911, 0.00020252734269175733, 0.07588230410399535, 0.07033482604125992, 0.06349159361799672, 0.059180281974991186, 0.056895703737692725, 0.058132806803311184, 0.05181800082545797, 0.047094435653337624, 0.0468346843299308, 0.05059316884415701, 0.045203924647247935, 0.04586566903966165, 0.04602340015681037, 0.048269166144561705, 0.03903582900343247, 0.03746381371794422, 0.03523450435218094, 0.03456506369252762, 0.022098004193571663
TCA, 0.06434071811460934, 0.00018162415982019516, 0.07553177512102222, 0.07058397893812313, 0.06268930892696356, 0.05950712936074143, 0.05736917011584404, 0.058193548500124766, 0.05310443919692817, 0.04749421863994159, 0.04709365976687264, 0.049844940257388934, 0.04558023667086719, 0.04612148408095974, 0.045763226135970496, 0.048182952250441315, 0.039389424576874554, 0.0373560812450685, 0.03540174418546957, 0.03428675146332701, 0.02198358829264169
TCC, 0.06165343551939058, 0.00017904509378246315, 0.07396013702901715, 0.07070069330223715, 0.0598017827414944, 0.060764700271393315, 0.05845702465251193, 0.057343004339489516, 0.05589842122245997, 0.048305400161902545, 0.04832318657040959, 0.04918273141040868, 0.04875096396009126, 0.04586540918870167, 0.045162373329968974, 0.04717474628405453, 0.03955226195544884, 0.03605759793919219, 0.03655962410347744, 0.03368417758083147, 0.02262328334373652
TCG, 0.051114593946959795, 0.00016550736587993086, 0.07060162500860499, 0.0714987481680349, 0.05863256832919826, 0.06150533581054833, 0.061510766465902034, 0.05599419016810577, 0.054456638372339036, 0.050619246720958876, 0.04932695099393501, 0.052166631476740055, 0.051883331198345393, 0.04529565973081113, 0.04621867518324246, 0.045096051991918185, 0.040327087575385424, 0.03606169532507918, 0.03862277672400716, 0.03413790292246574, 0.024764016521538403
TCT, 0.06373488388767881, 0.00018671194593622195, 0.07559260994314235, 0.070489901978617, 0.06210088715315521, 0.0599092084008328, 0.0571898454250385, 0.05807493345973559, 0.05341593963778814, 0.04757424001361718, 0.0476022883563676, 0.04992815893019103, 0.04655326894641271, 0.04593237355961791, 0.0455677511107983, 0.04780785727583652, 0.039235800433589624, 0.03702617796376263, 0.03560731812602577, 0.034259024310480335, 0.022210819141375897
TTA, 0.07029222187897971, 0.0002054252004892674, 0.07747295718656037, 0.06993137453186621, 0.06637853049940345, 0.05824603455360553, 0.055871828990230854, 0.05873776797404285, 0.048711092920510395, 0.04628265538252206, 0.04518228163006022, 0.05144030845703711, 0.04210665125926449, 0.0460879389981017, 0.04567426811827528, 0.049040319249098296, 0.03916461042330526, 0.03900691122979539, 0.034063073243803796, 0.034760437688285364, 0.021343310584762357
TTC, 0.06698165808040236, 0.0001941747476528221, 0.07608585192386541, 0.07010947967192224, 0.06360203740256545, 0.059324641013492836, 0.056360008935380665, 0.058396175018946214, 0.05234777678989228, 0.047049922024906946, 0.046560052529219374, 0.05007598207115835, 0.04471062655843527, 0.04585667106392626, 0.04587119468307419, 0.04839329272461503, 0.039155228098332155, 0.03748278238690695, 0.035074751694926215, 0.03447074532726045, 0.02189694725311868
TTG, 0.06824154256823584, 0.0001980605220591655, 0.07591621102303336, 0.07014026597573758, 0.06344833177651882, 0.05920078581952783, 0.05650414981281312, 0.05810873778909662, 0.052567692549783246, 0.0469669683650024, 0.04643590531089675, 0.05003646052655259, 0.04466328572024773, 0.045785382509162344, 0.04578610586107862, 0.048408189289114334, 0.03901805415636512, 0.03731734029060616, 0.03507670340391157, 0.034370500523437555, 0.02180932620681938
TTT, 0.07193957071303603, 0.00022104932418476136, 0.07682490042671937, 0.0699055285182109, 0.06577091031094928, 0.05865603506225871, 0.05561027155963356, 0.05856845380141148, 0.049679408641565184, 0.046107135844602874, 0.045330024155849365, 0.05086684244239345, 0.042880224960166545, 0.04577490384148352, 0.045650696526001344, 0.04880915767518709, 0.038719463219999035, 0.03831539562474177, 0.034360834675186344, 0.03455345607662025, 0.02145573659979905
