,X,1,2,3,4,5,6,7,8,9,10,11,12,13,14,15,16,17,18,19
ACA,0.037175414,0.06416654,0.086609381,0.046229877,0.059757705,0.06286828,0.051792053,0.080849239,0.046905804,0.058700613,0.047087364,0.073307408,0.034904826,0.03641363,0.036958309,0.038604376,0.031175746,0.047608527,0.027340027,0.03154488
ACC,0.033809835,0.060431983,0.084159723,0.043060774,0.062987393,0.063417606,0.049479932,0.085184883,0.050182432,0.058127757,0.046435087,0.082091706,0.032532811,0.032206067,0.035342809,0.041484235,0.029328677,0.050853619,0.02568412,0.033198551
ACG,0.026408652,0.059574179,0.080628546,0.044721858,0.062951647,0.068494107,0.047540618,0.075662253,0.05489112,0.057236529,0.052155779,0.079371454,0.036319899,0.034509918,0.034630195,0.04326495,0.029687182,0.04974829,0.02885106,0.033351763
ACT,0.039979164,0.064486015,0.086019756,0.047510388,0.060252582,0.061878784,0.052033591,0.078482248,0.046460932,0.058472068,0.04657684,0.073614115,0.035455263,0.035941937,0.037167349,0.038563132,0.031610052,0.046035704,0.027600056,0.031860022
ATA,0.052335022,0.068967558,0.089437544,0.051752841,0.055326641,0.058907973,0.054107395,0.072514455,0.041441443,0.060003465,0.0472525,0.064053987,0.036023171,0.039881067,0.038429379,0.03417009,0.032768979,0.042759692,0.02877334,0.031093458
ATC,0.04163672,0.064434995,0.085702061,0.047171028,0.05957054,0.061112967,0.052448132,0.080139708,0.045607768,0.059250837,0.046843313,0.073898687,0.034466236,0.035822771,0.037172094,0.038309083,0.030919054,0.045768822,0.027576194,0.03214899
ATG,0.04120561,0.064275386,0.087119514,0.046208173,0.059095397,0.06108109,0.052233874,0.0819828,0.045581307,0.059416248,0.046482658,0.073145476,0.034076402,0.036693907,0.036825586,0.038044698,0.030876543,0.047000101,0.026929266,0.031725964
ATT,0.051203322,0.069595568,0.087463612,0.052967367,0.056229249,0.059591369,0.054021522,0.070632468,0.040823637,0.059212597,0.047998955,0.06351713,0.03674341,0.040836784,0.038626592,0.03452911,0.032554727,0.042179331,0.030328924,0.030944327
CCA,0.034390832,0.05991294,0.084735242,0.042791664,0.062944979,0.062510991,0.05030282,0.087878943,0.049712415,0.057643997,0.045787537,0.081768754,0.032282374,0.031996666,0.035171559,0.04134775,0.029391382,0.050766192,0.025575,0.033087964
CCC,0.028520153,0.055802343,0.082045912,0.040627386,0.065873676,0.064258547,0.048283955,0.092759446,0.052580581,0.056927043,0.04655613,0.088564756,0.029912153,0.02816564,0.034553099,0.04336325,0.02745265,0.055146551,0.02363456,0.034972171
CCG,0.023982236,0.056177927,0.080841984,0.041680652,0.066627705,0.069447132,0.045296415,0.081993711,0.056201619,0.055814639,0.050245548,0.086221534,0.03370544,0.031241403,0.033748876,0.044665927,0.027916533,0.052159388,0.026739798,0.035291532
CCT,0.032916875,0.060207433,0.083651572,0.042450243,0.063793412,0.063570638,0.049599695,0.086675333,0.049752651,0.057710981,0.045574597,0.083594615,0.032415288,0.03144932,0.035942474,0.041859546,0.029276236,0.051281298,0.024614049,0.033663744
CTA,0.043356494,0.065226334,0.08651125,0.047579441,0.059945114,0.059969909,0.051031506,0.079591342,0.04484078,0.0590728,0.046259699,0.074037383,0.034661527,0.035418885,0.037319043,0.038172198,0.03153968,0.045278064,0.027738238,0.032450312
CTC,0.032337807,0.061165158,0.083628646,0.043334786,0.063237159,0.063984783,0.050269037,0.084867832,0.049268288,0.057281135,0.046121608,0.082864375,0.033255813,0.032405372,0.035561844,0.041111008,0.029678771,0.05053636,0.025776633,0.033313586
CTG,0.032066072,0.060303979,0.084614018,0.043025916,0.06312663,0.063720078,0.050169002,0.085051838,0.04999461,0.057927979,0.046267991,0.081676946,0.033472246,0.032116476,0.035839049,0.041666467,0.030012366,0.050171578,0.025805984,0.032970777
CTT,0.040481034,0.06517378,0.08564489,0.047455302,0.060547419,0.06213634,0.051362151,0.076701958,0.045816913,0.058387384,0.046915668,0.07476777,0.035244087,0.036871982,0.037870305,0.038670762,0.031552092,0.045390702,0.026937223,0.032072239
GCA,0.033610494,0.060674088,0.085432436,0.04345532,0.062334435,0.063606589,0.04996693,0.082860236,0.050120613,0.057844042,0.046999707,0.079546942,0.034016331,0.033235394,0.036099022,0.041590631,0.030296631,0.049185992,0.026291194,0.032832972
GCC,0.029375852,0.056328757,0.084207418,0.040038559,0.065713698,0.064664623,0.047748569,0.089527482,0.052790153,0.057054194,0.046388592,0.086081512,0.03202112,0.030144711,0.034596914,0.043677322,0.02829146,0.052313669,0.024490009,0.034545386
GCG,0.023552195,0.054333908,0.08041374,0.040351873,0.065431743,0.068816717,0.045609993,0.082846294,0.059124534,0.05524988,0.050893468,0.084034839,0.03559928,0.032331575,0.032971805,0.044646479,0.027927622,0.051663645,0.028743756,0.035456655
GCT,0.032322698,0.060280411,0.084576308,0.043230612,0.063046024,0.064380705,0.048904075,0.082746469,0.049945725,0.057602494,0.047009534,0.082720803,0.034196919,0.03254461,0.035605927,0.042088433,0.030219078,0.049089091,0.026170653,0.03331943
GTA,0.042090611,0.065700866,0.086993896,0.047758016,0.05943646,0.061554685,0.051463114,0.076044777,0.045544394,0.059394403,0.046941499,0.072287365,0.035416921,0.036870444,0.037605924,0.038426544,0.031552828,0.045200759,0.027768745,0.031947751
GTC,0.03217934,0.061045662,0.084094821,0.044251102,0.062674927,0.064327984,0.05005138,0.082830855,0.050466562,0.057682759,0.04733696,0.079748834,0.034163929,0.033391889,0.035640475,0.041106918,0.02991694,0.050082845,0.026573991,0.032431827
GTG,0.032013137,0.059804781,0.08467803,0.042552291,0.062380104,0.064141204,0.050357738,0.086603233,0.050615613,0.057863569,0.046895575,0.079575415,0.033293366,0.033031488,0.035247157,0.041150273,0.029661383,0.051295466,0.026142614,0.032697565
GTT,0.040690618,0.066455176,0.085552672,0.049495612,0.058916496,0.062325676,0.051685349,0.074562875,0.045648155,0.058764373,0.047976858,0.071867435,0.035930428,0.037775629,0.037586504,0.03784799,0.032080505,0.044556987,0.028506868,0.031773794
TCA,0.039837001,0.063681962,0.085997456,0.046254593,0.060198327,0.062069178,0.051986169,0.080284274,0.046229165,0.059080037,0.046600846,0.074912476,0.034732468,0.035853463,0.036947949,0.038505007,0.030958305,0.046927082,0.026888745,0.032055496
TCC,0.03358967,0.061612224,0.082977662,0.044277012,0.062834236,0.063772705,0.050454877,0.084795014,0.049217969,0.057130485,0.04627466,0.081386324,0.033027719,0.032600349,0.035926852,0.040993657,0.029742823,0.050419948,0.02581533,0.033150485
TCG,0.029939467,0.059567284,0.080967913,0.045476099,0.062280363,0.067981844,0.047663387,0.076698495,0.053554153,0.05701481,0.050659437,0.080493746,0.035606533,0.033375269,0.034554952,0.04353163,0.029170857,0.049024706,0.02858962,0.033849437
TCT,0.038389787,0.064983502,0.085557908,0.04665808,0.060818171,0.061803603,0.052135009,0.079660102,0.045910575,0.058376537,0.046552745,0.07577243,0.034530296,0.035894562,0.037268068,0.038454928,0.031255688,0.046658542,0.02732967,0.031989795
TTA,0.048735691,0.070827811,0.086745833,0.05428183,0.056458087,0.060682999,0.052609951,0.065446449,0.041122812,0.059857107,0.049056202,0.064313108,0.038297496,0.041883396,0.039177644,0.034906514,0.033357213,0.040743022,0.030439461,0.031057373
TTC,0.041215649,0.065924971,0.085041583,0.048386104,0.059627797,0.062148365,0.052235439,0.076629955,0.045220529,0.058486958,0.047180499,0.072808756,0.035124983,0.037332869,0.037884442,0.037923196,0.031717862,0.045460482,0.027745896,0.031903666
TTG,0.042837891,0.065148319,0.086974113,0.047946069,0.05959712,0.061226437,0.05186283,0.077471583,0.045542108,0.058240531,0.046866047,0.072784658,0.035154817,0.036926898,0.037430738,0.038101671,0.031398107,0.045083082,0.027594662,0.031812318
TTT,0.048425343,0.070572925,0.087083934,0.053233834,0.056552802,0.061707349,0.052999722,0.066847072,0.041782296,0.058856093,0.049095475,0.0645126,0.037714988,0.041731179,0.038776158,0.035094266,0.033209615,0.041107052,0.029996458,0.030700837