 ,X,1,2,3,4,5,6,7,8,9,10,11,12,13,14,15,16,17,18,19,20
N:AATAC,0.069618423,0.087524231,0.104633253,0.059632534,0.062308632,0.104633253,0.052005691,0.048992726,0.040424271,0.040765542,0.026724529,0.035248215,0.010321533,0.040584265,0.043336445,0.04399917,0.033699899,0.028544393,0.030663205,0.018176623,0.018163168
N:TATTG,0.071415278,0.08797452,0.104970192,0.059382958,0.061963854,0.104970192,0.051997834,0.049104503,0.04029842,0.040618531,0.025922262,0.034963776,0.009964392,0.040881646,0.043510234,0.04399389,0.033519786,0.028295412,0.030600865,0.018002534,0.017648923
N:ATTGC,0.065684984,0.09047789,0.101956339,0.059821777,0.062204504,0.101956339,0.052682227,0.049186145,0.042517631,0.040565109,0.02920085,0.034034353,0.011584009,0.039987187,0.042552485,0.04328576,0.033670206,0.029904581,0.031110219,0.019501646,0.01811576
N:CGCAA,0.049828164,0.094878866,0.090052611,0.061882133,0.058443294,0.090052611,0.051054351,0.051504094,0.045216174,0.041066655,0.041913106,0.031645382,0.02284993,0.038013917,0.042216471,0.041900378,0.03293309,0.034339599,0.031032288,0.02424371,0.024933175
N:TGCGA,0.046261913,0.095485278,0.092318138,0.061768069,0.058769018,0.092318138,0.051687187,0.050817993,0.044744694,0.041854015,0.03896776,0.031890353,0.020643911,0.038178187,0.042183557,0.043342482,0.033500463,0.034732374,0.032027478,0.024680245,0.023828744
N:CTCGC,0.042624384,0.095657712,0.086587197,0.063558243,0.057930759,0.086587197,0.052731041,0.051183483,0.047888743,0.041428544,0.045151048,0.030973973,0.02450807,0.038131904,0.041563528,0.040803057,0.032953098,0.035481663,0.031624175,0.026637389,0.025994791
N:TCTCG,0.047376398,0.094391635,0.091695406,0.061286993,0.059507456,0.091695406,0.051923082,0.051504136,0.046463646,0.041876249,0.039727672,0.031993581,0.02042462,0.03904475,0.042053546,0.041533475,0.033334472,0.034343095,0.031866189,0.024574684,0.023383511
N:CTCTC,0.052091597,0.095428644,0.092623909,0.060799012,0.061301921,0.092623909,0.052674638,0.050511683,0.046965337,0.041418355,0.039496037,0.031204027,0.018479507,0.039988794,0.040837006,0.041162126,0.033182183,0.033399856,0.03157858,0.023415892,0.020816987
N:ACTCT,0.05728214,0.093308734,0.096914354,0.061306214,0.062174471,0.096914354,0.053090424,0.05030843,0.044882037,0.041341732,0.034394365,0.032899952,0.01451893,0.039518566,0.041712505,0.04219279,0.033512174,0.031588422,0.031403362,0.021299308,0.019436734
N:TACTC,0.063887063,0.09085497,0.100127445,0.060524051,0.062389625,0.100127445,0.05278723,0.050126481,0.042989897,0.040923777,0.030829481,0.033689374,0.012505412,0.040387349,0.041975945,0.04254568,0.033521784,0.03022714,0.031069997,0.019667941,0.018841914
N:AGTAT,0.069937133,0.088051694,0.103712406,0.059846745,0.06210205,0.103712406,0.052440897,0.049325232,0.040735949,0.040787544,0.027193857,0.034961948,0.010265161,0.040539296,0.043180074,0.043809204,0.033892239,0.028622568,0.0307474,0.01811321,0.018022987
N:TATAC,0.072156334,0.087215226,0.103456992,0.059467531,0.06240503,0.103456992,0.051643792,0.049321755,0.040294782,0.041051418,0.02690744,0.035010269,0.011316974,0.041456478,0.042613017,0.043255086,0.033463602,0.028429945,0.030290723,0.01816933,0.018617285
N:TATAT,0.075862442,0.084713017,0.105567293,0.058336965,0.061091679,0.105567293,0.051493681,0.049775657,0.0388161,0.040933982,0.025069343,0.036081079,0.009914411,0.042113302,0.043741654,0.045229266,0.033869742,0.026364259,0.029802311,0.017109933,0.01854659
N:GATAT,0.073090737,0.088940323,0.104938329,0.059205368,0.062087223,0.104938329,0.051674676,0.049260269,0.040126053,0.040073786,0.025151206,0.034860116,0.009820841,0.041760888,0.043377478,0.043997043,0.033574141,0.02775989,0.030082582,0.017837965,0.017442755
N:TATCT,0.066452922,0.089948918,0.101599448,0.059246537,0.062303158,0.101599448,0.052271249,0.050124325,0.04195739,0.040947494,0.029066809,0.03412514,0.011859403,0.041220027,0.042527505,0.042951088,0.033643735,0.029641444,0.0308184,0.019282948,0.018412614
N:ATCTC,0.059519991,0.094039721,0.096400687,0.060908972,0.061927109,0.096400687,0.052616138,0.050512374,0.045299695,0.040776753,0.034960846,0.032315312,0.015240984,0.040090264,0.041462778,0.041955381,0.033060709,0.031187243,0.030694177,0.021367435,0.019262743
N:TCTCT,0.055829276,0.094019597,0.095447734,0.060437734,0.061681454,0.095447734,0.052476873,0.050289346,0.045626984,0.041018436,0.036747435,0.031773539,0.016509121,0.040474929,0.041320226,0.041565251,0.033495956,0.032332958,0.03136126,0.022199767,0.019944391
N:CTCTA,0.060423008,0.092665573,0.096877925,0.060894386,0.061907084,0.096877925,0.052876289,0.050661505,0.044401592,0.041168691,0.034046803,0.032508546,0.014974486,0.039956753,0.041614209,0.042289259,0.033403523,0.031043926,0.030913645,0.021062742,0.019432131
N:TCTAT,0.067653989,0.089365614,0.102395524,0.059298581,0.062234979,0.102395524,0.052075618,0.049863919,0.041479164,0.040974387,0.028517487,0.034141563,0.011581062,0.041136716,0.042497888,0.042930396,0.033936864,0.029421939,0.030749729,0.01902193,0.018327128
N:GATAG,0.063510165,0.09235471,0.098747467,0.059467543,0.062301759,0.098747467,0.05224227,0.050771066,0.042950905,0.041386873,0.031888279,0.03315356,0.013711839,0.04102896,0.041552265,0.041734,0.033474537,0.030654704,0.030993659,0.020513499,0.018814473
N:TATCC,0.06920393,0.091956072,0.101033114,0.059956554,0.06219318,0.101033114,0.052001486,0.049635597,0.042216365,0.040303532,0.029371283,0.033054633,0.012357322,0.041064781,0.042301691,0.042146321,0.033099525,0.029457565,0.03026084,0.019273512,0.018079583
N:ATCCA,0.064532153,0.093478811,0.099068248,0.060920865,0.061812973,0.099068248,0.051967222,0.049996143,0.043297089,0.040522835,0.031670767,0.032216146,0.014596655,0.040194322,0.041808601,0.042004466,0.032880458,0.030579152,0.03038393,0.020540322,0.018460596
N:TCCAC,0.056835267,0.096586012,0.095155318,0.061864499,0.061393994,0.095155318,0.052650895,0.050237683,0.045316159,0.040716713,0.035963846,0.031493126,0.016881976,0.039224809,0.041242912,0.041471728,0.032801924,0.032339825,0.030786973,0.02230947,0.019571554
N:TGTGG,0.053585604,0.097052769,0.092689616,0.062098941,0.061234137,0.092689616,0.052833838,0.050531396,0.046418892,0.041383154,0.038054998,0.031216115,0.018730251,0.039120212,0.040519261,0.040762629,0.032980489,0.033085336,0.030989493,0.023537547,0.020485706
N:CACAT,0.056217929,0.093323709,0.096336652,0.060803773,0.061536874,0.096336652,0.052447786,0.049519188,0.044814437,0.04133522,0.034600015,0.032870791,0.016766829,0.040432162,0.041604743,0.042001416,0.033840279,0.032390248,0.031134591,0.021921206,0.019765503
N:CATGT,0.058134974,0.093175869,0.097005845,0.060661877,0.062236022,0.097005845,0.05290428,0.049559427,0.044450606,0.041145648,0.033943311,0.032947743,0.015724144,0.040212383,0.041670667,0.042088569,0.033806136,0.031887686,0.030951506,0.021390593,0.01909687
N:AACAT,0.06649124,0.088619097,0.103675398,0.05959531,0.062337532,0.103675398,0.052248767,0.049086172,0.041258777,0.040960861,0.027843921,0.034824259,0.010836961,0.040379152,0.043104427,0.043956303,0.033973877,0.029302264,0.030930583,0.01878781,0.018111891
N:TGTTG,0.064496084,0.092656571,0.100783024,0.060155773,0.061814566,0.100783024,0.051788821,0.049645315,0.043139213,0.040523066,0.030822133,0.032589941,0.013264404,0.040499852,0.041764004,0.042270259,0.032774911,0.030861319,0.03071832,0.020006548,0.018642854
N:GTTGA,0.064702441,0.091981234,0.101186839,0.05989854,0.062189886,0.101186839,0.052040298,0.049861035,0.042842677,0.040730546,0.030176098,0.033195541,0.012603588,0.040388086,0.04204597,0.042425101,0.033355829,0.030571198,0.030885563,0.019516073,0.018216618
N:CTCAA,0.06349676,0.092772785,0.098639692,0.060622968,0.062104794,0.098639692,0.052485573,0.050261686,0.043807774,0.040799195,0.032627528,0.032655113,0.01389292,0.040228491,0.041765485,0.041613979,0.032839009,0.030787106,0.030706234,0.020492486,0.018760729
N:GCTCA,0.049748977,0.097244155,0.090053568,0.062630769,0.061037987,0.090053568,0.053158029,0.050984008,0.047808731,0.041068737,0.041839276,0.03090607,0.020939374,0.038298187,0.040887221,0.040399101,0.032790166,0.033499274,0.031208782,0.024334527,0.021109493
N:TGCTC,0.054189934,0.095880347,0.09356178,0.061953932,0.061523802,0.09356178,0.053121344,0.051003168,0.046300602,0.040966793,0.038035507,0.031656442,0.017464785,0.038714382,0.040994939,0.041049306,0.033000479,0.032666094,0.031216208,0.022929703,0.020208671
N:AGCAC,0.052556386,0.096461258,0.092180638,0.062278999,0.062060887,0.092180638,0.053203695,0.050173098,0.046849522,0.040883195,0.039388302,0.031255718,0.017991417,0.038834508,0.040830221,0.041205093,0.03286737,0.033262242,0.031479506,0.023358814,0.020698494
N:TGTGC,0.048755591,0.095990291,0.091303327,0.062534377,0.061675328,0.091303327,0.053315815,0.050185218,0.047393494,0.041615775,0.039441606,0.031463294,0.019382297,0.039201582,0.040735929,0.04119249,0.03377399,0.033993218,0.031390626,0.024341584,0.021010844
N:AATGT,0.064889914,0.088357057,0.103261554,0.059847582,0.062219287,0.103261554,0.052675875,0.049261007,0.041360536,0.04103614,0.028139289,0.035155085,0.010903716,0.039961053,0.043456859,0.044374746,0.03421124,0.029444291,0.030949219,0.019046678,0.018187318
N:CATTT,0.067318485,0.088298215,0.103783704,0.059837546,0.062436107,0.103783704,0.052480463,0.049110578,0.041442345,0.040696999,0.028008383,0.034723798,0.010633959,0.040022628,0.042961681,0.043753299,0.033759036,0.029353762,0.030925749,0.018841109,0.01782845
N:ATTTC,0.068922677,0.088313025,0.104922588,0.059453208,0.06229974,0.104922588,0.052266852,0.048938351,0.041070257,0.040517353,0.026697405,0.034786717,0.01017546,0.040655018,0.043060376,0.043815013,0.033611515,0.028923603,0.030659981,0.01830781,0.017680465
N:TTTCC,0.064285439,0.091694836,0.100721535,0.060066509,0.062050623,0.100721535,0.052213926,0.049544043,0.043111397,0.040748396,0.030727068,0.033143085,0.012522538,0.040218243,0.042141034,0.042654438,0.033073849,0.030790238,0.031036587,0.019925547,0.018609134
N:TTCCA,0.063892656,0.093139782,0.099293602,0.060693964,0.062129712,0.099293602,0.052361798,0.049913333,0.043817352,0.040422557,0.032321747,0.032660387,0.01341009,0.039982279,0.041613673,0.041892643,0.032796209,0.030727132,0.030702409,0.020416691,0.018518383
N:TCCAA,0.06396544,0.092981298,0.099185454,0.060672822,0.061715491,0.099185454,0.052376608,0.049761116,0.043787918,0.040785256,0.031966658,0.032444531,0.013474707,0.039718861,0.041928498,0.042138039,0.033176877,0.030853442,0.030797802,0.020332894,0.018750833
N:GTTGG,0.059751617,0.094411382,0.09599932,0.061395834,0.061315267,0.09599932,0.052147523,0.050791214,0.044868362,0.041192793,0.035510753,0.031876356,0.016463196,0.038826733,0.041003816,0.041425608,0.03263019,0.031849994,0.030613351,0.021809936,0.020117438
N:CGTTG,0.048921211,0.093582342,0.093235552,0.061592651,0.059544209,0.093235552,0.051819628,0.051693832,0.045115019,0.042036406,0.037014749,0.032463978,0.019204355,0.039160088,0.042524292,0.042495393,0.033591046,0.034366224,0.031576603,0.023755125,0.023071745
N:AACGC,0.042095941,0.094377345,0.0912089,0.061729207,0.058435421,0.0912089,0.052338937,0.051595113,0.046560942,0.042087722,0.040898014,0.031791302,0.021581182,0.037826142,0.042500729,0.042767849,0.033856339,0.035276181,0.032337869,0.025086608,0.024439358
N:TGCGT,0.04123122,0.093646665,0.089411462,0.06244968,0.059599241,0.089411462,0.051636847,0.050762748,0.047318081,0.042174292,0.042724749,0.031775297,0.023819535,0.038846348,0.041528334,0.041342638,0.03405273,0.035857964,0.031704997,0.025945758,0.024759954
N:CGCAT,0.044377485,0.094956199,0.090363068,0.061803241,0.05851468,0.090363068,0.051569705,0.050719423,0.046610732,0.042447767,0.040491917,0.031938844,0.022581722,0.038343096,0.041271845,0.042616617,0.033739914,0.036075677,0.031832308,0.02517478,0.024207911
N:TATGC,0.064556194,0.089971211,0.099815965,0.060151065,0.062380889,0.099815965,0.052642447,0.049603699,0.042550654,0.041052065,0.030843397,0.034125436,0.01278639,0.040637721,0.042245348,0.042962272,0.034134296,0.030102962,0.030755826,0.020167911,0.018698286
N:CATAG,0.065704972,0.092081058,0.099512198,0.060301927,0.062525947,0.099512198,0.052407449,0.049577383,0.042809213,0.040676536,0.030736225,0.033450059,0.012691742,0.040258209,0.042041132,0.042710456,0.033794517,0.030260443,0.030812212,0.019931458,0.018204665
N:CCTAT,0.068104645,0.092209036,0.099372931,0.0600965,0.062232092,0.099372931,0.052305046,0.050150852,0.042424015,0.040716912,0.03038781,0.033262571,0.012596537,0.040548845,0.042087881,0.042437069,0.033306954,0.029952468,0.030557183,0.019659591,0.018218131
N:GCCTA,0.060527822,0.095375235,0.093428875,0.061048761,0.061966222,0.093428875,0.052596035,0.050625955,0.045780865,0.040471673,0.037009488,0.031617502,0.017393274,0.039261967,0.040742436,0.040775555,0.03241726,0.032143364,0.03122456,0.022300572,0.019863706
N:TGCCT,0.055187391,0.096697101,0.091400053,0.061966599,0.061511214,0.091400053,0.053362013,0.050981543,0.047168766,0.040824235,0.04001106,0.031188655,0.018671201,0.038743649,0.040235589,0.040402212,0.032619237,0.032548485,0.031165646,0.023496757,0.020418541
N:GGCAC,0.050264169,0.09834915,0.089295229,0.063292712,0.060865526,0.089295229,0.053485036,0.051418091,0.048108938,0.04105231,0.04169116,0.030545005,0.019953408,0.038748458,0.040256409,0.040014623,0.032902982,0.033700214,0.030874634,0.024783823,0.021102894
N:GGTGC,0.050443848,0.09865937,0.089168423,0.062790495,0.061205323,0.089168423,0.05315705,0.051027708,0.047536983,0.041077228,0.042293722,0.030316231,0.021100717,0.038764742,0.040177291,0.040305443,0.032576595,0.033439235,0.03074516,0.024745894,0.021300118
N:CACCG,0.038121177,0.096931012,0.084620066,0.064209854,0.058087094,0.084620066,0.05289553,0.052974651,0.048528651,0.041310368,0.04624631,0.030974407,0.026183013,0.03754907,0.041529473,0.040175284,0.033066553,0.036633091,0.031896473,0.027372874,0.026074983
N:ACCGC,0.044232101,0.097437203,0.085815642,0.063184785,0.058105511,0.085815642,0.052212178,0.053471104,0.047749756,0.04152392,0.044729709,0.030599469,0.02517164,0.037082135,0.041500988,0.039778851,0.032929285,0.035004563,0.031383718,0.026120994,0.026150805
N:CGCGG,0.04425768,0.099004912,0.080800241,0.064402715,0.056936657,0.080800241,0.051474677,0.056594921,0.047147954,0.041518002,0.050420509,0.027755896,0.029551457,0.035192994,0.043539456,0.036751077,0.030287058,0.036096566,0.030188592,0.027947037,0.029331356
N:CGCGA,0.045668023,0.10049323,0.086020555,0.061339386,0.054805557,0.086020555,0.050502073,0.052211676,0.045068679,0.042042485,0.045304486,0.026852561,0.028680068,0.035901668,0.04349663,0.039930044,0.031666961,0.03612765,0.030890762,0.028110201,0.028866749
N:GTCGC,0.042050131,0.097498332,0.086373241,0.062774565,0.057623867,0.086373241,0.052601763,0.053081382,0.046870656,0.041035283,0.043513318,0.029746844,0.025218262,0.038247929,0.042616638,0.040986626,0.033142412,0.035411917,0.031356003,0.027143691,0.026333899
N:TGTCG,0.048800979,0.095048673,0.092373021,0.061032272,0.059620477,0.092373021,0.05228024,0.051644659,0.045352766,0.041316458,0.03776962,0.032137052,0.019978814,0.038872756,0.042207733,0.04231001,0.033178091,0.034323233,0.031559915,0.024725586,0.023094625
N:GACAT,0.058931184,0.09319775,0.098070921,0.060888381,0.062019118,0.098070921,0.052763717,0.04985982,0.044046774,0.041247891,0.032332734,0.03331724,0.013908043,0.039681346,0.042338198,0.042961193,0.034054963,0.031079656,0.031123762,0.021136938,0.018969451
N:ATTTG,0.069965815,0.088611989,0.104026824,0.059812004,0.062376886,0.104026824,0.052095661,0.049151926,0.041409423,0.040625248,0.027414598,0.034400931,0.010579907,0.040727424,0.042835896,0.043185205,0.033232978,0.028924936,0.030482362,0.018438281,0.01767488
N:TTTGC,0.063686943,0.091321297,0.101081071,0.060425549,0.062443236,0.101081071,0.052509927,0.049605532,0.043037241,0.040772178,0.030903814,0.033128958,0.012357844,0.039862305,0.042192315,0.042396462,0.033324832,0.030652922,0.030796673,0.020059184,0.018360645
N:TGCAA,0.062762711,0.091692241,0.100464743,0.060466131,0.06226117,0.100464743,0.052696215,0.049365578,0.043320328,0.040907283,0.031370329,0.033233265,0.012769711,0.039714637,0.042277599,0.043003892,0.033617845,0.030485694,0.030715649,0.020109947,0.018300288
N:TGCAC,0.050837031,0.095865949,0.092419543,0.062094569,0.062022338,0.092419543,0.052924012,0.049771778,0.046710604,0.041457806,0.038911819,0.031503204,0.019228567,0.039286864,0.040929656,0.041412431,0.033603767,0.033265763,0.031016725,0.02398223,0.0203358
N:CACCA,0.055307839,0.096898665,0.092902981,0.061831882,0.061424772,0.092902981,0.052410182,0.051104182,0.04606452,0.040976769,0.038273728,0.030844013,0.018508011,0.039170974,0.040585072,0.040987045,0.032566167,0.03291183,0.030699131,0.023417381,0.020211874
N:ACCAG,0.058399171,0.096003423,0.09433114,0.061705917,0.061602862,0.09433114,0.052726647,0.050736927,0.045828335,0.040542978,0.03681172,0.031264234,0.016801533,0.039663936,0.04096418,0.040612705,0.032337803,0.032168566,0.030655357,0.022610439,0.019900987
N:TCTGG,0.058359865,0.096286351,0.093967166,0.062203045,0.061500186,0.093967166,0.052571296,0.051007041,0.046262025,0.040507275,0.037654146,0.031142141,0.017047379,0.039605261,0.040449479,0.040400988,0.032253331,0.032019105,0.030418167,0.022558776,0.019819808
N:TTCTG,0.061077407,0.093208558,0.09905286,0.060794696,0.062121303,0.09905286,0.052342422,0.049721434,0.044302652,0.040437203,0.032570826,0.032531522,0.013797881,0.04029452,0.041880712,0.042124498,0.033049678,0.031075122,0.030969216,0.020868951,0.018725678
N:TTTCT,0.065785868,0.089849441,0.102513888,0.060048583,0.062358682,0.102513888,0.052139952,0.049249055,0.042317795,0.040556921,0.029200858,0.033720546,0.011706117,0.040856921,0.042493425,0.042908235,0.033220652,0.02989743,0.031019579,0.019371952,0.01827021
N:TTTTC,0.067284049,0.088636241,0.103261769,0.060034684,0.062183117,0.103261769,0.052124609,0.049055898,0.041581126,0.040573138,0.028436826,0.034315624,0.011291903,0.040603422,0.042945301,0.043625921,0.03327473,0.029557674,0.030857821,0.018764578,0.018329799
N:TTTTT,0.065991852,0.088597745,0.100020395,0.060968385,0.061311077,0.100020395,0.051781965,0.04986869,0.042345541,0.040503937,0.032939335,0.033739822,0.014390898,0.040789223,0.042508096,0.042794546,0.031937168,0.029266432,0.029982789,0.01986203,0.020379678
N:ATTTT,0.071623484,0.085462311,0.106830416,0.059547428,0.062394722,0.106830416,0.052029492,0.048483484,0.040057574,0.040626014,0.025369293,0.035824112,0.00934531,0.040718973,0.043666541,0.044726407,0.033481969,0.027641819,0.030237934,0.017348918,0.017753384
N:GATTT,0.066845359,0.089608716,0.102656971,0.060032416,0.061926861,0.102656971,0.051948506,0.049516273,0.042056931,0.040712826,0.029058343,0.033982299,0.011754909,0.040569647,0.04272589,0.0430943,0.033127952,0.029518264,0.0306788,0.018935352,0.018592413
N:AATCT,0.064969041,0.089869193,0.102019202,0.06001675,0.062337682,0.102019202,0.052519478,0.049704282,0.042490356,0.040766071,0.029374387,0.034096882,0.011656154,0.040507552,0.042561551,0.043351677,0.033353126,0.029827206,0.030889188,0.019226674,0.018444344
N:ATCTA,0.064906304,0.089491964,0.10158811,0.059440312,0.06227528,0.10158811,0.052403701,0.050259807,0.041879603,0.041339643,0.029294899,0.034320642,0.012011903,0.040491747,0.042528078,0.043082792,0.033932509,0.0299686,0.031083263,0.019501138,0.018611597
N:TCTAG,0.061409987,0.092682775,0.097656335,0.06064665,0.061917604,0.097656335,0.05292022,0.050277061,0.044690539,0.04114786,0.03333055,0.032451771,0.014277971,0.039715887,0.041807217,0.041855522,0.033286338,0.031285888,0.031070833,0.021115525,0.018797132
N:CCTAG,0.058011736,0.09613095,0.090786567,0.062108204,0.061377709,0.090786567,0.053139825,0.051024168,0.046646688,0.040893654,0.04004444,0.031030084,0.018753032,0.038856571,0.040530293,0.040718321,0.032436861,0.032202513,0.030677703,0.023286974,0.020557139
N:CCCTA,0.061337454,0.095605774,0.094184512,0.061194017,0.061321725,0.094184512,0.052771685,0.050968799,0.045054553,0.041112471,0.036178316,0.031704057,0.016081041,0.039409579,0.04104843,0.041244299,0.032842939,0.031599569,0.030557685,0.022043973,0.019554611
N:ACCCT,0.055725208,0.097108202,0.092034629,0.061999483,0.061135467,0.092034629,0.053090541,0.051559122,0.046111927,0.041078983,0.038660533,0.031259145,0.018006825,0.039083592,0.040590577,0.040617568,0.032940866,0.032639696,0.030721302,0.023193195,0.020408511
N:AACCC,0.05765896,0.095822245,0.093557835,0.061429932,0.061139352,0.093557835,0.052395413,0.050975055,0.045597617,0.04096404,0.038165568,0.031296411,0.018332215,0.038968231,0.040729692,0.040648056,0.032624001,0.03236482,0.030495747,0.022350379,0.020926595
N:GGTTA,0.061083283,0.092235437,0.097718331,0.060707132,0.061942609,0.097718331,0.052411505,0.050389353,0.04398776,0.041248852,0.033413355,0.032909477,0.014392159,0.039608319,0.042080055,0.042275356,0.033354764,0.031034973,0.031027942,0.02086367,0.019597335
N:GTTAG,0.060531345,0.091496251,0.098807127,0.06067363,0.06247497,0.098807127,0.052375555,0.050077417,0.043829281,0.041442015,0.032251463,0.033092782,0.013419924,0.03984491,0.042075902,0.042672618,0.033466479,0.031495676,0.031286246,0.020519371,0.019359911
N:GCTAA,0.060193387,0.090809692,0.098939804,0.060763866,0.062325306,0.098939804,0.052597296,0.049838648,0.04402448,0.04083424,0.033007944,0.032971833,0.013647408,0.039482173,0.042476235,0.042371722,0.033566965,0.031328102,0.031369074,0.020927531,0.019584491
N:AGCTA,0.061344822,0.091631778,0.097251663,0.060861309,0.062380234,0.097251663,0.052803796,0.050012081,0.044883057,0.041055929,0.034341288,0.032603919,0.014428524,0.039386947,0.041713518,0.04188279,0.033238901,0.031199725,0.031228267,0.021110384,0.019389406
N:GCTAT,0.066019432,0.090350878,0.100351528,0.060156017,0.06260095,0.100351528,0.052666679,0.049505758,0.043016243,0.041112708,0.030418197,0.033729851,0.012206691,0.039881598,0.041969748,0.042770436,0.033488539,0.030289243,0.030992784,0.019762753,0.018358437
N:ATCCC,0.059690192,0.095930859,0.093144383,0.061232868,0.061040815,0.093144383,0.052277677,0.051030468,0.045502404,0.040625218,0.037820276,0.031418313,0.018978038,0.039482275,0.040830624,0.040759883,0.032456139,0.031799862,0.030452081,0.022134132,0.020249112
N:TCCCT,0.057001265,0.095945372,0.093366317,0.061468562,0.061403391,0.093366317,0.052968726,0.050870907,0.045920487,0.041201252,0.037261496,0.031634498,0.017389327,0.03944095,0.040858075,0.041304839,0.032919909,0.032282091,0.030687976,0.022594771,0.020113473
N:CCCTT,0.060014486,0.094667345,0.095268699,0.06102017,0.061482108,0.095268699,0.052777882,0.051013865,0.044898378,0.040868572,0.035742922,0.031979528,0.01592027,0.039406089,0.041094937,0.041366061,0.032879419,0.03216456,0.03074855,0.021722873,0.019694585
N:CCTTT,0.060986069,0.092461039,0.097412295,0.060802933,0.061791197,0.097412295,0.052903868,0.050482396,0.044299014,0.040913632,0.033814728,0.032629708,0.014068988,0.039681185,0.041770512,0.042170913,0.033150437,0.031721876,0.031173588,0.021051569,0.019301758
N:CTTTA,0.064645084,0.088958465,0.102116556,0.06036292,0.062595685,0.102116556,0.05267256,0.049551419,0.04229431,0.040880557,0.02953781,0.034269053,0.011569153,0.040096937,0.042818442,0.043311806,0.033478319,0.029834469,0.031025016,0.019341325,0.018523558
N:TTTAT,0.069125639,0.085903768,0.105191926,0.059614639,0.06245587,0.105191926,0.052191201,0.048860911,0.040485991,0.040898548,0.02702886,0.035700086,0.010258371,0.040481655,0.043726254,0.044451428,0.033753451,0.027829505,0.03055242,0.018004545,0.018293005
N:CATAA,0.068055756,0.087977117,0.103775223,0.059600474,0.062200116,0.103775223,0.05241572,0.049266879,0.041179078,0.040743852,0.027691742,0.034879478,0.010891528,0.040860807,0.043213757,0.043635563,0.033915716,0.028674677,0.030651197,0.018604178,0.017991921
N:TATGA,0.069466486,0.088235395,0.103872516,0.059641968,0.062243412,0.103872516,0.052273633,0.04942873,0.040854874,0.040616337,0.02697651,0.035193737,0.010471884,0.040754325,0.043131566,0.043714752,0.034031003,0.028733982,0.030628587,0.01820348,0.01765431
N:CTCAT,0.058442208,0.093229577,0.097680343,0.060700293,0.062075095,0.097680343,0.053174664,0.050185245,0.044384561,0.041053368,0.033572883,0.033158659,0.014333136,0.039646634,0.041826102,0.042424867,0.033761167,0.031352015,0.031330434,0.021175878,0.01881253
N:ACTCA,0.058753667,0.094011616,0.096789544,0.061176095,0.062257765,0.096789544,0.052621945,0.050254209,0.044671207,0.040565694,0.034884884,0.032562858,0.015632008,0.040073863,0.041412226,0.04154217,0.032939715,0.031506339,0.030820889,0.021404238,0.019329525
N:AACTC,0.059385715,0.093203975,0.097059642,0.060868004,0.062345525,0.097059642,0.052211943,0.050060026,0.044823146,0.040924807,0.034775621,0.032562915,0.015324454,0.039700453,0.041558677,0.041804454,0.032876394,0.031551917,0.031020553,0.021202356,0.01967978
N:AGTTC,0.060900191,0.093529737,0.097760754,0.060646939,0.062340171,0.097760754,0.052229139,0.050174938,0.0443607,0.040442752,0.034299631,0.032548644,0.01499248,0.040002484,0.041502741,0.041594186,0.032534663,0.03140271,0.030794219,0.020914208,0.019267959
N:GTTCT,0.060144778,0.092876643,0.098973898,0.060799219,0.062172092,0.098973898,0.052376481,0.049974639,0.044140221,0.040709018,0.032725388,0.032644319,0.013927384,0.03987124,0.041910332,0.042112514,0.033253612,0.031236112,0.031054541,0.020896376,0.019227296
N:TTCTT,0.066842772,0.089677979,0.102711999,0.060043167,0.062520578,0.102711999,0.051989845,0.049406049,0.042128253,0.040469283,0.028986767,0.033601429,0.011563657,0.041083429,0.042358152,0.042803525,0.033098355,0.029724968,0.030875456,0.019225519,0.018176819
N:TCTTG,0.062092176,0.09330503,0.098423742,0.060515656,0.062079775,0.098423742,0.052165921,0.050074918,0.044174146,0.04095778,0.032534951,0.032494364,0.013881086,0.04026911,0.041779676,0.041851079,0.033085136,0.031419737,0.030929681,0.020649602,0.018892692
N:CTTGT,0.059337478,0.093436113,0.097118765,0.060975937,0.061797163,0.097118765,0.052474848,0.050022483,0.044448925,0.041128749,0.033765886,0.032524508,0.014795604,0.039967009,0.041804896,0.042356817,0.033296709,0.031770275,0.031116533,0.021343896,0.019398641
N:CACAA,0.060593026,0.092890234,0.097854476,0.060666211,0.061817934,0.097854476,0.052140073,0.049702835,0.044228199,0.041113422,0.033019727,0.032611107,0.014810773,0.040377562,0.041685567,0.042288587,0.033178296,0.03167513,0.031091931,0.021078826,0.019321606
N:TGTGT,0.048710547,0.093737756,0.092422146,0.060644597,0.061373016,0.092422146,0.052420744,0.04952168,0.04697834,0.041993706,0.039029267,0.031828314,0.020456516,0.041744161,0.040666512,0.041302181,0.033630397,0.034513767,0.031665099,0.023796896,0.021142212
N:AACAC,0.059056207,0.092339309,0.099696691,0.060598291,0.061960179,0.099696691,0.052367715,0.049451894,0.043672145,0.040670721,0.03207056,0.032697363,0.014309425,0.040438223,0.042099007,0.042680047,0.033441641,0.031622522,0.031105634,0.02092069,0.019105044
N:GTTGC,0.058348812,0.09397598,0.09597713,0.060787226,0.061516743,0.09597713,0.052309667,0.050822078,0.044725374,0.04131561,0.035326884,0.032216065,0.015586217,0.039326061,0.041755997,0.041778753,0.033136996,0.03215583,0.030987265,0.0220305,0.019943682
N:TGCAG,0.05423886,0.097397718,0.094286353,0.061877625,0.062364298,0.094286353,0.053164793,0.05043938,0.046052726,0.040650941,0.03729547,0.031516311,0.016817598,0.038668183,0.040894168,0.04148772,0.033137968,0.032162642,0.030800046,0.023037688,0.019423157
N:GCTGC,0.049352645,0.098404938,0.089854224,0.063109868,0.061509491,0.089854224,0.053320927,0.051477835,0.04781887,0.04111637,0.041472116,0.030789167,0.019907692,0.037946676,0.04039143,0.040395912,0.032834307,0.033588706,0.03098193,0.024826017,0.021046656
N:GGCTG,0.046756262,0.09996254,0.085839941,0.06428244,0.060573842,0.085839941,0.0531347,0.052177747,0.049265987,0.041316819,0.045768882,0.029693471,0.023127233,0.037736663,0.039753073,0.039460026,0.03236007,0.034039289,0.0306604,0.025947962,0.022302712
N:AGCCA,0.054329022,0.096679991,0.091313094,0.062413118,0.061324997,0.091313094,0.05263361,0.05099212,0.047189711,0.041334614,0.039863033,0.031055269,0.019118723,0.038649807,0.04044317,0.040388667,0.032703161,0.032985762,0.030807581,0.023743332,0.020718125
N:GCCAC,0.049843333,0.099075396,0.087979931,0.06329816,0.060865068,0.087979931,0.052955976,0.051755229,0.047772717,0.041417767,0.042183398,0.0307349,0.02158184,0.038005119,0.040197044,0.039985661,0.032639169,0.033874057,0.030648458,0.025352606,0.021854242
N:GATGT,0.059220297,0.09345364,0.098739802,0.060814932,0.061898144,0.098739802,0.052348923,0.049821855,0.044038786,0.041125602,0.032469082,0.032893147,0.014274038,0.039333325,0.041956922,0.042670573,0.033922872,0.031238149,0.031129395,0.020896322,0.019014392
N:CATCC,0.057321524,0.095718448,0.094540607,0.061789708,0.061484416,0.094540607,0.052570088,0.051031607,0.044959576,0.041184623,0.036007181,0.031657207,0.017861713,0.038805649,0.041068167,0.04154301,0.033188676,0.031942213,0.030545734,0.022599125,0.019640121
N:TCCAG,0.057835214,0.096781484,0.093376687,0.062157963,0.061632146,0.093376687,0.052616438,0.051054673,0.046319291,0.040687882,0.038223673,0.031161508,0.017368175,0.039177986,0.040420696,0.040638687,0.032215637,0.031937756,0.030547283,0.02260121,0.019868924
N:ACTGG,0.057949295,0.095883438,0.094550491,0.061538503,0.061645723,0.094550491,0.052669658,0.050744805,0.04577757,0.040866625,0.036419409,0.031602526,0.016877489,0.039234679,0.040884901,0.041077898,0.032669614,0.032184928,0.030907542,0.022364988,0.019599429
N:GACTG,0.055544615,0.095477386,0.094744971,0.062002477,0.062156388,0.094744971,0.052814292,0.050613307,0.04545327,0.041024579,0.036660018,0.03185403,0.016657159,0.038817983,0.041211624,0.041895674,0.032851782,0.032013553,0.031108789,0.022386614,0.019966519
N:AGTCT,0.059202162,0.093327852,0.097934003,0.061309776,0.062237591,0.097934003,0.053148645,0.050088194,0.044708095,0.041157287,0.03365838,0.032435121,0.014064292,0.03926917,0.04160989,0.041993571,0.03315595,0.031486234,0.031170377,0.021066915,0.019042491
N:GTCTC,0.054976428,0.095889957,0.093106747,0.061675859,0.061383892,0.093106747,0.05259866,0.050672316,0.046119749,0.040902157,0.038136748,0.03115944,0.018306193,0.039586202,0.04101316,0.041165447,0.033130036,0.032717919,0.030887992,0.023007834,0.020456518
N:TCTCC,0.054143445,0.095997653,0.093045405,0.061573845,0.061132931,0.093045405,0.052727813,0.050747298,0.046735697,0.041385374,0.038109684,0.031300532,0.017839386,0.039389406,0.040965882,0.041432082,0.032928281,0.032849615,0.031061023,0.023073291,0.020515952
N:CTCCT,0.053567894,0.096306472,0.092455273,0.061701273,0.061327982,0.092455273,0.052970305,0.050952756,0.046786442,0.041225215,0.038670515,0.031137311,0.018366237,0.039198779,0.040649442,0.041366613,0.032885637,0.032711273,0.030917538,0.02359037,0.020757399
N:TCCTA,0.062350206,0.09247882,0.097614341,0.061045455,0.062274918,0.097614341,0.052566493,0.050395407,0.043999438,0.040951262,0.032948361,0.032844647,0.013714357,0.039651633,0.042009148,0.042631177,0.033347597,0.03076524,0.030905062,0.020769232,0.019122864
N:ACTAG,0.06472461,0.091545603,0.098796998,0.06038506,0.06245237,0.098796998,0.052890712,0.050030499,0.043799752,0.041052011,0.031957048,0.033174219,0.012661622,0.039442191,0.042354836,0.042940407,0.032864423,0.030691846,0.030892373,0.020184389,0.018362034
N:AACTA,0.068472281,0.08780021,0.104060172,0.059505722,0.062733878,0.104060172,0.052251533,0.049163832,0.041261705,0.040987716,0.027691147,0.034794116,0.010431084,0.040129352,0.042928967,0.043709158,0.03358564,0.029246916,0.030906744,0.018392417,0.01788724
N:AGTTG,0.061459642,0.092014752,0.098431849,0.06058306,0.062379353,0.098431849,0.05241115,0.050041549,0.043996676,0.041413629,0.032747801,0.033093104,0.013744291,0.039444547,0.041822939,0.042255049,0.033420277,0.031474545,0.03132126,0.02061108,0.018901594
N:GTTGT,0.062260685,0.092110264,0.099237342,0.06036874,0.061779562,0.099237342,0.052075732,0.049814743,0.043698469,0.040829841,0.032453628,0.032684084,0.014101657,0.040205668,0.041735392,0.042307333,0.032802462,0.03129846,0.031028632,0.020642621,0.019327341
N:CACAC,0.044268191,0.094953139,0.089424517,0.061377862,0.061144531,0.089424517,0.05262807,0.049822023,0.04845462,0.042340288,0.042146919,0.031173988,0.02272438,0.04160696,0.040048056,0.040559816,0.033531393,0.035426336,0.031865206,0.025189161,0.021890026
N:GTCAA,0.060947113,0.09178918,0.099722022,0.060515928,0.061761716,0.099722022,0.05250807,0.049970009,0.043679838,0.041261676,0.031287037,0.033281068,0.013186245,0.040305696,0.042476367,0.042614539,0.033580813,0.030858738,0.031270046,0.02053851,0.018723366
N:TGTCA,0.057706574,0.09331585,0.097599959,0.061170914,0.062001812,0.097599959,0.052815984,0.050002638,0.044453635,0.041378161,0.032845799,0.032894433,0.014349262,0.039645475,0.042032451,0.042758456,0.033861753,0.031377922,0.031433974,0.021715235,0.019039753
N:GACAC,0.052474614,0.096211243,0.093623577,0.061402869,0.061269392,0.093623577,0.052836991,0.050719233,0.045626928,0.041580241,0.037136293,0.031618764,0.018377156,0.039304501,0.041089287,0.041391701,0.033185894,0.033132561,0.031180856,0.023543551,0.020670769
N:TTTGA,0.067182277,0.089033862,0.102929883,0.06024696,0.062263798,0.102929883,0.052165181,0.049236567,0.041914096,0.040804993,0.029052746,0.034168408,0.011470247,0.040581701,0.042565796,0.043101379,0.033093203,0.029446825,0.030600499,0.018981391,0.018230306
N:GTCGA,0.051434986,0.094909993,0.093962112,0.060509139,0.059103948,0.093962112,0.051484874,0.05154862,0.044930087,0.041313175,0.036654148,0.032147559,0.019495295,0.039752775,0.042219481,0.042610274,0.033383684,0.033414171,0.031293912,0.023663752,0.022205901
N:GACAG,0.051663221,0.096858933,0.09142837,0.062076709,0.061139849,0.09142837,0.05319163,0.051230463,0.04679037,0.040965577,0.039421063,0.03125616,0.018817499,0.03947447,0.040948046,0.04100716,0.033366132,0.032889956,0.031112859,0.023941686,0.020991477
N:TCTGT,0.057726154,0.094070169,0.096955742,0.060730163,0.061701983,0.096955742,0.052667725,0.050072748,0.044573054,0.040657987,0.034444465,0.032358677,0.015725847,0.040261923,0.041734041,0.041934975,0.033407437,0.0318217,0.030999191,0.021569487,0.019630787
N:AATTT,0.072091899,0.085267814,0.10763378,0.059395479,0.062291922,0.10763378,0.052093499,0.048488136,0.039836226,0.040544912,0.024345644,0.036072634,0.008996283,0.041018191,0.043937974,0.044911978,0.033505669,0.027292288,0.030131725,0.017016334,0.017493835
N:AATTG,0.070690622,0.0880456,0.104209028,0.059349652,0.062268608,0.104209028,0.052006682,0.048950761,0.041241365,0.04063992,0.027000562,0.034691058,0.010474933,0.040945423,0.04336499,0.043852372,0.03340501,0.028308845,0.030408234,0.018106952,0.017830354
N:ATTGA,0.069786435,0.088996177,0.104101318,0.059611222,0.062092602,0.104101318,0.051956484,0.049300794,0.040993096,0.040722667,0.026928199,0.034603889,0.010698143,0.04122335,0.043359998,0.043385917,0.033312007,0.028446662,0.030321953,0.01824229,0.017815478
N:AGTCA,0.056138301,0.093295365,0.096904224,0.061308581,0.062092107,0.096904224,0.053053381,0.0504729,0.044895906,0.041332117,0.034390452,0.032967709,0.014715827,0.03920407,0.042036337,0.04233211,0.033643978,0.031860241,0.031443776,0.021634741,0.019373651
N:ACTGA,0.059223527,0.09316295,0.098178067,0.061021841,0.062215729,0.098178067,0.052759062,0.049973323,0.043886623,0.040791191,0.03346441,0.032981544,0.014963253,0.039634892,0.041767022,0.042531156,0.033097866,0.031013236,0.030839314,0.020919605,0.019397322
N:GTCAG,0.052411886,0.095714751,0.093014174,0.0621344,0.061848524,0.093014174,0.053182459,0.050918797,0.046596887,0.041321508,0.038080487,0.031596797,0.017647115,0.039095744,0.040993342,0.041308601,0.033095378,0.032765015,0.031209589,0.023495343,0.020555027
N:GGTCA,0.054290852,0.096056383,0.093156976,0.061803024,0.061376291,0.093156976,0.053056604,0.051078786,0.046209274,0.041123182,0.037515231,0.031469954,0.017868481,0.039320813,0.040970226,0.040900175,0.032969625,0.032792569,0.031074712,0.023536511,0.020273353
N:GACCA,0.057869493,0.096274493,0.094345202,0.061582678,0.061389533,0.094345202,0.052426631,0.050750862,0.045480197,0.040930052,0.03629427,0.031468732,0.016813142,0.039712655,0.041149689,0.040966709,0.032729872,0.03219264,0.030772856,0.022668786,0.019836304
N:ACCAC,0.054171169,0.096100095,0.091861229,0.061950665,0.061350279,0.091861229,0.052828941,0.051228266,0.046214322,0.041214737,0.039337533,0.031065337,0.019380937,0.038715344,0.040603449,0.040950971,0.03275881,0.032960091,0.030762751,0.023619537,0.021064306
N:AGTGG,0.058040984,0.096435893,0.093946323,0.06215801,0.0619064,0.093946323,0.052988727,0.050542406,0.045599346,0.040619967,0.036953114,0.03144925,0.017186134,0.038946634,0.040953057,0.041105982,0.032508017,0.031970151,0.030541976,0.022266347,0.019934959
N:CACTA,0.065221225,0.092333766,0.099837808,0.060559399,0.062480481,0.099837808,0.052669828,0.049696256,0.043199058,0.040381143,0.031214134,0.033077747,0.012606567,0.040095115,0.042206991,0.042465106,0.03264887,0.03035408,0.030817767,0.019911276,0.018385575
N:ACTAA,0.067200476,0.088017108,0.10370716,0.059930355,0.062572602,0.10370716,0.052511515,0.049202662,0.041586757,0.040857354,0.027871033,0.034640347,0.0105795,0.040210455,0.043265225,0.043701921,0.033486335,0.029385806,0.030897426,0.018581915,0.018086888
N:AGTTA,0.063668743,0.088308632,0.102429387,0.059805097,0.062920541,0.102429387,0.05266369,0.049512948,0.04205438,0.041155713,0.029441364,0.034748595,0.011549972,0.039889903,0.04296026,0.043645338,0.033673957,0.03003034,0.031178149,0.019196364,0.01873724
N:AACTT,0.064538374,0.089288541,0.10256661,0.059991747,0.062778209,0.10256661,0.052264375,0.049310149,0.042297512,0.040889495,0.029461658,0.034256066,0.011507853,0.04025323,0.042728904,0.043042011,0.033350567,0.030171755,0.031069329,0.019203722,0.018463281
N:ACTTT,0.064395137,0.088963672,0.102586251,0.060248369,0.062679432,0.102586251,0.052602328,0.049109146,0.042184723,0.040902429,0.029082712,0.034441203,0.011185255,0.04004593,0.043148179,0.043733225,0.033585889,0.02987524,0.031062086,0.019240338,0.018342207
N:CTTTG,0.061462168,0.092507522,0.099086392,0.060925507,0.062278322,0.099086392,0.05273537,0.049759563,0.044066078,0.040969478,0.032354478,0.032537916,0.013189545,0.039792712,0.041980796,0.042170017,0.033288855,0.031333361,0.031213693,0.020658619,0.018603214
N:TTTGT,0.066778634,0.089800437,0.102532879,0.060213189,0.062372231,0.102532879,0.051962818,0.049102428,0.042337309,0.040502738,0.029338332,0.033591589,0.01187829,0.041133386,0.04240654,0.042725365,0.032807571,0.029791666,0.030679813,0.019156037,0.018355868
N:GACAA,0.061661167,0.092248219,0.099001085,0.06039248,0.062019088,0.099001085,0.052549405,0.049846614,0.043761223,0.040939205,0.032099028,0.03275949,0.013619638,0.040412722,0.042262306,0.042484314,0.033267835,0.030803256,0.031221637,0.020787742,0.018862463
N:TGTCT,0.055834088,0.094052133,0.095420419,0.060841821,0.061641461,0.095420419,0.052876217,0.05039987,0.045194223,0.041158948,0.035919935,0.032285764,0.016564875,0.040131735,0.041507579,0.04166186,0.033514312,0.03213248,0.031239872,0.022163355,0.020038633
N:GTCTT,0.05955794,0.092671618,0.097980997,0.060474225,0.062169037,0.097980997,0.052666116,0.050151092,0.044367064,0.041266083,0.033239165,0.032901642,0.014040757,0.039865626,0.041760623,0.04220882,0.033339047,0.031478119,0.03147431,0.02098633,0.019420391
N:TCTTA,0.064121708,0.088925277,0.101574405,0.060104733,0.062638042,0.101574405,0.052633567,0.049750182,0.042622634,0.041080263,0.029973507,0.034314141,0.011610248,0.040007139,0.04270032,0.043201072,0.033694414,0.029820091,0.031167171,0.019633435,0.018853248
N:CTTAT,0.068856051,0.088264006,0.103437377,0.05964171,0.062793716,0.103437377,0.052478316,0.04967082,0.041335761,0.040649347,0.027686385,0.034543178,0.010709904,0.041001439,0.042994101,0.043264923,0.033439751,0.028848336,0.030574441,0.018508058,0.017865004
N:ATCAT,0.067054855,0.089216577,0.103434273,0.05974109,0.061999453,0.103434273,0.052305768,0.049397371,0.041365092,0.040568525,0.027800968,0.034706564,0.011113227,0.040743574,0.043118289,0.043700676,0.034110231,0.029048168,0.030619031,0.018723598,0.017798398
