,X,1,2,3,4,5,6,7,8,9,10,11,12,13,14,15,16,17,18,19
AACAA,0.04729528,0.070321051,0.085892674,0.051988325,0.056714537,0.062858612,0.053945143,0.068596398,0.041756492,0.060371132,0.048679977,0.066316208,0.036731783,0.040612252,0.03811648,0.034667175,0.033804849,0.041001957,0.030032171,0.030297503
AACAC,0.036784898,0.065968488,0.0854625,0.049857475,0.059473964,0.062449751,0.051538534,0.076723085,0.046693745,0.058722187,0.04735155,0.070270327,0.037348731,0.037567999,0.037233876,0.038121391,0.031324068,0.046338738,0.02856755,0.032201142
AACAG,0.039528828,0.065727496,0.084958127,0.049411035,0.059783746,0.063404817,0.052786855,0.076179553,0.044123693,0.059985718,0.047117209,0.072868653,0.035244134,0.037689439,0.037379268,0.037768785,0.032070286,0.044498785,0.02870168,0.030771894
AACAT,0.048058439,0.069135145,0.086978381,0.050414535,0.05568864,0.06056842,0.053421268,0.074103648,0.042409724,0.059799485,0.047112057,0.064432812,0.036642711,0.041828094,0.0389298,0.035932925,0.032807894,0.042774475,0.027563363,0.03139818
AACCA,0.042358954,0.065707987,0.088886662,0.048291412,0.05883355,0.058863614,0.053131576,0.078775428,0.045345225,0.057701172,0.046678024,0.074065538,0.034462371,0.036065738,0.037178074,0.0374286,0.032007215,0.04510472,0.027297324,0.031816815
AACCC,0.033967959,0.060323107,0.085223062,0.046444885,0.062640635,0.060471321,0.049139685,0.086422248,0.049395691,0.058221162,0.046539203,0.079941253,0.032297183,0.032162443,0.036541493,0.04030074,0.029925758,0.050500559,0.026611154,0.032930461
AACCG,0.031024614,0.062240031,0.081930929,0.045411181,0.061858424,0.067735165,0.047471857,0.074947529,0.049570693,0.056286968,0.050982637,0.079450487,0.034611715,0.034153787,0.035985499,0.043197863,0.030757489,0.047395535,0.029727151,0.035260446
AACCT,0.037987334,0.065817917,0.086370401,0.04678623,0.061798668,0.061994199,0.050327514,0.078027744,0.047829062,0.058887428,0.046080146,0.076984912,0.034163616,0.035684413,0.036672931,0.038791184,0.031915009,0.04540665,0.025842684,0.032631956
AACGA,0.035297939,0.06474898,0.081784387,0.052441621,0.05976829,0.068538636,0.046919551,0.06658967,0.050276104,0.054679323,0.05370484,0.071642545,0.036813802,0.038834951,0.03641679,0.04063955,0.030389432,0.045908976,0.031616559,0.032988054
AACGC,0.029320802,0.064545929,0.077760373,0.046873117,0.06125236,0.065951721,0.047515765,0.074426638,0.052616781,0.05378158,0.05209463,0.076314415,0.036992409,0.035586617,0.036751416,0.039362172,0.031891393,0.047957585,0.033176688,0.03582761
AACGG,0.027474545,0.062994492,0.081822734,0.04867301,0.061625772,0.066332833,0.046870305,0.071674178,0.05338007,0.058287431,0.051844433,0.079152061,0.034919045,0.033350025,0.035787014,0.043264897,0.030412285,0.048372559,0.029644467,0.034117843
AACGT,0.033512801,0.068454016,0.08182251,0.050214262,0.056806944,0.068307512,0.050653774,0.064754789,0.050397392,0.055268652,0.053473977,0.071127715,0.040435117,0.039006703,0.037907922,0.039409589,0.032157638,0.046185401,0.030619346,0.029483939
AACTA,0.050184781,0.06874685,0.087371913,0.052935495,0.058562909,0.058394927,0.051990593,0.068914833,0.041512683,0.058877877,0.048735931,0.067507979,0.037082143,0.040357803,0.040882748,0.034982362,0.031118764,0.039601881,0.030593818,0.031643709
AACTC,0.038697231,0.068134362,0.085508398,0.047174308,0.059952338,0.062414889,0.052632773,0.077644122,0.04648207,0.057966409,0.046595552,0.074296414,0.035213345,0.037278711,0.036041761,0.037800726,0.03135497,0.045199728,0.027666818,0.031945075
AACTG,0.040973861,0.065160684,0.086357426,0.049314145,0.058160169,0.061540646,0.051319362,0.074556812,0.045924795,0.059615282,0.047974376,0.07149575,0.036324597,0.037797455,0.037699856,0.038800064,0.032935247,0.044877824,0.028028676,0.031142974
AACTT,0.046773667,0.067422605,0.085583473,0.05275931,0.055736836,0.062252723,0.051933352,0.068014031,0.043276094,0.059356773,0.0490476,0.068513684,0.038177591,0.039839703,0.039227883,0.036729616,0.033323816,0.041389648,0.029153241,0.031488355
AATAA,0.055942493,0.072637003,0.089060919,0.056177792,0.052718888,0.059060213,0.055683663,0.061883809,0.038483258,0.060495541,0.049342337,0.057271936,0.038130309,0.043389256,0.041200969,0.033118426,0.034800819,0.038800913,0.03081249,0.030988964
AATAC,0.052424123,0.069767442,0.088036195,0.053469521,0.054583469,0.059998972,0.053966513,0.065911467,0.042535689,0.058782197,0.048979452,0.063032339,0.038422649,0.042072972,0.03900533,0.035252181,0.031636133,0.042124385,0.029716714,0.030282257
AATAG,0.054071284,0.069100744,0.088940404,0.053317879,0.054689462,0.057954216,0.054361055,0.071283686,0.04078045,0.058379214,0.047116778,0.067188255,0.036182749,0.037592968,0.040104318,0.032975949,0.033574809,0.040934995,0.030503236,0.030947551
AATAT,0.058502048,0.071964754,0.089135519,0.056770759,0.052726779,0.060117056,0.05487151,0.069936304,0.037726586,0.059806974,0.047507074,0.057558883,0.035969457,0.043424334,0.037041822,0.030310469,0.032804041,0.04266205,0.03053011,0.030633471
AATCA,0.051992851,0.069327967,0.088375348,0.052055342,0.056917174,0.057992026,0.05614228,0.071627651,0.041294322,0.059741786,0.047231006,0.062628889,0.036182525,0.040394446,0.039532064,0.03403282,0.032683006,0.040081989,0.030095862,0.031670645
AATCC,0.045192759,0.066679939,0.083858307,0.04778089,0.059882539,0.060693107,0.054364983,0.077956798,0.043969796,0.059598129,0.045932225,0.068940999,0.035864109,0.037215057,0.038921517,0.037115513,0.030986476,0.044823026,0.029009826,0.031214004
AATCG,0.041262136,0.065164626,0.081468974,0.052606585,0.060890671,0.061893204,0.051181933,0.067169692,0.04595821,0.058780076,0.054136767,0.067750106,0.035299705,0.038096243,0.036143943,0.042370198,0.032186577,0.045325032,0.030075981,0.032239341
AATCT,0.04995914,0.069218291,0.085842878,0.051069072,0.057850635,0.06019247,0.052654689,0.073950748,0.040250284,0.059716784,0.048324734,0.067254565,0.036225255,0.037932843,0.037835267,0.036274043,0.032383183,0.041165063,0.030346274,0.031553783
AATGA,0.048789932,0.068432632,0.089589017,0.05160609,0.056446361,0.059579336,0.054175834,0.073624923,0.041327114,0.060441785,0.0464226,0.063777172,0.036302033,0.040288656,0.037894922,0.035369181,0.031734577,0.04321042,0.030370501,0.030616915
AATGC,0.045093044,0.067982258,0.08806528,0.050201089,0.057585123,0.059162798,0.051765832,0.076426696,0.04153681,0.057688577,0.046476742,0.068124507,0.035303702,0.037838327,0.040023794,0.036971899,0.032652692,0.04447232,0.031217266,0.031411243
AATGG,0.04537953,0.066102717,0.087764722,0.049006335,0.058443933,0.05967922,0.052326788,0.077348776,0.044282594,0.059244399,0.046565406,0.070846222,0.034558409,0.036613928,0.037226631,0.036445929,0.031445484,0.045863763,0.028826674,0.03202854
AATGT,0.046402267,0.069955085,0.087519217,0.050672722,0.055616403,0.060449553,0.053787643,0.076114589,0.043237106,0.058580601,0.047437224,0.06422765,0.036394329,0.041930849,0.037188131,0.034676099,0.031721948,0.045005577,0.028104621,0.030978386
AATTA,0.055834358,0.07142145,0.088022201,0.058891954,0.054970255,0.059024893,0.054604673,0.057196982,0.036325567,0.058277111,0.051912659,0.056731696,0.041094752,0.04767523,0.040247266,0.031905347,0.034613979,0.037355844,0.033982519,0.029911263
AATTC,0.051156153,0.07036426,0.084204048,0.054403331,0.057480294,0.058763454,0.053460602,0.068753764,0.040052898,0.06045251,0.048969545,0.06351638,0.036792626,0.042174038,0.038743551,0.033532354,0.032380129,0.043182235,0.030677979,0.030939849
AATTG,0.059086902,0.070185144,0.085708853,0.054453991,0.057185334,0.058862171,0.054194686,0.070824762,0.040036648,0.056926029,0.049095027,0.062665307,0.036389095,0.039431604,0.03899943,0.03407264,0.031514167,0.039639048,0.030615244,0.030113921
AATTT,0.057397757,0.072037885,0.088823822,0.05702779,0.054131476,0.060790884,0.055051108,0.063105821,0.037673224,0.058306819,0.04904707,0.057429468,0.038687991,0.045072566,0.038265171,0.032092006,0.033730431,0.039861315,0.031732609,0.029734786
ACCAA,0.043860621,0.064713052,0.087147045,0.047970666,0.060532493,0.060159768,0.051043125,0.078121065,0.045180268,0.058739385,0.046026453,0.074575144,0.034159707,0.036426276,0.037786217,0.038813728,0.030966364,0.044747101,0.027380149,0.031651372
ACCAC,0.034708108,0.060375639,0.08708564,0.041129371,0.060927535,0.063371645,0.050415236,0.088618684,0.050266312,0.05758112,0.045614619,0.080909664,0.031712103,0.032272759,0.034997197,0.040691359,0.029565842,0.051755554,0.026096783,0.031904829
ACCAG,0.033910457,0.060976419,0.083740507,0.042666897,0.061275161,0.062171385,0.052538637,0.086714642,0.050766105,0.057630517,0.045388762,0.081908227,0.032669021,0.031620107,0.035809124,0.041000584,0.02962186,0.049677359,0.026780498,0.03313373
ACCAT,0.041443299,0.0625135,0.087668139,0.046264114,0.060225822,0.061600393,0.052047128,0.085252823,0.045400098,0.058095238,0.045105547,0.075493373,0.033873343,0.036730486,0.034570447,0.037879234,0.030456554,0.047599411,0.026509573,0.031271478
ACCCA,0.032403132,0.05758159,0.085548065,0.041449078,0.063744573,0.061155084,0.050469129,0.092453368,0.050840289,0.058815913,0.044944887,0.081801939,0.030892597,0.030745859,0.035898941,0.041414551,0.0286829,0.053516094,0.024315296,0.033326716
ACCCC,0.0275182,0.055542094,0.081458928,0.040308052,0.065150286,0.062980015,0.046523878,0.096577082,0.05277131,0.057923071,0.048462373,0.090751061,0.028814041,0.026433064,0.032975484,0.04358453,0.027117858,0.057575406,0.022566609,0.034966656
ACCCG,0.025276048,0.055392747,0.079334345,0.041969752,0.065623528,0.070124025,0.044063007,0.084044168,0.058977445,0.055863729,0.049086818,0.088780156,0.032157622,0.02956722,0.034303208,0.044743315,0.027709456,0.053822806,0.025459208,0.033701397
ACCCT,0.032057673,0.058066186,0.082675052,0.041634711,0.064038653,0.062811565,0.048239896,0.091197561,0.050492753,0.059063195,0.045776133,0.08623169,0.030044482,0.029565151,0.035000767,0.043877981,0.027925838,0.05422195,0.022883273,0.03419549
ACCGA,0.029833585,0.061331316,0.081301059,0.047564297,0.06311649,0.069167927,0.046565809,0.071739788,0.052072617,0.058184569,0.050832073,0.083812405,0.035400908,0.033282905,0.034160363,0.042783661,0.028895613,0.048018154,0.027987897,0.033948563
ACCGC,0.024806908,0.055004291,0.083512122,0.040629693,0.065141601,0.067662519,0.044866981,0.084504398,0.05720339,0.056398841,0.050927912,0.085362583,0.034300579,0.031565115,0.03287921,0.044250161,0.026630551,0.050954731,0.028883287,0.034515126
ACCGG,0.025740804,0.057581574,0.078563353,0.041332527,0.06670523,0.067336261,0.044987248,0.082112902,0.055977704,0.054794521,0.051481608,0.086346068,0.033102832,0.031788184,0.03389162,0.047826887,0.026082612,0.051429022,0.026398128,0.036520916
ACCGT,0.026675666,0.058751027,0.081641038,0.045574598,0.061597605,0.068024416,0.047217983,0.076505458,0.052647024,0.061538913,0.050064562,0.080643268,0.034628478,0.033190515,0.034921939,0.043432328,0.031194976,0.052382909,0.026910435,0.032456861
ACCTA,0.042510397,0.064447399,0.083503784,0.04574896,0.062896298,0.061072476,0.050112497,0.076003954,0.046260312,0.058669121,0.046106907,0.077009613,0.034857162,0.035402604,0.037567328,0.039561601,0.033118565,0.045834186,0.026811891,0.032504943
ACCTC,0.032081269,0.061470858,0.082493534,0.042685844,0.063254502,0.064186861,0.049552873,0.085533837,0.0496907,0.058308943,0.045807221,0.085258182,0.03121377,0.031684003,0.035372903,0.040950844,0.029624705,0.051117615,0.025595291,0.034116245
ACCTG,0.031180542,0.05956161,0.084476408,0.0412142,0.06516056,0.064721323,0.048961707,0.084232976,0.051089096,0.05793167,0.046320992,0.083767278,0.033011579,0.030968862,0.034625643,0.042992316,0.02938655,0.051951695,0.025068267,0.033376728
ACCTT,0.038863196,0.065504565,0.08478596,0.045361477,0.062302858,0.062935294,0.049986165,0.078271868,0.047416894,0.058761216,0.045519586,0.077552472,0.034681213,0.035282027,0.036554805,0.038879007,0.029843077,0.048152101,0.026641369,0.03270485
ACTAA,0.05137002,0.07204611,0.084465486,0.0547093,0.056287453,0.059512374,0.05317689,0.065779242,0.040917616,0.058002836,0.048579662,0.064361191,0.039659668,0.042472897,0.038470335,0.035359773,0.033072595,0.039751155,0.031380083,0.030625314
ACTAC,0.04237971,0.065018034,0.088865014,0.046792265,0.057996316,0.06137288,0.050571714,0.07975213,0.046638784,0.060413629,0.046120789,0.075838385,0.034360371,0.033708081,0.036240503,0.038542706,0.030120482,0.044931318,0.027261914,0.033074975
ACTAG,0.049202897,0.064043614,0.085464908,0.049340566,0.061813376,0.05713263,0.051350533,0.07924227,0.040750021,0.057242765,0.047247997,0.070954597,0.037611168,0.035573667,0.037996641,0.036399681,0.030700184,0.04328313,0.031471131,0.033178226
ACTAT,0.052060738,0.068236752,0.090858382,0.05053197,0.055841339,0.05687429,0.051482285,0.077739903,0.041669249,0.060489619,0.045222601,0.066625349,0.035740109,0.037454808,0.039066212,0.034004752,0.03340564,0.041751885,0.030038219,0.030905898
ACTCA,0.036650934,0.063266082,0.087011393,0.044240444,0.061459468,0.063750151,0.052314022,0.083450029,0.049383677,0.057025051,0.046047058,0.075168992,0.032830247,0.034118217,0.03683246,0.038760092,0.031049565,0.048813167,0.025785315,0.032043635
ACTCC,0.033096283,0.063075604,0.084137792,0.043052403,0.063761537,0.063469007,0.052524336,0.085711404,0.04916528,0.057114036,0.046159278,0.081081354,0.032944974,0.032894538,0.034014223,0.039804307,0.029555656,0.049044233,0.02550058,0.033893176
ACTCG,0.029390997,0.060076493,0.081906443,0.044689615,0.061370991,0.065725213,0.04786702,0.077022654,0.055457487,0.054839659,0.049955869,0.081200353,0.036746102,0.033156811,0.034657252,0.043983525,0.03030303,0.049485143,0.028302442,0.033862901
ACTCT,0.037332353,0.066149182,0.086037112,0.047887195,0.061556127,0.059728091,0.053233511,0.080571376,0.04454345,0.057991916,0.047648356,0.075087268,0.035035826,0.035770715,0.03623002,0.037084328,0.031591034,0.047464633,0.028182987,0.030874518
ACTGA,0.04200879,0.06332522,0.086496028,0.047910705,0.060294026,0.06075762,0.052519903,0.077866039,0.045726461,0.060570399,0.045432257,0.072249414,0.036579386,0.037123218,0.037560067,0.039146986,0.032193069,0.045129138,0.025970205,0.031141066
ACTGC,0.033979842,0.061607521,0.084068773,0.043575845,0.062717032,0.063843483,0.051401711,0.082027611,0.050385365,0.059092064,0.046243754,0.075480647,0.03497925,0.033827391,0.035893961,0.040882527,0.031481325,0.049648514,0.026399593,0.032463793
ACTGG,0.036687782,0.061624246,0.084026856,0.045487995,0.06079733,0.061677351,0.052725411,0.084762736,0.049114289,0.057277245,0.045594204,0.078959147,0.033273907,0.032204226,0.036445018,0.041057543,0.03045177,0.048666692,0.026658575,0.032507681
ACTGT,0.036763462,0.062950582,0.089749889,0.046888719,0.059656047,0.063031133,0.051987595,0.080172379,0.04535825,0.059172742,0.046050989,0.07192396,0.036771517,0.035853236,0.037649523,0.037915341,0.031825688,0.047138427,0.028917798,0.030222723
ACTTA,0.045989259,0.070880573,0.083851902,0.053817521,0.057127838,0.062597676,0.054073253,0.065723297,0.042877845,0.059372603,0.049256955,0.067229279,0.037578496,0.041016679,0.038999233,0.036740261,0.033586225,0.039326002,0.029522916,0.030432188
ACTTC,0.039253512,0.06408052,0.085133152,0.047909415,0.059282869,0.061807507,0.051524429,0.076712099,0.046902915,0.058947368,0.04732229,0.073793248,0.034774586,0.036460474,0.037777312,0.0399329,0.032384148,0.046223527,0.026848396,0.032929335
ACTTG,0.04269802,0.064437591,0.087364064,0.047587648,0.060440675,0.06147541,0.050306363,0.076235595,0.046228291,0.058411784,0.045579046,0.074754504,0.035444733,0.036682357,0.037788103,0.038538792,0.031660851,0.045852946,0.026842233,0.031670995
ACTTT,0.048140145,0.067338948,0.086685505,0.053477763,0.05833518,0.061853576,0.052203384,0.069767657,0.042294622,0.058510638,0.047161274,0.065833703,0.038259087,0.040789376,0.039625813,0.035119311,0.032718307,0.040807846,0.029929447,0.031148419
AGCAA,0.041703839,0.066793445,0.087954485,0.048864472,0.059476296,0.062152729,0.052323488,0.074071465,0.04440375,0.058302421,0.046908015,0.073163669,0.035247531,0.037211814,0.037970919,0.038557856,0.032672833,0.043519432,0.027406051,0.031295488
AGCAC,0.031902289,0.060339231,0.08292485,0.044108099,0.061775686,0.06606882,0.049991884,0.085075475,0.050300276,0.05766921,0.046753774,0.078161013,0.034637234,0.033428015,0.035692258,0.041340691,0.029922091,0.049764649,0.027146567,0.03299789
AGCAG,0.031375585,0.060533046,0.083836398,0.043753588,0.063194795,0.065265044,0.049729476,0.081940119,0.049507663,0.05655347,0.046049999,0.085132479,0.034015588,0.032162802,0.036333745,0.042701066,0.029962074,0.049338042,0.02562151,0.032993511
AGCAT,0.040006808,0.064856536,0.086346982,0.047522642,0.060422284,0.060780608,0.052368966,0.07826679,0.044656054,0.060699985,0.047522642,0.073124849,0.034909658,0.036961059,0.037435838,0.037677706,0.03181016,0.04635809,0.027340076,0.030932268
AGCCA,0.033641834,0.061130569,0.086431033,0.041938085,0.062563096,0.062625135,0.049918504,0.088269631,0.04964779,0.058209115,0.046461263,0.081090074,0.031498683,0.031560722,0.034572413,0.040466079,0.030833178,0.050781404,0.025362503,0.032998889
AGCCC,0.027393728,0.055303237,0.081916128,0.040123501,0.066077339,0.063362322,0.046628079,0.094137284,0.054128401,0.056607017,0.04530997,0.089251687,0.031756379,0.028461109,0.03426365,0.044242589,0.028174563,0.053691419,0.02426322,0.034908377
AGCCG,0.023421398,0.057999898,0.081983409,0.041136491,0.066584905,0.0705197,0.044526206,0.082511455,0.055121195,0.055530005,0.051390805,0.086548452,0.033505374,0.030149727,0.033198767,0.044781713,0.029127702,0.050845725,0.025244008,0.035873065
AGCCT,0.031277915,0.058767823,0.084766709,0.041621052,0.064416251,0.062253595,0.04849185,0.08713757,0.050587342,0.057746942,0.04503966,0.085357745,0.032849534,0.031674178,0.036684554,0.043078494,0.029800324,0.050694804,0.024682486,0.033071173
AGCGA,0.029587405,0.060680091,0.08079163,0.043801204,0.061815221,0.066873951,0.048933965,0.076522555,0.055572007,0.055152502,0.050118448,0.079607146,0.035460468,0.031561544,0.033659066,0.044886981,0.031117363,0.048341723,0.030771888,0.034744843
AGCGC,0.022930529,0.052301783,0.079558461,0.039109939,0.067336605,0.067065009,0.04492987,0.084369604,0.058393311,0.055405746,0.049585815,0.084699401,0.03647157,0.032843812,0.033115409,0.045667061,0.027373077,0.051971987,0.029972646,0.036898365
AGCGG,0.02401011,0.055830525,0.083807217,0.039279697,0.065852289,0.068748245,0.045861415,0.084421511,0.055567256,0.054549284,0.049178602,0.087510531,0.033224516,0.029608958,0.033645746,0.047318169,0.027713423,0.052636198,0.025870542,0.035365768
AGCGT,0.025578285,0.058525621,0.078868751,0.045267021,0.06307793,0.066805133,0.045949868,0.077275443,0.055139841,0.058724784,0.050644436,0.083392608,0.036759894,0.032918884,0.034625999,0.043503002,0.028764902,0.050132301,0.029760719,0.034284576
AGCTA,0.043085904,0.064368541,0.088948489,0.047787331,0.059556677,0.059367358,0.050658673,0.076595409,0.044490021,0.061623412,0.047534906,0.075238621,0.036270411,0.034424548,0.036617496,0.039078646,0.03144277,0.04398517,0.028050801,0.030874813
AGCTC,0.031045585,0.058606114,0.084145038,0.041984031,0.063629495,0.066454296,0.048273468,0.081238556,0.04950549,0.057033755,0.04651052,0.086282358,0.034986693,0.031692226,0.035007113,0.042630673,0.030262809,0.049975155,0.026308087,0.034428539
AGCTG,0.029645792,0.058574744,0.08557271,0.041545327,0.063431331,0.065702816,0.048019283,0.082803918,0.050411735,0.05760253,0.047517495,0.088099569,0.034654707,0.031272121,0.034901121,0.043373267,0.03016102,0.048798846,0.02470856,0.033203107
AGCTT,0.038860529,0.064286066,0.085632684,0.045188188,0.061421795,0.062332781,0.048823925,0.076867521,0.046164831,0.058442624,0.047305615,0.078648458,0.036808759,0.035741838,0.037038557,0.039976692,0.031326428,0.044753213,0.027280337,0.033099158
AGTAA,0.049683758,0.070395269,0.087394089,0.053834016,0.055968813,0.062267128,0.053873795,0.067027328,0.040693743,0.059681504,0.04723073,0.063884801,0.038638503,0.040415291,0.038916955,0.034859514,0.033175544,0.039937945,0.031226381,0.030894891
AGTAC,0.040164175,0.064204046,0.089313984,0.046012899,0.059073585,0.062269129,0.050117268,0.07661976,0.047229551,0.060158311,0.046320727,0.072705951,0.034242158,0.037481677,0.037818821,0.039709763,0.032102023,0.044415128,0.028114922,0.031926121
AGTAG,0.043879187,0.065944999,0.088367189,0.047160846,0.059812307,0.058817415,0.051689831,0.081566287,0.044992872,0.058683773,0.044161321,0.0753445,0.035875505,0.034153005,0.03630613,0.039275956,0.030811951,0.043997981,0.02687693,0.032282015
AGTAT,0.053349486,0.068956295,0.087678172,0.051980743,0.058006356,0.058918851,0.052767377,0.069569869,0.043249111,0.058698593,0.046631635,0.06533778,0.035728895,0.039803656,0.038545043,0.035005192,0.032897014,0.043028854,0.02910544,0.030741638
AGTCA,0.039650114,0.063286627,0.087636074,0.047090223,0.060069283,0.060809637,0.052747996,0.080095424,0.045499831,0.060169825,0.047071942,0.074026342,0.034732695,0.035034321,0.036834937,0.038169404,0.031259426,0.045417569,0.027767876,0.032630453
AGTCC,0.0325805,0.060523812,0.083058741,0.044749362,0.065551605,0.063678702,0.050468226,0.083168912,0.051139266,0.055946717,0.045320246,0.081386149,0.033912564,0.032840903,0.035605188,0.040973509,0.030327007,0.049556813,0.026190595,0.033021183
AGTCG,0.031061377,0.05934215,0.083689386,0.045676501,0.061241099,0.067039674,0.047744998,0.078128179,0.054730417,0.05584944,0.050559512,0.08128179,0.033163784,0.032790777,0.033502882,0.044286199,0.029365887,0.049508308,0.028958969,0.032078671
AGTCT,0.037040594,0.065159562,0.084001575,0.047172257,0.062566624,0.06272028,0.053424118,0.078489182,0.045530064,0.058792459,0.046701687,0.07627078,0.035417607,0.035552056,0.037837682,0.037972131,0.032565376,0.046163893,0.026332722,0.030289353
AGTGA,0.038785586,0.062636634,0.087298273,0.04623648,0.060671563,0.060778004,0.054350585,0.081378497,0.046449363,0.057371881,0.045106564,0.073043322,0.035322149,0.034839069,0.037557417,0.037516478,0.032047031,0.04846356,0.027191668,0.032955876
AGTGC,0.035342949,0.060990594,0.086008405,0.044170943,0.061042219,0.063685455,0.049343837,0.085399221,0.049880745,0.057665899,0.044976304,0.075497414,0.034382712,0.032544837,0.03689172,0.041971688,0.031532973,0.049777493,0.026401379,0.032493211
AGTGG,0.035963875,0.060700078,0.084683675,0.042399435,0.062358886,0.061744513,0.052367641,0.08754051,0.04895019,0.05881856,0.045478981,0.080866881,0.03332207,0.031732379,0.035034635,0.04020305,0.029720307,0.049979265,0.026026387,0.032108683
AGTGT,0.035438394,0.063634043,0.084388385,0.047162943,0.061724076,0.06235758,0.052041868,0.084010174,0.047626252,0.05716663,0.047011658,0.071604845,0.035996256,0.036601394,0.036610849,0.038662645,0.03075803,0.049025633,0.026418056,0.03176029
AGTTA,0.045260887,0.069611566,0.086885217,0.055582295,0.053799668,0.061874967,0.052730093,0.066759363,0.04219477,0.060145819,0.048095264,0.064548906,0.038593864,0.041588677,0.039306915,0.036329929,0.033370768,0.039199957,0.03183771,0.032283366
AGTTC,0.038448745,0.064756296,0.084675289,0.046882032,0.060882071,0.062300663,0.051441094,0.074774493,0.04661788,0.059277594,0.047332068,0.075527814,0.036726867,0.036296398,0.037548672,0.038888998,0.031424267,0.046431996,0.027735927,0.032030837
AGTTG,0.043991778,0.065592809,0.086740915,0.048068101,0.05881055,0.060784837,0.051308256,0.078599882,0.045234418,0.058868617,0.046906756,0.073548027,0.034608104,0.036512711,0.038045687,0.037964393,0.031600218,0.044328568,0.026350935,0.032134437
AGTTT,0.046428081,0.069386914,0.086112802,0.052523607,0.056813051,0.061367518,0.052229137,0.068925578,0.043748405,0.058079271,0.049578908,0.067443413,0.037299515,0.040960757,0.038212372,0.036209977,0.033599011,0.041323936,0.029653115,0.030104635
ATCAA,0.049840431,0.06695279,0.088103885,0.050236602,0.058677231,0.059788709,0.05316386,0.074149884,0.042049081,0.060360955,0.04844283,0.067910201,0.0367448,0.037889292,0.037151975,0.03737207,0.031330472,0.039396941,0.028513261,0.031924728
ATCAC,0.040926403,0.063672494,0.08827565,0.046166402,0.059615339,0.059177687,0.054931277,0.080255967,0.046119089,0.059627168,0.046237373,0.071502922,0.03298952,0.037448842,0.037720896,0.037105817,0.032504554,0.046154574,0.027583923,0.031984103
ATCAG,0.042109235,0.064908971,0.085897557,0.047137063,0.05867371,0.061522498,0.052815772,0.080511273,0.045637204,0.060211301,0.045184417,0.07288935,0.03518536,0.037175738,0.038260541,0.037373833,0.030770682,0.044533535,0.027903028,0.031298934
ATCAT,0.050220485,0.066166482,0.089510753,0.049541265,0.055748292,0.058830906,0.053334448,0.079103012,0.041798157,0.061338795,0.046207862,0.068914711,0.034744718,0.03785868,0.038454304,0.034765617,0.030805241,0.044212,0.027367343,0.03107693
ATCCA,0.041925089,0.064308236,0.083321784,0.04718305,0.06032362,0.060583486,0.053324556,0.081416098,0.046247531,0.05788954,0.046238869,0.074607602,0.035289837,0.035593015,0.036173383,0.039040574,0.030109837,0.047304321,0.028351408,0.030768165
ATCCC,0.03404819,0.061102956,0.083073765,0.043583593,0.062069624,0.062451517,0.051686895,0.090031387,0.049025575,0.057284021,0.046674543,0.079350304,0.030825964,0.031637488,0.036351485,0.039860132,0.028856826,0.052319406,0.024882747,0.034883582
ATCCG,0.030571394,0.062446925,0.083707388,0.045614461,0.062082979,0.067208541,0.046675967,0.077247361,0.053712241,0.057806624,0.048677666,0.082342594,0.032664079,0.032482106,0.034514133,0.04194468,0.03017712,0.046918598,0.029358243,0.0338469
ATCCT,0.03921416,0.062855068,0.085276747,0.044618537,0.060347437,0.061471547,0.05153614,0.086219271,0.046823523,0.059076327,0.044938477,0.076629744,0.034276721,0.034095134,0.037320467,0.038712634,0.031034095,0.047653636,0.026338772,0.031561562
ATCGA,0.034928523,0.060170682,0.079687444,0.04893594,0.058334234,0.069172878,0.049980195,0.073169853,0.04864787,0.055489539,0.052644845,0.078283101,0.037341111,0.035252602,0.036008786,0.042022253,0.031471679,0.046235281,0.027654748,0.034568435
ATCGC,0.03033103,0.061103969,0.080789009,0.045034549,0.061385184,0.067089828,0.048810863,0.080306926,0.051904226,0.059215812,0.052426482,0.073356902,0.033143179,0.034268038,0.034428732,0.043106219,0.029246344,0.047364615,0.03213884,0.034549253
ATCGG,0.029373418,0.061507784,0.082675052,0.048354935,0.061124319,0.06472889,0.049006826,0.075657642,0.05027226,0.059743845,0.050118874,0.078610323,0.034051691,0.032901296,0.037426183,0.043830048,0.030140348,0.049351944,0.028031291,0.033093029
ATCGT,0.033833718,0.060431101,0.082909931,0.050115473,0.05839107,0.065280985,0.052963818,0.072979215,0.05034642,0.062471132,0.052424942,0.06978445,0.033910701,0.036297152,0.035835258,0.041224018,0.031447267,0.046920708,0.028714396,0.033718245
ATCTA,0.050365237,0.06976962,0.087694325,0.049447462,0.057894737,0.059936318,0.051357932,0.073459449,0.041356059,0.061959168,0.046637947,0.068702004,0.035680839,0.037123057,0.03777861,0.035662109,0.031241806,0.042648436,0.029031654,0.032253231
ATCTC,0.039545122,0.064770707,0.084091622,0.046286524,0.060967377,0.060149661,0.052077093,0.082950623,0.045963241,0.057506347,0.045697008,0.079575168,0.032955853,0.035133259,0.037139516,0.039763813,0.030654838,0.045953732,0.026537734,0.032280762
ATCTG,0.03959229,0.064107305,0.086958197,0.046318125,0.060255166,0.059738979,0.052874466,0.081403411,0.045285752,0.058483182,0.046541549,0.075409482,0.034206999,0.034723185,0.036795636,0.038667776,0.031317894,0.047204117,0.027712291,0.032404197
ATCTT,0.047318249,0.066688052,0.087011951,0.048732943,0.058676931,0.060354825,0.0537255,0.075998717,0.042375042,0.060058726,0.04708795,0.070150764,0.03628034,0.038114508,0.037900659,0.03618164,0.031509858,0.042704041,0.027660572,0.031468733
ATTAA,0.053448747,0.073463871,0.087107622,0.05793767,0.056103487,0.059578781,0.051518028,0.058146831,0.038614387,0.060061461,0.050440043,0.059884479,0.040770357,0.046192461,0.040287677,0.032629157,0.033240552,0.035686129,0.033546249,0.031342011
ATTAC,0.052898892,0.071064327,0.086895083,0.056687624,0.05466014,0.057732085,0.054742059,0.062851994,0.039587131,0.060005325,0.049376395,0.061479858,0.040672551,0.0424338,0.038296914,0.033054128,0.033197485,0.042249483,0.031845829,0.030268898
ATTAG,0.053949511,0.071177728,0.086700936,0.054051303,0.056697883,0.05601079,0.053186075,0.067945847,0.039087948,0.057614007,0.049190757,0.064255904,0.037764658,0.04206535,0.038019137,0.033285831,0.033871132,0.04170908,0.032598738,0.030817386
ATTAT,0.057344595,0.070740399,0.08944833,0.055315428,0.052626369,0.05841692,0.054804012,0.06701201,0.037069421,0.06122146,0.048864986,0.05755906,0.038653161,0.043090933,0.040649334,0.032466675,0.032829616,0.040418371,0.031229378,0.030239541
ATTCA,0.051049634,0.06994193,0.086621514,0.050678977,0.058474015,0.059282722,0.054205838,0.073435096,0.039828824,0.059844324,0.046590513,0.06344981,0.035257382,0.040985724,0.039233525,0.034976581,0.032752637,0.043366917,0.02941672,0.030607317
ATTCC,0.045436879,0.066235617,0.083595379,0.049523608,0.058804131,0.061253813,0.051843739,0.080674605,0.044282703,0.057979719,0.046555724,0.070440118,0.03350646,0.037428306,0.038735588,0.036121024,0.031339434,0.046190628,0.027582471,0.032470056
ATTCG,0.04238341,0.065940367,0.080991972,0.048738532,0.057626147,0.063742355,0.049933104,0.071100917,0.047018349,0.058772936,0.049455275,0.072486621,0.036888379,0.036314985,0.035454893,0.040424312,0.032492355,0.04587156,0.032635703,0.031727829
ATTCT,0.048179039,0.069183869,0.086597435,0.051942178,0.056546596,0.057604979,0.053769472,0.075244695,0.04257956,0.060961048,0.046785953,0.066334377,0.034537659,0.039847665,0.038355074,0.034293416,0.032203788,0.043800771,0.029698044,0.031534384
ATTGA,0.052617215,0.06693139,0.087959173,0.050447574,0.058607609,0.058866874,0.054773211,0.071761913,0.041127668,0.059903935,0.048632717,0.066426505,0.036433601,0.038371268,0.036542765,0.035328312,0.031712243,0.043010753,0.028328148,0.032217128
ATTGC,0.046315722,0.066590862,0.089076088,0.051616726,0.057798562,0.060585192,0.052465527,0.078345959,0.043016608,0.058375106,0.045931359,0.068464631,0.035121154,0.037187105,0.038196057,0.038276133,0.031181435,0.042456079,0.028042472,0.030957224
ATTGG,0.04795386,0.064810548,0.087196944,0.048741694,0.057987603,0.057586253,0.054093024,0.08403074,0.045783598,0.057957873,0.046526838,0.070221337,0.032657976,0.03344581,0.035660666,0.03879714,0.029803933,0.046526838,0.028213399,0.032003924
ATTGT,0.048804755,0.06815385,0.088236064,0.04931532,0.055389731,0.057759275,0.056005027,0.078391328,0.041539025,0.058021103,0.047259969,0.065090462,0.035831173,0.038842196,0.038999293,0.033527086,0.032270311,0.044680962,0.030843348,0.031039719
ATTTA,0.053318565,0.074713288,0.088789502,0.057790988,0.052855901,0.061842806,0.055491686,0.060062249,0.037447775,0.059487424,0.05065474,0.056879679,0.039480694,0.04536915,0.039480694,0.032765051,0.033045453,0.038625466,0.03162942,0.030269467
ATTTC,0.050494727,0.069080911,0.089276993,0.053723568,0.0566449,0.060470669,0.05397681,0.068990467,0.040166055,0.057703091,0.048595409,0.062659407,0.036521173,0.042011106,0.038863665,0.033988749,0.034088237,0.041423222,0.031085505,0.030235335
ATTTG,0.054098213,0.069873572,0.088184256,0.050999482,0.056870169,0.060126654,0.054379916,0.071665202,0.041590607,0.058763212,0.046154193,0.062459153,0.035753724,0.04026097,0.038627093,0.03470579,0.032666261,0.042683614,0.030457711,0.029680211
ATTTT,0.05573284,0.072264682,0.088566016,0.057195133,0.053081982,0.061056165,0.054882836,0.061690066,0.038401418,0.059579464,0.049163323,0.057670559,0.039625999,0.044661187,0.039222607,0.033020465,0.033315805,0.039431506,0.031032322,0.030405624
CACAA,0.039715438,0.065314811,0.089439092,0.045709164,0.057136455,0.061785794,0.054018224,0.081120696,0.045961237,0.057976697,0.046708119,0.071233849,0.03393644,0.037390769,0.038884532,0.036615879,0.031854507,0.046568078,0.027065128,0.031565091
CACAC,0.028551089,0.059525613,0.083987156,0.042008724,0.064008967,0.066303656,0.04911999,0.087311805,0.051346521,0.058245736,0.047938566,0.07912514,0.033178334,0.033337372,0.034556663,0.041183242,0.030361092,0.052793008,0.025135561,0.031981764
CACAG,0.02944441,0.059328355,0.086899191,0.041231941,0.062835756,0.063319689,0.051607633,0.089993696,0.049609746,0.057916515,0.04584484,0.079285023,0.033378027,0.032179295,0.036481411,0.040681413,0.029866186,0.052824124,0.025089017,0.032183735
CACAT,0.038107107,0.063915144,0.087467137,0.044047413,0.059057374,0.061495356,0.052534864,0.087967469,0.047003921,0.058820854,0.045739445,0.07140193,0.034159033,0.037388449,0.035732804,0.038225368,0.030693096,0.047822646,0.027290838,0.03112975
CACCA,0.034230881,0.058796162,0.084402443,0.042343705,0.061924978,0.064134923,0.050578657,0.089380634,0.049886595,0.05774353,0.044623437,0.082111079,0.032102355,0.032689735,0.033887758,0.041459727,0.029206165,0.050689154,0.02699622,0.032811864
CACCC,0.026364338,0.053793328,0.081506766,0.038506238,0.064334187,0.065244423,0.047486692,0.09675322,0.054240319,0.058921533,0.047364785,0.091234914,0.028111666,0.027843472,0.033410541,0.044585314,0.026421228,0.056987281,0.022317038,0.034572717
CACCG,0.024308033,0.056944643,0.079023398,0.042391925,0.064809531,0.06764517,0.045833928,0.08135968,0.057729348,0.057122985,0.050845342,0.084890855,0.033688829,0.033028963,0.032886289,0.046672136,0.02742902,0.052486089,0.026162791,0.034741047
CACCT,0.031314599,0.058453524,0.084186777,0.039370637,0.064790862,0.064489646,0.047721984,0.0884097,0.052139811,0.057242756,0.046044627,0.08718712,0.031338224,0.029690398,0.033795197,0.042619039,0.028142977,0.053450985,0.02527257,0.034338566
CACGA,0.028829166,0.059210879,0.080544997,0.043498046,0.059853311,0.069141817,0.048798116,0.078965683,0.054017881,0.05891643,0.050645109,0.081000054,0.034932277,0.034584293,0.033727716,0.042320253,0.028615022,0.050377429,0.029230687,0.032790835
CACGC,0.020477735,0.052815984,0.080395824,0.039298312,0.066878152,0.068630004,0.045240406,0.083165645,0.058545016,0.056106626,0.054023342,0.084775455,0.035605218,0.03233825,0.031793755,0.045926943,0.027343103,0.054591511,0.029047608,0.033001113
CACGG,0.022362246,0.056238531,0.079786284,0.041850041,0.066014908,0.070756938,0.047111746,0.081410267,0.056547087,0.057781314,0.051577699,0.080971791,0.03437972,0.031375351,0.032495899,0.046056157,0.027997467,0.053753837,0.028338503,0.033194212
CACGT,0.024152325,0.0579254,0.079555347,0.042969709,0.062657649,0.067412219,0.048036787,0.078305319,0.058126297,0.057278064,0.05433157,0.078416929,0.035179357,0.035849014,0.035402576,0.042523271,0.030045314,0.050335945,0.028996183,0.032500725
CACTA,0.046385688,0.065283561,0.089428769,0.047618158,0.058486303,0.057421897,0.050643312,0.082724879,0.044611679,0.058747736,0.046030886,0.071408564,0.034602528,0.03465855,0.036675319,0.037235532,0.031465332,0.045227914,0.0284962,0.032847192
CACTC,0.031642666,0.060694915,0.085231923,0.042436072,0.063483212,0.062529794,0.052168125,0.087993236,0.050288274,0.056476493,0.047095225,0.078863814,0.033468551,0.032425188,0.034952644,0.039593808,0.030293491,0.05217712,0.025004722,0.033180727
CACTG,0.033920838,0.060465142,0.084821729,0.043086813,0.062523841,0.063062356,0.052421074,0.08672336,0.049218031,0.059062759,0.043984338,0.076940337,0.034807144,0.032832589,0.035901003,0.040708372,0.030762672,0.050384814,0.026258218,0.032114569
CACTT,0.040505788,0.06389094,0.085282838,0.04870127,0.059263741,0.062315913,0.052652186,0.078546704,0.046031732,0.056781071,0.046654624,0.07192625,0.035914183,0.036723943,0.03876169,0.038672706,0.031651821,0.046645726,0.027469545,0.031607329
CATAA,0.052868683,0.06817868,0.090341066,0.05236813,0.054422121,0.059393123,0.054957194,0.072908036,0.039526374,0.061654239,0.048173847,0.063432063,0.035573737,0.042063656,0.038197321,0.033157277,0.031086026,0.042805855,0.027789285,0.031103286
CATAC,0.042993304,0.065616384,0.086081134,0.047325719,0.06180386,0.059314691,0.051595116,0.07702245,0.047861363,0.059661284,0.046538007,0.070169358,0.033052383,0.038014967,0.039165026,0.038487594,0.031035841,0.04647499,0.026278062,0.031508468
CATAG,0.042164858,0.062667655,0.090260834,0.043391521,0.057518366,0.058259756,0.052665633,0.087551392,0.04349936,0.060955719,0.045332614,0.074556851,0.032540271,0.034980117,0.036166341,0.038066995,0.034117409,0.046559277,0.025854283,0.032890746
CATAT,0.054731944,0.067536129,0.091836908,0.050588415,0.054222494,0.058349041,0.055088559,0.079321412,0.03970316,0.060505714,0.046427904,0.061592542,0.034421859,0.040229592,0.038514443,0.032842563,0.031755736,0.043642909,0.028223547,0.030465128
CATCA,0.041992436,0.063194404,0.086930679,0.045761239,0.059210054,0.06052293,0.052717523,0.082142927,0.045904937,0.06139818,0.045669795,0.07467717,0.034285005,0.036819313,0.037139367,0.038204038,0.030581519,0.045715517,0.026250988,0.030881978
CATCC,0.033053294,0.060212143,0.084398702,0.042693539,0.061264978,0.063829025,0.049483251,0.0884668,0.049461765,0.058478904,0.046568259,0.081669925,0.032580592,0.03237289,0.034958424,0.041067732,0.03000222,0.051789462,0.025504394,0.032143701
CATCG,0.025875999,0.058725974,0.08266712,0.044969383,0.059236265,0.069633441,0.049710835,0.07864858,0.052028406,0.059363837,0.051114135,0.078627318,0.034635993,0.033934343,0.035975506,0.042928219,0.030128423,0.049498214,0.027683279,0.03461473
CATCT,0.03835299,0.063673112,0.087532813,0.045075856,0.061017242,0.060179194,0.052889415,0.083145389,0.04575985,0.058885151,0.046074118,0.077396138,0.034378428,0.034846748,0.036233224,0.038507043,0.030533269,0.04683822,0.026195142,0.032486659
CATGA,0.04068534,0.064363022,0.085901262,0.043391104,0.058663838,0.062780914,0.052326418,0.083797778,0.045036137,0.05863687,0.046726116,0.074754594,0.033107404,0.036712092,0.03769192,0.038240265,0.030473554,0.048335191,0.026527273,0.031848909
CATGC,0.035481118,0.062481331,0.085961169,0.043428632,0.062844037,0.061915938,0.050842757,0.083315554,0.050277363,0.059131641,0.046981011,0.076946874,0.03352891,0.034819714,0.03547045,0.041039044,0.03012588,0.048197141,0.024919991,0.032291444
CATGG,0.036434897,0.058646801,0.085276505,0.042675807,0.062135975,0.062040382,0.04992728,0.092650885,0.048479717,0.057861567,0.045195387,0.08044219,0.031750801,0.033628536,0.034707381,0.040040149,0.029012721,0.05179136,0.024390077,0.032911583
CATGT,0.038971471,0.065478497,0.08755351,0.044216176,0.058457206,0.061944227,0.0532881,0.084831933,0.046503057,0.059799095,0.046332958,0.072348589,0.034142561,0.03785638,0.036193194,0.038262727,0.030372043,0.046597556,0.026629875,0.030220845
CATTA,0.050228383,0.072559158,0.087134429,0.052702531,0.056889551,0.058348665,0.052639092,0.069133414,0.040458669,0.061568229,0.048943729,0.062583265,0.037143945,0.041537144,0.038920256,0.03384508,0.031402652,0.04240944,0.030895134,0.030657235
CATTC,0.043828071,0.066923164,0.086315203,0.048366633,0.05776352,0.060703271,0.052667953,0.080569796,0.04451917,0.057928559,0.045478457,0.070234252,0.033987643,0.03790731,0.038103294,0.036349758,0.032141273,0.046489319,0.027757434,0.03196592
CATTG,0.042004831,0.063659667,0.090321028,0.048316198,0.05758891,0.058995549,0.053248688,0.083074987,0.044188823,0.058930769,0.045632479,0.071257369,0.034083232,0.035341804,0.036248716,0.038192099,0.030696194,0.047325998,0.028937895,0.031954765
CATTT,0.050769827,0.070617316,0.088534178,0.052748922,0.055802381,0.060107921,0.05350017,0.069163287,0.040890512,0.05897701,0.047514419,0.061723508,0.037699727,0.042691891,0.038774092,0.034452397,0.032739874,0.041972955,0.030890027,0.030429585
CCCAA,0.035694367,0.059695426,0.086343313,0.044693582,0.062654201,0.059619802,0.050885269,0.09151408,0.048465312,0.057445622,0.044948812,0.080189437,0.02924745,0.031544519,0.036819269,0.040297957,0.02950268,0.050781287,0.024993619,0.034663995
CCCAC,0.026754343,0.05414057,0.082040635,0.038322663,0.066611579,0.063639646,0.049238269,0.096740595,0.053592012,0.058542919,0.046912106,0.089137167,0.029066619,0.027983391,0.033260655,0.043613815,0.027184857,0.056015387,0.022692238,0.034510534
CCCAG,0.027867643,0.055699089,0.083367646,0.039604722,0.06611043,0.063486102,0.048884887,0.094362673,0.052364383,0.056694524,0.044830753,0.088711319,0.030234063,0.027012475,0.03544652,0.044057029,0.027813347,0.054640309,0.023569176,0.035242909
