,X,Y,1,2,3,4,5,6,7,8,9,10,11,12,13,14,15,16,17,18,19,20,21,22
AACAA, 0.056733089242256354, 0.009083444892068528, 0.07588048021668364, 0.08440154359104064, 0.0706403111693391, 0.07177545720293291, 0.06436032612172377, 0.06135733694419169, 0.05393510638556384, 0.051105139507033645, 0.041927238927746545, 0.044689285659432205, 0.044390954384842696, 0.045151618291732455, 0.03650801799494417, 0.03105318597182745, 0.027514926164282773, 0.023551538365558587, 0.022172959595705918, 0.027390861424712167, 0.014154954239991668, 0.01855877573499999, 0.01373744118665193, 0.009926006784736836
AACAC, 0.053032769313235376, 0.0092035040793653, 0.07625162629859594, 0.08270173261908677, 0.06695464553945812, 0.06566950717526832, 0.06375742827940349, 0.0577318980726806, 0.054551012723894426, 0.049863385512849544, 0.04203887621123062, 0.046093540853847544, 0.04399143911867668, 0.04504389413117671, 0.034361931355881316, 0.03032694013834938, 0.02805926103433941, 0.02728436933147658, 0.0256704491517383, 0.02843720004501199, 0.019478427801987105, 0.022060303980177977, 0.014545000063347949, 0.012890857168920508
AACAG, 0.053244534776145644, 0.008718821903937286, 0.07797247593689159, 0.08367939033769392, 0.06820679209489726, 0.06638849931546648, 0.06341308740002853, 0.05904269363475792, 0.054599615614942476, 0.050158935276714535, 0.04241435778779551, 0.045752946955042895, 0.04587131428463154, 0.04495453741942607, 0.03424925540305771, 0.0310462817867446, 0.028766411712061242, 0.026626236399664625, 0.02511675232090954, 0.025683384484843436, 0.01719433162632588, 0.020613547583045847, 0.014035362216840125, 0.01225043372813535
AACAT, 0.056019862127721136, 0.008639714423026076, 0.07440119433631895, 0.08431313212605793, 0.06940559795237987, 0.07184366869740277, 0.06374049094008363, 0.06112302054259418, 0.053506792173318954, 0.05161480389754064, 0.042291173955765, 0.04394135139959121, 0.044659667591043326, 0.04562531898096038, 0.037082380447728276, 0.030857822601272893, 0.0276510198885541, 0.023074989498843516, 0.02307827153478545, 0.02960667121480617, 0.01420117952708678, 0.019088541048695343, 0.014068294152661984, 0.010165040941761494
AACCA, 0.05652564917991196, 0.008743231029980916, 0.07724176598408622, 0.08422721908904653, 0.06973884196367998, 0.06759760195874331, 0.06306417424483902, 0.06019076215815005, 0.05391978582131359, 0.05079944394214326, 0.04203149332474606, 0.04581945568840375, 0.04559174316002258, 0.04509283835750456, 0.03398502692851847, 0.030871417987865482, 0.02847897075692835, 0.025526430663596708, 0.023823539998129143, 0.026254276782780167, 0.015326260019279505, 0.020391106962840775, 0.013513645102429243, 0.011245318895060216
AACCC, 0.05077042682739959, 0.00772550802671976, 0.08205007021962395, 0.07968145210223387, 0.0649825307934184, 0.05767658001821694, 0.058187337100648794, 0.05590738876065187, 0.053508349002291136, 0.04764586160733484, 0.042557272384899446, 0.046829778370863114, 0.04711000958478769, 0.04596832979051575, 0.029479718600681295, 0.030752562697163855, 0.030349019370150984, 0.03259877871380185, 0.03288102282416374, 0.023680680796515613, 0.027141974959588856, 0.023200837221314025, 0.013223937969820139, 0.01609057225719449
AACCG, 0.04926736675070826, 0.007549302495702593, 0.07836745140564277, 0.07792735245090851, 0.06387196199713792, 0.056837257115547817, 0.057783529082317986, 0.05510540117539762, 0.05381572528201638, 0.04717563631334978, 0.04161097469735404, 0.04704113392581559, 0.044520255098403065, 0.043888503734734886, 0.03189621618668751, 0.030701174405451642, 0.030078035273876286, 0.03378594642937497, 0.0366693090916496, 0.025185313599566123, 0.028474404894439666, 0.023681770899457676, 0.01659906895554895, 0.018166908738910394
AACCT, 0.05228409175569013, 0.008217283229883148, 0.07819288660211339, 0.080980589063559, 0.06671870423936134, 0.06279105240667886, 0.060100355003633484, 0.05714998704055476, 0.05382171258740141, 0.04946168957931467, 0.04323093966083308, 0.04607880734632531, 0.045579789458642224, 0.04622739927397739, 0.032457951058920825, 0.03104029523528581, 0.030484443914398102, 0.028344215788666614, 0.029331405437033168, 0.02722558679478721, 0.020851412047955584, 0.021825013628596467, 0.013843498977490555, 0.013760889868897716
AACGA, 0.05561540997625758, 0.006784653420372964, 0.07589722972691273, 0.07354926795781165, 0.0598644806088092, 0.05939616641990396, 0.06229418632507919, 0.05202497151507693, 0.05246431519626482, 0.0489620684384523, 0.040473583156881196, 0.04481592109806615, 0.043159270558176636, 0.043774245474742096, 0.03369674881899679, 0.031050231642687567, 0.02852104103171801, 0.03227735244513142, 0.035452454140839, 0.031780814296031766, 0.027748614173162104, 0.02460501286100462, 0.018440741611319072, 0.017351219106302117
AACGC, 0.04171075182515131, 0.007031412258440217, 0.08028544151715639, 0.07314413938230252, 0.05888726157391311, 0.052533879613637764, 0.06270570449265533, 0.0547665177966981, 0.058121634543834594, 0.04493319359842024, 0.04018674009596308, 0.053594063042672405, 0.040309309057543076, 0.04812967606797433, 0.03012928828255805, 0.028734586800360038, 0.028440281070583648, 0.03826247751420317, 0.03172021324420696, 0.03665809131178886, 0.03390741711841155, 0.022446894429772834, 0.0163292752860293, 0.017031750075723294
AACGG, 0.0560204772720208, 0.007974654699209544, 0.07353931895684085, 0.07079058190521667, 0.05762288325684058, 0.05235589513795135, 0.054876220270083265, 0.04942120072029296, 0.052644365283157815, 0.04815496557916354, 0.04316950724517742, 0.04402267830559385, 0.052329547798889695, 0.04413023893630483, 0.030417865400154613, 0.02902085604502354, 0.02801022626611664, 0.035318388421955, 0.04399081120105274, 0.03380880429966838, 0.029165399870520824, 0.02641546756522781, 0.01788511118807299, 0.01891453437546426
AACGT, 0.05350522526326902, 0.007670653779477664, 0.07490490480080411, 0.07936624305584795, 0.06659175407174764, 0.06308563704173263, 0.06159685489604748, 0.056135004158728324, 0.056976097731220955, 0.05192686077475373, 0.042584644923128405, 0.04571209264958365, 0.04162273635879361, 0.042964384071333135, 0.03590605107115873, 0.031135491960866884, 0.02845503892374321, 0.028249377741539104, 0.02859795744459662, 0.028684761670737868, 0.02120700975792307, 0.02140389059951961, 0.016997557861021393, 0.014719769392424954
AACTA, 0.05826856888500122, 0.009104910629949527, 0.07378364801770416, 0.08360489263110253, 0.07159466166122695, 0.07366358734796742, 0.06580552902311554, 0.061099863342113946, 0.053639942606736865, 0.050871762534948996, 0.041615231933594524, 0.04350088066979038, 0.046599650848453085, 0.04604863948775119, 0.03683514040979671, 0.0307877806233833, 0.028013022143483092, 0.020480374883091065, 0.02161467847242887, 0.030481508359054076, 0.011950508336657206, 0.01783518034040972, 0.013841087850260198, 0.00895894896197941
AACTC, 0.05415760850070964, 0.00840579996603461, 0.08005170949677023, 0.07766091146582581, 0.06813365131855563, 0.06140344254429708, 0.06259970394113999, 0.05567691483805287, 0.0555134976796301, 0.04718357202294833, 0.040562268598044196, 0.04600101252797268, 0.04520368139747275, 0.04694586038650663, 0.03233353442322673, 0.030660668464317718, 0.029009876559360184, 0.02982644860485548, 0.03089782781235828, 0.024753797922259967, 0.023558758769541874, 0.02152748173709319, 0.014234876559350088, 0.013697094463675981
AACTG, 0.05431064163730234, 0.008496306905230486, 0.07749658877099556, 0.0823900463340314, 0.06973000799363357, 0.0659055301034117, 0.0637367617044537, 0.05907349462903654, 0.05323229343458098, 0.05031252968363593, 0.04153585081969115, 0.04598471606017843, 0.045626946739548646, 0.045403624206200484, 0.03449388934060483, 0.030991335152657642, 0.028765513126968727, 0.025854128320044995, 0.02514424508977695, 0.02822977521469, 0.016376695402442253, 0.02073720914438522, 0.014170279598053526, 0.012001590588444874
AACTT, 0.05457214613570802, 0.00876707888133311, 0.07541713578782884, 0.08415624700641602, 0.07062443720513316, 0.07271103149228124, 0.06545389639734957, 0.06112266740299567, 0.05341758603346071, 0.050708145935315384, 0.04202855914586871, 0.04371107312458305, 0.04498213675333218, 0.045748823480404106, 0.03691686093815447, 0.031070166732279556, 0.02770870044135172, 0.02266055790549701, 0.022428131674256464, 0.029026107454684036, 0.013497037963713798, 0.01912750126549717, 0.014339892835669216, 0.009804078006886685
AATAA, 0.05550434937676393, 0.008720776022572117, 0.07494890742104647, 0.08589653007279544, 0.0719586422531465, 0.07736357084380907, 0.06606494001134246, 0.06288044862962965, 0.054759795047085, 0.05184082347255384, 0.041183459160570715, 0.043570364923134416, 0.04382386406804513, 0.045787805458329424, 0.03898708520367079, 0.030811009965090164, 0.02603016798969556, 0.021659670777621914, 0.01997935162149737, 0.027039040216717415, 0.012203116730559526, 0.016873273563270973, 0.013732542331039996, 0.008380464840012041
AATAC, 0.05528270076685735, 0.00857729288919989, 0.07570898400320636, 0.08450077067509948, 0.07147407095544547, 0.07289417248571219, 0.06495778575159779, 0.06171397848680609, 0.05490917371566186, 0.05067543275545091, 0.04150008978726351, 0.04507942659909997, 0.043150692421724146, 0.04622111794924964, 0.03706435346854736, 0.030744101159321427, 0.027337025582679614, 0.02333921108751191, 0.022535780982939776, 0.027036017344376936, 0.014686894651053575, 0.017710769024713642, 0.013410875251454216, 0.009489282205026858
AATAG, 0.057791609088387166, 0.009041385214563798, 0.07590332077174206, 0.08535039772499385, 0.07193462706549549, 0.07484307382886919, 0.0662388444148103, 0.06225639906447607, 0.05360742620570767, 0.05186880667477157, 0.040868058078197475, 0.044197907763655814, 0.04413125837119306, 0.046012508034201365, 0.0377382437217555, 0.030972232443943766, 0.026696484974824138, 0.021549364995926357, 0.020819069142324, 0.02677439905877269, 0.01179808423155073, 0.017239269488597865, 0.013632041975493957, 0.00873518766574627
AATAT, 0.05581673120239329, 0.009012909007548028, 0.07214091893321882, 0.0853204815265252, 0.07212519330289217, 0.07959355736717795, 0.06771306777201921, 0.06282778840902614, 0.05468188454691525, 0.05208220947030834, 0.0411774148686776, 0.042224333118081735, 0.04270214526594592, 0.045201536461674525, 0.04122621882645509, 0.031116333920149387, 0.02592918057780585, 0.020277330812259103, 0.018281706907383746, 0.028986218988169662, 0.011456853642895053, 0.01640791187167221, 0.015089126166805794, 0.008608947033999814
AATCA, 0.056128257209154035, 0.008901710244816537, 0.07592370229593179, 0.08429083880478691, 0.07069735192087577, 0.07190113219466135, 0.06514965519913514, 0.060857876938110185, 0.055219550648826936, 0.051645485422100804, 0.04121832800537186, 0.04532996164837606, 0.04392106355483425, 0.04547267956250827, 0.036454662065761305, 0.030442957636461012, 0.02733464704277265, 0.024879036706466764, 0.022078966700563158, 0.02686824566231328, 0.01377823490565116, 0.01822341514166601, 0.013682852434927619, 0.009599388053927073
AATCC, 0.052046799303227864, 0.0083050014341893, 0.0791636827571747, 0.08153473934296297, 0.06618882090316074, 0.062372340307107095, 0.059596394800550345, 0.05719474255368674, 0.05376517821959066, 0.04908274715666818, 0.04214978777908375, 0.046437966225238506, 0.045965950826444134, 0.04653658610828816, 0.03183313287631685, 0.03119706835943368, 0.029013458766922056, 0.02912535547097829, 0.02950992376564228, 0.02732562273459736, 0.022394601898409194, 0.021963069648950628, 0.013344764726280272, 0.013952264035096076
AATCG, 0.04870660440546137, 0.009905998084061788, 0.07782563620710814, 0.07723576173160446, 0.0603620637053024, 0.05767880730872943, 0.05659387306099539, 0.05530099130046096, 0.0608066963583869, 0.0467820832911603, 0.04074877173835735, 0.05155494038745673, 0.04514404305032966, 0.048023429509897124, 0.03148668191302403, 0.02969085927503018, 0.029225172527347763, 0.03497440944579343, 0.033371152097538104, 0.02606761188420389, 0.025985464057695827, 0.02205814162332587, 0.014653103417355767, 0.015817703619373156
AATCT, 0.05558910003117309, 0.008503879516475911, 0.07555212323398557, 0.0827146635871396, 0.06937735183653564, 0.07083550416473727, 0.06407617432338206, 0.05971171330109774, 0.05438006354224348, 0.0507431965503134, 0.04127449806955833, 0.044408153278288946, 0.0464341891495661, 0.045447219101231257, 0.03641697871297925, 0.03142977778109795, 0.02836763469173531, 0.023979479473255304, 0.023280593571823393, 0.028003098953390117, 0.014948327801103249, 0.018675064431855834, 0.014770717884834335, 0.01108049701219701
AATGA, 0.05469604344506968, 0.008841902559956195, 0.07692173571549542, 0.08527726086752922, 0.07130881332507176, 0.07219848766207781, 0.06587832127192848, 0.06128515035519973, 0.054961411508331164, 0.05149761588834078, 0.04165949297557536, 0.045529009724432405, 0.044793613892951195, 0.045688677986588204, 0.036650702519753595, 0.030423088533763513, 0.026695824261617474, 0.02443993929612694, 0.02071988544546942, 0.02649234403647174, 0.013146905544711894, 0.018187474123987767, 0.013314505278928336, 0.00939179378062157
AATGC, 0.056820107055193136, 0.009165208226253227, 0.07283444463107891, 0.08231633184269775, 0.06771382902959228, 0.06832878345699697, 0.06240626044464919, 0.05797598700877691, 0.05338199138710513, 0.05064070584351589, 0.042920358162718844, 0.04427194832077872, 0.04765882153630179, 0.04298199713063438, 0.03556268734134283, 0.030726150143839386, 0.02986338612395083, 0.024369416460998893, 0.026151984248787664, 0.03014171373027942, 0.014329713956156457, 0.0220393547707818, 0.01524452441213409, 0.012154294735435453
AATGG, 0.056416905407990096, 0.013709482070281758, 0.07719233893232295, 0.08225500224280045, 0.06836247018290757, 0.06692203695047051, 0.06266130145078917, 0.05825089993726875, 0.05356936832137979, 0.049641367246700235, 0.04123284052154102, 0.04855148309503838, 0.04458626574726678, 0.04441634996600525, 0.03327226342391702, 0.030149067881063942, 0.027767457528283645, 0.02756806870434709, 0.02539392193227847, 0.02488077988582287, 0.015717729949052787, 0.02153359084992551, 0.014160296895053517, 0.01178871087749244
AATGT, 0.0553379755246224, 0.009153928914644635, 0.0735733921153395, 0.08573713270674145, 0.07047747521392185, 0.07382861738067095, 0.06498194550936538, 0.06182650298646264, 0.05337978339198464, 0.05230568173192928, 0.04183622016591081, 0.04401456559254785, 0.04441555341026029, 0.04502922275756992, 0.038485438600473425, 0.031027347999920366, 0.027165873779922693, 0.021884482077455712, 0.020883137125032272, 0.029332050060606886, 0.012280353618995097, 0.018751109983352814, 0.014613970689879689, 0.009678238662389219
AATTA, 0.0529242790007718, 0.008418197415850525, 0.07505239197626569, 0.08625913014254578, 0.07197602037421516, 0.07737588261101593, 0.06627405523670095, 0.06311136436098004, 0.0552681500239051, 0.05182052608176204, 0.04091575351980301, 0.043949342797326284, 0.04291526427814234, 0.04572779634246145, 0.03925300166182654, 0.031016837223677853, 0.026014242861265517, 0.02186662511413166, 0.021094601209545844, 0.026967475273152148, 0.01286755344512727, 0.01660584290876014, 0.01385954413696306, 0.008466122003804042
AATTC, 0.05267376575015815, 0.008719943939041845, 0.07677958316647099, 0.08374730949761762, 0.07232009637730573, 0.0713634864340352, 0.06620913616850949, 0.06173337633276704, 0.05551682480540939, 0.05057725759367313, 0.0406295161447174, 0.04623442436676571, 0.04368261830862325, 0.045973535152355104, 0.036358702578997815, 0.030425791986980363, 0.026524255068171753, 0.02423884913517375, 0.02198812135929558, 0.027927065824347338, 0.01520360230778828, 0.018017884286648345, 0.013744639505016734, 0.009410213910130073
AATTG, 0.05672509120827464, 0.009559255167319498, 0.07459719145054242, 0.08586661401872615, 0.070733827857833, 0.07477677407492067, 0.0662268581802309, 0.06180899433409774, 0.05494052735895668, 0.05168328335643498, 0.04077377362126773, 0.0444450379509669, 0.044359496117915544, 0.045069473324030135, 0.03758083065061275, 0.03044883277372982, 0.026572772864630518, 0.022387249331755517, 0.020223126963221153, 0.02822321151050758, 0.012577885220608256, 0.0181138320752583, 0.013690910868901732, 0.008615149719257325
AATTT, 0.054136341245137005, 0.008805862310480575, 0.07465559774979741, 0.08589852308445937, 0.07237553129305574, 0.07702375941797242, 0.06656948625718581, 0.06335715061195953, 0.05559607535791989, 0.05157244116547647, 0.04089120076921858, 0.04391972065716074, 0.04236752757346857, 0.045533302134171526, 0.03911743917158501, 0.03101513131987155, 0.02638479662691803, 0.021475903316732683, 0.02028928176284114, 0.027083220041968493, 0.012983116311991798, 0.01654720522730128, 0.014025017773531217, 0.008376368819795177
ACCAA, 0.058001541258511195, 0.009030567440350327, 0.0774426872889981, 0.0837554071989405, 0.07001814591618435, 0.06833554100759771, 0.06341141892455991, 0.06052590084551383, 0.05303082791687451, 0.050498306089472283, 0.0416405590149463, 0.04522991559408727, 0.04568083993777238, 0.04535940768147378, 0.034210706054450576, 0.03104843774926475, 0.028425278362452528, 0.024726879559194448, 0.024216061146794067, 0.02604163761143039, 0.015495609065710809, 0.019430281009288605, 0.013304833204283141, 0.011139210121848316
ACCAC, 0.05227963109638778, 0.007905203705281996, 0.08056409071799271, 0.08029503543337047, 0.06508811631583568, 0.05848246790104635, 0.05807106288463808, 0.0556994727104978, 0.05407830701095695, 0.0482140351074556, 0.042552835931171006, 0.04655708943255913, 0.04642943057405792, 0.04604009124567674, 0.030238540768580544, 0.030806938206483624, 0.03032376462109749, 0.03152704615791245, 0.0325675937970398, 0.024596918333215548, 0.025516015088671577, 0.02266627159743154, 0.013596372793273661, 0.015903668569365474
ACCAG, 0.050350847874742824, 0.007851684209552066, 0.08175387766257182, 0.08153972936125874, 0.06559140833001963, 0.0588799880169907, 0.05848641017225952, 0.05608055734676635, 0.05428711896204709, 0.04843199908217248, 0.04327558570764598, 0.04738802965652793, 0.046521117713838336, 0.04506811290004564, 0.030017527206749637, 0.031078995026983164, 0.03034413394098923, 0.03126940905141924, 0.03095955598139141, 0.024078489941058923, 0.02406016830144572, 0.02328636272710001, 0.013367068013425697, 0.01603182281299765
ACCAT, 0.05408562020936364, 0.0087873867293017, 0.07842848813306398, 0.08247724986005385, 0.06803844311156738, 0.06555011299032462, 0.0617229461800958, 0.058344645631186194, 0.0539642780890062, 0.049712069738371424, 0.04219676812806624, 0.04590196427063212, 0.04461905044201689, 0.045877883123023544, 0.03335859998985426, 0.030901075726267626, 0.028824040516567676, 0.027970079383372023, 0.02688208909820271, 0.025038435403912353, 0.019710635130036545, 0.02112011003925655, 0.01356230700500741, 0.012925721071449051
ACCCA, 0.051644183835712835, 0.008612975264553218, 0.08127191142503033, 0.08050563949654738, 0.06509177545157603, 0.05842139780842548, 0.058480281814010625, 0.055427558761008064, 0.053176584058325295, 0.048664056574089454, 0.04287557917402851, 0.047370139250676624, 0.04688690595508477, 0.04522138375252605, 0.03007303742096161, 0.030902357764730534, 0.029961158169670644, 0.0319871059355381, 0.030613412286827426, 0.023845365054596588, 0.02540229222393565, 0.023735432324275635, 0.013506220203143697, 0.016323245994725517
ACCCC, 0.04829321518514273, 0.006657379376080601, 0.08428785311490411, 0.0783153519304085, 0.06106363705538818, 0.05198111775508906, 0.05416990938894077, 0.05217236927608597, 0.05335107687771367, 0.04621973775498323, 0.04414025881869297, 0.04775428807099658, 0.04847261205089365, 0.04503711917635195, 0.027192376585464077, 0.030747801485671165, 0.030897041848981566, 0.035867453132855574, 0.03709260992868725, 0.022786086291200262, 0.03347392054548053, 0.026039745365311055, 0.01400939858784096, 0.019977640396835555
ACCCG, 0.043517920367790335, 0.0052391002747519495, 0.08355390044307419, 0.07277623451146889, 0.05382711217062509, 0.04828725515792384, 0.05214425617962283, 0.04969746981398923, 0.05401284345294983, 0.04303797590444061, 0.043467355381730466, 0.04687613064354761, 0.05096955851043633, 0.044865906619344524, 0.02593707216426874, 0.029614102782199628, 0.030538075177872687, 0.04320597032911696, 0.04708248558309044, 0.021523319226637132, 0.04496928034927809, 0.026518598491382134, 0.014995858204613398, 0.02334221825984533
ACCCT, 0.050117751854091924, 0.007854403123348707, 0.08226057723996368, 0.08098351231708198, 0.065323173237042, 0.057249682226264385, 0.05793411545776394, 0.05559565118611964, 0.05260716583404887, 0.04879572809267822, 0.04269361451824116, 0.04723468814413178, 0.048162910435124814, 0.04590364137954335, 0.029455798550480368, 0.030871856037817547, 0.030433818378359005, 0.03200387162760741, 0.03188743528809556, 0.024030947858001864, 0.024746421090102166, 0.023926248697902597, 0.013370861041072591, 0.01655612638511635
ACCGA, 0.04753156707777863, 0.007763697683111563, 0.0806812508629991, 0.07889057802047313, 0.060724458694558184, 0.05634466715477457, 0.056103678952650955, 0.056614116502339475, 0.05435766998617668, 0.048545278699475836, 0.042885438453739634, 0.048301163349669954, 0.04617508493041414, 0.04390357102019795, 0.030550612155514766, 0.03035860533411785, 0.0299859254152152, 0.03511862042853753, 0.03400513703198752, 0.024631767381663613, 0.028852417156512187, 0.023970879032621514, 0.015546495132277878, 0.018157319543191986
ACCGC, 0.045401610169202106, 0.006028359271217616, 0.08278975492857517, 0.07363556682199385, 0.05673928554438604, 0.04924595940906712, 0.052179186501354224, 0.052280972875182345, 0.057297793098337726, 0.044232287270659434, 0.043322374160972725, 0.046512740014801886, 0.04543367804562027, 0.044337735941922106, 0.02702663958285435, 0.02985722238915208, 0.03091035504508529, 0.03923441649128371, 0.04663864731862882, 0.021813239106911214, 0.04171472487512692, 0.025490174465662336, 0.015368191418675707, 0.022509085253327246
ACCGG, 0.0435042614372206, 0.006886030579934143, 0.08150249105707887, 0.07532502381895177, 0.05579687563196873, 0.05142217287801119, 0.05147906495838539, 0.05161139645919914, 0.053214702950831146, 0.04673657778951338, 0.044001922455691476, 0.049022609180608884, 0.047540375944917314, 0.044081853130779565, 0.028042067758519217, 0.030421305373242866, 0.030998398003791186, 0.03956201793778053, 0.039934047411887, 0.02468848672870073, 0.03862004494600228, 0.02626892777944482, 0.01639838689956556, 0.022940958887974098
ACCGT, 0.04664737898716609, 0.007406513882572814, 0.07692411401737081, 0.07693395482515021, 0.05960051512206985, 0.05335062954237649, 0.05397603651021578, 0.054365058774245294, 0.05319506885018067, 0.04702434096759101, 0.04192816080675387, 0.04634022427833102, 0.04294939862914822, 0.04568611167826637, 0.0331578306131584, 0.03271519224211253, 0.030887975469427488, 0.03653473814736699, 0.03670120634638964, 0.028444602548260135, 0.02985632418047541, 0.024952158126704583, 0.018501025283848824, 0.02192144017081779
ACCTA, 0.05785142153013485, 0.009440202921637931, 0.07829907307919598, 0.08384197736208182, 0.07028988576917757, 0.06920821783387691, 0.06384858903335053, 0.0606875755450295, 0.052805077458348705, 0.05104423469908755, 0.04176467565462524, 0.044243461413636845, 0.04642632478316896, 0.045516391020098336, 0.03479462283319537, 0.03129881318750511, 0.02881018893300648, 0.023955661403728953, 0.0231279664546532, 0.02549021765613615, 0.014453017276114305, 0.01885463708201539, 0.013240970258229087, 0.0107067968119652
ACCTC, 0.04927831086279562, 0.006926586725585099, 0.08390550849965489, 0.07852750405847464, 0.06377416630429228, 0.05562063232504702, 0.05698966522881838, 0.054718321355869654, 0.05379212316385984, 0.04663322063770895, 0.04224973347652507, 0.04687320155580051, 0.04714872888942477, 0.04731999080195623, 0.029175904907295415, 0.030844633784038435, 0.030873025263277783, 0.034114196968724184, 0.03528901933594896, 0.022996468074829454, 0.029325162253858526, 0.02347523377692629, 0.013156604146438298, 0.016992057602849487
ACCTG, 0.047477208631089035, 0.008065074626195708, 0.08174230881295554, 0.08009272321685897, 0.06308849663441185, 0.05706845306240382, 0.05622298496457175, 0.05398538358922798, 0.05405357729767089, 0.04822416498268414, 0.04387578406872533, 0.047558673982731496, 0.04646179791193149, 0.04513710585212984, 0.029896283276713297, 0.03090814444837702, 0.0309250037005794, 0.03281239345375771, 0.033633478091790646, 0.025842357180136957, 0.02694419740626183, 0.02451750617073812, 0.013773441584259659, 0.01769345705379719
ACCTT, 0.051168339172876276, 0.00849802232953634, 0.0786745951550375, 0.08237035141431473, 0.0687561135088396, 0.06417908899999648, 0.06185790620774582, 0.05765544696136696, 0.05402368537418065, 0.0501273694772357, 0.04282600186503449, 0.0466181905826556, 0.04551313150024455, 0.046304617041146946, 0.03332755606538855, 0.03100500051301633, 0.02963097945428498, 0.027267091780076084, 0.026883876235229514, 0.026926519315004737, 0.01831814655017873, 0.02140880182956655, 0.01380835271853831, 0.012850815948504278
ACTAA, 0.05446740372344475, 0.00836158963366178, 0.07631138362525519, 0.08471637101478142, 0.07012210045118303, 0.07255645461091115, 0.06403158784932811, 0.061719438754381906, 0.054139965509413766, 0.0510678868507171, 0.04195686540352796, 0.04374229917391441, 0.04516305341490072, 0.04548771186541035, 0.03681732262442837, 0.03112598452226509, 0.02751312196831346, 0.023085698601838452, 0.023954382645922936, 0.028042509216055105, 0.014458002848417272, 0.017793879731113127, 0.0134736562657034, 0.009891329695111145
ACTAC, 0.05630408518860829, 0.008927919117507344, 0.07678820779331824, 0.08253275457412558, 0.06915790595675299, 0.06784996929575812, 0.06155731731907713, 0.05923331600141476, 0.053360499988717384, 0.048879310464801894, 0.042052719180929336, 0.04445867627896162, 0.046526598695837425, 0.046736442491104764, 0.034595998717858845, 0.03152461404971178, 0.029238626485201445, 0.024741202168572816, 0.026102091928195226, 0.027493770581642676, 0.016623470041722842, 0.01953262734105516, 0.013833447607259377, 0.01194842873186493
ACTAG, 0.05481762668653754, 0.00835065857750047, 0.07833223006341469, 0.08304680950908265, 0.07114517481249638, 0.0681916662847933, 0.06528014356000612, 0.05932759837629794, 0.052686701615240854, 0.049611717318457885, 0.04233487936987499, 0.04478201911646909, 0.04621083226982571, 0.04593182730979185, 0.03448504163106206, 0.03110674779513574, 0.028408344043949804, 0.023237034630388155, 0.022899380045313642, 0.03018359538600815, 0.015302113504358028, 0.019816346449996816, 0.013573613585896052, 0.010937898058102417
ACTAT, 0.05840634847709245, 0.00876492875282276, 0.07625760079534173, 0.0853048209107691, 0.07241481770651997, 0.07554340260329429, 0.06618768246746654, 0.062237995765890425, 0.05406407348839952, 0.051914664450254784, 0.041177437266655834, 0.043027093479109685, 0.04492488172141552, 0.04586578084118923, 0.0377861120659605, 0.03102268604599844, 0.026971654781933103, 0.020981777040981878, 0.021094843517787915, 0.02617483703794857, 0.011428422501193499, 0.016872882462232248, 0.013232846883647214, 0.008342408936094624
ACTCA, 0.05233537232366075, 0.008597622438603344, 0.0789987797457, 0.0813155386837504, 0.06830042606343516, 0.06423615173462718, 0.061950655694631894, 0.05756816363463461, 0.05420963196680155, 0.04982027705222426, 0.04140745776073972, 0.04633519213468367, 0.046366460627011524, 0.04579623582353184, 0.033259554010951854, 0.030705002244112593, 0.02866797402459417, 0.028445122698966235, 0.0273954513334751, 0.025661405693314522, 0.01986093054051392, 0.021316377736271333, 0.014135926937197963, 0.013314289096566564
ACTCC, 0.04899006296195566, 0.009668411652473922, 0.08337886338911768, 0.07816784856430127, 0.06289999783918551, 0.05603962787811822, 0.056400785064865414, 0.054627588678075406, 0.05472696863553443, 0.0465604125307459, 0.042134136206449326, 0.04680804578887163, 0.045147062302884886, 0.04729800815804092, 0.029275411057251576, 0.03085955499981251, 0.030507495276643988, 0.033022255118373395, 0.035317264463980744, 0.024618678372339917, 0.0297289809780212, 0.023465102477335725, 0.013430338286013012, 0.01692709931960782
ACTCG, 0.04720786383935324, 0.00767867506847439, 0.0808584706344961, 0.07608687898485121, 0.058326527729618605, 0.05284871567731858, 0.05294708141131475, 0.05387378507120896, 0.05466870755994468, 0.04525356872770527, 0.04247401328433176, 0.04928778740255441, 0.0435733948588942, 0.04506663142952109, 0.028438950539633787, 0.030051513162426643, 0.0309904641572426, 0.03992516579053391, 0.03934165168678941, 0.025810095310008233, 0.03446825040829329, 0.025188092192545558, 0.015463878710533955, 0.020169836362405397
ACTCT, 0.05132897138210864, 0.008657291938478827, 0.07904736734321777, 0.07993700985416001, 0.06716351123796703, 0.0623836093452013, 0.06190462269216224, 0.05572498250437574, 0.054418999953902474, 0.048668393892574095, 0.042288141746755756, 0.04582538751574211, 0.044903563618133725, 0.04506500220934927, 0.03307979022394291, 0.03107534501888282, 0.029460676593043862, 0.028214902033589374, 0.029166145334599, 0.028068953866628547, 0.02171626515540177, 0.022672696443311626, 0.01495199852582176, 0.014276371570649316
ACTGA, 0.05222537036851264, 0.008369595255982363, 0.07932098303538113, 0.08440302321662393, 0.07039781401849304, 0.06697661628738143, 0.06332067341872322, 0.05980534881982209, 0.05407616507443064, 0.05093970723369052, 0.042327254563934096, 0.0462154710963913, 0.0451938287129029, 0.0457530602275832, 0.03435010623158217, 0.030579404245407425, 0.028466813343730867, 0.02625762574389686, 0.023884475393462237, 0.02618853951731625, 0.015952878379720866, 0.020304299063576902, 0.013146721918082374, 0.01154422483337148
ACTGC, 0.04963325612516631, 0.0079415047846692, 0.08022504193540361, 0.07857643619690334, 0.06405756906294126, 0.05701005355774747, 0.058407399838207766, 0.054931810141410464, 0.05429174806190475, 0.047536403620735634, 0.04190214774136451, 0.047564729014874824, 0.04678080879114082, 0.045518282029112234, 0.03058564434725236, 0.031021898152455596, 0.0308150496855518, 0.03190048409657224, 0.03393810152098256, 0.026440391380410964, 0.02690071650470647, 0.023181316409181363, 0.013959268979923464, 0.01687993802138097
ACTGG, 0.05345543601042467, 0.009005238496441418, 0.08092635381245271, 0.08235223246606041, 0.06735310269234335, 0.06162885856093244, 0.060968902287312055, 0.057203673382938615, 0.05259973596469133, 0.04907701852143149, 0.04250813197910395, 0.04669920787322971, 0.04684608668764699, 0.044957556130047045, 0.031235608087517443, 0.03080857001497513, 0.029631214414799472, 0.028951379102334675, 0.027878555234461318, 0.02528264647832282, 0.020656978469453163, 0.022455412160197478, 0.01327480364636041, 0.014243297526521918
ACTGT, 0.05167932991266882, 0.008400181497521593, 0.07800197846333394, 0.08488610242762508, 0.06944635690937787, 0.06604853424889093, 0.062442106537432034, 0.05896784466881833, 0.05474270091868596, 0.05076887758769337, 0.0417567277989118, 0.04580702746666641, 0.04550482459291077, 0.04538358529928131, 0.034425656031744786, 0.031202935922028645, 0.029005443954927018, 0.026415235044258727, 0.025194267401720403, 0.026373950926849774, 0.01705541751175757, 0.020555498924496176, 0.013651043243626534, 0.01228437270877207
ACTTA, 0.05423258022626906, 0.008732499966308075, 0.0769704350221088, 0.08564322611345404, 0.0717408415768747, 0.07452440728466372, 0.06603897026446386, 0.062068068346957675, 0.0535177743286784, 0.05189575779780186, 0.0416224046016368, 0.044096245677890535, 0.04442099071891991, 0.04640286676670088, 0.0376969192328569, 0.030917096724260004, 0.026959559319944152, 0.022100225622967252, 0.020344005569569137, 0.028125245901934357, 0.011761929578502243, 0.018060899786870387, 0.013406199857862117, 0.008720849712505249
ACTTC, 0.05296127204259163, 0.008939068139518346, 0.07764495370429689, 0.08272254259551849, 0.06894688254549927, 0.06736579864189389, 0.06260434983348422, 0.058978688330632474, 0.05248430030061178, 0.05069758361460884, 0.04246324714500919, 0.04517451598249977, 0.047192012897243556, 0.044920736951008296, 0.03422205708984544, 0.03092887298821376, 0.029076531257122225, 0.025670581106901725, 0.024884230019624056, 0.027784568685489956, 0.016400491871170254, 0.021633240947681563, 0.014142531522030866, 0.012160941787503462
ACTTG, 0.05156609028080996, 0.00776373004233484, 0.0789896213052223, 0.0807997066853791, 0.0678207548663627, 0.06393513984954265, 0.061783464698917004, 0.05710287029605569, 0.053576427431716624, 0.04934766566510087, 0.04246902418480114, 0.04608907046446823, 0.04564996954562261, 0.04479184241059753, 0.03376102654261229, 0.031379988258863824, 0.02912607274375186, 0.02781345112455263, 0.02851247804331819, 0.028270271752765686, 0.019515445249079773, 0.021724627429899477, 0.0144927801563135, 0.013718480971911504
ACTTT, 0.053491493155040426, 0.008380564263674296, 0.07700274127588586, 0.08384039044891656, 0.07058889721758232, 0.07035946946685663, 0.06456804260244911, 0.061088790066561975, 0.055075863574032734, 0.050484914216336746, 0.04147670115367991, 0.044944881816651926, 0.04462606672943246, 0.04631899629539882, 0.03606201367775778, 0.030958091457897026, 0.027625675967959448, 0.02413491293132728, 0.02395275440554286, 0.026634304851348208, 0.015751823215200314, 0.018551767744700385, 0.013767684867398206, 0.010313158598368398
AGCAA, 0.05471000761042473, 0.008496058340576632, 0.07807160533740136, 0.08434928205686847, 0.06930233973553863, 0.06767747167692906, 0.06297493410740258, 0.060028707192945445, 0.05418702339837422, 0.05063121601672565, 0.041782140633559395, 0.0458615201453805, 0.045312176213999446, 0.04530215092632482, 0.03456571382033642, 0.03114500246932404, 0.028271938071843507, 0.025744929071720053, 0.02447711134567675, 0.02568833508816392, 0.01583018730324722, 0.020532703115234252, 0.013541973641846146, 0.011515472680156588
AGCAC, 0.04840875439744503, 0.007728753974344077, 0.08125014891244625, 0.08082926594229967, 0.06512988787924516, 0.05945509745604976, 0.05863118099238464, 0.0560522641741414, 0.05424872087475707, 0.04953212186493904, 0.042947061832297996, 0.047687999802540126, 0.046467047374437194, 0.04538896840215968, 0.031275071492919436, 0.03099170179458311, 0.03068297999818618, 0.031020102178558193, 0.030756523241258334, 0.02522066633376269, 0.022734824569022205, 0.02332822884969779, 0.013826697306942453, 0.016405930355582396
AGCAG, 0.04890101243065298, 0.00745030471950889, 0.08059436749110555, 0.08132647008016436, 0.06443921290765758, 0.05734233246291625, 0.05977548156104553, 0.05460740258118387, 0.05277753391188211, 0.04867077680624633, 0.04231819432639557, 0.047484149949215945, 0.048607794034362925, 0.04461040596570844, 0.031092585426623364, 0.03118290242844017, 0.031017672407625353, 0.03071593889362366, 0.03008867182501102, 0.02797539579741963, 0.021891709901229957, 0.025131389866269893, 0.014688289397500115, 0.01731000482821042
AGCAT, 0.054556599453570095, 0.008273648482679202, 0.07632479297133105, 0.08390712811379722, 0.06825309127542432, 0.06832042752253484, 0.06279539002393737, 0.058052599624984665, 0.05302528873048119, 0.051405463836582434, 0.04303914226087755, 0.044668944407859075, 0.04710888205527693, 0.0437317033926791, 0.03498558469214665, 0.030870570226599357, 0.02905703424062463, 0.025036012587939523, 0.025122583163871132, 0.02923303021461842, 0.014421730964538342, 0.021408951628493288, 0.014288310217164651, 0.012113089911988796
AGCCA, 0.04981859902247159, 0.007681013760965368, 0.08183237443439167, 0.08182390555635644, 0.06492073940570627, 0.058100919228790245, 0.058169287009381336, 0.05508447076417535, 0.05356702851028077, 0.04790641181538771, 0.04284331348026477, 0.047443587817856195, 0.046160595298410524, 0.0454302055647355, 0.03001765622176013, 0.031050695053097512, 0.030755447921506057, 0.032233370219963926, 0.03198860602182026, 0.024888231171015837, 0.024855873527697032, 0.023818476933445708, 0.013272703497917385, 0.016336487762602415
AGCCC, 0.04494518571479483, 0.006836653133042899, 0.08507686706476145, 0.07904539526659449, 0.06101475092281736, 0.05057662747877492, 0.054390256010831146, 0.051378942958599606, 0.05209808978574964, 0.04732811075201466, 0.04421603071241559, 0.04914986974726551, 0.050554271173369004, 0.04377219339884985, 0.02693938789628224, 0.03116479116235032, 0.03212284152894964, 0.036237945490784865, 0.03745526473443363, 0.023058826513184687, 0.03058282866935544, 0.026882230837401818, 0.01404237844836485, 0.021130260599011567
AGCCG, 0.040093473266553055, 0.004847501896735138, 0.08666966960244897, 0.07406403896069866, 0.054618985637665984, 0.047892856526332205, 0.052040873542873824, 0.04964874734286259, 0.055195725361714104, 0.0433575039815302, 0.04454714881843956, 0.047989143876350206, 0.04518304712426237, 0.04509039277711659, 0.02616795288427597, 0.03032316369046236, 0.03151699500790342, 0.04314368572802403, 0.04571672557617382, 0.021449175368778883, 0.04507323073397897, 0.026482086615818738, 0.015067851341385458, 0.023820024337614883
AGCCT, 0.045705622556083306, 0.006813299907238589, 0.08518812685207293, 0.07874946225831136, 0.06289972913924939, 0.054280681302442506, 0.055968118507876384, 0.05369400732043678, 0.05457823598588747, 0.047002489949123274, 0.04303370587165492, 0.04831777265474863, 0.04615333289077256, 0.046355414798472265, 0.028377627611354816, 0.03097821993778746, 0.03137037039050102, 0.03511378176851026, 0.036340534085684446, 0.023130987911326294, 0.030811423111595966, 0.024257724728674875, 0.01287258717550859, 0.018006743284685742
AGCGA, 0.04400596603011836, 0.005292786496092858, 0.08215054251940136, 0.07511759854509316, 0.05721166603912371, 0.05110965539282676, 0.052850315893731785, 0.05221329426528692, 0.05917027065755566, 0.045821181410198475, 0.04202748243277141, 0.050139127689224655, 0.04346428788205996, 0.048575205639887584, 0.028167232511531023, 0.03046919272212959, 0.03132643140726912, 0.037738977511636136, 0.04038754738870144, 0.025256360282403544, 0.03803060939094085, 0.025019384031262495, 0.014079850831747207, 0.02037503302900595
AGCGC, 0.03669886793607103, 0.00431588725583494, 0.07552035339417412, 0.07141461718465275, 0.051417572715007694, 0.04902487441750482, 0.052779545065763905, 0.04594816051349676, 0.04658007488406264, 0.045405374245284166, 0.050799219242211216, 0.042416269694588525, 0.03968718806691146, 0.04404631704442688, 0.027856422689631018, 0.03094451897155511, 0.033006088041627246, 0.042502628176380564, 0.04325742403750669, 0.04474584141846556, 0.04279954454993942, 0.03278443668124686, 0.019742944380911964, 0.02630582939274451
AGCGG, 0.042798772199310844, 0.005746473256769584, 0.0849028651082109, 0.07202275294468084, 0.05482898115016875, 0.04751093879116033, 0.05384915717886827, 0.049672800526980435, 0.05213072021937826, 0.04543475999584807, 0.04399963726310246, 0.04824869700069624, 0.046410696715113185, 0.041637896048380654, 0.026743986848372068, 0.030249968641890106, 0.030960954531849695, 0.04196677226696435, 0.04324264318293642, 0.028316612652321098, 0.04242085126531399, 0.02642955810667898, 0.01623855645970375, 0.02423494764530089
AGCGT, 0.042209297864834704, 0.006571621480146344, 0.07781368261174437, 0.0776086497399724, 0.05807448386114705, 0.05344282878981627, 0.05491560355523757, 0.054273747882155735, 0.054090973989687506, 0.047534224884246336, 0.04289548073485237, 0.05189331896535855, 0.04435981822662553, 0.0446367034400071, 0.031131626919391885, 0.030598999532383233, 0.0313693905895933, 0.036267260329227266, 0.03426048805665302, 0.035722837892248484, 0.028827008614242602, 0.024700634345097096, 0.016771897294330096, 0.02002942040100141
AGCTA, 0.05199432480818556, 0.0077355336204955275, 0.07986548315752592, 0.08301267263031929, 0.06801888328521023, 0.06511762323642842, 0.06035913662689785, 0.0580563737001976, 0.053856610833425, 0.049537433654559856, 0.042668053546106956, 0.04531500606917001, 0.044451150354222396, 0.046302350033217435, 0.03367706775912627, 0.03178208236595398, 0.029085564148750923, 0.027569611427313144, 0.028600242623253617, 0.025385231994048626, 0.01996057893620809, 0.020894071903775943, 0.013484896017590226, 0.013270017268017053
