,X,Y,1,2,3,4,5,6,7,8,9,10,11,12,13,14,15,16,17,18,19,20,21,22
T:AACAA, 0.041488950804022935, 0.0004946611368783411, 0.0793904976757259, 0.08724567515355504, 0.08216619407452115, 0.06787498261581151, 0.062362093060323934, 0.06546742861499155, 0.06162413214833664, 0.052303121071212696, 0.03856067038231765, 0.05357974906952316, 0.05001613116597089, 0.05272040121466201, 0.024193594594258547, 0.02434148488159368, 0.029251499349810608, 0.018505939716435636, 0.031742903554045784, 0.024481013382893466, 0.017911471156087305, 0.01610096277511839, 0.009354941985520593, 0.008821500416382633
T:AACAC, 0.03981720783711465, 0.0004751545193571023, 0.07943375226038304, 0.0844649789549596, 0.07981913614216045, 0.06359425253793928, 0.06014821044856501, 0.06326845455740131, 0.06178726794415537, 0.053774184524948976, 0.0390056057277394, 0.054860154038591805, 0.05020438569557116, 0.05189197186873412, 0.023619295364707985, 0.023913378761040046, 0.029390375266707715, 0.021091585067201168, 0.034923889255226166, 0.02427164028508173, 0.02131691822858022, 0.018151957594406576, 0.010230879589955385, 0.01054536352947176
T:AACAG, 0.03967981210337338, 0.0004552222145242225, 0.08142989485734088, 0.08416491554188293, 0.08034007661435492, 0.06293539912526949, 0.06053023006108395, 0.06314230199112308, 0.061191932324987694, 0.051855398830566446, 0.03929188353901855, 0.054239403777804195, 0.0517910518360122, 0.05161436984437869, 0.022978361072148647, 0.024169620399267913, 0.030191069579188587, 0.02115878651948589, 0.0350582888825158, 0.0242555345397342, 0.020622134092123535, 0.018427506779644557, 0.009731083230987876, 0.010745722243182421
T:AACAT, 0.04141459290010289, 0.0004548891385445854, 0.07832018700786923, 0.0881459822700038, 0.08109991793106176, 0.06834460644939765, 0.0626832520432344, 0.06624653095394704, 0.06212802307221122, 0.05287374317209934, 0.038142166722493126, 0.05366609082766922, 0.049462652369325025, 0.0529181804797773, 0.0248470065771821, 0.024172059516094958, 0.028838997217087967, 0.01814944273712793, 0.0313636321273782, 0.024458715023172876, 0.018262425488937535, 0.015948152547900867, 0.009471644992454082, 0.00858710843492694
T:AACCA, 0.041560516430996834, 0.0004148603319926435, 0.0805289324736334, 0.08446288175110592, 0.08164275925362637, 0.06359759454143489, 0.06097522998292988, 0.06361867871914613, 0.06074095024719783, 0.051950175600640455, 0.03862647114857745, 0.054680587621214895, 0.05144754944922536, 0.05166823241732687, 0.022655569868721016, 0.024369091855379908, 0.03002307856441149, 0.020619751327953705, 0.034182157216487485, 0.02396251129915039, 0.019904467943122433, 0.018157036066757812, 0.009990206034795161, 0.010220709854171815
T:AACCC, 0.03816887080694362, 0.00035187043759752316, 0.0840594077667668, 0.07735535245014365, 0.07672899850540293, 0.05380289198479304, 0.05577858097626939, 0.05720111533455507, 0.0582182403008477, 0.048302619211275724, 0.038637407097315335, 0.054194617567217, 0.052207122696008544, 0.052395244226073875, 0.019487496004394162, 0.02526873055158117, 0.03136703689342001, 0.027072441315474927, 0.046779179110502014, 0.022218604035764526, 0.03527753568368776, 0.021528875576108865, 0.009737002258360827, 0.013860759209495312
T:AACCG, 0.03737434777170469, 0.0005598236946996766, 0.07872734509054176, 0.07621670293943716, 0.07190551200376515, 0.053940998718417676, 0.05443655864435308, 0.0573588784399863, 0.062281227455415436, 0.05133953907614896, 0.03971378341647602, 0.05472992666623451, 0.050982763566135056, 0.05092817129527208, 0.02140244621110408, 0.02464310435462641, 0.029970622785635063, 0.029059077761099568, 0.04672326202032031, 0.024282875764403394, 0.035418149371638966, 0.022415394845613872, 0.0108876197105633, 0.014701868396407717
T:AACCT, 0.039338579403505464, 0.0004064140737579201, 0.08260326549261701, 0.08231979164511527, 0.07890901298921998, 0.059742557736716495, 0.05873742489845544, 0.06128386075628237, 0.05923683636548336, 0.049901569233718496, 0.03833005434208125, 0.054013094818849396, 0.05142259088263301, 0.053184409182222295, 0.0216916152137041, 0.02530822601053926, 0.03048294655346521, 0.022792562587878897, 0.04033934597638057, 0.023374307438241863, 0.026554637562785758, 0.01898340719621232, 0.009445357180396187, 0.011598132459738347
T:AACGA, 0.041311652205034695, 0.0005632686571294724, 0.07724144438998629, 0.08206974265872137, 0.07566606141890546, 0.06069318981194304, 0.05727237914486129, 0.06232450578052039, 0.06138079175543504, 0.05526487436784421, 0.039056856308843896, 0.05575042953139326, 0.048312039794293424, 0.05184370300340497, 0.022469513139023123, 0.023942553348897794, 0.030098797786895587, 0.02437301463720172, 0.03929688522265844, 0.024269963336318017, 0.02546177366615203, 0.019145962595967146, 0.010846895842204142, 0.011343701596365158
T:AACGC, 0.035990048797316716, 0.0004397335718186231, 0.07616074416348777, 0.07650343651301313, 0.06989628821136622, 0.05450320713921476, 0.0536565890789634, 0.058263359502543154, 0.06386015193763983, 0.053795916098358196, 0.039786154803392884, 0.05740905600142527, 0.04997315885112296, 0.049425397588617345, 0.022107165916496484, 0.024624677243356482, 0.030003837006477716, 0.02957791522113201, 0.047101392063089366, 0.023575904092539353, 0.034390076708963845, 0.022448814671421156, 0.011814574054698506, 0.014692400763544698
T:AACGG, 0.03728301691153084, 0.0003981957904081672, 0.07864888969303181, 0.07565758686070033, 0.07196943430312856, 0.05393948929835607, 0.05445651600697758, 0.05767121291304266, 0.06259605995994857, 0.053260351037175024, 0.0402882180863662, 0.054719777881906226, 0.05111449003644404, 0.051803736802982656, 0.02126516390977512, 0.02456587511603204, 0.030182816059109187, 0.028419899872816283, 0.046814384971797386, 0.022830473154954744, 0.0346459419941098, 0.021594319118922668, 0.011104358077464157, 0.014769792143019513
T:AACGT, 0.040287362985077145, 0.0006605030957572989, 0.07534985117843433, 0.08399583597048389, 0.0765180778561515, 0.060902221050748724, 0.05866604423459738, 0.059677992435684876, 0.06276979527034524, 0.05600456785106063, 0.03992491255006039, 0.05674545401155474, 0.048222266838737114, 0.0513106575753823, 0.024164920850096736, 0.023769218576162668, 0.029725141333989222, 0.023964369025149115, 0.03812470514443759, 0.024067351318309827, 0.02365869140119851, 0.019105731583648155, 0.011135326462042357, 0.011249001400890081
T:AACTA, 0.042313796553468556, 0.0005410718606010681, 0.08011721017165259, 0.09020725421740539, 0.08298894916481091, 0.07179601552806938, 0.06462123225667563, 0.0675084730870532, 0.06208772033785155, 0.052950133742462414, 0.03769064604263572, 0.05257227764866486, 0.05042390168089137, 0.05325722772778508, 0.025118379982204925, 0.023953257769215138, 0.028859378202128878, 0.01582763978783491, 0.028617745868673713, 0.024320409307199392, 0.013487821802915809, 0.014299507503469457, 0.00893273944733636, 0.00750721030899371
T:AACTC, 0.03948224101657774, 0.00040180615654962775, 0.0822561163807504, 0.08206793886385204, 0.07958950346295868, 0.06062850752454499, 0.0590419811760481, 0.06150379517025609, 0.05943228193129701, 0.05042788285306798, 0.03846578758647367, 0.053858924183661255, 0.05138761429449814, 0.05317831127346035, 0.021824493481489085, 0.025016554965993986, 0.029788238846810918, 0.02303062595627904, 0.03942275513741313, 0.023557928157381457, 0.026239065547054706, 0.018894869401793767, 0.009338333419256427, 0.01116444321253161
T:AACTG, 0.04011572232376641, 0.00046145517533740014, 0.08131760151077022, 0.08529153921065913, 0.08176931984350157, 0.06370053228993672, 0.06109587134839761, 0.06435994318351673, 0.06083645439452009, 0.05233520871488448, 0.03907059779698889, 0.05373963301666817, 0.05142367997352366, 0.0518311713129855, 0.02320395713182012, 0.024503618804477392, 0.030097504605918157, 0.019814768357475154, 0.034077725817830286, 0.024590768194587047, 0.018955963978590423, 0.017909321701615064, 0.009568708751918505, 0.009928932560311325
T:AACTT, 0.04024477183587448, 0.0005207607959317971, 0.07937312444140625, 0.08941937314204465, 0.08272222598161821, 0.0688399009041835, 0.06345953291670144, 0.06689261160057895, 0.06149501946809332, 0.053312218250795025, 0.03861234149479322, 0.05347387626144226, 0.049992375780131604, 0.05296758231854021, 0.024883026601479293, 0.024343405134723384, 0.028958617747681558, 0.017295639230535884, 0.030556495033692344, 0.024617893546728373, 0.014943386279557266, 0.015638721757834904, 0.009348423911635165, 0.00808867556399701
T:AATAA, 0.04027273263283102, 0.00045550487336276483, 0.07921347839513394, 0.090247527592002, 0.08202740596175734, 0.07313188064387553, 0.0642398656498292, 0.06808338511480522, 0.06270969100681045, 0.05352369667518452, 0.03781358983606931, 0.05272153723976413, 0.04932022844970566, 0.05372919507739829, 0.025474572188825276, 0.02385508002410137, 0.027686688413857248, 0.016188138092313713, 0.028414510276960552, 0.024654778741253172, 0.015295076053436784, 0.014397958085617923, 0.008995214560594754, 0.007548264414510009
T:AATAC, 0.04068809123825343, 0.0005279584805765922, 0.07945131390793757, 0.08880580672438182, 0.08098697436424357, 0.068667618806751, 0.06264731357772778, 0.06638440192239131, 0.06187013727998394, 0.05282203801228559, 0.03803308025554552, 0.05287004450736065, 0.04917805611371528, 0.05306914922904065, 0.02496528531508004, 0.024593694290425676, 0.029152696340428136, 0.018122371952785994, 0.031895598127887496, 0.02438789379425476, 0.01781245486797837, 0.01549654869837919, 0.009073134733760105, 0.008498337458825526
T:AATAG, 0.042811191538681174, 0.00046684378630671206, 0.08022479223442106, 0.0893160059648182, 0.08271436778362642, 0.07115891995463733, 0.0644170755479756, 0.06681267021763727, 0.062049277253100235, 0.052671168047288275, 0.03764030621326876, 0.05356828170247003, 0.05057553982310638, 0.05379062197565541, 0.024838511915957415, 0.023865807664237498, 0.028254122486566394, 0.016080939400982527, 0.02861907585771676, 0.024405403746754765, 0.014008503651922678, 0.01493094142449174, 0.009112808463150714, 0.0076668233452266464
T:AATAT, 0.0407835143615039, 0.0005142300111623524, 0.07744761955680533, 0.09260508121582524, 0.0819060062202681, 0.07680595221507007, 0.06610851184482801, 0.06979809126386602, 0.06406549950301516, 0.05467633219587704, 0.037457400459577565, 0.05235638483069256, 0.04853874519438554, 0.05362508004042777, 0.026684737694077112, 0.023731517655364697, 0.027233428034922, 0.01418153355889265, 0.025523846179112977, 0.025409880183752773, 0.012159622466589935, 0.012999635431278337, 0.008896372924840239, 0.0064909769578647995
T:AATCA, 0.04183859090488434, 0.0004191531356158415, 0.0788315258020849, 0.08759091747095837, 0.08236605913175679, 0.06930724727615083, 0.06340756009627564, 0.06616504369365905, 0.062293289611248887, 0.05327035966246136, 0.03845003796797613, 0.05381595103278564, 0.05001093645822995, 0.052705082510456226, 0.024470009681222, 0.023712891476342476, 0.028712459368642987, 0.01765635474530743, 0.03039507910209639, 0.0245425441789193, 0.016551244416668064, 0.015624407932582662, 0.009587650416359141, 0.008275603927315465
T:AATCC, 0.03948320570211331, 0.00040350366641912495, 0.08290848306889294, 0.08121716808978664, 0.07868493051263074, 0.05933505770992682, 0.05832022459689835, 0.06072751350133543, 0.05933740423599177, 0.0491693644066131, 0.03823561657775881, 0.053925251649812475, 0.050732792678841114, 0.053549587329137775, 0.021192014513871194, 0.02547403038467662, 0.030457912939496935, 0.023789048423222527, 0.041261898294309526, 0.023113307523217115, 0.028730226969713, 0.019212952040322185, 0.009254008596713015, 0.011484496588299304
T:AATCG, 0.04041992596212356, 0.00046080397012126064, 0.07897466929477154, 0.07941189109101392, 0.07397903343201219, 0.05557490039246066, 0.0549644848883898, 0.059641093408924255, 0.06033422670063242, 0.051646450389341264, 0.03833255650697648, 0.0557370833235849, 0.04754630012914045, 0.053739056114599545, 0.022504340404012824, 0.02538782701205454, 0.029996102010933962, 0.026253170654470297, 0.045585667063925674, 0.023563295223893693, 0.03381232743712121, 0.019667340060779956, 0.010074872892139283, 0.012392581636576364
T:AATCT, 0.040389523817637114, 0.0004340838674891891, 0.08066657415140888, 0.08825288384242802, 0.08132019294689413, 0.06816100201238949, 0.06282906750734664, 0.06573035634924905, 0.06159523800240164, 0.05246132876214312, 0.0381441625320159, 0.05358974566801939, 0.05045665754789825, 0.05309798903931773, 0.02431450023708332, 0.024367912047559528, 0.029051606000935745, 0.018010954669887367, 0.031799820364745233, 0.024228459625298557, 0.017306779076808457, 0.015838936296941598, 0.009370920338920152, 0.008581305295181533
T:AATGA, 0.041770530415721055, 0.0004749449934043994, 0.07999075487389018, 0.08805354627748674, 0.0818123673591123, 0.06928753614325636, 0.06339204500652178, 0.06568491277935902, 0.06215906560085869, 0.05391387085853009, 0.03900817308803984, 0.05344967506792544, 0.051006509066630935, 0.05271027667671333, 0.024650340141421107, 0.02378936901738427, 0.028117549111639623, 0.01749437344200843, 0.029596371514669175, 0.0247637271130186, 0.015293899224110917, 0.01567921838803381, 0.00948133013933844, 0.008419613700925314
T:AATGC, 0.041228408890601705, 0.0004539139105552451, 0.07881883169293406, 0.0858943199773267, 0.08073561062590974, 0.06616480659193144, 0.062411772374693884, 0.06466335426946812, 0.06185471146826521, 0.05398505056159667, 0.03916285991456703, 0.055247553329778924, 0.05116211009936014, 0.05167806691002005, 0.023903634397860158, 0.023532597296742005, 0.028784467752668935, 0.019235960618643654, 0.031796029089387154, 0.024516935034471287, 0.01792228007816389, 0.017202708690243356, 0.010207755834217085, 0.009436260590593682
T:AATGG, 0.0432834786204558, 0.00040552933806546523, 0.08072920804249399, 0.08370458530318256, 0.08154501600343841, 0.06382659966823878, 0.0616356370190101, 0.06313987375227689, 0.060121193165844154, 0.051306132337685, 0.03892125320326066, 0.0552553947215686, 0.05219143909299226, 0.05259134165319335, 0.022435196941799056, 0.024139851236281016, 0.029787263247584312, 0.02003053002027929, 0.03410365315486093, 0.023814032468670074, 0.019844963706560713, 0.01785422453008699, 0.009442088425526029, 0.00989151434664579
T:AATGT, 0.041682004383845624, 0.0004926670692849395, 0.07764967970719673, 0.0898819312295839, 0.08192708816931639, 0.07034261617517602, 0.06414052701897907, 0.06691903102934194, 0.06243517359549053, 0.05411022726683262, 0.03844369695470148, 0.053865196030080435, 0.04978796562768123, 0.052269842699395094, 0.025462640938462584, 0.023682475504777402, 0.02842744570315571, 0.016733045481410976, 0.028497295953839426, 0.02512672594131646, 0.015686240705012046, 0.01518970189138874, 0.009517429491322227, 0.00772935143240844
T:AATTA, 0.0390325659818526, 0.00046438558446294825, 0.07875567846844321, 0.09119227218834487, 0.0813810636729257, 0.07247575679719057, 0.06370358786743202, 0.0678944506854468, 0.06303831949151628, 0.05389459638789926, 0.03759938210207044, 0.05307780500115467, 0.04843261547359252, 0.053818285179456936, 0.02573208651770941, 0.024279829681389708, 0.027870705106502223, 0.016466944889753712, 0.02940493406419767, 0.02467611644678057, 0.01586780762656061, 0.014253735269376115, 0.009109296451972407, 0.00757777906396839
T:AATTC, 0.040295408711496124, 0.00047289408718341914, 0.07970764592293661, 0.08829439881151772, 0.08142212535520445, 0.0686338545066815, 0.06321266048978864, 0.0659926413022925, 0.062015373795488736, 0.05317164591118025, 0.03842261023698963, 0.05395254584735093, 0.04963822866315924, 0.05342647208196351, 0.024913290697263637, 0.02437247034576222, 0.028716785167913376, 0.017474591647846233, 0.030672379236102654, 0.02482712079300384, 0.017019927194312296, 0.0155402710305597, 0.009507914193175471, 0.008296743970827011
T:AATTG, 0.042864789064220025, 0.0004661918306625029, 0.07830326595581265, 0.08894951750409857, 0.08183178273257896, 0.07104970383742555, 0.0645983192381074, 0.06675551228003829, 0.06275085746699212, 0.05358387972161642, 0.038022111969031186, 0.05391860994260034, 0.04971388270176288, 0.05294941608044367, 0.025056610304285524, 0.023814094372643715, 0.027790648756370856, 0.016443579035843554, 0.028953007207267616, 0.024948007267359556, 0.015157963823774896, 0.014969794707690226, 0.00947698824226499, 0.0076314659571085465
T:AATTT, 0.039437664400751735, 0.0005144092818406479, 0.07812135683785, 0.09169984201026017, 0.08148900986451146, 0.07307182727723717, 0.06371692886275009, 0.06843939060807003, 0.06312451862594784, 0.05329303492465945, 0.03757139410823449, 0.053113430741020366, 0.04779268267374739, 0.05395728310505613, 0.025664473478714037, 0.024255443682307656, 0.028123084386317478, 0.01636747370579612, 0.02890007623271176, 0.024855375598492668, 0.015671515432550565, 0.014304541828147145, 0.009090715745109917, 0.007424526587915645
T:ACCAA, 0.04226718263999814, 0.00039907497489344323, 0.08065735127317099, 0.08428365760530526, 0.08185553771440669, 0.06413535679695907, 0.06160477345516416, 0.063954286243906, 0.060244330609479924, 0.05155913449765662, 0.03859857083400282, 0.05378319025573295, 0.05177377177782621, 0.05218208758244838, 0.022539118552323177, 0.024408843376764917, 0.03006994773428496, 0.019910662299079798, 0.03446738898950789, 0.02374450639219681, 0.020157911606382795, 0.0178260107175626, 0.009574731269388893, 0.01000257280155771
T:ACCAC, 0.038406566991613565, 0.0003597244006379477, 0.08226842908224369, 0.07900562815472355, 0.0769773782886412, 0.055240560720226824, 0.05512180290995091, 0.05839940478530343, 0.060127500233147946, 0.04911314916119351, 0.03867066122356817, 0.05400761026565155, 0.051205744715861055, 0.05196810787780176, 0.020280030462072152, 0.025550751823833748, 0.03117674219660202, 0.0267611073097969, 0.04453373252448057, 0.022578484456416137, 0.033308322593544784, 0.02122636633055935, 0.009898569033547112, 0.01381362445858233
T:ACCAG, 0.03741689727269357, 0.0003807709886368176, 0.08371676733768325, 0.07859097414214677, 0.07682860490283677, 0.054452259111289064, 0.05577516447029852, 0.058057074391079065, 0.05922105482475592, 0.049337041579249265, 0.038744068457669596, 0.054670945954183786, 0.05330843388439026, 0.05148176131856849, 0.019691618619690373, 0.024914749088686215, 0.031124709396725445, 0.026940878121713436, 0.04494113310679552, 0.022409310668161354, 0.03220576590498046, 0.021789027212029587, 0.009817282965530291, 0.014183706280206359
T:ACCAT, 0.04084829364119516, 0.00039960020142147825, 0.08142664168417117, 0.08288979752480165, 0.07968263370647458, 0.0617682194938827, 0.059083588281558616, 0.06161310475137036, 0.06039157496874502, 0.05088239389387434, 0.03807057748618142, 0.0542295307072209, 0.05079889235541043, 0.0524569450437441, 0.02202551793305535, 0.024624291059874227, 0.030319394837597064, 0.02199250988420555, 0.0381926509761442, 0.0235324610086549, 0.025464324768846205, 0.018587877553407302, 0.009484599865374872, 0.011234578372788524
T:ACCCA, 0.03820287391779389, 0.0004282493020870586, 0.084174712800517, 0.07636356975929355, 0.07642864476131705, 0.05409871397626099, 0.05629345040601117, 0.05675147955540198, 0.0599705821765281, 0.049084916752997455, 0.03873319759034668, 0.05475448284703601, 0.05353624874681679, 0.051550830105943066, 0.019510271805812336, 0.02471018942531372, 0.031055282990191935, 0.027095380471716245, 0.04440232854427055, 0.021974526384697875, 0.034356384091049505, 0.022134417753831334, 0.01001572769864733, 0.014373538136118089
T:ACCCC, 0.0363963887462731, 0.0002645050382387195, 0.08584219921662056, 0.07215941927880958, 0.07174295411403557, 0.04725339752857273, 0.05152768085751376, 0.0527956640668299, 0.05839480296878659, 0.04704904658061609, 0.0394282209752233, 0.05306238035985893, 0.05570588634949513, 0.05070401279128974, 0.01746979555323394, 0.024769463662059652, 0.03139434941106392, 0.031090260798060976, 0.053366164601759664, 0.020726498686289046, 0.04644549793443622, 0.025032020942921982, 0.009925783200555982, 0.017453606337455213
T:ACCCG, 0.0342147733884583, 0.00035585041650519194, 0.08197340542635109, 0.06932112259999504, 0.06563979827933568, 0.04544558773939265, 0.04825473670166177, 0.0505161738209546, 0.06045185319265705, 0.045782529947013456, 0.039141280571474465, 0.051913117589390524, 0.05135134962875505, 0.05266395462598051, 0.017885892238413234, 0.02573014187642217, 0.02989556501609681, 0.03682078122441946, 0.06205629240184688, 0.020212027594947134, 0.05621277748927739, 0.02495915330760724, 0.010129367697125654, 0.019072467225918634
T:ACCCT, 0.037807558678559214, 0.00034542898311143937, 0.08522561073251984, 0.0768859375699422, 0.07629937013646201, 0.0530679152738102, 0.05570018754261125, 0.05700291166701625, 0.05937295985087696, 0.04945445274635687, 0.03886095865517686, 0.054023628448143596, 0.055086017191752386, 0.05096517062929948, 0.019170463745534223, 0.02480484710480291, 0.030877356824749663, 0.0267979637660714, 0.04536903306108206, 0.02206595785943708, 0.034112291159801494, 0.02221846594751867, 0.010087459438941725, 0.01439805298642209
T:ACCGA, 0.036998029444941426, 0.000498323810975124, 0.08060757030267847, 0.0747584576846235, 0.07088164696164982, 0.05306332012821623, 0.054016969233975004, 0.056850025574444234, 0.0620643355655468, 0.05112702892269167, 0.03943646002300402, 0.0538543432502619, 0.052784325553204045, 0.049556007254235215, 0.02072468498075691, 0.024563221007245253, 0.028859589362004653, 0.030199130970978778, 0.0481230354742979, 0.022807984548606566, 0.03866876498732655, 0.02282536699461888, 0.011124373703975053, 0.015607004259742105
T:ACCGC, 0.03495772962491165, 0.00042723428519785917, 0.08118874504193575, 0.07081649358372002, 0.06477705017556121, 0.04693653258047754, 0.04888818799862509, 0.05147811716149252, 0.060314945165226584, 0.04686591590229661, 0.03906418741832196, 0.05240024524313465, 0.052475411548567864, 0.050955146847077734, 0.01858321062633915, 0.02619765949198054, 0.03046357083324258, 0.035558955308184585, 0.05942514227166555, 0.020497539555521267, 0.053169289725289774, 0.02530122731578417, 0.009898142524945506, 0.01935931977050015
T:ACCGG, 0.0338039206762108, 0.0004695694880795352, 0.0813739316452969, 0.06901878957281737, 0.0646128581449418, 0.04533613490727604, 0.04955400999025676, 0.051882878241460144, 0.06021858628049366, 0.05050315020715433, 0.03929077889314082, 0.05447073566993466, 0.05398645866346151, 0.04966531299953416, 0.018934794672477884, 0.025444368460402322, 0.030460987807563424, 0.036705268448645564, 0.0553549985090207, 0.020703729977598943, 0.05254001069497966, 0.026440021001058703, 0.01036290219855465, 0.018865802849639547
T:ACCGT, 0.035021734099396774, 0.0004970506542764524, 0.0783828169696342, 0.07510156123116599, 0.07069617794465383, 0.05193376517177376, 0.052885219457838695, 0.055016720661590204, 0.062119188782236115, 0.05040430727816814, 0.03974405556666084, 0.05496723618059879, 0.049835920349455734, 0.05161509119635591, 0.020722903595706863, 0.025047754604014486, 0.030610889473906184, 0.031373687028715895, 0.051096982510251, 0.022379149091114145, 0.040483827298445, 0.022615139943572622, 0.010955735064036885, 0.016493085846431405
T:ACCTA, 0.04220373018963761, 0.0005096162990608209, 0.08254966566702805, 0.08547683180116131, 0.08165702505380219, 0.06556060726063268, 0.06201423489483695, 0.06458149034034857, 0.0602104718552896, 0.05144705938981442, 0.03861872103014932, 0.05293752534732052, 0.052660814704721184, 0.0529209549729701, 0.023042782459687015, 0.024491171954782797, 0.029613495687050514, 0.018934242807564446, 0.03271525249245033, 0.023883984913789787, 0.018162935807360944, 0.016989544971700837, 0.009294278952059202, 0.009523561146780891
T:ACCTC, 0.037092882049326543, 0.0003336802205135117, 0.08563964801847897, 0.07634222395792024, 0.07522276557975985, 0.05211327896299813, 0.05373547615120549, 0.0566720719210384, 0.05798549215895535, 0.047646362236250045, 0.03799291431035102, 0.05330017195327683, 0.05277110675817209, 0.05286473562950666, 0.01939896133561582, 0.025784537560903514, 0.031554236379625344, 0.028323092680691466, 0.04915786356454234, 0.021753512032946884, 0.03765867912670291, 0.022392734972521422, 0.00947285740489484, 0.014790715033802216
T:ACCTG, 0.03561320026360093, 0.0003952255492841255, 0.08477296150823095, 0.0770511830436543, 0.07486892524437358, 0.05208406864644109, 0.054387739078166894, 0.056284601838267945, 0.0591162933073308, 0.04921295975350425, 0.03888366354926406, 0.055093592545283725, 0.052794110291311085, 0.051303543316023256, 0.01963193920746439, 0.025366868413642964, 0.031201537788792335, 0.028146370114185026, 0.04793291455216987, 0.022217567949788544, 0.03553902149072679, 0.022786763003331562, 0.009933106800255342, 0.015381842744906159
T:ACCTT, 0.039620711818460025, 0.0004185933652246713, 0.08235099417792477, 0.08379124475786605, 0.08025004233834505, 0.06113086317668064, 0.06002468577473463, 0.06199184040840286, 0.05989251501368867, 0.051338732386734705, 0.039056431614810386, 0.053582546390373804, 0.052801103728635466, 0.051832788014511376, 0.022357046394242665, 0.024844052516248154, 0.030119882306386223, 0.021289451455903274, 0.03733897241594763, 0.023944126415193726, 0.022534350770267185, 0.018850123399014176, 0.009641179528348223, 0.01099772183205583
T:ACTAA, 0.0396778220308571, 0.0004695887450748791, 0.08072062473928318, 0.08863456811520806, 0.08101464482302337, 0.06832984172827362, 0.06247327159625661, 0.06652554203091122, 0.06153618325679015, 0.05167073250684175, 0.037963396613295085, 0.0524638182164164, 0.04957815418853176, 0.05369004224136858, 0.024868684064323788, 0.024682972314613687, 0.029213401285369887, 0.017892543853250908, 0.03288541724040974, 0.024307183097969223, 0.01814510854021738, 0.015400873850116861, 0.009085464769571484, 0.008770120152025256
T:ACTAC, 0.04152644516033557, 0.00050061686604384, 0.08262627418610283, 0.08577026952369578, 0.08058260728737665, 0.06404702515676185, 0.06018595922138169, 0.06387640482456247, 0.06003580814674875, 0.05076685635743872, 0.03840124027895399, 0.052681345305351644, 0.050382133391826595, 0.05325715510145751, 0.023220304747787933, 0.02517444945177213, 0.030154424320510232, 0.01998419781588503, 0.03618168819750373, 0.023266266556314037, 0.0216417547751031, 0.017072087468848942, 0.00875958814713741, 0.00990509771109939
T:ACTAG, 0.042889303302463926, 0.00045329464291666075, 0.08339333564851004, 0.08659255290508434, 0.08235007129978232, 0.06573694132198694, 0.0626199160643594, 0.06432982056205924, 0.06030863518046037, 0.0509160499643454, 0.038774842575167535, 0.052346320035105066, 0.053110731163160445, 0.052480221239380974, 0.02342350968984358, 0.024438775680763563, 0.029850349735967424, 0.01799621134219858, 0.03299965515140044, 0.023847405952786508, 0.01655004622396984, 0.016467048257029212, 0.008845336258046817, 0.009279625803211242
T:ACTAT, 0.04267948213127015, 0.0004735082364586673, 0.0813833236044746, 0.0894170563994765, 0.08293285158308915, 0.07162310145988364, 0.06419074043053732, 0.06699567991374168, 0.06176199446435529, 0.05267659025213958, 0.0376920032798749, 0.052468966406446785, 0.05120671105271857, 0.05357498621139028, 0.02472134288258251, 0.024107990472072405, 0.02829443046892925, 0.015909149429611733, 0.028661401250464305, 0.024063788871176942, 0.014342565144384428, 0.014554329968178348, 0.00870359445821939, 0.007564411628523582
T:ACTCA, 0.03910701792422039, 0.00039003046290913055, 0.08291569132597136, 0.0819497516379317, 0.07862749008709631, 0.061144908852142923, 0.05939113865483782, 0.06156821037577263, 0.06101626826024526, 0.05190894888143109, 0.03890481849353257, 0.054457968733483034, 0.05265233529932647, 0.05171693118054078, 0.021917611947198636, 0.024169180939256556, 0.02936136494112663, 0.02216242000830612, 0.037471968304517406, 0.023620000317991968, 0.02501020966794675, 0.019336993572520424, 0.009971385935807207, 0.01122735419588708
T:ACTCC, 0.03692236309811863, 0.00033205928757499707, 0.08527062886120933, 0.07638047795765493, 0.07508449669100033, 0.05241266607042427, 0.05384955144359776, 0.05636722060205225, 0.05847615212684335, 0.0473340842388019, 0.03812537161749439, 0.053842271598775, 0.05183811252398428, 0.05340707994250678, 0.01953018121874644, 0.025814457348275654, 0.03152793503529647, 0.028208655497285542, 0.049136341386492616, 0.022057799827249716, 0.03846179633887423, 0.02187887890631061, 0.009258304034656328, 0.014483114346773985
T:ACTCG, 0.03604084389420288, 0.0004030050772233781, 0.08172853835912791, 0.07362389187086457, 0.06984902568306814, 0.04950442175639378, 0.05117924148577403, 0.05464683551611296, 0.05946844520309903, 0.04875332511400377, 0.03820917356039743, 0.05317046847266079, 0.04998845336071016, 0.05262692921545643, 0.01907575749754567, 0.025800784581168003, 0.03045496932014413, 0.03351948058698764, 0.05430853642434138, 0.022406674108395433, 0.04484215459929231, 0.023217001967455672, 0.010425552270632285, 0.01675649007494214
T:ACTCT, 0.038810317022671806, 0.0003998035760688516, 0.08348059543599365, 0.08308759725786599, 0.07972717415236102, 0.06058508020140488, 0.059576736241614976, 0.06140269517796569, 0.05998664252585292, 0.05143237710639014, 0.03888616935224829, 0.05373932110160865, 0.05269541657538349, 0.052393883593648286, 0.022044552351165234, 0.024789634004985264, 0.030063864270859525, 0.021997494008984386, 0.03799863753449436, 0.023554250864711686, 0.023882327091207786, 0.018829923333868195, 0.009410206836951509, 0.011225300381693316
T:ACTGA, 0.039799075168973616, 0.0004554504821789341, 0.08245141048462967, 0.08468812335447409, 0.08087558223049657, 0.06321858215963319, 0.06112901754102176, 0.06389014393820254, 0.06063567805778788, 0.05216645123570531, 0.03929613598051227, 0.053552202332750175, 0.052158649881434406, 0.05159444625976467, 0.023015320340082784, 0.02408932235943709, 0.029648058956325034, 0.020407456839412683, 0.034325656631893256, 0.024295711002563114, 0.020032181898029914, 0.01821494014510429, 0.009727196939627033, 0.010333205779959774
T:ACTGC, 0.037053302785078845, 0.0003825358679781918, 0.0832778174464478, 0.07931201681397192, 0.07626996782744665, 0.054822007825819356, 0.055604463930959386, 0.05827573429099108, 0.05939592907424813, 0.04931165471615921, 0.03871963305186387, 0.05416156379731064, 0.051159596198034264, 0.05221166530870013, 0.020609884184123933, 0.0255054320945112, 0.031529582636631755, 0.026982520355093593, 0.04559121399539936, 0.022750451493716507, 0.03302623001945192, 0.020858189468021333, 0.009383308730661129, 0.013805298087379679
T:ACTGG, 0.03941286658928307, 0.0004190932617169895, 0.08360108501528565, 0.0799615470855769, 0.0791844743613552, 0.057781647787179126, 0.05809671633391003, 0.060090615934532035, 0.059291789333565686, 0.0499162788913623, 0.03899625321477627, 0.05407804852395342, 0.0542972100036845, 0.05080354670390947, 0.02034075385512428, 0.02461916715215914, 0.030909837998263398, 0.023840775578430895, 0.04040022322825674, 0.02309017851273675, 0.027535027703828686, 0.020761544917147812, 0.009786645977473954, 0.012784672036487546
T:ACTGT, 0.03868049352353117, 0.0004434312299894502, 0.08215457203691767, 0.0847726010513513, 0.0805324586436335, 0.062285654259175635, 0.060206178396934734, 0.06291816587268875, 0.06061315014153558, 0.052283838989527424, 0.039296521208008445, 0.053935935178961204, 0.05154491651655583, 0.051484483281690564, 0.02329188234457171, 0.02481824524007533, 0.030226426454783788, 0.0211605711708, 0.03555541341188698, 0.0243076438926951, 0.020884757129152037, 0.018422752475827437, 0.009410360907519046, 0.010769546642187308
T:ACTTA, 0.04079626358102314, 0.0005008264662656217, 0.08094654077602724, 0.08891446458343694, 0.08210233411588745, 0.0705505276490784, 0.06388385575336993, 0.06688639849481169, 0.06165790533785167, 0.05354148212455751, 0.03853004637565524, 0.052967876580410134, 0.050585391699804506, 0.053509297169982956, 0.02537672028184919, 0.024032305496356796, 0.028632500566865202, 0.016591562462308918, 0.02917900809826189, 0.02472199325395356, 0.013762659793800048, 0.015289915001384415, 0.009114358557251456, 0.007925765779806426
T:ACTTC, 0.03986809470278949, 0.0004882173786291015, 0.08161831459822716, 0.08469889758409432, 0.0805430951844481, 0.06331110961626685, 0.06086204902595952, 0.06396035649989273, 0.06032031914895818, 0.05242327800091599, 0.03874703995311216, 0.053640701173410923, 0.052576472824614535, 0.051842032486237276, 0.022738981219423346, 0.024411855639576305, 0.029843275756046565, 0.0203611656822749, 0.035110808846690655, 0.024292956547546346, 0.019949888277968043, 0.01833862282084133, 0.009731110966906443, 0.01032135606516962
T:ACTTG, 0.03952965863998616, 0.00040576430620823756, 0.08254548329600027, 0.08369867198929933, 0.08021051666303933, 0.06086001128481086, 0.059326313092121184, 0.06206131294291869, 0.05951798101043885, 0.05140209389669084, 0.039074996962059814, 0.05400972302808941, 0.051291968496942404, 0.05231363896992882, 0.022207259922094966, 0.024762111883943113, 0.029954837022627658, 0.022322697605702296, 0.037835205667460806, 0.023718349631962576, 0.02343840466592631, 0.019007691905890103, 0.009399562011275243, 0.011105745104582808
T:ACTTT, 0.03965911079451855, 0.0004972052349377311, 0.08001408770043784, 0.08838490358545935, 0.08128359251320721, 0.06699022007544053, 0.06194873426819458, 0.06572581539502859, 0.061296459796092544, 0.05213203280930848, 0.0384364383461676, 0.05322038165811888, 0.049664614765411765, 0.052919290873217985, 0.024427661699311296, 0.024863021994792452, 0.029381060009908543, 0.018885643370220334, 0.033212984360642864, 0.02411961915583113, 0.01854452429088675, 0.016166163092828947, 0.009262391016001022, 0.008964043194035038
T:AGCAA, 0.04069071304992107, 0.00043999674652592404, 0.08132030681416226, 0.08406417315586322, 0.08059194745310402, 0.06371155057745466, 0.06099319288823913, 0.06312003757649656, 0.060854738818896935, 0.0519908675691419, 0.03869062303411502, 0.05420115351641076, 0.05141769167351461, 0.05257113817167551, 0.022736731119430045, 0.02444324860920177, 0.02974153850700587, 0.02075501454752226, 0.0351560726154123, 0.02389922827414596, 0.020491770576967022, 0.018000610169956157, 0.00971246544297896, 0.010405189091858138
T:AGCAC, 0.03661763092940032, 0.00034218069159048695, 0.08440829159363208, 0.07805800223521811, 0.07561502473225935, 0.055366703313640145, 0.05692220769432622, 0.05791087924776991, 0.06002266359864389, 0.05096748227997664, 0.03902546879452986, 0.05508439472244437, 0.05368217106229941, 0.05117221396375011, 0.020657719897691686, 0.02484448173010283, 0.030798737705226873, 0.026432353547563438, 0.04436546623622457, 0.0227584154060303, 0.029414549820785174, 0.021382086228479428, 0.00988970130362707, 0.0142611732647877
T:AGCAG, 0.036223528189793554, 0.00036674963599762336, 0.08464861768610736, 0.07823890133153563, 0.07645292746679223, 0.05462946946067382, 0.05686676748145223, 0.05818337053219888, 0.059995974525438985, 0.051275149660969695, 0.03948867702177572, 0.054926121416929555, 0.055246453123573104, 0.05042574931204185, 0.02023374362997312, 0.024632236276827136, 0.031169541116839103, 0.026138658005780926, 0.044013631886398966, 0.022920204013305873, 0.027225796333400464, 0.022051207636156856, 0.010121914300291605, 0.014524609955745687
T:AGCAT, 0.04048456220994463, 0.00040875059545488385, 0.081709628840696, 0.08526185422220033, 0.08056340756052335, 0.06489593515221065, 0.06210154069739211, 0.06381895803867575, 0.06112320982223551, 0.052717380227095406, 0.03888210197117648, 0.05432071668288114, 0.05244646418227376, 0.051516843584427326, 0.023237466170596043, 0.02388262301359792, 0.028873955414140177, 0.019794487986835235, 0.033443011841063575, 0.02439329306420748, 0.018414105152658476, 0.01754987772192864, 0.009920413297497922, 0.010239412550287158
T:AGCCA, 0.03743836393911075, 0.0003702154059885395, 0.08425976140480898, 0.07752641492681225, 0.07688086588819429, 0.05415817212612564, 0.055936287240272414, 0.05693545800080949, 0.05861562882797472, 0.04818368860539564, 0.03871417184881514, 0.055089102904495764, 0.05278683779856107, 0.051951133752107644, 0.0195392975732333, 0.025277261522667276, 0.03140136336427654, 0.027600037811684238, 0.045895847435918305, 0.022271081987061094, 0.033134105605057425, 0.02189325835283709, 0.009747557258091337, 0.014394086419701043
T:AGCCC, 0.03451883986901684, 0.0002948462247959688, 0.08721826850780988, 0.07142286710847726, 0.07157552298535949, 0.04615184141047789, 0.052961440756378306, 0.051505650195533347, 0.05905612853404324, 0.04813541204770508, 0.040063585574831105, 0.0543981206535345, 0.05796903251381388, 0.0488792547845126, 0.017100906622120403, 0.024700107429029956, 0.03207142066757766, 0.03187574948664302, 0.05304545071914481, 0.021020375974690097, 0.041938497611832215, 0.025491163701156963, 0.010202657786018603, 0.01840285883549708
T:AGCCG, 0.032549056776199285, 0.00032384548717074896, 0.08377896907176559, 0.06898494869195682, 0.0651239445999016, 0.043905489717253, 0.04828104519788592, 0.04929530711680164, 0.06072372386881823, 0.04612374649142611, 0.0392484158951161, 0.052122726596368726, 0.050789610812598175, 0.0509398084468494, 0.01822736405708837, 0.026028659151527, 0.031540265092252905, 0.037479944462539355, 0.06323986427073834, 0.020090545114484736, 0.055129369565749486, 0.02586212864805273, 0.010361220643636227, 0.019850000223819705
T:AGCCT, 0.03537513963285846, 0.0003002837284190161, 0.0864273738356645, 0.075628837517449, 0.07439909361128967, 0.050570881841632116, 0.05351199664836187, 0.05496480325208951, 0.05790809992772009, 0.04709651805035034, 0.038548721213677244, 0.05442586515342816, 0.05272733453704791, 0.05282678315275823, 0.018767732193284897, 0.02581972294312324, 0.03190086365506076, 0.029709494284093717, 0.05097791945717248, 0.021379832585012474, 0.03924595143949667, 0.02264480834484326, 0.00936129405485528, 0.015480648940310962
T:AGCGA, 0.03617699620431609, 0.0003115955210893066, 0.08287075635537065, 0.07431119043730657, 0.0690318600849684, 0.04812927981510085, 0.049376846854889064, 0.05321652512063568, 0.05942624687895983, 0.04735156409806228, 0.03824239361725902, 0.053882835933263505, 0.04948423929737803, 0.05366502015411897, 0.01905940699873584, 0.025898252787899544, 0.031152922664578288, 0.033147044798748894, 0.05659370364678139, 0.020922846654312984, 0.04846214483314704, 0.023210358310200328, 0.009713465566802006, 0.01636250336607557
T:AGCGC, 0.030613939381782557, 0.0002742662580428298, 0.08204592101591755, 0.06780332885534432, 0.061258819860960566, 0.04525252950666742, 0.04881279282244161, 0.050456826913846946, 0.06256508623990807, 0.05141770253967462, 0.04159017706264297, 0.053128799663992234, 0.05386881990948391, 0.04808823328867225, 0.018357178492083157, 0.025021286788296387, 0.029448133323843318, 0.03902488947354033, 0.05907631579088244, 0.02097228955802419, 0.05306918733904511, 0.02725588489763496, 0.010385604674207525, 0.020211986343064654
T:AGCGG, 0.03281902100960164, 0.00035675652788634923, 0.08193621060276961, 0.06808914563660624, 0.06366444175628304, 0.04412472051989661, 0.04824423277490356, 0.0490492502350343, 0.061198605882460934, 0.049993432371818525, 0.0403120627697997, 0.05307428670374825, 0.055955032337429184, 0.04832596925286096, 0.01738336910768071, 0.025236966106784643, 0.030508120487056246, 0.037985217288182084, 0.06140066684188007, 0.020384157530839168, 0.05302559143029436, 0.02682462246202129, 0.010178866376571345, 0.01992925398759118
T:AGCGT, 0.03382997869022329, 0.00041009393972318793, 0.0783153372078299, 0.07485635673509992, 0.06783033919293939, 0.05087243748879282, 0.05328434302957039, 0.0557836934567096, 0.06375247895365897, 0.05263378265482999, 0.04003728715481579, 0.056079408698588795, 0.051698397176482586, 0.04971559288304953, 0.020906510598495832, 0.0245438356319394, 0.03060985488620553, 0.03282595851626304, 0.05027599215529165, 0.02234401730876149, 0.03745607176877072, 0.023186327849142884, 0.011982019800448268, 0.016769884222367207
