 ,I,II,III,IV,V,VI,VII,VIII,IX,X,XI,XII,XIII,XIV,XV,XVI
AA,0,0,0,0,0,0,0,0,0,0,0,0,0,0,0,0
AC,0.019590590995636776,0.06726139503953878,0.02774771722798862,0.12504979595421595,0.04715323979535823,0.022476403775395937,0.09015969209632341,0.04775079124594967,0.03669844197477423,0.06195871405673131,0.054372476874288346,0.08846270871170417,0.07638620957901637,0.06626390757870898,0.09114776929808878,0.07752014579628044
AG,0,0,0,0,0,0,0,0,0,0,0,0,0,0,0,0
AT,0.018319420865736038,0.06711252047949826,0.026256384784752132,0.12878824384132373,0.04754394288722005,0.022105811358800808,0.09146829662468214,0.0461993387253412,0.035282190805909955,0.06162753630709239,0.05566531495800313,0.08891530939795834,0.07693155955549295,0.06412955645669466,0.09065931010964408,0.07899526284185009
CA,0.020016682704443213,0.06695248504386578,0.02567368271341241,0.126789835082113,0.048741173350212504,0.022681815211500048,0.09013016865932304,0.04659497289380857,0.036897990771978695,0.06222187484383989,0.05506189385853528,0.08926912584935082,0.07622278970182549,0.06521630497316289,0.0892191546148435,0.07831004972778491
CC,0.01983684550963437,0.06770124089330701,0.026700908967113773,0.12419890889902635,0.04820589637094029,0.02280184006264043,0.0896243276366855,0.04703138830258052,0.037458721999046776,0.06147549703819705,0.05457313440457547,0.09006264043031252,0.07668665316266085,0.06590756281064887,0.09001583032613876,0.07771860318649146
CG,0.019994637237330474,0.06673534766225885,0.026619060387530164,0.12323628614572602,0.0493091914929649,0.02328285750575086,0.08919403322090348,0.04691852834502321,0.03735869825992464,0.06204151907308881,0.05464372909580999,0.09103430756855163,0.07614558489394431,0.06635430926205563,0.09039077604820842,0.0767411338009286
CT,0.01897234716010805,0.06744659127111675,0.025904537285178383,0.12686333651916074,0.04760293096120457,0.02245547114413776,0.08982614180692466,0.04651449906234501,0.03693998795203804,0.06190225824785169,0.05521273025407861,0.08959696090514394,0.07630163044827926,0.06518174471234249,0.09024193130674976,0.07903690096334028
GA,0,0,0,0,0,0,0,0,0,0,0,0,0,0,0,0
GC,0.019707579209266253,0.06816449277123608,0.026111050960410283,0.1244169371606856,0.0488789505200335,0.02275243223655282,0.08965081413359789,0.04701845251642298,0.037923666551030015,0.061489238057569374,0.05500180083832891,0.08974582768960176,0.07561090402084111,0.06551295167345388,0.08991154900821315,0.07810335265275639
GT,0.02038003890161985,0.06702418357784655,0.025865639789899753,0.12591682613180877,0.04921448652224243,0.022451117043476892,0.08935087843637537,0.04670399332215109,0.037109310401852155,0.06272610582185578,0.054799310165607504,0.0898517171049005,0.07643459566727302,0.06529172277477222,0.08920755667903013,0.07767251765928795
TA,0.018288438154046443,0.06698000623816218,0.02633589339071237,0.12823152622514342,0.04799881565326667,0.021969179862489207,0.09121391019758701,0.04637146899678599,0.03568974635994196,0.061596201049638595,0.055424714875304565,0.08855704076051334,0.07674182597335671,0.06422933834797193,0.09115740510534809,0.07921448880973153
TC,0.01892538063006657,0.06709811051773927,0.02600886315519556,0.12732133023058687,0.04734567035998015,0.022596329184306728,0.09009169399727503,0.04631599785562397,0.03628898057771935,0.06204208636892967,0.05534190773735778,0.09001330602597565,0.07666542884531197,0.06516365481923268,0.09013753103133991,0.07864372866335888
TG,0.01941196937621954,0.06824713650829256,0.027394187497371335,0.12602677222957895,0.04684694099938951,0.02210881969465435,0.09028713299066171,0.04742938929595129,0.03643169487356284,0.061963832127440194,0.05486484523061511,0.08887880614667756,0.07659896076949449,0.06540499274170011,0.0904413479663378,0.07766317155205266
TT,0.018443305708441406,0.0675017397355602,0.025814033291733044,0.12836507032749203,0.047435447663194866,0.022079592662245916,0.09105440435863667,0.04627294006682885,0.03588360354350106,0.06134528047604533,0.05580381534072937,0.08883751157427376,0.07685701194905978,0.06414611094816067,0.0909623852876842,0.07919774706641285
