 ,I,II,III,IV,V,VI,VII,VIII,IX,X,XI,XII,XIII,XIV,XV,XVI
B:AACAA,0.029508196721311476,0.06229508196721312,0.03278688524590164,0.14426229508196722,0.08032786885245902,0.022950819672131147,0.06393442622950819,0.040983606557377046,0.04426229508196721,0.06721311475409836,0.05081967213114754,0.10655737704918032,0.05081967213114754,0.07213114754098361,0.09508196721311475,0.036065573770491806
B:AACAC,0.029304029304029304,0.07692307692307693,0.04395604395604396,0.15384615384615385,0.0989010989010989,0.014652014652014652,0.12087912087912088,0.029304029304029304,0.05128205128205128,0.05128205128205128,0.047619047619047616,0.0695970695970696,0.03296703296703297,0.07692307692307693,0.08058608058608059,0.02197802197802198
B:AACAG,0.017191977077363897,0.07449856733524356,0.025787965616045846,0.16905444126074498,0.07736389684813753,0.03151862464183381,0.06303724928366762,0.04011461318051576,0.04011461318051576,0.0659025787965616,0.045845272206303724,0.07449856733524356,0.054441260744985676,0.07736389684813753,0.10601719197707736,0.03724928366762178
B:AACAT,0.034759358288770054,0.0748663101604278,0.029411764705882353,0.13368983957219252,0.06951871657754011,0.016042780748663103,0.09090909090909091,0.045454545454545456,0.0481283422459893,0.0748663101604278,0.058823529411764705,0.08823529411764706,0.034759358288770054,0.06684491978609626,0.09090909090909091,0.0427807486631016
B:AACCA,0.029411764705882353,0.034759358288770054,0.02406417112299465,0.1657754010695187,0.06951871657754011,0.013368983957219251,0.07754010695187166,0.045454545454545456,0.026737967914438502,0.07219251336898395,0.0374331550802139,0.09358288770053476,0.05080213903743316,0.11229946524064172,0.08021390374331551,0.06684491978609626
B:AACCC,0.029239766081871343,0.04093567251461988,0.05847953216374269,0.15789473684210525,0.04678362573099415,0.017543859649122806,0.07017543859649122,0.05847953216374269,0.04093567251461988,0.07602339181286549,0.029239766081871343,0.0935672514619883,0.04093567251461988,0.06432748538011696,0.11695906432748537,0.05847953216374269
B:AACCG,0.05263157894736842,0.013157894736842105,0.013157894736842105,0.125,0.09868421052631579,0.046052631578947366,0.09210526315789473,0.039473684210526314,0.039473684210526314,0.05921052631578947,0.05921052631578947,0.09868421052631579,0.05921052631578947,0.07236842105263158,0.08552631578947369,0.046052631578947366
B:AACCT,0.021367521367521368,0.07264957264957266,0.029914529914529916,0.13247863247863248,0.0811965811965812,0.021367521367521368,0.09829059829059829,0.04700854700854701,0.05128205128205128,0.05555555555555555,0.06837606837606838,0.04700854700854701,0.042735042735042736,0.07264957264957266,0.13675213675213677,0.021367521367521368
B:AACGA,0.0392156862745098,0.0457516339869281,0.032679738562091505,0.12745098039215685,0.08496732026143791,0.02287581699346405,0.12745098039215685,0.029411764705882353,0.06535947712418301,0.049019607843137254,0.05228758169934641,0.10457516339869281,0.03594771241830065,0.058823529411764705,0.0915032679738562,0.032679738562091505
B:AACGC,0.04519774011299435,0.02824858757062147,0.03954802259887006,0.0903954802259887,0.0847457627118644,0.03954802259887006,0.13559322033898305,0.05649717514124294,0.03954802259887006,0.07909604519774012,0.04519774011299435,0.07909604519774012,0.03954802259887006,0.07344632768361582,0.07344632768361582,0.05084745762711865
B:AACGG,0.04242424242424243,0.030303030303030304,0.024242424242424242,0.09696969696969697,0.10303030303030303,0.01818181818181818,0.06666666666666667,0.08484848484848485,0.03636363636363636,0.07878787878787878,0.06060606060606061,0.07878787878787878,0.04242424242424243,0.06666666666666667,0.09696969696969697,0.07272727272727272
B:AACGT,0.018604651162790697,0.046511627906976744,0.07441860465116279,0.13023255813953488,0.12093023255813953,0.018604651162790697,0.08837209302325581,0.06976744186046512,0.037209302325581395,0.046511627906976744,0.04186046511627907,0.06976744186046512,0.05581395348837209,0.05116279069767442,0.09767441860465116,0.03255813953488372
B:AACTA,0.03643724696356275,0.06882591093117409,0.024291497975708502,0.145748987854251,0.044534412955465584,0.024291497975708502,0.08906882591093117,0.03643724696356275,0.02834008097165992,0.06477732793522267,0.06477732793522267,0.0728744939271255,0.07692307692307693,0.08906882591093117,0.07692307692307693,0.05668016194331984
B:AACTC,0.02,0.06,0.052,0.128,0.068,0.032,0.116,0.044,0.044,0.084,0.016,0.084,0.024,0.084,0.088,0.056
B:AACTG,0.027439024390243903,0.0701219512195122,0.021341463414634148,0.13109756097560976,0.08536585365853659,0.018292682926829267,0.08841463414634146,0.06402439024390244,0.04573170731707317,0.08841463414634146,0.042682926829268296,0.07621951219512195,0.057926829268292686,0.07621951219512195,0.07621951219512195,0.03048780487804878
B:AACTT,0.03171247357293869,0.042283298097251586,0.02748414376321353,0.160676532769556,0.08879492600422834,0.012684989429175475,0.09936575052854123,0.0613107822410148,0.02959830866807611,0.05919661733615222,0.042283298097251586,0.10359408033826638,0.05919661733615222,0.0613107822410148,0.08456659619450317,0.035940803382663845
B:AATAA,0.02771362586605081,0.057736720554272515,0.013856812933025405,0.15935334872979215,0.07390300230946882,0.018475750577367205,0.07390300230946882,0.053117782909930716,0.04157043879907621,0.06697459584295612,0.07390300230946882,0.046189376443418015,0.06928406466512702,0.09006928406466513,0.11316397228637413,0.020785219399538105
B:AATAC,0.024725274725274724,0.04395604395604396,0.027472527472527472,0.11263736263736264,0.08516483516483517,0.016483516483516484,0.10164835164835165,0.06043956043956044,0.057692307692307696,0.04945054945054945,0.03296703296703297,0.11813186813186813,0.054945054945054944,0.06043956043956044,0.10714285714285714,0.046703296703296704
B:AATAG,0.01824817518248175,0.06934306569343066,0.0072992700729927005,0.145985401459854,0.06569343065693431,0.01824817518248175,0.0948905109489051,0.0364963503649635,0.040145985401459854,0.051094890510948905,0.043795620437956206,0.08029197080291971,0.08394160583941605,0.06934306569343066,0.11678832116788321,0.058394160583941604
B:AATAT,0.02536997885835095,0.042283298097251586,0.008456659619450317,0.13107822410147993,0.08456659619450317,0.014799154334038054,0.080338266384778,0.046511627906976744,0.03805496828752643,0.05919661733615222,0.04439746300211417,0.11839323467230443,0.05708245243128964,0.09090909090909091,0.13530655391120508,0.023255813953488372
B:AATCA,0.03496503496503497,0.08391608391608392,0.03496503496503497,0.17132867132867133,0.07342657342657342,0.01048951048951049,0.0944055944055944,0.045454545454545456,0.05944055944055944,0.05944055944055944,0.03496503496503497,0.055944055944055944,0.04895104895104895,0.06293706293706294,0.0944055944055944,0.03496503496503497
B:AATCC,0.038910505836575876,0.03501945525291829,0.023346303501945526,0.14785992217898833,0.0933852140077821,0.042801556420233464,0.0933852140077821,0.03501945525291829,0.054474708171206226,0.06614785992217899,0.042801556420233464,0.054474708171206226,0.0622568093385214,0.07003891050583658,0.10505836575875487,0.03501945525291829
B:AATCG,0.03139013452914798,0.06726457399103139,0.026905829596412557,0.11659192825112108,0.08968609865470852,0.03139013452914798,0.09417040358744394,0.08968609865470852,0.02242152466367713,0.053811659192825115,0.04484304932735426,0.07174887892376682,0.04035874439461883,0.053811659192825115,0.11210762331838565,0.053811659192825115
B:AATCT,0.04336043360433604,0.04065040650406504,0.02981029810298103,0.12466124661246612,0.07588075880758807,0.02710027100271003,0.11924119241192412,0.04336043360433604,0.02981029810298103,0.07859078590785908,0.04878048780487805,0.08672086720867209,0.04878048780487805,0.07317073170731707,0.08943089430894309,0.04065040650406504
B:AATGA,0.029197080291970802,0.04562043795620438,0.032846715328467155,0.15693430656934307,0.09671532846715329,0.01824817518248175,0.10218978102189781,0.058394160583941604,0.043795620437956206,0.06204379562043796,0.051094890510948905,0.07846715328467153,0.04927007299270073,0.06569343065693431,0.072992700729927,0.0364963503649635
B:AATGC,0.01729106628242075,0.03170028818443804,0.025936599423631124,0.15273775216138327,0.08069164265129683,0.023054755043227664,0.08357348703170028,0.08069164265129683,0.040345821325648415,0.07780979827089338,0.040345821325648415,0.09510086455331412,0.043227665706051875,0.06628242074927954,0.10951008645533142,0.03170028818443804
B:AATGG,0.02459016393442623,0.06967213114754098,0.02663934426229508,0.14549180327868852,0.05942622950819672,0.020491803278688523,0.0942622950819672,0.0430327868852459,0.0471311475409836,0.06352459016393443,0.0389344262295082,0.10655737704918032,0.045081967213114756,0.0860655737704918,0.07377049180327869,0.055327868852459015
B:AATGT,0.030136986301369864,0.08493150684931507,0.019178082191780823,0.13972602739726028,0.052054794520547946,0.024657534246575342,0.10136986301369863,0.06027397260273973,0.052054794520547946,0.07945205479452055,0.049315068493150684,0.07123287671232877,0.0410958904109589,0.06575342465753424,0.08767123287671233,0.0410958904109589
B:AATTA,0.010452961672473868,0.0975609756097561,0.006968641114982578,0.1602787456445993,0.08013937282229965,0.020905923344947737,0.05574912891986063,0.06968641114982578,0.05226480836236934,0.0627177700348432,0.041811846689895474,0.06968641114982578,0.059233449477351915,0.08362369337979095,0.08013937282229965,0.04878048780487805
B:AATTC,0.025404157043879907,0.053117782909930716,0.025404157043879907,0.15935334872979215,0.09237875288683603,0.03464203233256351,0.09699769053117784,0.04387990762124711,0.03233256351039261,0.07390300230946882,0.04387990762124711,0.08775981524249422,0.06235565819861432,0.06697459584295612,0.07852193995381063,0.023094688221709007
B:AATTG,0.014613778705636743,0.060542797494780795,0.014613778705636743,0.1732776617954071,0.09394572025052192,0.018789144050104383,0.07724425887265135,0.04384133611691023,0.06263048016701461,0.0709812108559499,0.037578288100208766,0.07933194154488518,0.04592901878914405,0.06889352818371608,0.09812108559498957,0.03966597077244259
B:AATTT,0.023172905525846704,0.06417112299465241,0.017825311942959002,0.16399286987522282,0.0855614973262032,0.017825311942959002,0.09090909090909091,0.053475935828877004,0.0481283422459893,0.08021390374331551,0.0285204991087344,0.0748663101604278,0.0338680926916221,0.0873440285204991,0.08912655971479501,0.040998217468805706
B:ACCAA,0.02526315789473684,0.05052631578947368,0.031578947368421054,0.14526315789473684,0.09052631578947369,0.01263157894736842,0.10736842105263159,0.06315789473684211,0.035789473684210524,0.06736842105263158,0.05263157894736842,0.06947368421052631,0.04631578947368421,0.07368421052631578,0.08842105263157894,0.04
B:ACCAC,0.041237113402061855,0.024054982817869417,0.048109965635738834,0.12371134020618557,0.09278350515463918,0.01718213058419244,0.16494845360824742,0.07560137457044673,0.027491408934707903,0.06529209621993128,0.048109965635738834,0.06872852233676977,0.044673539518900345,0.037800687285223365,0.07216494845360824,0.048109965635738834
B:ACCAG,0.05263157894736842,0.049342105263157895,0.05592105263157895,0.10526315789473684,0.08881578947368421,0.023026315789473683,0.09210526315789473,0.05592105263157895,0.046052631578947366,0.05263157894736842,0.04276315789473684,0.08552631578947369,0.039473684210526314,0.06578947368421052,0.09539473684210527,0.049342105263157895
B:ACCAT,0.039886039886039885,0.05698005698005698,0.02564102564102564,0.1168091168091168,0.08262108262108261,0.019943019943019943,0.07977207977207977,0.045584045584045586,0.02849002849002849,0.039886039886039885,0.05698005698005698,0.1111111111111111,0.06267806267806268,0.07977207977207977,0.08831908831908832,0.06552706552706553
B:ACCCA,0.05333333333333334,0.02666666666666667,0.008888888888888889,0.12444444444444444,0.08888888888888889,0.03111111111111111,0.09333333333333334,0.06222222222222222,0.044444444444444446,0.044444444444444446,0.05333333333333334,0.08,0.013333333333333334,0.09777777777777778,0.08444444444444445,0.09333333333333334
B:ACCCC,0.0660377358490566,0.02830188679245283,0.009433962264150943,0.11320754716981132,0.0660377358490566,0.018867924528301886,0.07547169811320754,0.07547169811320754,0.0660377358490566,0.0660377358490566,0.009433962264150943,0.09433962264150944,0.08490566037735849,0.07547169811320754,0.11320754716981132,0.03773584905660377
B:ACCCG,0.024691358024691357,0.04938271604938271,0.08641975308641975,0.13580246913580246,0.06172839506172839,0.024691358024691357,0.06172839506172839,0.07407407407407407,0.012345679012345678,0.06172839506172839,0.08641975308641975,0.07407407407407407,0.09876543209876543,0.024691358024691357,0.08641975308641975,0.037037037037037035
B:ACCCT,0.030303030303030304,0.05555555555555555,0.05555555555555555,0.12626262626262627,0.03535353535353535,0.020202020202020204,0.08585858585858586,0.06565656565656566,0.050505050505050504,0.06565656565656566,0.05555555555555555,0.13131313131313133,0.025252525252525252,0.09090909090909091,0.08080808080808081,0.025252525252525252
B:ACCGA,0.07975460122699386,0.04294478527607362,0.06134969325153374,0.12883435582822086,0.0736196319018405,0.04294478527607362,0.13496932515337423,0.05521472392638037,0.024539877300613498,0.05521472392638037,0.05521472392638037,0.0736196319018405,0.018404907975460124,0.06134969325153374,0.04294478527607362,0.049079754601226995
B:ACCGC,0.07751937984496124,0.046511627906976744,0.031007751937984496,0.12403100775193798,0.06201550387596899,0.03875968992248062,0.06976744186046512,0.06976744186046512,0.08527131782945736,0.03875968992248062,0.03875968992248062,0.13178294573643412,0.031007751937984496,0.05426356589147287,0.06201550387596899,0.03875968992248062
B:ACCGG,0.04040404040404041,0.06060606060606061,0.010101010101010102,0.16161616161616163,0.09090909090909091,0.010101010101010102,0.1111111111111111,0.020202020202020204,0.020202020202020204,0.0707070707070707,0.050505050505050504,0.09090909090909091,0.04040404040404041,0.04040404040404041,0.15151515151515152,0.030303030303030304
B:ACCGT,0.05116279069767442,0.023255813953488372,0.023255813953488372,0.11627906976744186,0.09302325581395349,0.04186046511627907,0.06511627906976744,0.06046511627906977,0.037209302325581395,0.07441860465116279,0.06046511627906977,0.10697674418604651,0.06046511627906977,0.06511627906976744,0.07441860465116279,0.046511627906976744
B:ACCTA,0.03787878787878788,0.09848484848484848,0.030303030303030304,0.06060606060606061,0.09848484848484848,0.007575757575757576,0.05303030303030303,0.015151515151515152,0.07575757575757576,0.06060606060606061,0.05303030303030303,0.12121212121212122,0.045454545454545456,0.07575757575757576,0.14393939393939395,0.022727272727272728
B:ACCTC,0.041025641025641026,0.03076923076923077,0.03076923076923077,0.10256410256410256,0.08205128205128205,0.02564102564102564,0.05128205128205128,0.06666666666666667,0.02564102564102564,0.07179487179487179,0.06153846153846154,0.09743589743589744,0.041025641025641026,0.09743589743589744,0.09743589743589744,0.07692307692307693
B:ACCTG,0.0330188679245283,0.05188679245283019,0.04245283018867924,0.09905660377358491,0.08962264150943396,0.03773584905660377,0.12264150943396226,0.04245283018867924,0.04716981132075472,0.08018867924528301,0.04245283018867924,0.07547169811320754,0.04716981132075472,0.05188679245283019,0.12264150943396226,0.014150943396226415
B:ACCTT,0.033444816053511704,0.020066889632107024,0.05351170568561873,0.20066889632107024,0.06354515050167224,0.020066889632107024,0.07692307692307693,0.06020066889632107,0.046822742474916385,0.07023411371237458,0.056856187290969896,0.08361204013377926,0.030100334448160536,0.046822742474916385,0.08361204013377926,0.05351170568561873
B:ACTAA,0.011583011583011582,0.06563706563706563,0.03474903474903475,0.1583011583011583,0.08108108108108109,0.011583011583011582,0.09652509652509653,0.04247104247104247,0.03474903474903475,0.08494208494208494,0.04247104247104247,0.07335907335907337,0.07722007722007722,0.0694980694980695,0.07722007722007722,0.03861003861003861
B:ACTAC,0.0380952380952381,0.05238095238095238,0.02857142857142857,0.10952380952380952,0.14285714285714285,0.03333333333333333,0.1619047619047619,0.01904761904761905,0.0380952380952381,0.0761904761904762,0.04285714285714286,0.02857142857142857,0.07142857142857142,0.047619047619047616,0.09047619047619047,0.01904761904761905
B:ACTAG,0.013392857142857142,0.04017857142857143,0.013392857142857142,0.07589285714285714,0.125,0.017857142857142856,0.14285714285714285,0.022321428571428572,0.026785714285714284,0.049107142857142856,0.03571428571428571,0.10714285714285714,0.05803571428571429,0.11160714285714286,0.11607142857142858,0.044642857142857144
B:ACTAT,0.028985507246376812,0.05314009661835749,0.028985507246376812,0.12077294685990338,0.05314009661835749,0.014492753623188406,0.0966183574879227,0.024154589371980676,0.05314009661835749,0.10144927536231885,0.057971014492753624,0.09178743961352658,0.07246376811594203,0.06763285024154589,0.07246376811594203,0.06280193236714976
B:ACTCA,0.024096385542168676,0.05421686746987952,0.04819277108433735,0.13253012048192772,0.0783132530120482,0.024096385542168676,0.10843373493975904,0.05421686746987952,0.07228915662650602,0.08433734939759036,0.03614457831325301,0.09036144578313253,0.024096385542168676,0.060240963855421686,0.08433734939759036,0.024096385542168676
B:ACTCC,0.022099447513812154,0.055248618784530384,0.06077348066298342,0.15469613259668508,0.09944751381215469,0.04419889502762431,0.09944751381215469,0.04419889502762431,0.03867403314917127,0.06629834254143646,0.022099447513812154,0.0718232044198895,0.04419889502762431,0.07734806629834254,0.03867403314917127,0.06077348066298342
B:ACTCG,0.043478260869565216,0.034782608695652174,0.02608695652173913,0.10434782608695652,0.10434782608695652,0.02608695652173913,0.10434782608695652,0.02608695652173913,0.034782608695652174,0.09565217391304348,0.043478260869565216,0.06086956521739131,0.06956521739130435,0.0782608695652174,0.06956521739130435,0.0782608695652174
B:ACTCT,0.027888446215139442,0.0796812749003984,0.0398406374501992,0.1394422310756972,0.06374501992031872,0.02390438247011952,0.09561752988047809,0.0398406374501992,0.0398406374501992,0.05976095617529881,0.02390438247011952,0.099601593625498,0.035856573705179286,0.0796812749003984,0.099601593625498,0.05179282868525897
B:ACTGA,0.02830188679245283,0.03773584905660377,0.04245283018867924,0.1509433962264151,0.08018867924528301,0.02830188679245283,0.10849056603773585,0.06132075471698113,0.03773584905660377,0.0660377358490566,0.018867924528301886,0.09905660377358491,0.06132075471698113,0.06132075471698113,0.07547169811320754,0.04245283018867924
B:ACTGC,0.01606425702811245,0.0642570281124498,0.0321285140562249,0.12048192771084337,0.10843373493975904,0.012048192771084338,0.10441767068273092,0.07630522088353414,0.05220883534136546,0.05220883534136546,0.03614457831325301,0.10843373493975904,0.040160642570281124,0.04417670682730924,0.11244979919678715,0.020080321285140562
B:ACTGG,0.040892193308550186,0.04460966542750929,0.03717472118959108,0.1412639405204461,0.07434944237918216,0.01486988847583643,0.08550185873605948,0.06319702602230483,0.03345724907063197,0.08921933085501858,0.040892193308550186,0.07806691449814127,0.04460966542750929,0.06691449814126393,0.10408921933085502,0.040892193308550186
B:ACTGT,0.0326530612244898,0.08163265306122448,0.053061224489795916,0.1306122448979592,0.07755102040816327,0.02040816326530612,0.044897959183673466,0.04081632653061224,0.0326530612244898,0.08571428571428572,0.04897959183673469,0.06938775510204082,0.061224489795918366,0.08571428571428572,0.10204081632653061,0.0326530612244898
B:ACTTA,0.043478260869565216,0.055900621118012424,0.012422360248447204,0.10559006211180125,0.08695652173913043,0.012422360248447204,0.06832298136645963,0.037267080745341616,0.055900621118012424,0.08695652173913043,0.037267080745341616,0.12422360248447205,0.08074534161490683,0.06832298136645963,0.07453416149068323,0.049689440993788817
B:ACTTC,0.04261363636363636,0.03409090909090909,0.02556818181818182,0.16477272727272727,0.08238636363636363,0.017045454545454544,0.08238636363636363,0.07102272727272728,0.03977272727272727,0.045454545454545456,0.048295454545454544,0.10795454545454546,0.05113636363636364,0.048295454545454544,0.08522727272727272,0.05397727272727273
B:ACTTG,0.04610951008645533,0.0345821325648415,0.04899135446685879,0.11527377521613832,0.06628242074927954,0.020172910662824207,0.08645533141210375,0.06340057636887608,0.043227665706051875,0.069164265129683,0.05187319884726225,0.12968299711815562,0.04610951008645533,0.04899135446685879,0.09221902017291066,0.037463976945244955
B:ACTTT,0.021551724137931036,0.04741379310344827,0.036637931034482756,0.11853448275862069,0.10991379310344827,0.02586206896551724,0.10344827586206896,0.05172413793103448,0.03879310344827586,0.0603448275862069,0.040948275862068964,0.10560344827586207,0.05603448275862069,0.04956896551724138,0.08620689655172414,0.04741379310344827
B:AGCAA,0.045662100456621,0.0639269406392694,0.02511415525114155,0.1141552511415525,0.07990867579908675,0.02054794520547945,0.0867579908675799,0.04337899543378995,0.04794520547945205,0.0776255707762557,0.06621004566210045,0.08447488584474885,0.0273972602739726,0.0821917808219178,0.08904109589041095,0.045662100456621
B:AGCAC,0.03333333333333333,0.037037037037037035,0.02962962962962963,0.11481481481481481,0.1259259259259259,0.014814814814814815,0.1259259259259259,0.03333333333333333,0.037037037037037035,0.06296296296296296,0.040740740740740744,0.11481481481481481,0.05925925925925926,0.05185185185185185,0.07407407407407407,0.044444444444444446
B:AGCAG,0.03825136612021858,0.07377049180327869,0.06830601092896176,0.1557377049180328,0.09562841530054644,0.01366120218579235,0.08196721311475409,0.040983606557377046,0.03825136612021858,0.04644808743169399,0.06830601092896176,0.060109289617486336,0.05191256830601093,0.05737704918032787,0.06830601092896176,0.040983606557377046
B:AGCAT,0.031791907514450865,0.028901734104046242,0.028901734104046242,0.14450867052023122,0.07514450867052024,0.03468208092485549,0.1069364161849711,0.046242774566473986,0.028901734104046242,0.05491329479768786,0.049132947976878616,0.0838150289017341,0.06358381502890173,0.07514450867052024,0.10115606936416185,0.046242774566473986
B:AGCCA,0.04929577464788732,0.07746478873239436,0.045774647887323945,0.14084507042253522,0.05985915492957746,0.017605633802816902,0.08098591549295775,0.035211267605633804,0.035211267605633804,0.05985915492957746,0.0528169014084507,0.09154929577464789,0.0528169014084507,0.0528169014084507,0.10211267605633803,0.045774647887323945
B:AGCCC,0.02857142857142857,0.02857142857142857,0.02857142857142857,0.20952380952380953,0.12380952380952381,0.01904761904761905,0.10476190476190476,0.02857142857142857,0.02857142857142857,0.05714285714285714,0.047619047619047616,0.0380952380952381,0.047619047619047616,0.047619047619047616,0.09523809523809523,0.06666666666666667
B:AGCCG,0.02564102564102564,0.05128205128205128,0.042735042735042736,0.1111111111111111,0.1282051282051282,0.03418803418803419,0.07692307692307693,0.03418803418803419,0.02564102564102564,0.05982905982905983,0.05982905982905983,0.09401709401709402,0.042735042735042736,0.06837606837606838,0.09401709401709402,0.05128205128205128
B:AGCCT,0.031914893617021274,0.06382978723404255,0.0425531914893617,0.1595744680851064,0.03723404255319149,0,0.12234042553191489,0.0425531914893617,0.015957446808510637,0.07446808510638298,0.06914893617021277,0.09042553191489362,0.05851063829787234,0.05851063829787234,0.07446808510638298,0.05851063829787234
B:AGCGA,0.04597701149425287,0.07471264367816093,0.040229885057471264,0.08045977011494253,0.06321839080459771,0.022988505747126436,0.15517241379310345,0.05172413793103448,0.05172413793103448,0.08045977011494253,0.028735632183908046,0.05747126436781609,0.06321839080459771,0.028735632183908046,0.09770114942528736,0.05747126436781609
B:AGCGC,0,0.05,0.05,0.19285714285714287,0.07142857142857142,0.04285714285714286,0.15714285714285714,0.05714285714285714,0.05,0.02857142857142857,0.02857142857142857,0.16428571428571428,0.02142857142857143,0.007142857142857143,0.06428571428571428,0.014285714285714285
B:AGCGG,0.0425531914893617,0.028368794326241134,0.02127659574468085,0.1347517730496454,0.09219858156028368,0.03546099290780142,0.04964539007092199,0.03546099290780142,0.05673758865248227,0.06382978723404255,0.10638297872340426,0.1276595744680851,0.0425531914893617,0.05673758865248227,0.06382978723404255,0.0425531914893617
B:AGCGT,0.03977272727272727,0.03977272727272727,0.045454545454545456,0.11363636363636363,0.08522727272727272,0.028409090909090908,0.11931818181818182,0.05113636363636364,0.028409090909090908,0.08522727272727272,0.05113636363636364,0.11363636363636363,0.011363636363636364,0.056818181818181816,0.07386363636363637,0.056818181818181816
B:AGCTA,0.016042780748663103,0.058823529411764705,0.0213903743315508,0.10160427807486631,0.08021390374331551,0.0053475935828877,0.18716577540106952,0.10695187165775401,0.053475935828877004,0.058823529411764705,0.03208556149732621,0.053475935828877004,0.053475935828877004,0.0427807486631016,0.08021390374331551,0.0481283422459893
B:AGCTC,0.02512562814070352,0.03015075376884422,0.04522613065326633,0.1708542713567839,0.08542713567839195,0.005025125628140704,0.09045226130653267,0.06532663316582915,0.05527638190954774,0.09045226130653267,0.04020100502512563,0.08040201005025126,0.05527638190954774,0.07035175879396985,0.07035175879396985,0.020100502512562814
B:AGCTG,0.03296703296703297,0.03663003663003663,0.029304029304029304,0.1684981684981685,0.09157509157509157,0.018315018315018316,0.10622710622710622,0.05128205128205128,0.047619047619047616,0.05128205128205128,0.040293040293040296,0.10989010989010989,0.03296703296703297,0.054945054945054944,0.09157509157509157,0.03663003663003663
B:AGCTT,0.031141868512110725,0.03806228373702422,0.02422145328719723,0.1695501730103806,0.08650519031141868,0.01730103806228374,0.1245674740484429,0.0726643598615917,0.05536332179930796,0.05190311418685121,0.031141868512110725,0.09688581314878893,0.01384083044982699,0.0726643598615917,0.07612456747404844,0.03806228373702422
B:AGTAA,0.023255813953488372,0.06976744186046512,0.03488372093023256,0.1821705426356589,0.05813953488372093,0.023255813953488372,0.07751937984496124,0.03488372093023256,0.06201550387596899,0.03488372093023256,0.027131782945736434,0.06201550387596899,0.06589147286821706,0.07364341085271318,0.14728682170542637,0.023255813953488372
B:AGTAC,0.028225806451612902,0.03225806451612903,0.056451612903225805,0.12903225806451613,0.10483870967741936,0.024193548387096774,0.08870967741935484,0.06048387096774194,0.020161290322580645,0.06854838709677419,0.04032258064516129,0.16532258064516128,0.036290322580645164,0.04435483870967742,0.07661290322580645,0.024193548387096774
B:AGTAG,0,0.04672897196261682,0.037383177570093455,0.11214953271028037,0.1261682242990654,0.014018691588785047,0.09813084112149532,0.028037383177570093,0.037383177570093455,0.04672897196261682,0.037383177570093455,0.07476635514018691,0.102803738317757,0.06542056074766354,0.11682242990654206,0.056074766355140186
B:AGTAT,0.01968503937007874,0.06692913385826772,0.015748031496062992,0.10236220472440945,0.09055118110236221,0.023622047244094488,0.07874015748031496,0.047244094488188976,0.047244094488188976,0.07086614173228346,0.047244094488188976,0.15354330708661418,0.06299212598425197,0.051181102362204724,0.09055118110236221,0.031496062992125984
B:AGTCA,0.055299539170506916,0.06451612903225806,0.03225806451612903,0.12903225806451613,0.06912442396313365,0.027649769585253458,0.0967741935483871,0.04608294930875576,0.04608294930875576,0.07834101382488479,0.04608294930875576,0.08755760368663594,0.055299539170506916,0.05069124423963134,0.059907834101382486,0.055299539170506916
B:AGTCC,0.043478260869565216,0.007246376811594203,0.050724637681159424,0.13768115942028986,0.07971014492753623,0.021739130434782608,0.10869565217391304,0.057971014492753624,0.036231884057971016,0.08695652173913043,0.043478260869565216,0.10144927536231885,0.036231884057971016,0.050724637681159424,0.10144927536231885,0.036231884057971016
B:AGTCG,0.028169014084507043,0.07042253521126761,0.08450704225352113,0.09154929577464789,0.13380281690140844,0.02112676056338028,0.11971830985915492,0.02112676056338028,0.035211267605633804,0.07746478873239436,0.014084507042253521,0.06338028169014084,0.07746478873239436,0.056338028169014086,0.056338028169014086,0.04929577464788732
B:AGTCT,0.04716981132075472,0.0330188679245283,0.05188679245283019,0.10377358490566038,0.08018867924528301,0.014150943396226415,0.10849056603773585,0.0660377358490566,0.03773584905660377,0.07075471698113207,0.0330188679245283,0.09905660377358491,0.04245283018867924,0.04716981132075472,0.10377358490566038,0.06132075471698113
B:AGTGA,0.04405286343612335,0.03524229074889868,0.039647577092511016,0.1277533039647577,0.08370044052863436,0.030837004405286344,0.0881057268722467,0.05726872246696035,0.05726872246696035,0.07488986784140969,0.02643171806167401,0.08370044052863436,0.022026431718061675,0.09691629955947137,0.09691629955947137,0.03524229074889868
B:AGTGC,0.031088082901554404,0.03626943005181347,0.015544041450777202,0.09326424870466321,0.12435233160621761,0.02072538860103627,0.12435233160621761,0.05699481865284974,0.031088082901554404,0.09844559585492228,0.031088082901554404,0.09844559585492228,0.05699481865284974,0.05181347150259067,0.07772020725388601,0.05181347150259067
B:AGTGG,0.027131782945736434,0.03875968992248062,0.046511627906976744,0.11627906976744186,0.13565891472868216,0.01937984496124031,0.09302325581395349,0.03875968992248062,0.03875968992248062,0.07751937984496124,0.06201550387596899,0.05813953488372093,0.05426356589147287,0.06201550387596899,0.08139534883720931,0.050387596899224806
B:AGTGT,0.01904761904761905,0.07142857142857142,0.02857142857142857,0.13333333333333333,0.08095238095238096,0.01904761904761905,0.11904761904761904,0.0380952380952381,0.06666666666666667,0.05238095238095238,0.05714285714285714,0.08095238095238096,0.04285714285714286,0.05238095238095238,0.0761904761904762,0.06190476190476191
B:AGTTA,0.04285714285714286,0.05714285714285714,0.02857142857142857,0.1523809523809524,0.0380952380952381,0.023809523809523808,0.12857142857142856,0.047619047619047616,0.03333333333333333,0.0761904761904762,0.02857142857142857,0.05714285714285714,0.07142857142857142,0.08571428571428572,0.08571428571428572,0.04285714285714286
B:AGTTC,0.02491103202846975,0.0711743772241993,0.014234875444839857,0.1423487544483986,0.09252669039145907,0.010676156583629894,0.08896797153024912,0.0711743772241993,0.03202846975088968,0.09252669039145907,0.0498220640569395,0.08896797153024912,0.05338078291814947,0.06761565836298933,0.0498220640569395,0.0498220640569395
B:AGTTG,0.02717391304347826,0.051630434782608696,0.04076086956521739,0.13858695652173914,0.08152173913043478,0.029891304347826088,0.08967391304347826,0.059782608695652176,0.03804347826086957,0.07336956521739131,0.04891304347826087,0.08695652173913043,0.04619565217391304,0.07065217391304347,0.08152173913043478,0.035326086956521736
B:AGTTT,0.029953917050691243,0.055299539170506916,0.03225806451612903,0.14516129032258066,0.07834101382488479,0.016129032258064516,0.08755760368663594,0.041474654377880185,0.041474654377880185,0.0576036866359447,0.03686635944700461,0.09907834101382489,0.0576036866359447,0.07834101382488479,0.10138248847926268,0.041474654377880185
B:ATCAA,0.037815126050420166,0.05042016806722689,0.0273109243697479,0.14705882352941177,0.09663865546218488,0.01680672268907563,0.09243697478991597,0.04201680672268908,0.04201680672268908,0.06932773109243698,0.03571428571428571,0.07773109243697479,0.03571428571428571,0.07142857142857142,0.09663865546218488,0.06092436974789916
B:ATCAC,0.02032520325203252,0.06504065040650407,0.032520325203252036,0.14227642276422764,0.08943089430894309,0.024390243902439025,0.1016260162601626,0.032520325203252036,0.052845528455284556,0.06910569105691057,0.056910569105691054,0.08536585365853659,0.032520325203252036,0.08130081300813008,0.06910569105691057,0.044715447154471545
B:ATCAG,0.039473684210526314,0.07017543859649122,0.03508771929824561,0.13157894736842105,0.043859649122807015,0.021929824561403508,0.11403508771929824,0.05701754385964912,0.043859649122807015,0.07017543859649122,0.017543859649122806,0.10087719298245613,0.039473684210526314,0.08771929824561403,0.07017543859649122,0.05701754385964912
B:ATCAT,0.03263403263403263,0.06060606060606061,0.039627039627039624,0.1282051282051282,0.08624708624708624,0.023310023310023312,0.07692307692307693,0.04428904428904429,0.055944055944055944,0.06293706293706294,0.06526806526806526,0.08624708624708624,0.039627039627039624,0.04895104895104895,0.11421911421911422,0.03496503496503497
B:ATCCA,0.04892966360856269,0.027522935779816515,0.03669724770642202,0.1162079510703364,0.08256880733944955,0.024464831804281346,0.09480122324159021,0.0672782874617737,0.06116207951070336,0.06422018348623854,0.045871559633027525,0.05198776758409786,0.04892966360856269,0.09174311926605505,0.0856269113149847,0.05198776758409786
B:ATCCC,0.043478260869565216,0.043478260869565216,0.012422360248447204,0.13043478260869565,0.06832298136645963,0.031055900621118012,0.08695652173913043,0.07453416149068323,0.037267080745341616,0.062111801242236024,0.049689440993788817,0.09316770186335403,0.07453416149068323,0.06832298136645963,0.08695652173913043,0.037267080745341616
B:ATCCG,0.04081632653061224,0.05442176870748299,0.027210884353741496,0.11564625850340136,0.07482993197278912,0.047619047619047616,0.09523809523809523,0.027210884353741496,0.027210884353741496,0.12244897959183673,0.034013605442176874,0.06802721088435375,0.047619047619047616,0.061224489795918366,0.10204081632653061,0.05442176870748299
B:ATCCT,0.020761245674740483,0.058823529411764705,0.02768166089965398,0.1695501730103806,0.11764705882352941,0.0034602076124567475,0.08996539792387544,0.03460207612456748,0.058823529411764705,0.05190311418685121,0.031141868512110725,0.06920415224913495,0.04844290657439446,0.0726643598615917,0.10726643598615918,0.03806228373702422
B:ATCGA,0.03007518796992481,0.05263157894736842,0.018796992481203006,0.10526315789473684,0.11654135338345864,0.018796992481203006,0.09022556390977443,0.06015037593984962,0.03007518796992481,0.04887218045112782,0.022556390977443608,0.09774436090225563,0.06766917293233082,0.08270676691729323,0.10526315789473684,0.05263157894736842
B:ATCGC,0.012195121951219513,0.042682926829268296,0.012195121951219513,0.12804878048780488,0.07317073170731707,0.04878048780487805,0.06707317073170732,0.06707317073170732,0.042682926829268296,0.09146341463414634,0.07926829268292683,0.06097560975609756,0.054878048780487805,0.04878048780487805,0.11585365853658537,0.054878048780487805
B:ATCGG,0.05925925925925926,0.05925925925925926,0.022222222222222223,0.14074074074074075,0.06666666666666667,0.044444444444444446,0.08888888888888889,0.08888888888888889,0.022222222222222223,0.05185185185185185,0.05185185185185185,0.05925925925925926,0.022222222222222223,0.06666666666666667,0.1259259259259259,0.02962962962962963
B:ATCGT,0.04744525547445255,0.05474452554744526,0.029197080291970802,0.0948905109489051,0.058394160583941604,0.01824817518248175,0.12773722627737227,0.04744525547445255,0.06204379562043796,0.04744525547445255,0.040145985401459854,0.0948905109489051,0.0364963503649635,0.06934306569343066,0.13503649635036497,0.0364963503649635
B:ATCTA,0.021929824561403508,0.05263157894736842,0.021929824561403508,0.11403508771929824,0.07017543859649122,0.021929824561403508,0.09649122807017543,0.06140350877192982,0.043859649122807015,0.05701754385964912,0.04824561403508772,0.06578947368421052,0.07456140350877193,0.06578947368421052,0.09649122807017543,0.08771929824561403
B:ATCTC,0.05439330543933055,0.04184100418410042,0.03347280334728033,0.12552301255230125,0.07531380753138076,0.029288702928870293,0.12133891213389121,0.06694560669456066,0.03347280334728033,0.04602510460251046,0.04602510460251046,0.09205020920502092,0.04602510460251046,0.08368200836820083,0.07112970711297072,0.03347280334728033
B:ATCTG,0.026936026936026935,0.026936026936026935,0.02356902356902357,0.15824915824915825,0.0707070707070707,0.026936026936026935,0.10774410774410774,0.04040404040404041,0.013468013468013467,0.10101010101010101,0.05387205387205387,0.1111111111111111,0.04040404040404041,0.0707070707070707,0.0707070707070707,0.05723905723905724
B:ATCTT,0.032432432432432434,0.043243243243243246,0.02882882882882883,0.12612612612612611,0.0990990990990991,0.014414414414414415,0.10990990990990991,0.05045045045045045,0.03423423423423423,0.06126126126126126,0.04864864864864865,0.07027027027027027,0.04144144144144144,0.07747747747747748,0.1063063063063063,0.055855855855855854
B:ATTAA,0.022151898734177215,0.08227848101265822,0,0.17721518987341772,0.08227848101265822,0.012658227848101266,0.08860759493670886,0.04746835443037975,0.056962025316455694,0.0759493670886076,0.05379746835443038,0.05379746835443038,0.04430379746835443,0.07911392405063292,0.08544303797468354,0.0379746835443038
B:ATTAC,0.005128205128205128,0.05641025641025641,0.03076923076923077,0.14358974358974358,0.09230769230769231,0.020512820512820513,0.09230769230769231,0.09230769230769231,0.06666666666666667,0.041025641025641026,0.05641025641025641,0.07179487179487179,0.041025641025641026,0.05641025641025641,0.1076923076923077,0.02564102564102564
B:ATTAG,0.03508771929824561,0.05701754385964912,0.0043859649122807015,0.15789473684210525,0.07894736842105263,0.021929824561403508,0.09210526315789473,0.05701754385964912,0.05701754385964912,0.05701754385964912,0.06140350877192982,0.07894736842105263,0.039473684210526314,0.03508771929824561,0.10087719298245613,0.06578947368421052
B:ATTAT,0.024193548387096774,0.053763440860215055,0.03494623655913978,0.13978494623655913,0.06451612903225806,0.021505376344086023,0.07795698924731183,0.06451612903225806,0.0456989247311828,0.05913978494623656,0.03494623655913978,0.07795698924731183,0.07258064516129033,0.08602150537634409,0.11021505376344086,0.03225806451612903
B:ATTCA,0.028503562945368172,0.03800475059382423,0.011876484560570071,0.1496437054631829,0.08076009501187649,0.035629453681710214,0.08788598574821853,0.0498812351543943,0.03800475059382423,0.0997624703087886,0.040380047505938245,0.057007125890736345,0.052256532066508314,0.07838479809976247,0.12826603325415678,0.023752969121140142
B:ATTCC,0.023178807947019868,0.056291390728476824,0.029801324503311258,0.18211920529801323,0.0695364238410596,0.009933774834437087,0.10596026490066225,0.06291390728476821,0.026490066225165563,0.03642384105960265,0.039735099337748346,0.11589403973509933,0.04966887417218543,0.056291390728476824,0.09933774834437085,0.03642384105960265
B:ATTCG,0.043689320388349516,0.06796116504854369,0.02912621359223301,0.10679611650485436,0.07766990291262135,0.009708737864077669,0.11650485436893204,0.043689320388349516,0.038834951456310676,0.0825242718446602,0.06796116504854369,0.10194174757281553,0.05339805825242718,0.04854368932038835,0.0970873786407767,0.014563106796116505
B:ATTCT,0.021359223300970873,0.062135922330097085,0.02524271844660194,0.1378640776699029,0.07572815533980583,0.021359223300970873,0.08737864077669903,0.04854368932038835,0.03495145631067961,0.08155339805825243,0.04660194174757282,0.09320388349514563,0.062135922330097085,0.07766990291262135,0.09514563106796116,0.02912621359223301
B:ATTGA,0.03389830508474576,0.04600484261501211,0.01694915254237288,0.13801452784503632,0.06779661016949153,0.021791767554479417,0.1089588377723971,0.05569007263922518,0.06295399515738499,0.06295399515738499,0.029055690072639227,0.09443099273607748,0.04600484261501211,0.07021791767554479,0.11380145278450363,0.031476997578692496
B:ATTGC,0.037142857142857144,0.05714285714285714,0.017142857142857144,0.14285714285714285,0.08857142857142856,0.02,0.09714285714285714,0.04857142857142857,0.05142857142857143,0.07142857142857142,0.054285714285714284,0.06857142857142857,0.05142857142857143,0.06571428571428571,0.07428571428571429,0.054285714285714284
