,X,Y,1,2,3,4,5,6,7,8,9,10,11,12,13,14,15,16,17,18,19,20
AACAA,0.047669175,0.002055453,0.112467121,0.080986932,0.070898676,0.063180885,0.059944138,0.04914973,0.053554647,0.057161533,0.0457056,0.062737243,0.03072416,0.023883152,0.038607332,0.037704298,0.029637369,0.027812925,0.031173052,0.027797174,0.021244927,0.025904478
AACAC,0.038037086,0.001293849,0.118401024,0.073756314,0.070860721,0.061537397,0.062083996,0.047059434,0.057130008,0.055569778,0.046626998,0.068570539,0.02845776,0.030305127,0.036667128,0.035937176,0.028481976,0.02940566,0.029682419,0.027489103,0.023489933,0.029156576
AACAG,0.039830255,0.001436069,0.119483015,0.072580895,0.072469832,0.061113005,0.061978263,0.045073456,0.05873161,0.056623998,0.044017068,0.0706515,0.029031325,0.029594388,0.036637842,0.03415055,0.029460079,0.028651645,0.029315439,0.026580193,0.023155323,0.029434251
AACAT,0.048347252,0.002050831,0.114953949,0.081956043,0.071111141,0.063354233,0.058118069,0.048004887,0.055154265,0.057742139,0.046071534,0.060997959,0.03031605,0.024354878,0.037092855,0.03755941,0.030309336,0.02881233,0.031980881,0.026096909,0.021142692,0.024472356
AACCA,0.041028586,0.001534752,0.121057333,0.0713307,0.072680745,0.0596236,0.061853524,0.045434701,0.058438113,0.055230918,0.045004836,0.072532979,0.028125924,0.0296506,0.03620604,0.03486607,0.029066253,0.027941216,0.028555788,0.025667634,0.024226915,0.029942774
AACCC,0.033317079,0.000804161,0.129003696,0.06327208,0.072280396,0.055807925,0.063909421,0.041136263,0.063263525,0.055542723,0.041482736,0.083299114,0.025172809,0.036495226,0.033471067,0.030618006,0.027846217,0.029783903,0.025728878,0.024462752,0.026331999,0.036970024
AACCG,0.031580927,0.000766738,0.116602048,0.067111278,0.068355419,0.055219605,0.063523523,0.044384006,0.065780337,0.053975464,0.044123604,0.076080667,0.027559169,0.037787165,0.034676813,0.033476072,0.028716509,0.030235519,0.027486835,0.026676697,0.026459696,0.039421908
AACCT,0.039517469,0.001452706,0.123851878,0.067142121,0.072193663,0.058445256,0.062648418,0.044689102,0.060819946,0.056117053,0.043999551,0.075079705,0.026687172,0.031084028,0.035918633,0.033559439,0.029077358,0.028108887,0.027946184,0.024986538,0.025172485,0.031502408
AACGA,0.036172129,0.000970134,0.108391657,0.076598988,0.06940614,0.059469198,0.059801816,0.047453399,0.06032846,0.054355208,0.044376689,0.067257986,0.02854965,0.032291594,0.036116693,0.036712633,0.030489918,0.031695655,0.031210588,0.028771395,0.025292773,0.034287298
AACGC,0.02781438,0.000698535,0.116687041,0.068916795,0.066011526,0.054469828,0.0649796,0.04624617,0.063360269,0.053485529,0.044880852,0.073600152,0.02679833,0.037419232,0.034323453,0.034815603,0.030989538,0.032116719,0.029227325,0.030005239,0.024829732,0.038324152
AACGG,0.029657271,0.000806116,0.115703661,0.067284689,0.069677033,0.054776888,0.064242251,0.044180362,0.06638756,0.056415124,0.044050343,0.074253693,0.02770699,0.035872166,0.035248076,0.034259933,0.028799147,0.031048471,0.025912731,0.027589973,0.026978885,0.039148637
AACGT,0.031996448,0.001070902,0.111870029,0.076020948,0.063692521,0.059931306,0.059866007,0.048739079,0.059826827,0.054263363,0.046127124,0.06431939,0.029188596,0.03362892,0.038918128,0.038643873,0.030834128,0.031748312,0.032858393,0.027582244,0.023115801,0.035757663
AACTA,0.050138944,0.002397224,0.112639689,0.082984484,0.071230933,0.062590194,0.058696197,0.0485885,0.054480184,0.057294835,0.04535046,0.061057641,0.030299236,0.023137381,0.038904195,0.036638162,0.030287309,0.028832278,0.031527663,0.027395136,0.020501628,0.025027729
AACTC,0.038951099,0.001271641,0.121324289,0.070284499,0.071661436,0.060285512,0.06140731,0.044414296,0.058406399,0.05664473,0.044147008,0.07308697,0.027530627,0.032268908,0.03718133,0.033176066,0.029579832,0.028121899,0.029660828,0.025999798,0.024254328,0.030341197
AACTG,0.041298093,0.001625761,0.117884939,0.074300719,0.07193912,0.06024748,0.061646829,0.045801167,0.059568246,0.056562004,0.044524457,0.070615242,0.028087609,0.02831402,0.036159809,0.03455606,0.030251097,0.028323454,0.029455512,0.02588953,0.023593969,0.029354884
AACTT,0.047056345,0.002239775,0.114628752,0.080645954,0.071061962,0.062478497,0.058764262,0.047688257,0.05569598,0.056692996,0.044033702,0.063812533,0.029706863,0.024967527,0.038195542,0.037352993,0.030868878,0.027509215,0.030781113,0.027017729,0.02215201,0.026649114
AATAA,0.052798636,0.003033562,0.107011713,0.089522145,0.071149698,0.065293366,0.056782286,0.049945316,0.052438153,0.056797561,0.046083864,0.05427112,0.032003617,0.01989381,0.039854829,0.040132829,0.032021947,0.02758311,0.032910936,0.028850913,0.018635172,0.022985416
AATAC,0.051688345,0.002384119,0.110415518,0.084779483,0.069453004,0.063490004,0.05785678,0.049174479,0.055537535,0.056726891,0.045622628,0.058310898,0.030328587,0.022484241,0.038686518,0.038367554,0.030388055,0.028355336,0.032031529,0.028333712,0.019786565,0.02579822
AATAG,0.054249314,0.002478693,0.114660119,0.082507592,0.073062713,0.063752929,0.05738586,0.046684014,0.053920388,0.057080428,0.04623174,0.060645752,0.030184845,0.021626892,0.037568061,0.036845599,0.030654739,0.027952846,0.030437413,0.027547562,0.020552009,0.023970491
AATAT,0.059245711,0.00301956,0.109372653,0.09298666,0.070354986,0.066062254,0.054840309,0.049578614,0.051798215,0.056346333,0.045898056,0.05101328,0.032174834,0.018143647,0.038968843,0.04135745,0.030882883,0.027592915,0.034078959,0.027983505,0.017963375,0.020336959
AATCA,0.051634208,0.002202916,0.115642772,0.082611427,0.071935756,0.063458868,0.058949709,0.047893797,0.053824726,0.05575486,0.045707413,0.059582066,0.029729037,0.022864039,0.039061467,0.036420447,0.029625711,0.027716241,0.031741833,0.027811301,0.020747917,0.025083488
AATCC,0.043895103,0.00177359,0.122437662,0.072822106,0.070883648,0.05988739,0.062185562,0.044384714,0.057913958,0.056694928,0.045124126,0.069809501,0.026723755,0.029481562,0.036510974,0.033168631,0.030375851,0.027817885,0.028217567,0.02584945,0.023336448,0.030705589
AATCG,0.041585178,0.000988163,0.11234174,0.076438497,0.067339166,0.061554297,0.06141019,0.044981987,0.059948533,0.055892949,0.044384972,0.065692229,0.030406588,0.030097787,0.037735461,0.035738549,0.029562532,0.029994853,0.031168296,0.026824498,0.021924858,0.033988677
AATCT,0.050573926,0.002213027,0.117419861,0.078600031,0.071952599,0.061651586,0.059417682,0.046552898,0.055701467,0.057580452,0.044928619,0.06320488,0.029917617,0.025011378,0.037955497,0.035972124,0.029959372,0.027629431,0.030159797,0.026973874,0.019933943,0.026689938
AATGA,0.050263064,0.001898875,0.116140128,0.081086589,0.072935321,0.063663254,0.058642814,0.046808038,0.054672158,0.057503489,0.045415529,0.061153034,0.028893774,0.02373748,0.037872519,0.036060097,0.029912683,0.027291309,0.031755981,0.027989107,0.02076412,0.025540639
AATGC,0.044324674,0.001786091,0.118591052,0.077407745,0.072830326,0.061306,0.059560299,0.047497453,0.05782806,0.055848999,0.045603658,0.065317974,0.029488451,0.025274533,0.037139921,0.035739769,0.029950681,0.028469751,0.030807825,0.027724798,0.021944685,0.025557256
AATGG,0.046267624,0.001651778,0.122467036,0.07284591,0.072150237,0.060191792,0.059892117,0.045600491,0.057915692,0.055900023,0.044269793,0.069442462,0.028037417,0.027388121,0.036934899,0.034351989,0.029261088,0.027741309,0.029450168,0.025978937,0.02291084,0.029350277
AATGT,0.048017307,0.002037665,0.117997543,0.081803204,0.072104953,0.063264326,0.058440993,0.047868996,0.054491406,0.057012693,0.045570175,0.05989831,0.030326381,0.024384267,0.038660816,0.037916037,0.029004478,0.028337079,0.031667629,0.026879762,0.020376646,0.023939334
AATTA,0.054164646,0.003373112,0.103704794,0.094139705,0.070423999,0.066890675,0.056628447,0.05206457,0.051861057,0.056364313,0.045495878,0.05045812,0.032622627,0.018181897,0.040230532,0.041057572,0.031756616,0.027145109,0.033272135,0.030232437,0.017367847,0.022563912
AATTC,0.052896176,0.00223001,0.116711107,0.082427437,0.06904738,0.06342217,0.059887321,0.048012848,0.053158016,0.057129266,0.045075868,0.058844323,0.029906567,0.024338089,0.037731238,0.036238746,0.030884105,0.027471448,0.031953288,0.027694013,0.020724688,0.024215896
AATTG,0.057401129,0.002796189,0.113896609,0.085402646,0.070748122,0.064199152,0.057565277,0.047563523,0.053733253,0.05481437,0.045735245,0.057933197,0.031539206,0.021577074,0.037708936,0.036922154,0.030848649,0.027112849,0.031426,0.028312834,0.01926201,0.023501576
AATTT,0.056752955,0.0034655,0.10676265,0.092417448,0.070445683,0.064631891,0.056528283,0.051711668,0.051357731,0.056900685,0.046165636,0.051850165,0.031669626,0.019583463,0.039690136,0.040493418,0.030930976,0.026446754,0.033020741,0.029856856,0.018189261,0.021128473
ACCAA,0.042771513,0.001886022,0.119823827,0.070993197,0.072449263,0.059030324,0.062838499,0.044354037,0.059698742,0.055612361,0.04409751,0.072442037,0.027990447,0.029728333,0.036181275,0.034208539,0.028568538,0.02881784,0.028778096,0.025479364,0.024561644,0.02968859
ACCAC,0.034625571,0.001181884,0.127653446,0.061166656,0.073293385,0.056568231,0.063192743,0.041862544,0.064543468,0.053976031,0.043580746,0.081943985,0.025835927,0.036674833,0.033182149,0.032433954,0.02734225,0.028404953,0.026703304,0.02441899,0.026603986,0.034810965
ACCAG,0.033437891,0.000986054,0.127515437,0.059064635,0.073844784,0.056506224,0.06411483,0.042882689,0.065031594,0.054765972,0.043788793,0.084214341,0.025498823,0.036553288,0.0333153,0.030711585,0.027494916,0.028915367,0.025650729,0.023902482,0.027343011,0.034461255
ACCAT,0.042636133,0.001429358,0.126437001,0.068693246,0.073252668,0.059291589,0.060059773,0.044543217,0.060346409,0.05625707,0.044313908,0.073852692,0.027620234,0.03067004,0.035447305,0.033043385,0.027914514,0.027719601,0.028403706,0.025094017,0.024455774,0.02851836
ACCCA,0.031700124,0.000876059,0.132656888,0.058623928,0.073516926,0.054240634,0.064519323,0.040175692,0.066670467,0.055206699,0.042503848,0.085154705,0.024280627,0.038273564,0.032645187,0.029677988,0.027043812,0.030083016,0.024571646,0.023569579,0.027586848,0.03642244
ACCCC,0.029310112,0.000476472,0.137920735,0.052234083,0.071495623,0.05142337,0.064981475,0.037171892,0.070283109,0.054139969,0.04175882,0.093047071,0.022362161,0.043174012,0.031087991,0.027180213,0.025252992,0.029399006,0.021640342,0.021106979,0.028524289,0.046029285
ACCCG,0.023643069,0.000394744,0.127491819,0.055586142,0.069485275,0.052168493,0.06604685,0.041136446,0.069152859,0.054069496,0.042694645,0.08575287,0.02446372,0.042434945,0.03180803,0.030883499,0.026385498,0.031402898,0.024993508,0.022843193,0.029730432,0.047431569
ACCCT,0.03183386,0.000957534,0.135522519,0.056279136,0.073378902,0.054099007,0.06510899,0.040339013,0.06838581,0.054897504,0.04232366,0.08855366,0.023610333,0.037970028,0.03100223,0.028659751,0.026463055,0.028633245,0.023835636,0.021536229,0.026979925,0.039629974
ACCGA,0.029322806,0.000510173,0.118177953,0.064415427,0.068545399,0.054989371,0.067039174,0.043340419,0.065387185,0.054345582,0.043935621,0.07686608,0.027209232,0.037898573,0.034776799,0.033877923,0.028253872,0.029942302,0.028338901,0.025593684,0.026978439,0.040255087
ACCGC,0.027383984,0.000743763,0.128096193,0.05915166,0.069474182,0.050801235,0.066431518,0.041921161,0.070916631,0.052750794,0.042270504,0.081475805,0.023935631,0.042270504,0.03132818,0.031497217,0.025997881,0.030888684,0.025975343,0.02666276,0.028308053,0.041718317
ACCGG,0.025522576,0.000384046,0.126416854,0.056147474,0.068195534,0.051780326,0.066659352,0.042694903,0.070258408,0.052669117,0.041871948,0.083842651,0.024721567,0.045185714,0.032599989,0.029253306,0.026707632,0.029615406,0.026224831,0.024941022,0.028803423,0.045503923
ACCGT,0.026970855,0.000764453,0.11526517,0.065719064,0.069696608,0.054085045,0.063712375,0.043967989,0.068346871,0.057107023,0.045735786,0.077735308,0.026290014,0.039990444,0.034042045,0.032716197,0.027066412,0.032513139,0.02627807,0.025716675,0.027651696,0.038628763
ACCTA,0.043419195,0.001898366,0.122106475,0.068987815,0.072624373,0.058273911,0.064093589,0.044581944,0.061898604,0.056120451,0.044261595,0.07420239,0.027538175,0.028849234,0.035463854,0.033440907,0.028671262,0.028066158,0.02683222,0.024904192,0.024797409,0.028967882
ACCTC,0.032983504,0.000954081,0.130517062,0.058438267,0.071940249,0.055056473,0.064002166,0.040795635,0.065749741,0.05426298,0.043229644,0.085322577,0.025294175,0.037860969,0.034293397,0.03004254,0.027624275,0.027649465,0.025218604,0.023839437,0.027142511,0.037782249
ACCTG,0.031156531,0.001024032,0.128740788,0.057457017,0.074330382,0.055408953,0.065336506,0.041966791,0.067046315,0.055158737,0.043736838,0.086009448,0.024718102,0.0379448,0.031798289,0.030294676,0.026527534,0.029437454,0.024801507,0.023207538,0.028135404,0.03576236
ACCTT,0.039385228,0.001224021,0.125606518,0.06707007,0.071884553,0.058392076,0.062820521,0.043961183,0.059656898,0.055413625,0.044909014,0.076755528,0.025908443,0.031903007,0.035716303,0.033020319,0.028064603,0.028808431,0.028064603,0.025487882,0.023987672,0.031959501
ACTAA,0.049935193,0.002263696,0.110671624,0.082344995,0.069687768,0.062458545,0.059914929,0.051219171,0.054645141,0.056275976,0.044695831,0.061929132,0.030286065,0.023373273,0.039079187,0.037308392,0.030748541,0.028399652,0.03204469,0.02804671,0.020251562,0.024419928
ACTAC,0.046079152,0.001586588,0.120035954,0.071723321,0.075788528,0.058989759,0.059554938,0.044608324,0.058928474,0.056218336,0.044084001,0.070511249,0.028436019,0.02741461,0.036076156,0.034795991,0.028946723,0.028592635,0.029409762,0.024792994,0.024112055,0.02931443
ACTAG,0.048107022,0.001822118,0.121427793,0.071817913,0.07214496,0.060199966,0.060838486,0.047102521,0.058704895,0.055800408,0.043170173,0.07025276,0.028896918,0.026342838,0.037696033,0.032634595,0.029356341,0.028445282,0.02719939,0.026654312,0.022838766,0.028546511
ACTAT,0.054272304,0.002854355,0.117120859,0.08101623,0.073745204,0.061734499,0.057014595,0.047990086,0.055557753,0.057911113,0.043454759,0.062228902,0.030316814,0.02153621,0.037278013,0.03630239,0.029881739,0.027389946,0.03062664,0.026710965,0.020712205,0.024344421
ACTCA,0.036895179,0.001214979,0.126279338,0.066421996,0.072710377,0.059377001,0.062114629,0.043079956,0.061059763,0.055794854,0.043883663,0.075152893,0.027096859,0.033771396,0.035002072,0.032104331,0.028870666,0.028823574,0.028114051,0.024779922,0.025696651,0.031755849
ACTCC,0.033605584,0.000931714,0.128366194,0.062090497,0.072572283,0.057439439,0.064964535,0.041863278,0.064404755,0.055181534,0.042475655,0.081476166,0.025223912,0.036220396,0.035221057,0.030231877,0.027759828,0.028507454,0.025900156,0.023548329,0.025306564,0.036708794
ACTCG,0.029249698,0.000562024,0.118684863,0.065097071,0.070558481,0.053942112,0.0637531,0.045426222,0.064559483,0.051913937,0.04332474,0.079477562,0.026757242,0.039818197,0.034540056,0.032866202,0.028760981,0.031705499,0.027001601,0.026268525,0.02741701,0.038315393
ACTCT,0.036852482,0.001069424,0.123249474,0.069154991,0.072865171,0.059946791,0.062882787,0.044840357,0.058710065,0.055449306,0.043478974,0.07597831,0.026968511,0.03067213,0.037748042,0.031941661,0.029015507,0.028234762,0.028178994,0.026315703,0.024590191,0.031856369
ACTGA,0.040260906,0.001367363,0.119977859,0.070190294,0.072757465,0.060543953,0.063467177,0.045664532,0.058641015,0.057674586,0.043644905,0.072410388,0.028014481,0.030791096,0.035904494,0.033693376,0.029696009,0.028262821,0.028370534,0.024887798,0.023753815,0.030025133
ACTGC,0.035095662,0.001151484,0.122877464,0.065578826,0.073465344,0.057121486,0.064863659,0.043776081,0.064985041,0.056491615,0.042214524,0.077959741,0.026835157,0.034695431,0.033406162,0.03265819,0.028465606,0.029062672,0.026690812,0.02504724,0.026388998,0.031168806
ACTGG,0.036148269,0.000974457,0.126507272,0.062126008,0.074087905,0.056731485,0.064559233,0.042759405,0.064104098,0.05530481,0.043620078,0.081087074,0.025508016,0.035284679,0.034654491,0.030987148,0.02783621,0.029222039,0.024819477,0.024270981,0.026263658,0.033143207
ACTGT,0.036979296,0.001454701,0.120156634,0.072103566,0.073772525,0.06034755,0.060933941,0.046367194,0.060186856,0.055927062,0.044396581,0.07049099,0.028203162,0.031033627,0.036009495,0.034678838,0.029753716,0.029192697,0.029466158,0.025970365,0.02348384,0.029091206
ACTTA,0.04684557,0.00241624,0.112065029,0.082180704,0.07060368,0.062941154,0.060810297,0.049566218,0.05519777,0.056967143,0.045237914,0.061889994,0.029941401,0.023838968,0.0384791,0.037765644,0.030878408,0.027544187,0.031130496,0.02727783,0.021075512,0.02534674
ACTTC,0.040535975,0.001422771,0.122312815,0.072294949,0.072009095,0.059886308,0.061019977,0.044297548,0.059265876,0.055916843,0.042994965,0.072265714,0.028286503,0.030761735,0.035553029,0.033045314,0.029842456,0.028484652,0.02895566,0.025255806,0.024401494,0.031190515
ACTTG,0.041896686,0.001358036,0.121505543,0.070857071,0.072546335,0.058682595,0.062528522,0.045175845,0.059783009,0.055675779,0.04311487,0.072244549,0.027966701,0.030116003,0.036401979,0.033704309,0.02866228,0.02866596,0.030182249,0.025037171,0.024739066,0.029155442
ACTTT,0.04847663,0.002149001,0.11395156,0.081837608,0.071104708,0.062260507,0.0603597,0.048525059,0.054333416,0.055716647,0.044859649,0.062433033,0.029014547,0.024583366,0.038515555,0.037026387,0.031665991,0.028593827,0.030821524,0.02711374,0.020945197,0.025712349
AGCAA,0.042618052,0.001413405,0.119235552,0.072610453,0.072077907,0.060410837,0.061973931,0.045798934,0.058640483,0.056262738,0.044828837,0.070609808,0.029048211,0.029174871,0.036823379,0.034791069,0.028720048,0.027620413,0.029667116,0.025709005,0.023573065,0.028391885
AGCAC,0.03335341,0.000862976,0.123489418,0.063203977,0.072945414,0.056974371,0.065043793,0.044590072,0.064288689,0.055197481,0.043088854,0.078240129,0.026027106,0.036853255,0.03339536,0.03267022,0.028127613,0.029841578,0.026653362,0.024693689,0.027114815,0.03334442
AGCAG,0.032386164,0.000995827,0.126081065,0.061926114,0.073916145,0.056584228,0.064442712,0.042614751,0.065858844,0.05432051,0.042651375,0.08440982,0.025539203,0.036249135,0.033291303,0.032063524,0.027372151,0.029219052,0.025607219,0.023432445,0.026932662,0.034105753
AGCAT,0.040311669,0.00148178,0.121994363,0.071240933,0.073224339,0.059921324,0.061538411,0.04554575,0.059535203,0.056561743,0.044677804,0.071759061,0.027833697,0.029589392,0.036080841,0.033556205,0.028761047,0.029652095,0.02956299,0.025695182,0.023368557,0.028107612
AGCCA,0.03399559,0.000875298,0.128064383,0.059923216,0.074968939,0.055683281,0.065575716,0.041550912,0.063896755,0.055515385,0.04358805,0.083634613,0.026225361,0.036847584,0.033617264,0.031215232,0.026762629,0.029178093,0.024938158,0.023395753,0.026843219,0.03370457
AGCCC,0.028387256,0.000460623,0.135034962,0.05171301,0.075303891,0.052326282,0.065970911,0.039750192,0.069693391,0.054249117,0.041193657,0.092654931,0.022985643,0.04161411,0.031234015,0.027907886,0.025746705,0.029254942,0.023365925,0.021587705,0.02953078,0.040034065
AGCCG,0.02437892,0.000552726,0.122720004,0.057454068,0.070712133,0.050541303,0.06748421,0.043672756,0.071625974,0.052634294,0.041535548,0.08296055,0.024791622,0.044033871,0.033716311,0.031792823,0.027511036,0.030444171,0.026693001,0.023553515,0.028505944,0.042685219
AGCCT,0.032202458,0.000933405,0.130641515,0.057512276,0.074521818,0.054892721,0.064575539,0.041599233,0.06723775,0.056016821,0.041737237,0.086841755,0.024336267,0.037885688,0.032824728,0.030004441,0.027071242,0.02950512,0.0245922,0.022986343,0.026973385,0.035108057
AGCGA,0.03028271,0.000670584,0.121535317,0.064791161,0.069368161,0.054902712,0.061885298,0.044748159,0.06644101,0.05238004,0.043854047,0.077936731,0.027440712,0.037499468,0.034221058,0.034753268,0.028558351,0.030942649,0.026376293,0.026993656,0.026940435,0.037478179
AGCGC,0.02560743,0.000464383,0.123691848,0.057741106,0.072128701,0.051563148,0.063802969,0.045318849,0.073223319,0.052923128,0.040940376,0.082734887,0.024769881,0.043461315,0.030077121,0.031495149,0.02790447,0.031229787,0.026851314,0.026494734,0.029281035,0.038295049
AGCGG,0.025133555,0.000533459,0.127108117,0.05601323,0.070843399,0.051288304,0.067200634,0.042364292,0.074059397,0.05241619,0.041274511,0.086367066,0.023998049,0.04297396,0.032038043,0.029645097,0.026741554,0.030422424,0.024973518,0.023777044,0.028745837,0.04208232
AGCGT,0.026326983,0.000574825,0.118367957,0.062023614,0.06981824,0.053964568,0.064001012,0.045618109,0.069576814,0.055987952,0.043836152,0.076957566,0.025361277,0.040743594,0.035374728,0.033259373,0.028706759,0.030776129,0.027419151,0.027407654,0.02587862,0.038018923
AGCTA,0.044122134,0.00141378,0.120832401,0.071172115,0.074111556,0.058788828,0.061097663,0.044315385,0.058936309,0.057715779,0.044086536,0.074523485,0.028219655,0.028753636,0.035364837,0.033518786,0.02873838,0.027868752,0.027960292,0.025346325,0.023978315,0.029135052
AGCTC,0.031848399,0.000789363,0.123500478,0.060244005,0.073630965,0.055424592,0.064883529,0.044000301,0.064805666,0.055293031,0.041578512,0.086338642,0.025785873,0.037961939,0.033880876,0.030758326,0.027826404,0.028180813,0.025675792,0.024075586,0.026808824,0.036708086
AGCTG,0.031313373,0.000875354,0.126195305,0.059465217,0.074558905,0.055059965,0.065423702,0.043461997,0.067442143,0.05631888,0.041092275,0.08673791,0.025246656,0.037321226,0.032703306,0.030348775,0.027568908,0.028643638,0.025047281,0.023533924,0.027348645,0.034292615
AGCTT,0.040669665,0.001319764,0.120818439,0.069433763,0.073291536,0.058340358,0.062736496,0.045588787,0.059023313,0.056328409,0.042170936,0.075531136,0.027062863,0.032188102,0.036658073,0.033187923,0.029690086,0.02856721,0.027708901,0.025010921,0.024829415,0.029843905
AGTAA,0.049429975,0.002446243,0.109968232,0.08367738,0.072489783,0.063243318,0.058977003,0.049734712,0.05429324,0.056418049,0.045251324,0.060337882,0.030920347,0.023122425,0.038789235,0.037415832,0.031049756,0.028190239,0.030402712,0.028298776,0.020855684,0.024687854
AGTAC,0.043409155,0.002049986,0.120095479,0.071103623,0.073951137,0.058416175,0.06252738,0.043802303,0.06042123,0.056377422,0.043566414,0.070193766,0.028267341,0.029604044,0.036995226,0.033456894,0.030294861,0.028053917,0.02946925,0.025088458,0.024172985,0.028682954
AGTAG,0.046651739,0.001430384,0.121471425,0.071741581,0.074197999,0.060996012,0.061784492,0.043917331,0.059621226,0.056164044,0.043957766,0.072570496,0.027637239,0.028198272,0.035976932,0.033166708,0.028739089,0.027500771,0.027955663,0.024604623,0.02336125,0.028354958
AGTAT,0.053387378,0.002226922,0.115046942,0.081061019,0.07008662,0.063854444,0.05971568,0.048527668,0.05467974,0.056815876,0.044645241,0.060746366,0.030082134,0.023112991,0.038845632,0.0364585,0.029329147,0.02860286,0.031347795,0.026968716,0.020122401,0.024335929
AGTCA,0.038333248,0.001083095,0.122105357,0.068963424,0.073557791,0.060087798,0.062851447,0.044729578,0.059880125,0.05725386,0.043531464,0.073752684,0.026946376,0.031527962,0.035675033,0.032758026,0.029364968,0.028521496,0.028448011,0.025524614,0.023700286,0.031403359
AGTCC,0.032591688,0.00093884,0.129857741,0.061126381,0.073719653,0.055776126,0.065632058,0.043148921,0.063788312,0.054105821,0.042556962,0.082116424,0.025582439,0.035400666,0.033632329,0.030672533,0.028010602,0.029763857,0.025857681,0.023942297,0.027271596,0.034507071
AGTCG,0.030309998,0.000732959,0.118724939,0.064744686,0.07105388,0.053894023,0.064586597,0.044279329,0.065032121,0.054569495,0.042755925,0.079173912,0.026918268,0.03850189,0.034247855,0.032293298,0.028599761,0.030971098,0.02858539,0.025380492,0.026659577,0.037984507
AGTCT,0.037766177,0.001295931,0.122303074,0.069176598,0.071955985,0.058765617,0.064116774,0.044932307,0.059863977,0.056069947,0.042440905,0.075070238,0.027817311,0.031634782,0.036902223,0.032897226,0.030050866,0.028831954,0.027927816,0.024528927,0.024200759,0.031450606
AGTGA,0.038473461,0.001254829,0.122144594,0.069391125,0.072970814,0.060875578,0.061498522,0.045543421,0.059760837,0.055200534,0.043883232,0.072979756,0.027779102,0.030858052,0.035910153,0.032881873,0.030402022,0.029176999,0.028610687,0.025740379,0.023794053,0.030869975
AGTGC,0.03506395,0.000873712,0.125491222,0.064304437,0.073303286,0.056483367,0.065004946,0.044855684,0.063600079,0.055628899,0.043489306,0.077302347,0.027112016,0.035741366,0.033659083,0.032088711,0.027989577,0.028990304,0.02698885,0.024483182,0.026272945,0.031272733
AGTGG,0.035887965,0.001081961,0.128494561,0.060802164,0.075286487,0.056046769,0.06357978,0.041754406,0.064711186,0.055238206,0.042394276,0.08310744,0.024905474,0.036452213,0.034375545,0.030315281,0.027031586,0.0283026,0.024797859,0.023936944,0.026702926,0.034794369
AGTGT,0.036320759,0.001296716,0.124096987,0.069800185,0.071567278,0.058984684,0.06242988,0.046665883,0.060859837,0.055313834,0.043064953,0.073245381,0.027119797,0.032001551,0.035186133,0.034207239,0.028406978,0.029500288,0.028263958,0.025600605,0.025069842,0.030997232
AGTTA,0.046700183,0.00231428,0.112591574,0.082364239,0.070331031,0.06346166,0.058061672,0.049213879,0.054755557,0.057515901,0.043729927,0.059824933,0.030689141,0.023520645,0.039867545,0.037904868,0.03150255,0.0284011,0.031224417,0.028432587,0.021662923,0.025929386
AGTTC,0.039469887,0.001385161,0.120653334,0.070250051,0.070311373,0.059583586,0.061798401,0.044278273,0.060341096,0.056820477,0.04423138,0.074906934,0.027836695,0.03093888,0.036944853,0.033038265,0.029907223,0.028197414,0.028770958,0.025315269,0.024460364,0.030560125
AGTTG,0.043847668,0.001658775,0.122611472,0.071710779,0.073800404,0.059392759,0.060887811,0.044123413,0.058599994,0.055691752,0.044157881,0.072525086,0.0271996,0.029698534,0.036316399,0.03345986,0.02930646,0.027294387,0.028948854,0.025346942,0.023877742,0.029543428
AGTTT,0.045824081,0.002094653,0.112289157,0.082082054,0.071627687,0.062638003,0.059910229,0.048451059,0.055516182,0.056968265,0.045203559,0.062716749,0.029510985,0.025192535,0.037313174,0.037095834,0.03049374,0.028521931,0.031693834,0.027230491,0.021356012,0.026269785
ATCAA,0.05108592,0.002049769,0.118320022,0.079736863,0.073133439,0.062809601,0.058422594,0.046819733,0.056439484,0.056102022,0.043682586,0.062738775,0.030079949,0.024184779,0.03854983,0.035112716,0.029021735,0.027330259,0.030950685,0.027205273,0.021680894,0.024543072
ATCAC,0.040098795,0.001422462,0.123955451,0.072751389,0.072408352,0.061957143,0.059743408,0.045171176,0.05863654,0.056363345,0.045029387,0.069568001,0.02773115,0.029085005,0.035543257,0.033370686,0.029514945,0.02949665,0.029245089,0.025782697,0.022750246,0.030374826
ATCAG,0.04206346,0.001499372,0.124923097,0.07112254,0.072452449,0.059326498,0.062376818,0.044469086,0.05808132,0.056828773,0.044362251,0.072739798,0.026903963,0.030212159,0.036213331,0.033137224,0.028756995,0.027629703,0.028451226,0.025618261,0.023765229,0.029066448
ATCAT,0.052522305,0.002027162,0.118797435,0.078961243,0.073750291,0.062633594,0.057189683,0.046404035,0.055346436,0.057340902,0.045496716,0.065057198,0.028331229,0.024354557,0.036636055,0.035364991,0.029741251,0.027955223,0.030333869,0.026140585,0.020995026,0.024620214
ATCCA,0.041749631,0.00157364,0.125027655,0.069004646,0.07128125,0.059519986,0.061486144,0.044361659,0.059073943,0.056422663,0.044557918,0.07412522,0.027023073,0.031608396,0.036436366,0.032104395,0.028004368,0.028550324,0.027815245,0.025681375,0.024807131,0.029784972
ATCCC,0.034822015,0.001036069,0.134170892,0.060361529,0.071918327,0.05577503,0.06338129,0.039939184,0.062850621,0.055909803,0.043662292,0.083096076,0.024537138,0.036708839,0.033272124,0.029759598,0.028197072,0.028314999,0.026449233,0.022393403,0.026731414,0.036713051
ATCCG,0.029990045,0.000636027,0.120485593,0.064280184,0.070806371,0.054242022,0.06441845,0.042281953,0.06537249,0.052361595,0.043816714,0.082241026,0.026021791,0.04001438,0.035658979,0.032008738,0.027169404,0.030501632,0.026948178,0.026588684,0.026243018,0.037912726
ATCCT,0.041175931,0.001381811,0.128820775,0.065855008,0.072872707,0.059400898,0.061550005,0.042289528,0.061112035,0.055639113,0.043287692,0.078169083,0.026047308,0.032060053,0.035176767,0.031948014,0.028973895,0.028488394,0.026600711,0.024278454,0.024057771,0.030814046
ATCGA,0.034457773,0.000998309,0.121906449,0.069527413,0.068384188,0.058143467,0.061315514,0.045503583,0.060590935,0.053715482,0.04429595,0.073327429,0.02703486,0.036647613,0.036921343,0.034473875,0.029079784,0.030496739,0.0283069,0.024667901,0.024909428,0.035295065
ATCGC,0.032046864,0.000598498,0.12374406,0.066288222,0.067068084,0.056911749,0.061717872,0.04165911,0.065036817,0.054173166,0.044071239,0.074721608,0.028564692,0.035565309,0.033515906,0.035111901,0.02832892,0.030922413,0.027694149,0.027440241,0.026732925,0.038086256
ATCGG,0.02952862,0.000505051,0.12016835,0.06483165,0.069326599,0.0546633,0.062508418,0.044461279,0.065993266,0.054427609,0.044023569,0.07956229,0.027575758,0.038821549,0.034343434,0.032255892,0.028670034,0.03043771,0.026734007,0.025572391,0.026835017,0.038754209
ATCGT,0.033987989,0.000941406,0.1144944,0.075507223,0.068787534,0.059730563,0.058448304,0.044310988,0.059162474,0.056127252,0.043856517,0.070053563,0.029816588,0.035237786,0.037412758,0.035529946,0.030287291,0.031488395,0.028647947,0.027300763,0.02439539,0.034474923
ATCTA,0.04952856,0.002007421,0.117446317,0.078100858,0.073283046,0.061895492,0.058306466,0.046511345,0.055313584,0.058239552,0.045325141,0.064565971,0.029630756,0.024490541,0.037611777,0.035245453,0.030683132,0.028201229,0.030841292,0.025895736,0.019940386,0.026935945
ATCTC,0.040540491,0.001409686,0.124237345,0.068379009,0.071934673,0.059550899,0.062129772,0.042690169,0.060475889,0.055603038,0.044066555,0.076792724,0.027313124,0.031582881,0.035897037,0.031967677,0.029152006,0.027364924,0.027993917,0.024549252,0.024086757,0.032282174
ATCTG,0.040586067,0.001361601,0.124249901,0.068905541,0.073730543,0.059081909,0.062396052,0.044241372,0.060084072,0.057287764,0.043802735,0.074135673,0.028027049,0.031773737,0.035322428,0.032273295,0.028794663,0.028639313,0.027960035,0.024859118,0.023366536,0.029120595
ATCTT,0.049260262,0.002085124,0.119246661,0.075279407,0.072793297,0.061456636,0.060269719,0.045632146,0.056365724,0.056757086,0.043970462,0.066707941,0.028232584,0.027437029,0.03745525,0.035139158,0.029531777,0.027196438,0.029371383,0.02602556,0.022487265,0.02729909
ATTAA,0.051282474,0.003103027,0.106278678,0.091650711,0.070300895,0.064482719,0.05723682,0.052082989,0.053077444,0.057422507,0.045571584,0.053560228,0.031814281,0.018506751,0.039080811,0.040945928,0.031298485,0.028079919,0.032990295,0.030332915,0.018440729,0.022459809
ATTAC,0.049738581,0.002584674,0.109251691,0.087734605,0.072436482,0.061553297,0.056075625,0.050735714,0.054474963,0.056324908,0.044654513,0.056554511,0.031678661,0.023183348,0.038894757,0.038120666,0.030655287,0.028300216,0.032419951,0.029172707,0.020152588,0.025302256
ATTAG,0.052984157,0.002333119,0.1102294,0.084774651,0.071732935,0.061939423,0.059347844,0.049400654,0.053780491,0.056819134,0.045474867,0.059487552,0.031064014,0.021989997,0.038873676,0.037211154,0.03063092,0.026698147,0.032754478,0.028388611,0.02006203,0.024022744
ATTAT,0.058196081,0.003393289,0.107621094,0.092049406,0.071310559,0.066597397,0.054662379,0.051643522,0.051231647,0.05760635,0.045769621,0.051980511,0.031227622,0.018080381,0.039240465,0.040799038,0.031143375,0.02709483,0.032767473,0.028564475,0.017532774,0.021487712
ATTCA,0.0506782,0.002245023,0.119327845,0.080137555,0.070083757,0.06283436,0.058618372,0.047584723,0.055370973,0.056527273,0.045564954,0.060210161,0.029189051,0.024323584,0.038871181,0.036292033,0.030555587,0.027368255,0.032162392,0.027255629,0.020640695,0.024158398
ATTCC,0.04600057,0.001441504,0.123739747,0.073448682,0.071905124,0.060704764,0.060007399,0.043164336,0.058089645,0.055840218,0.044303932,0.070051154,0.028579204,0.027852074,0.037062393,0.034498301,0.029706044,0.028051928,0.028451637,0.024633139,0.022719638,0.029748566
ATTCG,0.041646527,0.001237408,0.117418457,0.074437849,0.068850177,0.05620541,0.061928424,0.045474759,0.058989579,0.056824114,0.045784111,0.067612769,0.02896309,0.031747259,0.038108312,0.034724773,0.03054852,0.028711742,0.027745017,0.028093038,0.022196013,0.032752654
ATTCT,0.049996453,0.002109789,0.119110557,0.079027646,0.07130409,0.062581161,0.059928502,0.045567129,0.054490551,0.057309772,0.04433025,0.062763145,0.029388994,0.025067627,0.038367936,0.035092211,0.03013544,0.027862173,0.030949744,0.02697384,0.021677776,0.025965213
ATTGA,0.053150032,0.002096837,0.116738992,0.08040388,0.07040745,0.063996259,0.058429836,0.047528297,0.058183446,0.055317266,0.045828703,0.062678822,0.029657416,0.023648496,0.037868769,0.034529921,0.029064067,0.02715328,0.03114079,0.026816378,0.020777288,0.024583775
ATTGC,0.048362514,0.001926818,0.120906286,0.076837292,0.072500403,0.060902321,0.060846561,0.045593101,0.05783552,0.054960782,0.044292034,0.065679095,0.028505756,0.026306333,0.036900735,0.035135001,0.029416502,0.027477293,0.031151258,0.027018822,0.021114457,0.026331115
ATTGG,0.048960437,0.00192633,0.126193724,0.072076398,0.072136426,0.06014734,0.059738063,0.043754434,0.058297408,0.055470668,0.044649386,0.070160982,0.026553888,0.027590723,0.035465211,0.03407367,0.028687585,0.028371078,0.027345157,0.026450205,0.02354161,0.028409277
ATTGT,0.051595118,0.002312087,0.116075676,0.079931527,0.072399458,0.064307152,0.057508726,0.047633445,0.054800916,0.055854694,0.046761966,0.06085236,0.030435073,0.023040839,0.038398435,0.036339788,0.030386163,0.027264845,0.031226518,0.027158133,0.020270781,0.0254463
ATTTA,0.051028253,0.002992779,0.106271107,0.090504105,0.070855413,0.06561805,0.057332995,0.05059581,0.05212652,0.057233464,0.046806787,0.053969551,0.031142747,0.019607507,0.040230911,0.040955081,0.031249142,0.027810192,0.032903407,0.029392384,0.018656819,0.022716976
ATTTC,0.050585585,0.002173338,0.112126011,0.083039755,0.070984568,0.065267017,0.058585902,0.047585467,0.052950421,0.056056926,0.046436485,0.05968017,0.03128999,0.023447735,0.038159563,0.037013621,0.030867481,0.02755732,0.031794569,0.02839018,0.019842729,0.026165168
ATTTG,0.053823994,0.002267033,0.115510407,0.082353238,0.071631759,0.062971547,0.059545727,0.047445255,0.053744576,0.056239035,0.045705271,0.057704665,0.030586902,0.023063816,0.03747825,0.038622597,0.029872136,0.027803649,0.031955064,0.027951656,0.02044662,0.023276802
ATTTT,0.054760681,0.002965582,0.10772046,0.091837707,0.07124857,0.065126747,0.05679369,0.050651143,0.05163967,0.057539748,0.045461893,0.052391946,0.031535471,0.02018295,0.039174279,0.040040536,0.030907539,0.027531625,0.033278346,0.028549165,0.01821004,0.022452211
CACAA,0.040685496,0.001479887,0.121984934,0.070803627,0.073288536,0.061397403,0.061156718,0.045671576,0.058340055,0.055191637,0.044946269,0.07006531,0.027220155,0.029975021,0.03518227,0.035032655,0.029158644,0.028752082,0.030027061,0.025561381,0.023834305,0.030244978
CACAC,0.029030401,0.000770437,0.124133754,0.063779512,0.069240087,0.056647009,0.066001469,0.044395465,0.063547189,0.055122019,0.045185759,0.077982963,0.026991124,0.038106868,0.034308294,0.032576796,0.026536407,0.03250134,0.028093167,0.023675066,0.026016163,0.03535871
CACAG,0.028898653,0.000922758,0.127853638,0.060728812,0.074700104,0.057625747,0.064693008,0.04238025,0.064644705,0.054907441,0.043354642,0.08095787,0.025738956,0.037561587,0.033440822,0.031688581,0.028157449,0.0302145,0.025868875,0.023960065,0.026788302,0.034913237
CACAT,0.039576096,0.001337236,0.125235156,0.071578576,0.071435735,0.060294131,0.060801673,0.045083076,0.059364144,0.056975355,0.044575534,0.070089382,0.027993812,0.030431228,0.035558311,0.033813826,0.028051557,0.029920647,0.029428301,0.025735708,0.023514073,0.029206442
CACCA,0.034658394,0.001149211,0.128891296,0.059366421,0.073050539,0.056368069,0.063412304,0.042168461,0.066107983,0.054748297,0.04259173,0.083547135,0.025710631,0.037512503,0.032464016,0.031014498,0.026332529,0.02875864,0.02594,0.024381708,0.027240547,0.03458509
CACCC,0.027040245,0.000631223,0.137797201,0.051578343,0.072118693,0.052164073,0.065485161,0.03789615,0.072189776,0.054188537,0.041814284,0.092721596,0.022633054,0.043369596,0.030659827,0.027395663,0.025183538,0.030122435,0.022362936,0.021259717,0.028365245,0.043022707
CACCG,0.024130348,0.000400535,0.124702433,0.059248959,0.068204318,0.052711925,0.067116072,0.042857251,0.071665546,0.054147805,0.04465588,0.080431973,0.024697143,0.043983283,0.031763186,0.030690054,0.026503329,0.030833642,0.0273573,0.024712257,0.028740279,0.040446483
CACCT,0.031581221,0.000846649,0.132148352,0.05629109,0.072892765,0.054622333,0.06490482,0.040720118,0.067967479,0.053341317,0.042977847,0.088525089,0.024204334,0.039323761,0.032297804,0.029659696,0.026128313,0.028567642,0.023922118,0.023637448,0.028123459,0.037316345
CACGA,0.027886027,0.000850049,0.118752967,0.064791407,0.067683782,0.055948688,0.062892596,0.04350706,0.064879724,0.053475818,0.045174039,0.077751896,0.026461919,0.040360774,0.035293598,0.033880529,0.028945829,0.03277657,0.029034145,0.025545632,0.026881424,0.037225528
CACGC,0.02278275,0.000518603,0.124250038,0.055562013,0.067516698,0.052146389,0.065692647,0.044474647,0.072416599,0.05415821,0.04274001,0.081259668,0.024883985,0.047246488,0.031598995,0.031518522,0.026198374,0.032734556,0.02610896,0.02592119,0.028326434,0.041944223
CACGG,0.022027339,0.000535244,0.121918917,0.057476943,0.070439449,0.05226861,0.067330918,0.042991052,0.069773825,0.052817578,0.043732159,0.081370773,0.024586902,0.045276131,0.03291749,0.031627415,0.02598677,0.032039141,0.026350461,0.025341733,0.028807093,0.044384058
CACGT,0.024605244,0.00085447,0.116103269,0.06434681,0.067014849,0.056246785,0.06216704,0.045339216,0.06691022,0.056604267,0.046115214,0.075786243,0.026506003,0.03876503,0.033707963,0.034518838,0.028040561,0.033123785,0.030124421,0.026994272,0.026462408,0.039663095
CACTA,0.046249706,0.001723442,0.12422641,0.070938312,0.073716307,0.059892616,0.059036921,0.046749866,0.05920565,0.055505673,0.043248748,0.071715668,0.028683857,0.027526861,0.036252538,0.033570959,0.029063496,0.026924259,0.029123756,0.025869705,0.023338777,0.027436471
CACTC,0.031892881,0.00078177,0.12917831,0.061264138,0.073073852,0.05758483,0.063829009,0.04328676,0.063799069,0.053848969,0.042315369,0.081437126,0.025163007,0.037012641,0.034341317,0.030532269,0.027648037,0.029308051,0.026430472,0.023666001,0.026729874,0.036876248
CACTG,0.033126556,0.000985357,0.124667679,0.063261172,0.074395493,0.057091615,0.064841541,0.043895852,0.064001772,0.056443854,0.043414778,0.078982572,0.026516015,0.035747141,0.033660379,0.032464025,0.027906486,0.029522724,0.025948432,0.02465924,0.026359877,0.03210744
CACTT,0.040921174,0.001367447,0.121875319,0.072452331,0.071905991,0.05929225,0.061825861,0.045956446,0.059496728,0.054911947,0.043665653,0.071503425,0.027326577,0.030655736,0.036272493,0.03333312,0.029764339,0.028978376,0.028658879,0.026099709,0.02386323,0.029872968
CATAA,0.051892593,0.002637542,0.115230235,0.082334225,0.071114205,0.064059826,0.058057325,0.048428203,0.053666654,0.057031614,0.045293505,0.058899873,0.030085772,0.023225023,0.038443222,0.039427067,0.030425932,0.027709891,0.032058696,0.025857332,0.020126958,0.023994306
CATAC,0.044213322,0.001750088,0.123133934,0.072564739,0.071598024,0.059425193,0.062342006,0.045046697,0.058847387,0.057864004,0.044557783,0.068959004,0.027362479,0.028129184,0.035779567,0.034079482,0.028718103,0.029290353,0.030157063,0.025984633,0.022806696,0.027390258
CATAG,0.045336084,0.001425162,0.125618525,0.069060539,0.07468644,0.060026211,0.058317014,0.043517259,0.060330179,0.057395143,0.042605355,0.074337624,0.028199264,0.027970042,0.034796865,0.033600925,0.028293942,0.028114551,0.028353739,0.024920395,0.023983576,0.029111168
CATAT,0.057312988,0.002775267,0.115816896,0.083428146,0.070907544,0.063926844,0.056791961,0.047673986,0.052804508,0.058753788,0.045595194,0.057594768,0.02927322,0.021362114,0.037381041,0.037280026,0.031463661,0.027763305,0.033632835,0.026949864,0.019910681,0.021601361
