 ,X,1,2,3,4,5,6,7,8,9,10,11,12,13,14,15,16,17,18,19
B:AA,0.033671646910993204,0.04776473161740488,0.0511950970631846,0.07851186769726777,0.04799404409013907,0.05568750862252184,0.06147314309719742,0.10728654364580731,0.08707845966648396,0.052955645126208865,0.07162068609794688,0.05715784279728902,0.02391188435194058,0.03132072798320613,0.046577775457723854,0.020653658621465388,0.062330734458642345,0.027030906846934856,0.02184869354034843,0.013928402307293627
B:AG,0.027871541290992556,0.04366263251712168,0.052095849063928494,0.07085351216876785,0.04505048348327947,0.05735415433290954,0.05674919365535358,0.1123991058228274,0.11145381432559824,0.0542484738491998,0.06767148370650025,0.05929714568553044,0.022993034864498513,0.026530922548857853,0.042738045556450596,0.022275493269408076,0.05947507529657631,0.030920284299167614,0.02062818857950704,0.015731565683524688
B:CC,0.025646167521457066,0.04190164535556607,0.05429133155772659,0.064333549963904,0.04435633709899471,0.05878655231628282,0.05218695927618106,0.11619965590116407,0.12497810503363231,0.054276598496245526,0.06656560877828543,0.06082217031091671,0.02263653046224162,0.02394531742380961,0.039549266539089266,0.022727384341374855,0.05548798355135536,0.03381565011270792,0.019937924700959776,0.01755526125810523
B:GA,0.029009986168763744,0.044387828188367034,0.051160197117372894,0.07076267654249847,0.04522385317685449,0.05723817162225267,0.05732719654842268,0.11439945808099487,0.1062722916391836,0.05323690584966603,0.06926058324275722,0.05970578071218322,0.02306959564069216,0.02690818859364087,0.043259639578539816,0.022195532729204787,0.059502642017013475,0.030342932108781986,0.02123325420905804,0.01550328623375194
N:AA,0.07995387080434976,0.07656299275142482,0.06297731726660408,0.07131774870320709,0.05743361214470658,0.052620860126083406,0.05516160611541963,0.05252689565587861,0.04773623842065721,0.04193137515062174,0.049283123246256534,0.0377125111847992,0.048996829371185956,0.04850449102498734,0.04899918541752514,0.03961576514163006,0.039882881895335176,0.03414835756687944,0.03551670339256632,0.019117634619881887
N:AG,0.0726631066210643,0.07545310435673336,0.06408312554974856,0.06742386476385692,0.05852690726866771,0.05402836051417457,0.05489377810747798,0.05532231731915672,0.048332170848937796,0.04438792379465941,0.04827770674480246,0.041133034927689674,0.050024529738768725,0.049336354693187645,0.04764191540916661,0.03992098759628519,0.038195861398386086,0.03496532150020366,0.035384122883686024,0.020005505963346586
N:CC,0.07114925647145218,0.07417615514959854,0.06456883230192098,0.06481148271981439,0.059307587077764914,0.055330994583546914,0.054503533239220775,0.057326828332316615,0.04838721323275127,0.045281630697202264,0.047623071925283235,0.04297957534826962,0.050272153725101756,0.04941371359427509,0.04668628698335935,0.040088602845427285,0.03702037191119398,0.03580775396389081,0.03482783479755294,0.020437121100057087
N:GA,0.07415666763845295,0.07558573405744816,0.06372490175596288,0.06811936913265382,0.058312628842199295,0.05383203120477325,0.05498993828715979,0.05516682798441609,0.0482908464752449,0.04381585903099006,0.04847581934699743,0.040239790079447384,0.04980632928504587,0.04923449833882589,0.04787979508140978,0.03990119090707657,0.03847447995169879,0.03482482447734025,0.035381643813781526,0.019786824309075333
Q:AC,0.061054507826659415,0.07475014702113145,0.07000339661790694,0.06073823934812653,0.059353101296241995,0.05838535806793057,0.05720006511077383,0.055620231135319644,0.04921987377770311,0.047695601671217634,0.049774776794991156,0.04697609400215295,0.0459873503765736,0.04579347655873412,0.047465635943777895,0.039275525050669974,0.03710202063458958,0.03626093307033192,0.03440120879490472,0.02294245690026297
Q:AT,0.07103887231488586,0.07679404827508599,0.0685508214417784,0.06444085995720394,0.058039591417720846,0.05618283727320021,0.057995422156340785,0.05290430250347285,0.047844829679153975,0.04493600483110347,0.05043136693087864,0.042026599649218545,0.045962184126956004,0.04552872799427341,0.04882496560803269,0.03920555961091183,0.038553189842722504,0.03461021010171878,0.03454762455838192,0.02158198172695934
Q:CA,0.06099561378763804,0.0745567852461619,0.07013103793030606,0.060323585174261084,0.05953506673786772,0.05845040614778242,0.0571578734676794,0.05634465946171478,0.049308707740228115,0.04782479554844711,0.04935587362775057,0.04728875657505435,0.04602607847948137,0.04561317621867296,0.0474309916146326,0.039316902859107196,0.03692663098741605,0.03630739436943113,0.03424906286204621,0.022856601164320926
Q:CG,0.04502220397116239,0.06902638051893503,0.07136281629797134,0.05585959138915747,0.06247803905586123,0.0633642846360637,0.05467481999470194,0.057452666940807716,0.0529182727200724,0.050068115562597125,0.05178480312278823,0.05456175908704185,0.045092685325045886,0.04578300868533799,0.0441561696108693,0.040782630955926456,0.035410010387441584,0.04016944786651817,0.033882586130160534,0.02614970774153967
Q:GC,0.05484669689423854,0.07262396898740184,0.0713963273881603,0.05748052580752264,0.06099481825481138,0.060012754685634835,0.056299745647160726,0.05810441770584998,0.050264131890458606,0.04953170920559508,0.04882352981102097,0.05132112405162586,0.04605130574256343,0.04516772576035911,0.04618709111136109,0.039713167078724534,0.03595107876093423,0.03750133010678338,0.03383988585845955,0.023888665251333947
Q:TA,0.07084082444263094,0.07694851962321907,0.06874337948240673,0.06453352293360094,0.05805486829957834,0.05608127957386071,0.05797015176751942,0.052140773103157095,0.04760904788809058,0.04507357057868075,0.05063999321381562,0.04232349569630663,0.04602598231299001,0.04550887053354455,0.04872927417366488,0.039181574544443404,0.03867189069280522,0.034529519360515355,0.03463395344078847,0.02175950833838129
T:AA,0.05202590992801103,0.07634843937197447,0.07946621814229414,0.05166519182681252,0.06006188311293533,0.061987409832985806,0.062253818398104045,0.053023010224572176,0.0465730257528746,0.05197360542665874,0.05154944390252365,0.0526021527090616,0.040976002856213216,0.04163343599903368,0.047900602247589,0.03788730366668653,0.034985028051732765,0.03617032769297447,0.033492896860377104,0.02742429399658512
T:AG,0.043262933187942595,0.0731150177159589,0.07988230003154703,0.04833769077945854,0.06216320419239628,0.06444807853064831,0.06048493590523549,0.058105886321281164,0.04937596785755481,0.05382049215703081,0.05031662571923424,0.05839554027684372,0.04016438739656758,0.039780197779762855,0.046613569626388844,0.0387253816330025,0.03407635488644514,0.038493127189349205,0.03241558677605483,0.028022722037297162
T:CC,0.03882644250028899,0.07052616750129702,0.0797421578896832,0.04602823222813949,0.06408326048625525,0.06638350169626783,0.05845056730604631,0.06156803550707312,0.0514308235689937,0.05441824305856213,0.049760193543866064,0.06265174392860985,0.03957438913050353,0.038254083835787114,0.045506001901620075,0.03938336852031786,0.033122544504813715,0.040048082494849445,0.0315883471987502,0.02865381319827512
T:GA,0.04490088496072841,0.0738009919182873,0.07939459613156971,0.04898886322071437,0.06161282273776669,0.06406620125699712,0.061001042337677204,0.05747147377238561,0.049311785241482047,0.05328426240425634,0.05087201703221077,0.05683307302654788,0.03994608778671701,0.040059443654600985,0.047028692426006206,0.038639220580979135,0.03424315813640873,0.03820843577954538,0.032534645494271645,0.02780230210084746
U:AA,0.05176325666874399,0.07673742002331112,0.0801128297824189,0.05225704304172713,0.06034383806934874,0.06182195390699895,0.06287845599504396,0.05234561154171261,0.04748541991224475,0.051691045587485024,0.05209049477832993,0.0525513996630423,0.04048352170815345,0.040974039161250024,0.047703488916913006,0.03787144961008708,0.035076266721198235,0.03556225896362831,0.03323727494736462,0.02701293100099788
U:AG,0.042703572032004256,0.07339128412146532,0.07999507546381822,0.048468952192323604,0.062490201043244306,0.06445535844837519,0.0604893440872021,0.05783181279845026,0.04960198198123555,0.053959579266890816,0.05025224763288205,0.05867538150906172,0.040162523039625475,0.03957595495117044,0.04661386840250265,0.038587502782771656,0.0341647482560255,0.038256781475847795,0.032442175416082575,0.027881655099020516
U:CC,0.03947224885483911,0.07039915323580205,0.07971610765027619,0.04601347979950621,0.06376968958162631,0.06646315745688186,0.05866810017494772,0.061403613962315695,0.05169887782008809,0.05424123148804118,0.050183370017329886,0.062465123346854605,0.03938143043415777,0.03822112065096965,0.04531112194944635,0.039276409339064115,0.03317177010479438,0.04014280995228988,0.031565593777654694,0.028435590403114247
U:GA,0.04414566030898326,0.073923001970514,0.07968860059181843,0.04903135023282667,0.06217588200504276,0.06408833559084519,0.06092119363456846,0.057340076164346596,0.04942775926666385,0.053467881107230414,0.050616885217618174,0.05738431267471441,0.039968631189187656,0.03976597604775035,0.04699105920109469,0.038534788323408946,0.03418081316214208,0.03797043564769517,0.03253155332628718,0.027845804337261717
