 ,X,Y,1,2,3,4,5,6,7,8,9,10,11,12,13,14,15,16,17,18,19,20
B:ACA,0.01607003,0,0.22947511,0.059373797,0.081020701,0.03759079,0.059373797,0.025623747,0.057999495,0.01944603,0.045172684,0.069196399,0.042447318,0.027276892,0.040893761,0.028561565,0.006569425,0.024365631,0.062895859,0.014499874,0.016939756,0.03520734
B:ACC,0.01669999,0,0.21452183,0.054247756,0.078137622,0.037948794,0.054247756,0.029177719,0.065889052,0.021277449,0.04519596,0.076785581,0.041781485,0.031583892,0.038418571,0.032844269,0.006651351,0.023448734,0.054654514,0.012701159,0.018470247,0.045316269
B:ACG,0.015724187,0,0.165429219,0.058612413,0.077813418,0.042058276,0.058612413,0.03362419,0.069872816,0.021601131,0.046656647,0.071353267,0.046723941,0.041295619,0.043493865,0.031111909,0.009622934,0.030528701,0.047666046,0.016800879,0.018281331,0.053116799
B:ACT,0.017340512,0,0.22778961,0.059343492,0.08293189,0.038689361,0.059343492,0.026504383,0.056427507,0.020361619,0.046948271,0.066743147,0.041920711,0.024424801,0.041966416,0.028392003,0.006970027,0.022943956,0.065824474,0.015009552,0.014913572,0.035211203
B:ATA,0.01857128,0,0.258162967,0.06756795,0.088945914,0.037703897,0.06756795,0.019778862,0.046496599,0.016443862,0.042845552,0.063388586,0.037128409,0.015085333,0.039647349,0.025458268,0.005146372,0.020519449,0.078969216,0.014401351,0.011556931,0.024613904
B:ATC,0.018585886,0,0.240139409,0.060768827,0.082131914,0.039417947,0.060768827,0.024872737,0.056172711,0.018488226,0.04376381,0.072018018,0.039222628,0.022864607,0.038239926,0.027936814,0.006518793,0.02226644,0.064205232,0.012946031,0.014783256,0.03388796
B:ATG,0.017710498,0,0.244780845,0.059794976,0.083192449,0.038053695,0.059794976,0.024576165,0.054241357,0.018024529,0.045130151,0.070906518,0.038815113,0.023625468,0.038750586,0.027802513,0.006452695,0.023651279,0.06353754,0.013443115,0.01503478,0.032680751
B:ATT,0.018421703,0,0.252566941,0.066110513,0.089622148,0.038819102,0.066110513,0.021548495,0.045926589,0.017383624,0.042012867,0.06389204,0.037751724,0.016094398,0.041297095,0.02618636,0.005784775,0.020162995,0.078236774,0.015052134,0.011544434,0.025474774
B:CCA,0.016414864,0,0.21990384,0.052734337,0.078269425,0.038444835,0.052734337,0.028037096,0.067780976,0.020830851,0.044986183,0.078100319,0.041019866,0.032318566,0.036961309,0.032249386,0.006821912,0.023924732,0.05351069,0.012183358,0.018374963,0.044398154
B:CCC,0.014934275,0,0.206956605,0.048839373,0.076823246,0.038576234,0.048839373,0.029420044,0.079452251,0.02103204,0.043190114,0.080554429,0.040379798,0.039096309,0.035365126,0.033752415,0.006584441,0.024758451,0.044421118,0.011689768,0.019896462,0.055438128
B:CCG,0.013718775,0,0.160838034,0.052800161,0.074576954,0.044500403,0.052800161,0.038759065,0.085213537,0.023186946,0.040350524,0.081244964,0.042788074,0.046897663,0.036603546,0.037489927,0.008481064,0.026712329,0.034790492,0.01373892,0.019822724,0.064685737
B:CCT,0.017316017,0,0.216724537,0.051320497,0.07967322,0.037844968,0.051320497,0.028713474,0.07001939,0.02126924,0.04520653,0.077561328,0.041444956,0.032362314,0.036879209,0.032005321,0.007169913,0.023941047,0.051512145,0.012584927,0.019206199,0.045924272
B:CTA,0.019107689,0,0.237177888,0.060775564,0.083121058,0.038290811,0.060775564,0.024097854,0.057236029,0.01940942,0.045364079,0.066496846,0.040872931,0.021927712,0.04059441,0.028467149,0.00594758,0.021393881,0.067042283,0.014065302,0.015289633,0.032546319
B:CTC,0.016175121,0,0.217835335,0.052392545,0.079666361,0.039206609,0.052392545,0.028726504,0.067294568,0.020581075,0.046102885,0.075882987,0.041345732,0.032573732,0.038264756,0.031172926,0.007686475,0.024109031,0.052396536,0.012878637,0.018841042,0.044474598
B:CTG,0.015993733,0,0.212926285,0.052319773,0.079372429,0.037591457,0.052319773,0.02975475,0.067628468,0.021686525,0.04656038,0.076210472,0.042554811,0.033237026,0.039002762,0.0323617,0.007440273,0.024594765,0.051970911,0.01312038,0.018930516,0.044422808
B:CTT,0.017762028,0,0.2302293,0.060009868,0.083469286,0.039172258,0.060009868,0.025422172,0.057524913,0.02005611,0.045143353,0.068163402,0.041135012,0.023185713,0.039442362,0.029236038,0.006835428,0.023084874,0.065116631,0.014225468,0.015424729,0.035351189
B:GCA,0.016329299,0,0.217306032,0.055379106,0.081431826,0.038005747,0.055379106,0.029584962,0.064185316,0.02147154,0.046216745,0.07313301,0.041528231,0.030829052,0.038488747,0.031273022,0.007342574,0.024691539,0.053949622,0.013899663,0.017500207,0.042074655
B:GCC,0.015836689,0,0.198644044,0.048399124,0.078036274,0.039204552,0.048399124,0.031461151,0.076992348,0.023637448,0.044728178,0.081667068,0.042439573,0.038086061,0.036072776,0.035034587,0.007204231,0.025157449,0.044246366,0.012332083,0.020264767,0.052156107
B:GCG,0.014044744,0,0.159758962,0.055918009,0.073900975,0.043818652,0.055918009,0.038765391,0.086664611,0.024293611,0.040070224,0.075110911,0.043272995,0.047614529,0.037080971,0.037009798,0.009110104,0.02585941,0.03757918,0.014353159,0.019192902,0.060662855
B:GCT,0.016635436,0,0.212622956,0.053360761,0.080240437,0.038612904,0.053360761,0.028959678,0.067155666,0.021812534,0.046520578,0.074289065,0.042676697,0.03244162,0.038901539,0.032652369,0.007367056,0.02475844,0.052183315,0.013318428,0.018642134,0.043487623
B:GTA,0.018486474,0,0.229360404,0.062618884,0.083681179,0.039013791,0.062618884,0.025143982,0.052110853,0.019939501,0.046318556,0.066581687,0.041365053,0.022422857,0.042824686,0.028538783,0.006452763,0.022039787,0.068609321,0.014655765,0.014398182,0.032818609
B:GTC,0.015825467,0,0.215319518,0.054308655,0.080596011,0.038813155,0.054308655,0.029101779,0.065436947,0.020089156,0.046137124,0.073919035,0.041925195,0.032382037,0.03931134,0.030551045,0.00726574,0.024961019,0.055473244,0.013651568,0.018258163,0.04236515
B:GTG,0.015083211,0,0.211017082,0.055034708,0.077883449,0.037433404,0.055034708,0.028797526,0.067075927,0.020748922,0.045832682,0.072234639,0.044311686,0.034209737,0.039786723,0.030305847,0.007250081,0.026127333,0.054531935,0.014124139,0.019185676,0.043990587
B:GTT,0.017477981,0,0.233207655,0.061328123,0.081869203,0.038288735,0.061328123,0.025425755,0.053721258,0.020128935,0.045061135,0.068349845,0.041244982,0.022474597,0.041565539,0.029145233,0.00648746,0.022566185,0.06688953,0.014984761,0.01456244,0.033892527
B:TCA,0.017969189,0,0.23553719,0.05757442,0.082748937,0.037823959,0.05757442,0.026085212,0.056651689,0.019429511,0.045602985,0.071246891,0.04073658,0.025078232,0.039621279,0.028083126,0.00708096,0.023308995,0.063054642,0.013780791,0.015437696,0.035573297
B:TCC,0.01710772,0,0.223757003,0.05325681,0.079363262,0.038866768,0.05325681,0.027683322,0.068567427,0.019358505,0.044293315,0.07642535,0.040232214,0.031700377,0.036351704,0.030497903,0.007426266,0.023978999,0.053318475,0.012478417,0.018125198,0.043954156
B:TCG,0.014748258,0,0.178708021,0.057788023,0.080106879,0.047178708,0.057788023,0.034604705,0.068895059,0.021087651,0.043380311,0.074003248,0.042463457,0.037931576,0.040420181,0.034683292,0.008670823,0.026693561,0.046052287,0.014591083,0.01838948,0.051815372
B:TCT,0.016909742,0,0.232181923,0.059064159,0.081951641,0.039010427,0.059064159,0.025689247,0.058801893,0.019295721,0.045176869,0.070236039,0.040705559,0.025001599,0.039502974,0.029367364,0.006882876,0.022698778,0.06283183,0.013420329,0.016519542,0.035687328
B:TTA,0.017426214,0,0.235919995,0.066910759,0.089098111,0.039023453,0.066910759,0.023090404,0.046511628,0.019236787,0.044517762,0.0610141,0.040141091,0.016871865,0.044352351,0.027762131,0.005682072,0.021633003,0.07744338,0.016567867,0.012195667,0.027690602
B:TTC,0.018066945,0,0.239050013,0.060607939,0.083094778,0.038601439,0.060607939,0.024683228,0.056273266,0.018543411,0.0439394,0.068405701,0.040154793,0.022463597,0.039093399,0.028355497,0.007038516,0.022548818,0.065876173,0.013802,0.014956363,0.033836785
B:TTG,0.01819935,0,0.240470096,0.060054827,0.083442872,0.038854682,0.060054827,0.024538206,0.054377529,0.019851084,0.043827182,0.070557612,0.039767028,0.022164378,0.038820091,0.02842108,0.006338856,0.021632537,0.06738386,0.013910028,0.014312152,0.033021723
B:TTT,0.017474548,0,0.238423653,0.065303776,0.086540859,0.038108709,0.065303776,0.023035672,0.04782414,0.020863119,0.044084501,0.062909898,0.041543072,0.018169052,0.043105071,0.028828297,0.005680691,0.020880927,0.075311764,0.015815877,0.012513801,0.028278799
N:ACA,0.058009607,0.001446383,0.092538583,0.097236021,0.060666454,0.061728228,0.097236021,0.052423296,0.049727293,0.04427893,0.041088413,0.033827634,0.032784514,0.015511206,0.040272127,0.041734199,0.042248686,0.033397929,0.031711334,0.03108374,0.02144714,0.019602263
N:ACC,0.057605247,0.001443174,0.095080168,0.094053605,0.061478682,0.061362129,0.094053605,0.052535648,0.050810806,0.045376141,0.040914835,0.036772067,0.031610405,0.017244199,0.039347416,0.040976527,0.041060101,0.032737982,0.032117309,0.030635454,0.022516512,0.020267989
N:ACG,0.043039933,0.00125028,0.094168273,0.090636532,0.061906145,0.058979081,0.090636532,0.052005249,0.051564691,0.046352165,0.042192053,0.040090097,0.032044875,0.021442677,0.038193085,0.04253219,0.042503572,0.033662064,0.03538234,0.031971329,0.025158949,0.024287887
N:ACT,0.060876474,0.001460648,0.092059691,0.098555334,0.06078034,0.062171798,0.098555334,0.05269109,0.049852489,0.043743801,0.040865387,0.032629119,0.033096368,0.013801953,0.039657265,0.041971594,0.042414625,0.033212098,0.030971581,0.031012194,0.020624195,0.018996622
N:ATA,0.07030342,0.001663827,0.087071455,0.103957491,0.059300466,0.061987813,0.103957491,0.051940997,0.049257841,0.040410314,0.040746996,0.026850968,0.035197027,0.010617786,0.04097675,0.043192258,0.04397166,0.033714697,0.028147889,0.030354545,0.018199733,0.018178576
N:ATC,0.063015111,0.001598162,0.092112664,0.099286775,0.060320919,0.061824319,0.099286775,0.052177147,0.049950638,0.043253639,0.040676868,0.031638744,0.032993328,0.013773026,0.040237142,0.041961999,0.042340182,0.033202937,0.030529867,0.030709137,0.020316294,0.018794325
N:ATG,0.061798822,0.001450046,0.091780483,0.099022201,0.060307818,0.061930882,0.099022201,0.05246549,0.049696743,0.043293723,0.040960863,0.031776492,0.033397785,0.013820075,0.039944508,0.042084454,0.04260834,0.033710084,0.0307635,0.030881225,0.020554933,0.018729332
N:ATT,0.068235424,0.001660354,0.087602257,0.104181195,0.059581896,0.062063502,0.104181195,0.052126558,0.049050665,0.040976044,0.040650196,0.027255097,0.034962536,0.010618462,0.040517114,0.043263361,0.043949775,0.033568808,0.028583392,0.030553406,0.018418837,0.017999927
N:CCA,0.058111852,0.001422804,0.095672582,0.093980679,0.06169409,0.061397242,0.093980679,0.052479299,0.050664045,0.04560015,0.040821742,0.036820201,0.03142957,0.017218592,0.039185673,0.040845811,0.040956849,0.032643257,0.032051893,0.030585597,0.022493773,0.01994362
N:CCC,0.054693554,0.001285243,0.097154558,0.090100522,0.062500639,0.06050385,0.090100522,0.052672364,0.051600974,0.046671676,0.041040412,0.040623545,0.03079345,0.020452502,0.038469186,0.040296304,0.040196137,0.032356751,0.032792919,0.030384143,0.023914925,0.021395823
N:CCG,0.043446483,0.00131282,0.096617962,0.086078896,0.063328092,0.058136824,0.086078896,0.05230768,0.053038005,0.047584986,0.041446851,0.045104348,0.030517532,0.024931152,0.037860894,0.041603155,0.039972188,0.032410588,0.035189707,0.030938186,0.026500072,0.025594682
N:CCT,0.056668983,0.00138113,0.095799762,0.093085765,0.061677888,0.06140393,0.093085765,0.052854384,0.050862969,0.045952939,0.04091389,0.037677856,0.031436,0.017447252,0.039173379,0.040811537,0.041046417,0.032755266,0.032216135,0.030727643,0.022841088,0.020180022
N:CTA,0.063916441,0.001490783,0.091067425,0.099064726,0.060327927,0.062132075,0.099064726,0.052556448,0.0499555,0.043283517,0.040856663,0.031715929,0.033271578,0.013192123,0.039909438,0.042071722,0.042407706,0.033274046,0.030505709,0.030891089,0.020216044,0.018828387
N:CTC,0.054857501,0.001346289,0.09539611,0.093403782,0.061545027,0.061329208,0.093403782,0.052786587,0.050697111,0.046148066,0.04102461,0.037867991,0.031567807,0.01766525,0.039288654,0.040966278,0.041193583,0.032934561,0.03242076,0.030983526,0.022805474,0.020368046
N:CTG,0.054998159,0.00139521,0.096123112,0.093336367,0.061954892,0.061568846,0.093336367,0.05289509,0.050675788,0.046133454,0.040801761,0.037810209,0.031438752,0.017520616,0.039099027,0.040864024,0.041043518,0.032765544,0.032305111,0.030840552,0.022945501,0.020148101
N:CTT,0.061064032,0.001518497,0.092009811,0.098514882,0.060605302,0.062023188,0.098514882,0.05246857,0.049899637,0.043931566,0.04086275,0.032787575,0.032857883,0.013751349,0.039882709,0.041833201,0.042248865,0.033209028,0.031139348,0.031058672,0.020777163,0.019041089
N:GCA,0.05595972,0.00135718,0.094739249,0.09463104,0.061449486,0.061739589,0.09463104,0.05286213,0.050283257,0.045550386,0.040983284,0.036608145,0.031992543,0.016604727,0.039118364,0.0411579,0.041470559,0.033224323,0.032257923,0.031000858,0.022547673,0.019830622
N:GCC,0.052434782,0.001255997,0.097734162,0.089129173,0.062930335,0.06077602,0.089129173,0.053032865,0.051564741,0.047602389,0.040967783,0.041613915,0.030582248,0.020263558,0.038278736,0.040347002,0.039995958,0.032389716,0.033241394,0.03072902,0.024597701,0.021403335
N:GCG,0.042672535,0.001237808,0.096686865,0.085265536,0.063327939,0.057956156,0.085265536,0.051856988,0.052654671,0.04783935,0.041402886,0.046036395,0.03025076,0.026138011,0.03766851,0.041447684,0.040259912,0.032452762,0.035619511,0.031121912,0.026637408,0.026200867
N:GCT,0.054823597,0.001284461,0.095123215,0.093333019,0.061860904,0.061488756,0.093333019,0.052817045,0.050651897,0.046282974,0.041028901,0.038012558,0.031600781,0.017451181,0.038840309,0.041013487,0.041162697,0.032911929,0.032572344,0.031069428,0.022993984,0.020343513
N:GTA,0.06365704,0.001552511,0.090472984,0.099576752,0.060209928,0.061992211,0.099576752,0.05239761,0.049751725,0.042751176,0.040872863,0.031087935,0.033699332,0.013260603,0.040247299,0.042298301,0.042855047,0.033417637,0.030417453,0.030844986,0.020003538,0.019056316
N:GTC,0.05548742,0.001446261,0.094924323,0.094449926,0.061500677,0.061337222,0.094449926,0.052783354,0.050629311,0.045395031,0.041103108,0.036300251,0.031909483,0.016772237,0.03929501,0.04145643,0.041574485,0.033146742,0.032216564,0.031019953,0.022587011,0.020215276
N:GTG,0.052020433,0.001239234,0.095267179,0.092905054,0.06168483,0.061301079,0.092905054,0.052731014,0.050321956,0.046240659,0.041302963,0.03811939,0.031646592,0.018718586,0.039635023,0.04095261,0.041323414,0.033191618,0.033250435,0.03121362,0.023378101,0.020651155
N:GTT,0.061889015,0.001561301,0.091352643,0.099713594,0.06032851,0.061965334,0.099713594,0.052171345,0.049739368,0.043258084,0.040835956,0.031793654,0.033175887,0.013549256,0.039929527,0.042107456,0.042515907,0.033113468,0.030892514,0.030901652,0.020330156,0.019161778
N:TCA,0.060829465,0.001499527,0.092334338,0.098760219,0.06064968,0.061900667,0.098760219,0.052567045,0.049837299,0.043673135,0.040794548,0.032362586,0.033099562,0.013990062,0.039914424,0.042031995,0.042406453,0.033311477,0.030831791,0.030913736,0.020692614,0.018839156
N:TCC,0.058204726,0.001446314,0.095151877,0.094716244,0.061332249,0.061334565,0.094716244,0.0524907,0.050574901,0.045238659,0.0408562,0.036114354,0.031678181,0.016735588,0.039405319,0.04111866,0.041409682,0.032811858,0.031922484,0.03066713,0.022173935,0.019900132
N:TCG,0.047736267,0.001426607,0.094401769,0.091687304,0.061465281,0.058920926,0.091687304,0.051803858,0.051458315,0.045748413,0.041640552,0.039418479,0.031820244,0.020624476,0.038544786,0.042231076,0.042225406,0.033196513,0.034426973,0.031481529,0.024504483,0.023549438
N:TCT,0.060081837,0.001548481,0.092733614,0.097764542,0.060628253,0.061869689,0.097764542,0.052470633,0.050043171,0.044288196,0.040793314,0.033544172,0.032587454,0.014518305,0.040078563,0.0416652,0.041972862,0.033179802,0.031180045,0.030998232,0.021043601,0.019245495
N:TTA,0.065538853,0.001514549,0.087290626,0.103282639,0.059805893,0.062244333,0.103282639,0.052364376,0.04929953,0.041445834,0.040960637,0.028427279,0.03505907,0.011069786,0.040062922,0.043231638,0.044038564,0.033744702,0.029035383,0.030829577,0.018894805,0.018576366
N:TTC,0.062707791,0.001596945,0.091521973,0.099947106,0.060287148,0.061909978,0.099947106,0.052275879,0.04964227,0.043193254,0.040662751,0.031357621,0.033192869,0.013157991,0.040183421,0.042131104,0.04256992,0.033223157,0.030659617,0.030904263,0.020208623,0.018719212
N:TTG,0.063933074,0.001639517,0.091539203,0.09983169,0.060321387,0.061925746,0.09983169,0.052138692,0.049649096,0.043195181,0.040710594,0.031381576,0.033026721,0.01322367,0.040161919,0.042015022,0.042326292,0.033002489,0.030552055,0.030732231,0.020138099,0.018724057
N:TTT,0.066446787,0.001673914,0.088491593,0.102577081,0.060040258,0.06211084,0.102577081,0.052044486,0.049193896,0.04182918,0.04060974,0.029283317,0.0342085,0.011758096,0.040386658,0.04272658,0.043299196,0.033056011,0.029402823,0.030589458,0.019041401,0.018653105
T:ACA,0.035873014,0.000380993,0.096887964,0.073293543,0.06837761,0.073213317,0.073293543,0.050646063,0.056373203,0.058852051,0.049815944,0.056713816,0.032432255,0.025151739,0.044835341,0.037515405,0.033611456,0.028808031,0.03192256,0.030164891,0.021311236,0.020526025
T:ACC,0.033149306,0.000352167,0.10200231,0.068810614,0.070053177,0.071471823,0.068810614,0.050116638,0.058541066,0.058533853,0.048160058,0.063436912,0.031272369,0.027817599,0.043396126,0.037096654,0.032545069,0.028858585,0.031039172,0.029103541,0.023255738,0.022176611
T:ACG,0.024075316,0.000215079,0.097093355,0.070703824,0.067992214,0.06980959,0.070703824,0.048848289,0.059681237,0.057075624,0.049382131,0.06159189,0.032331175,0.031809667,0.043019966,0.039149707,0.033627428,0.0306965,0.032905874,0.029818841,0.024304271,0.0251642
T:ACT,0.038404773,0.000421133,0.096892315,0.074129447,0.068831115,0.073266887,0.074129447,0.051197319,0.056422612,0.058314559,0.049425762,0.056333536,0.032889072,0.022834387,0.044741916,0.03784691,0.033857656,0.028051851,0.03152436,0.029956718,0.020870694,0.019657531
T:ATA,0.049913245,0.000653805,0.091777451,0.07947549,0.065452206,0.075383875,0.07947549,0.051173585,0.054499776,0.056258989,0.052259571,0.046894938,0.034043241,0.018116145,0.046286938,0.038009826,0.034420822,0.027933412,0.030979495,0.031178766,0.017398139,0.018414795
T:ATC,0.040436017,0.000461473,0.09767265,0.074037447,0.067752142,0.073983226,0.074037447,0.050632183,0.056359235,0.057829671,0.05049424,0.055154521,0.032354455,0.022889869,0.044719147,0.037359596,0.033611197,0.028316415,0.03147965,0.030277327,0.020198274,0.019943816
T:ATG,0.040426285,0.000425707,0.096369762,0.074125728,0.067955334,0.074194834,0.074125728,0.050708476,0.056368492,0.057916641,0.050580224,0.054605483,0.03262985,0.023025026,0.044913429,0.037364435,0.033602389,0.028549597,0.031661392,0.030516051,0.020364326,0.019570812
T:ATT,0.048297986,0.000642177,0.091876749,0.079897675,0.066208871,0.075670173,0.079897675,0.051290045,0.054226793,0.056545918,0.052157839,0.047149003,0.033877412,0.018008315,0.045825142,0.037966278,0.034725616,0.027667677,0.031155768,0.031246537,0.01752456,0.018141792
T:CCA,0.033442061,0.000342129,0.102700334,0.068174466,0.070679832,0.071608222,0.068174466,0.050085449,0.058573699,0.058617858,0.048113035,0.063980798,0.030990401,0.027917272,0.043275886,0.036838488,0.032241891,0.02886383,0.030880336,0.029137732,0.023361253,0.02200056
T:CCC,0.029840259,0.000284814,0.105763284,0.06440227,0.071393041,0.069966261,0.06440227,0.049065471,0.060902733,0.058761674,0.04703771,0.068940983,0.030044145,0.031787346,0.042561112,0.036372328,0.031303138,0.029222584,0.030237438,0.028247642,0.024880045,0.024583453
T:CCG,0.021741038,0.00017863,0.103390958,0.06530571,0.070906853,0.066398432,0.06530571,0.047845854,0.063575137,0.057205332,0.046486767,0.071086669,0.029929544,0.036330964,0.040891156,0.037920451,0.031624549,0.030391926,0.031269266,0.027547289,0.026629639,0.028038126
T:CCT,0.03251925,0.00031211,0.102869237,0.067676107,0.070645919,0.071502722,0.067676107,0.050192179,0.058989075,0.059004146,0.047856831,0.064739045,0.031097659,0.027921165,0.043267489,0.036909282,0.032230365,0.028846471,0.030678228,0.02908225,0.023637736,0.022346627
T:CTA,0.041909007,0.000454405,0.096813112,0.074343557,0.068207936,0.073400909,0.074343557,0.051264177,0.056298003,0.057943765,0.049719352,0.055511539,0.03278582,0.021623638,0.044976961,0.037765832,0.033550873,0.027986079,0.031220635,0.030242239,0.020194278,0.019444327
T:CTC,0.031941478,0.000297937,0.101326323,0.068473564,0.069887096,0.072020616,0.068473564,0.050043342,0.058425921,0.059385567,0.048094237,0.063779551,0.031411774,0.028222962,0.044027127,0.036945434,0.032270713,0.028750305,0.031114781,0.029463142,0.023288144,0.022356424
T:CTG,0.030762359,0.000300222,0.102137631,0.068285729,0.071180723,0.07122857,0.068285729,0.050510702,0.058739667,0.0592911,0.047754425,0.064513577,0.031278974,0.028192204,0.043063976,0.037095685,0.032519559,0.028764705,0.0309171,0.029134008,0.023911365,0.022131989
T:CTT,0.038893582,0.000420836,0.097425342,0.073726203,0.068646846,0.073637931,0.073726203,0.050843722,0.056468933,0.058152816,0.049642675,0.056534404,0.032714019,0.022674876,0.044846988,0.037616232,0.033575141,0.028203077,0.031615009,0.030070627,0.020787518,0.01977702
T:GCA,0.032951616,0.000307788,0.099842411,0.069910578,0.070396083,0.072019201,0.069910578,0.050497702,0.058327737,0.058723882,0.048641278,0.061901655,0.031648408,0.027078735,0.0435112,0.03728631,0.032785768,0.028833761,0.031401977,0.029715747,0.02305442,0.021253167
T:GCC,0.028659868,0.000235286,0.105488369,0.064371553,0.073049021,0.069230538,0.064371553,0.04966533,0.060834547,0.05909844,0.046337714,0.070005206,0.030198212,0.031304035,0.04179329,0.036790978,0.031395571,0.029253263,0.030252858,0.028336218,0.025526526,0.023801624
T:GCG,0.022601687,0.000160688,0.102394532,0.065787956,0.070811814,0.065852231,0.065787956,0.048203038,0.063216006,0.057081985,0.046410896,0.069853358,0.030118569,0.036874546,0.041008004,0.038023937,0.032018938,0.0305822,0.031438099,0.027986147,0.026390139,0.027397273
T:GCT,0.031974737,0.000290043,0.101106687,0.068877963,0.070973338,0.071111164,0.068877963,0.050512531,0.058615981,0.059057761,0.047745853,0.064229524,0.031357797,0.027684774,0.043121238,0.037273214,0.032515809,0.028721749,0.031119878,0.029262501,0.023689651,0.021879842
T:GTA,0.04165465,0.000487785,0.095516757,0.075283708,0.067644362,0.073255844,0.075283708,0.051207479,0.055871253,0.05794363,0.05019273,0.054131684,0.033263492,0.021777917,0.04492211,0.037978743,0.034201732,0.028051097,0.031566803,0.030246454,0.020039219,0.019478843
T:GTC,0.03195765,0.000313081,0.10030718,0.069851417,0.069988012,0.071854848,0.069851417,0.05044722,0.05846666,0.058521056,0.048606977,0.061602853,0.031733251,0.027324515,0.043719664,0.037396838,0.032809309,0.029146516,0.031389291,0.029568169,0.023069188,0.02207489
T:GTG,0.030267728,0.000265867,0.099889295,0.06956114,0.069841487,0.071862324,0.06956114,0.050028884,0.058040668,0.059379747,0.048489099,0.062167275,0.03149737,0.029089672,0.043973542,0.037163136,0.03279468,0.02938617,0.031782939,0.029545106,0.023375383,0.022037348
T:GTT,0.039058609,0.000472405,0.096113978,0.0754253,0.067788848,0.073681946,0.0754253,0.050874408,0.055772995,0.05792246,0.05011439,0.054764225,0.032944026,0.022518924,0.044937364,0.038035745,0.034119661,0.028060366,0.031798079,0.030098254,0.020284902,0.019787814
T:TCA,0.03843545,0.000407859,0.09766047,0.0734628,0.06863843,0.073796623,0.0734628,0.050822596,0.056601699,0.058274318,0.049832827,0.056114715,0.032489502,0.023543443,0.044477514,0.037443567,0.033605925,0.028359814,0.031531264,0.030118896,0.020911265,0.020008225
T:TCC,0.03377508,0.000344867,0.101578332,0.069269778,0.069479827,0.072288466,0.069269778,0.050056802,0.058422009,0.058515131,0.048734002,0.062343399,0.031260854,0.027191771,0.043773296,0.03696317,0.032482148,0.028862507,0.031047137,0.02936667,0.022843546,0.022131431
T:TCG,0.027182164,0.000262596,0.098856063,0.07041279,0.068573228,0.069754679,0.07041279,0.048868799,0.06004372,0.056591994,0.048859537,0.063152727,0.031511062,0.03136888,0.042559084,0.038448321,0.032943993,0.030093877,0.031977436,0.029222262,0.024145868,0.024758129
T:TCT,0.037449873,0.000402589,0.098156181,0.072599188,0.068505496,0.073603112,0.072599188,0.050632455,0.056642816,0.058683543,0.049524536,0.057648053,0.03245184,0.024019015,0.045069905,0.037318618,0.033129544,0.028288292,0.031490302,0.03021058,0.021108875,0.020465994
T:TTA,0.045361272,0.000608703,0.091305756,0.079800956,0.066706374,0.074638317,0.079800956,0.051451613,0.054509636,0.056990573,0.051428868,0.048888215,0.03426265,0.018509886,0.045883501,0.038442731,0.035037895,0.027634166,0.031218994,0.030948866,0.018180113,0.018389962
T:TTC,0.04033352,0.000452229,0.096755442,0.074862842,0.06778888,0.074407116,0.074862842,0.050747567,0.056025204,0.0578359,0.050319374,0.05443935,0.032806439,0.022109685,0.045043073,0.037572647,0.033700278,0.028142923,0.031640512,0.030304237,0.020201192,0.019648751
T:TTG,0.041129024,0.000480994,0.097196613,0.074487753,0.06818635,0.074019182,0.074487753,0.050847784,0.055910216,0.057732541,0.050220916,0.054870571,0.032512021,0.022297928,0.044723843,0.037568633,0.033676245,0.028139704,0.031643095,0.030226093,0.020094485,0.019548256
T:TTT,0.044768499,0.0006126,0.093181153,0.078409896,0.067232945,0.074318042,0.078409896,0.051250138,0.054410477,0.057494074,0.050775423,0.051130129,0.033651715,0.019836226,0.045435091,0.038240181,0.034577948,0.027325796,0.031336844,0.030406183,0.018587788,0.018608954
U:ACA,0.037045818,0.000407479,0.119315666,0.087509438,0.061298961,0.071183501,0.087509438,0.050371142,0.0469339,0.049637834,0.044443969,0.050005283,0.027216652,0.027318522,0.035266563,0.034183563,0.028962447,0.027247085,0.035325222,0.032797673,0.026191284,0.01982856
U:ACC,0.034348097,0.000416158,0.123273488,0.081191577,0.063623798,0.068211602,0.081191577,0.050322264,0.048713796,0.051290392,0.044589115,0.056135731,0.026389335,0.03092567,0.033907977,0.033648621,0.028926252,0.027323151,0.034061329,0.032160247,0.027687457,0.021662365
U:ACG,0.024543887,0.000235654,0.115575831,0.079385743,0.06187564,0.066357647,0.079385743,0.050801796,0.051278825,0.051637263,0.045384036,0.054662256,0.028172886,0.034366628,0.033834308,0.03525853,0.030754788,0.030715131,0.034980549,0.03465376,0.029960884,0.026178214
U:ACT,0.039539542,0.000441327,0.119399362,0.08846734,0.061753181,0.071789898,0.08846734,0.050871644,0.046874188,0.049842566,0.044211197,0.050269815,0.027124764,0.024967549,0.034840098,0.03454439,0.029068243,0.026657261,0.034886511,0.032589912,0.024748316,0.018645557
U:ATA,0.052084957,0.000588207,0.115323381,0.098841307,0.058000933,0.074579705,0.098841307,0.049585409,0.044365499,0.046065376,0.043440038,0.041741835,0.028024005,0.019171947,0.03645474,0.035131326,0.027064498,0.025167528,0.035513092,0.032071757,0.021684472,0.01625868
U:ATC,0.041731233,0.000490709,0.120955944,0.090001413,0.060621982,0.071780379,0.090001413,0.049537221,0.046514444,0.048608921,0.044114401,0.048712853,0.027361274,0.024923359,0.035299767,0.034543953,0.028672036,0.02615876,0.035076656,0.032002776,0.024606287,0.018284219
U:ATG,0.04163849,0.000437907,0.120427503,0.090173799,0.060408292,0.072278081,0.090173799,0.049845372,0.046308057,0.048547084,0.04416808,0.047968285,0.027204719,0.024828858,0.035259269,0.03453459,0.028914173,0.026453498,0.035337031,0.032101588,0.024715307,0.018276217
U:ATT,0.050175078,0.000571931,0.115199737,0.098562327,0.058527964,0.074788677,0.098562327,0.049922389,0.044493656,0.046456405,0.043772043,0.042196397,0.028105694,0.019144859,0.03610712,0.035285803,0.027804523,0.02504962,0.035571332,0.032298525,0.021456949,0.015946644
U:CCA,0.034497286,0.000394182,0.124750231,0.080757762,0.063936582,0.068393951,0.080757762,0.050197537,0.048574807,0.051234039,0.044366348,0.056441927,0.026233543,0.031242573,0.03383916,0.033606892,0.02895754,0.027150601,0.03388555,0.031829701,0.027651312,0.021300715
U:CCC,0.030947718,0.000341352,0.126316053,0.075560253,0.065004424,0.065999669,0.075560253,0.049677837,0.050194364,0.052245119,0.044613195,0.060928588,0.025723503,0.036126529,0.033268335,0.032977669,0.02883505,0.027686588,0.032765016,0.031487938,0.029579833,0.024160713
U:CCG,0.022765542,0.000225607,0.119391504,0.071864034,0.065669635,0.062326658,0.071864034,0.050193626,0.053500178,0.052590308,0.04544648,0.063210285,0.026632194,0.040069123,0.032748257,0.033555115,0.029612477,0.030353533,0.033084317,0.033125835,0.032275892,0.029495365
U:CCT,0.033906326,0.000380816,0.124337188,0.079866581,0.064271979,0.068663491,0.079866581,0.050437869,0.04871739,0.051377912,0.044503023,0.057274076,0.026242707,0.031242005,0.034065364,0.03341978,0.029021368,0.027418077,0.03370563,0.031831052,0.027763946,0.02168684
U:CTA,0.043133608,0.000483237,0.119624357,0.089399198,0.061424608,0.071888642,0.089399198,0.050625665,0.046207841,0.049136045,0.043928765,0.049399503,0.0272164,0.024139133,0.035036102,0.034513783,0.028538566,0.026357516,0.034932098,0.032307906,0.024299874,0.018007955
U:CTC,0.033258824,0.000352903,0.123347766,0.08112783,0.063334845,0.068906306,0.08112783,0.050290643,0.048577299,0.051336462,0.044404887,0.056258261,0.026437315,0.030975914,0.034609057,0.033471626,0.02929254,0.027282045,0.033840169,0.032090834,0.027903241,0.021773404
U:CTG,0.031916314,0.000360599,0.123635553,0.080123245,0.06468807,0.068609465,0.080123245,0.051050349,0.048651627,0.051746367,0.044492952,0.057097838,0.026180839,0.031297291,0.033791409,0.033691117,0.0292377,0.027624097,0.033934798,0.032222409,0.027849323,0.021675393
U:CTT,0.040165745,0.000465895,0.119961458,0.088447376,0.061560655,0.071728339,0.088447376,0.050481798,0.046571327,0.049577555,0.044215112,0.050439464,0.027175141,0.024870325,0.035036046,0.034297845,0.029010653,0.026504164,0.035100037,0.0324133,0.024755454,0.018774935
U:GCA,0.034220878,0.000347851,0.12194343,0.082521822,0.063623118,0.069647997,0.082521822,0.051006103,0.048008269,0.050739799,0.044547688,0.054683331,0.026368542,0.029743032,0.034175114,0.033877408,0.029519002,0.02747928,0.034467303,0.032309764,0.027221739,0.021026707
U:GCC,0.029795279,0.000288459,0.125482627,0.074242826,0.06673278,0.066251327,0.074242826,0.05084535,0.050091332,0.05283391,0.044504001,0.061932287,0.025576141,0.035619156,0.032816925,0.033106209,0.029010815,0.028316449,0.032974416,0.031820993,0.029792699,0.023723193
U:GCG,0.022958096,0.000219686,0.118251471,0.071886518,0.065125549,0.062293106,0.071886518,0.050317887,0.053709403,0.052408187,0.045871598,0.062961082,0.026573053,0.040721658,0.032087728,0.033960689,0.029453846,0.031093979,0.033357962,0.033588914,0.032393316,0.028879753
U:GCT,0.032867796,0.000347669,0.122330874,0.080666862,0.064539146,0.068501949,0.080666862,0.051192158,0.048299321,0.051810737,0.044343354,0.056953672,0.026278792,0.030971117,0.033741203,0.033807396,0.029287545,0.027646782,0.034078305,0.032297697,0.027681587,0.021689175
U:GTA,0.042761174,0.000504066,0.117805177,0.090673077,0.060813912,0.071985257,0.090673077,0.050295349,0.046245019,0.049116298,0.044141202,0.04808764,0.027495199,0.02370994,0.035204063,0.034840545,0.028533492,0.026580277,0.035365348,0.03261765,0.024193584,0.018358654
U:GTC,0.033178384,0.000371943,0.12222797,0.082307564,0.063167034,0.069142023,0.082307564,0.050820046,0.048755424,0.050775247,0.044648686,0.054470575,0.026688732,0.029942998,0.034254854,0.03404067,0.029374896,0.027769363,0.034383387,0.032598228,0.02735198,0.021422431
U:GTG,0.031122026,0.000312809,0.121542865,0.081496968,0.062957076,0.069012034,0.081496968,0.050537865,0.048619807,0.051238797,0.044739112,0.054592493,0.026707171,0.032158261,0.034602642,0.033556749,0.029524208,0.028053716,0.034486192,0.032654662,0.028517019,0.02207056
U:GTT,0.040454637,0.000480961,0.118254646,0.090193296,0.060861402,0.071845855,0.090193296,0.050488169,0.046427583,0.049308372,0.044236234,0.049066647,0.02741359,0.024288024,0.034957351,0.034707032,0.028775283,0.026554782,0.035389084,0.032883812,0.02455079,0.018669153
U:TCA,0.039718163,0.000437481,0.120575109,0.088721296,0.061323286,0.071870019,0.088721296,0.050202307,0.046746007,0.049292771,0.044197651,0.049714717,0.02709844,0.0256088,0.03500061,0.034449731,0.028964182,0.026485227,0.035006913,0.032219665,0.024953501,0.018692825
U:TCC,0.035065189,0.000405257,0.123888598,0.082339947,0.062913348,0.069223553,0.082339947,0.049925392,0.048479216,0.050483382,0.044456378,0.055018883,0.026663717,0.030039797,0.034562316,0.033703357,0.029136308,0.02710103,0.034039064,0.031827918,0.027105526,0.021281876
U:TCG,0.028141486,0.000283795,0.117235744,0.079532654,0.062585968,0.065682081,0.079532654,0.049957087,0.051289551,0.051001636,0.044993878,0.056428073,0.027918569,0.033779395,0.033432433,0.034475609,0.030276357,0.029849749,0.03418037,0.033837527,0.029851122,0.025734263
U:TCT,0.038886188,0.000450935,0.121197231,0.087395315,0.061558302,0.071208883,0.087395315,0.05025171,0.046829625,0.049656488,0.044154997,0.051039923,0.027054898,0.026101844,0.035289794,0.034058544,0.028953716,0.026498507,0.034865134,0.032345223,0.025543731,0.019263697
U:TTA,0.047097634,0.000535544,0.113627444,0.096960963,0.059251217,0.074124517,0.096960963,0.050858528,0.045037018,0.047854566,0.044017715,0.044009748,0.028054085,0.019726415,0.035698012,0.035362183,0.028052532,0.025763844,0.035391823,0.032892819,0.021999641,0.01672279
U:TTC,0.041745682,0.000488534,0.119890035,0.090469658,0.060627068,0.072405106,0.090469658,0.049983824,0.046198712,0.048639484,0.044071311,0.048480351,0.027474012,0.023968989,0.035374432,0.034440986,0.028915997,0.02619685,0.03531117,0.032300248,0.024225584,0.01832231
U:TTG,0.042606364,0.000499318,0.119781637,0.090148395,0.061020407,0.071998031,0.090148395,0.05004824,0.046139384,0.04871784,0.044106569,0.048928646,0.027173834,0.024310619,0.035095857,0.034495229,0.028562973,0.026045644,0.035332519,0.03232788,0.024344798,0.01816742
U:TTT,0.046465642,0.000596807,0.115264143,0.094806633,0.059950801,0.073362519,0.094806633,0.05046564,0.045114629,0.048344925,0.043947106,0.046264201,0.027737259,0.021264597,0.03526985,0.035091579,0.027795047,0.025556808,0.035398939,0.032614789,0.022590453,0.017291