,X,1,2,3,4,5,6,7,8,9,10,11,12,13,14,15,16,17,18,19
B:AACAA,0.035067437,0.06088632,0.06743738,0.069364162,0.064739884,0.061657033,0.051637765,0.080154143,0.065895954,0.063969171,0.056647399,0.065895954,0.031213873,0.040077071,0.035452794,0.023506744,0.044315992,0.036608863,0.01849711,0.026974952
B:AACAC,0.025858016,0.057827927,0.070992008,0.075693465,0.071932299,0.062059238,0.047014575,0.085566526,0.096850024,0.055007052,0.052186178,0.055947344,0.023977433,0.029149036,0.043253409,0.020686413,0.025858016,0.049365303,0.019275976,0.031499765
B:AACAG,0.030388471,0.05858396,0.087719298,0.070488722,0.065789474,0.069235589,0.045739348,0.084273183,0.086466165,0.064849624,0.048245614,0.062656642,0.026942356,0.029761905,0.03414787,0.021929825,0.032894737,0.044799499,0.011904762,0.023182957
B:AACAT,0.045714286,0.068571429,0.061428571,0.070952381,0.063809524,0.061904762,0.053333333,0.091904762,0.057619048,0.069047619,0.05,0.060952381,0.04,0.037619048,0.041904762,0.02,0.031428571,0.030952381,0.01952381,0.023333333
B:AACCA,0.030586236,0.072217502,0.075615973,0.061172472,0.05480034,0.059048428,0.053101105,0.082412914,0.075615973,0.06584537,0.045454545,0.06924384,0.026338148,0.034409516,0.028037383,0.018691589,0.045454545,0.048853016,0.020815633,0.032285472
B:AACCC,0.025655326,0.057445622,0.092582264,0.06469604,0.052983826,0.065811489,0.058561071,0.087562744,0.080312326,0.05967652,0.056330173,0.076408254,0.024539877,0.024539877,0.0273285,0.019520357,0.034578918,0.050195204,0.014500837,0.026770775
B:AACCG,0.022566996,0.06629055,0.093088858,0.069111425,0.053596615,0.062059238,0.036671368,0.097320169,0.088857546,0.060648801,0.043723554,0.073342736,0.02538787,0.039492243,0.021156559,0.019746121,0.023977433,0.05077574,0.016925247,0.035260931
B:AACCT,0.031321971,0.068631967,0.070474436,0.066328881,0.057577153,0.057116536,0.053431598,0.088438508,0.091662828,0.061262091,0.049746661,0.069092584,0.026715799,0.028097651,0.029018885,0.018424689,0.034085675,0.049286043,0.015200368,0.034085675
B:AACGA,0.01641791,0.064179104,0.080597015,0.071641791,0.062686567,0.059701493,0.049253731,0.082089552,0.095522388,0.067164179,0.049253731,0.070149254,0.032835821,0.031343284,0.029850746,0.019402985,0.032835821,0.044776119,0.011940299,0.028358209
B:AACGC,0.030042918,0.061516452,0.062947067,0.080114449,0.065808298,0.067238913,0.0472103,0.090128755,0.091559371,0.062947067,0.045779685,0.067238913,0.027181688,0.031473534,0.022889843,0.025751073,0.028612303,0.051502146,0.018597997,0.021459227
B:AACGG,0.022222222,0.044444444,0.081944444,0.066666667,0.045833333,0.0625,0.052777778,0.079166667,0.111111111,0.066666667,0.054166667,0.061111111,0.040277778,0.026388889,0.023611111,0.027777778,0.030555556,0.054166667,0.029166667,0.019444444
B:AACGT,0.016616314,0.063444109,0.070996979,0.084592145,0.052870091,0.081570997,0.049848943,0.055891239,0.092145015,0.061933535,0.025679758,0.077039275,0.03021148,0.034743202,0.040785498,0.012084592,0.048338369,0.058912387,0.012084592,0.03021148
B:AACTA,0.041030534,0.059160305,0.073473282,0.069656489,0.076335878,0.040076336,0.054389313,0.082061069,0.058206107,0.071564885,0.064885496,0.070610687,0.029580153,0.032442748,0.029580153,0.020038168,0.042938931,0.034351145,0.017175573,0.032442748
B:AACTC,0.03726391,0.055640633,0.072485962,0.063297601,0.047983665,0.067381317,0.064828994,0.100051046,0.086778969,0.063808065,0.040326697,0.070954569,0.024502297,0.033180194,0.033690658,0.015313936,0.041347626,0.037774375,0.017355794,0.026033691
B:AACTG,0.027386541,0.062989045,0.081377152,0.072378717,0.060250391,0.062206573,0.050078247,0.089201878,0.089201878,0.063771518,0.042253521,0.068075117,0.026212833,0.032081377,0.031298905,0.018388106,0.044992175,0.035602504,0.01799687,0.024256651
B:AACTT,0.033424908,0.059065934,0.076923077,0.0746337,0.059981685,0.063186813,0.047619048,0.081959707,0.074175824,0.06456044,0.046245421,0.05952381,0.029761905,0.050824176,0.036172161,0.01510989,0.04029304,0.037545788,0.021520147,0.027472527
B:AATAA,0.039013196,0.075731497,0.07286288,0.073436604,0.077452668,0.060240964,0.061388411,0.067125645,0.037865749,0.051635112,0.047619048,0.063683305,0.032128514,0.049913941,0.039586919,0.022948939,0.038439472,0.039013196,0.021801492,0.02811245
B:AATAC,0.044628099,0.062809917,0.071900826,0.066115702,0.075206612,0.057024793,0.058677686,0.076859504,0.055371901,0.073553719,0.046280992,0.052892562,0.032231405,0.051239669,0.037190083,0.021487603,0.033884298,0.031404959,0.02231405,0.02892562
B:AATAG,0.037700283,0.0933082,0.074458058,0.066918002,0.052780396,0.056550424,0.051837889,0.0933082,0.056550424,0.063147974,0.058435438,0.07728558,0.017907634,0.029217719,0.037700283,0.021677663,0.033930254,0.033930254,0.018850141,0.024505184
B:AATAT,0.047244094,0.087926509,0.059055118,0.080052493,0.070209974,0.036745407,0.057742782,0.080708661,0.040682415,0.070209974,0.055774278,0.059711286,0.025590551,0.04855643,0.040682415,0.027559055,0.038057743,0.040026247,0.017716535,0.015748031
B:AATCA,0.041391722,0.072585483,0.067786443,0.079184163,0.058788242,0.064787043,0.042591482,0.068386323,0.059988002,0.066586683,0.050989802,0.060587882,0.028194361,0.041391722,0.045590882,0.019796041,0.027594481,0.036592681,0.034193161,0.032993401
B:AATCC,0.028762542,0.061538462,0.076254181,0.072909699,0.056856187,0.057525084,0.05819398,0.092307692,0.077591973,0.060200669,0.047491639,0.060869565,0.02541806,0.034782609,0.036789298,0.021404682,0.028093645,0.048829431,0.02006689,0.034113712
B:AATCG,0.039800995,0.099502488,0.10199005,0.059701493,0.019900498,0.049751244,0.034825871,0.094527363,0.07960199,0.064676617,0.05721393,0.05721393,0.02238806,0.047263682,0.024875622,0.029850746,0.032338308,0.039800995,0.007462687,0.037313433
B:AATCT,0.040137615,0.056192661,0.068807339,0.061926606,0.076834862,0.05103211,0.052752294,0.086009174,0.06766055,0.069380734,0.048738532,0.069954128,0.021788991,0.04587156,0.038990826,0.022362385,0.030963303,0.040711009,0.022362385,0.027522936
B:AATGA,0.047982063,0.069058296,0.064125561,0.077578475,0.059192825,0.053811659,0.05470852,0.087892377,0.064125561,0.058295964,0.046636771,0.068161435,0.030941704,0.040358744,0.04529148,0.023318386,0.0367713,0.033183857,0.01838565,0.020179372
B:AATGC,0.039537713,0.057785888,0.069343066,0.068126521,0.053527981,0.056569343,0.057177616,0.084549878,0.066909976,0.056569343,0.051703163,0.079683698,0.029805353,0.038321168,0.035888078,0.017639903,0.034671533,0.049878345,0.028588808,0.023722628
B:AATGG,0.042910448,0.066231343,0.07136194,0.063432836,0.060634328,0.060634328,0.047574627,0.077425373,0.076958955,0.054104478,0.04011194,0.078824627,0.024720149,0.036847015,0.035914179,0.019123134,0.039179104,0.053171642,0.019589552,0.03125
B:AATGT,0.0447406,0.07091861,0.05473584,0.080913851,0.068062827,0.061399334,0.05473584,0.085197525,0.050452166,0.06473108,0.04854831,0.059495478,0.035697287,0.040932889,0.044264636,0.0223703,0.030937649,0.03855307,0.016658734,0.026653974
B:AATTA,0.048535565,0.089539749,0.068619247,0.080334728,0.062761506,0.056066946,0.049372385,0.070292887,0.041841004,0.071129707,0.056066946,0.052719665,0.025941423,0.053556485,0.035983264,0.019246862,0.045188285,0.036820084,0.014225941,0.021757322
B:AATTC,0.03645506,0.083595223,0.07416719,0.0672533,0.0672533,0.057825267,0.053425519,0.081709617,0.054054054,0.072910119,0.045254557,0.060967945,0.029541169,0.038340666,0.034569453,0.024512885,0.038969202,0.043997486,0.016970459,0.01822753
B:AATTG,0.043591979,0.08282476,0.06277245,0.072362685,0.068875327,0.057541412,0.055797733,0.085440279,0.048823017,0.072362685,0.06190061,0.051438535,0.030514385,0.046207498,0.038360942,0.013077594,0.035745423,0.033129904,0.012205754,0.027027027
B:AATTT,0.054468535,0.07985193,0.060814384,0.070861978,0.062400846,0.049709149,0.05076679,0.085668958,0.040190375,0.069275516,0.05817028,0.0433633,0.028027499,0.05817028,0.045478583,0.015335801,0.041776838,0.0433633,0.020095188,0.022210471
B:ACCAA,0.031938821,0.066576698,0.073324336,0.062977958,0.058479532,0.060278902,0.048582996,0.086819613,0.082321188,0.060728745,0.038236617,0.072424651,0.032388664,0.033738192,0.033288349,0.018443545,0.034188034,0.048133153,0.022042285,0.035087719
B:ACCAC,0.029570862,0.053371799,0.062026686,0.060944825,0.057338622,0.076451497,0.048683736,0.085106383,0.100973675,0.063469167,0.044716913,0.069960332,0.027767761,0.030292102,0.031013343,0.025243419,0.037865128,0.050486837,0.01298233,0.031734583
B:ACCAG,0.025599129,0.056372549,0.08496732,0.058551198,0.053376906,0.071623094,0.042755991,0.096949891,0.105936819,0.057734205,0.044117647,0.068627451,0.025326797,0.025054466,0.030228758,0.017701525,0.037581699,0.048202614,0.015795207,0.033496732
B:ACCAT,0.035492458,0.068322981,0.075865129,0.057675244,0.06433008,0.063886424,0.043921917,0.07985803,0.088287489,0.062999113,0.045696539,0.077639752,0.031499556,0.027506655,0.026619343,0.019964508,0.035048802,0.047471162,0.01552795,0.032386868
B:ACCCA,0.03071919,0.050234911,0.082761113,0.056017347,0.058908565,0.064691001,0.0484279,0.094325985,0.105168052,0.056740152,0.046982291,0.075894471,0.018792917,0.026743766,0.028189375,0.025298157,0.028189375,0.059269967,0.014094687,0.028550777
B:ACCCC,0.029138001,0.060704168,0.076891947,0.059085391,0.048968029,0.070012141,0.039255362,0.09631728,0.129097531,0.059490085,0.050991501,0.070416835,0.027519223,0.023472278,0.020234723,0.021853501,0.029138001,0.050991501,0.011331445,0.025091056
B:ACCCG,0.015584416,0.061471861,0.097835498,0.061471861,0.045021645,0.066666667,0.032034632,0.085714286,0.127272727,0.054545455,0.045021645,0.080519481,0.022510823,0.026839827,0.03030303,0.021645022,0.027705628,0.051948052,0.012987013,0.032900433
B:ACCCT,0.027163368,0.05975941,0.076445479,0.058595266,0.05975941,0.067908421,0.041909197,0.099728366,0.098176174,0.060923555,0.044625534,0.073341094,0.023282887,0.020954598,0.030267753,0.021730695,0.034536282,0.052386496,0.013969732,0.034536282
B:ACCGA,0.033975085,0.058890147,0.072480181,0.071347678,0.050962627,0.066817667,0.040770102,0.095130238,0.116647792,0.046432616,0.049830125,0.084937712,0.031710079,0.021517554,0.026047565,0.027180068,0.024915062,0.039637599,0.011325028,0.029445074
B:ACCGC,0.013084112,0.05046729,0.089719626,0.069158879,0.054205607,0.081308411,0.037383178,0.085981308,0.125233645,0.04953271,0.058878505,0.073831776,0.021495327,0.023364486,0.023364486,0.025233645,0.023364486,0.04953271,0.012149533,0.03271028
B:ACCGG,0.013270142,0.05971564,0.099526066,0.062559242,0.054976303,0.054976303,0.040758294,0.093838863,0.091943128,0.055924171,0.043601896,0.076777251,0.025592417,0.025592417,0.022748815,0.02464455,0.026540284,0.05971564,0.026540284,0.040758294
B:ACCGT,0.020618557,0.056128293,0.068728522,0.064146621,0.052691867,0.07674685,0.045819015,0.098510882,0.114547537,0.06185567,0.050400916,0.060710195,0.03207331,0.030927835,0.018327606,0.017182131,0.024054983,0.058419244,0.024054983,0.024054983
B:ACCTA,0.037412315,0.055339049,0.080280592,0.063912705,0.071706937,0.059236165,0.042868277,0.079501169,0.09431021,0.057677319,0.052221356,0.069368667,0.02416212,0.029618083,0.028838659,0.016367888,0.037412315,0.04598597,0.010911925,0.042868277
B:ACCTC,0.021978022,0.057348901,0.077266484,0.06353022,0.056662088,0.0625,0.045673077,0.093406593,0.117788462,0.054258242,0.050480769,0.072115385,0.022664835,0.024381868,0.030906593,0.015796703,0.037774725,0.052884615,0.015796703,0.026785714
B:ACCTG,0.025947653,0.046931408,0.076940433,0.057987365,0.049187726,0.062725632,0.043546931,0.09566787,0.127030686,0.057536101,0.047833935,0.067915162,0.023240072,0.025045126,0.027978339,0.019855596,0.036326715,0.058438628,0.017148014,0.032716606
B:ACCTT,0.032453638,0.061340942,0.075249643,0.064194009,0.061340942,0.063124108,0.045292439,0.088088445,0.090584879,0.062767475,0.041369472,0.076319544,0.02425107,0.030670471,0.037446505,0.026034237,0.029600571,0.046005706,0.015335235,0.02853067
B:ACTAA,0.05344296,0.071942446,0.073997945,0.078108941,0.065775951,0.044193217,0.048304214,0.065775951,0.057553957,0.061664954,0.049331963,0.061664954,0.030832477,0.044193217,0.044193217,0.018499486,0.052415211,0.035971223,0.015416238,0.02672148
B:ACTAC,0.041500399,0.059856345,0.070231445,0.075019952,0.058260176,0.05905826,0.043894653,0.097366321,0.092577813,0.072625698,0.051875499,0.066241022,0.026336792,0.02952913,0.026336792,0.022346369,0.028731045,0.040702314,0.013567438,0.023942538
B:ACTAG,0.038546256,0.071585903,0.094713656,0.063876652,0.059471366,0.068281938,0.04845815,0.068281938,0.074889868,0.053964758,0.053964758,0.056167401,0.028634361,0.035242291,0.02753304,0.016519824,0.038546256,0.044052863,0.02092511,0.036343612
B:ACTAT,0.042677013,0.086323957,0.081474297,0.071774976,0.063045587,0.051406402,0.040737148,0.087293889,0.061105723,0.064015519,0.044616877,0.065955383,0.027158099,0.032007759,0.041707081,0.023278371,0.029097963,0.050436469,0.016488846,0.019398642
B:ACTCA,0.03436853,0.059627329,0.072049689,0.062111801,0.053416149,0.060041408,0.047619048,0.093167702,0.108074534,0.058385093,0.042236025,0.067494824,0.023602484,0.035196687,0.035196687,0.021532091,0.040993789,0.045962733,0.016563147,0.022360248
B:ACTCC,0.02638191,0.054857621,0.079564489,0.059045226,0.054020101,0.072026801,0.047319933,0.094221106,0.099664992,0.06239531,0.041038526,0.070770519,0.027638191,0.030988275,0.02721943,0.014237856,0.031825796,0.059045226,0.016331658,0.031407035
B:ACTCG,0.021003501,0.05134189,0.079346558,0.080513419,0.053675613,0.056009335,0.047841307,0.085180863,0.116686114,0.052508751,0.038506418,0.078179697,0.028004667,0.025670945,0.028004667,0.018669778,0.025670945,0.063010502,0.011668611,0.038506418
B:ACTCT,0.029605263,0.063733553,0.069901316,0.073190789,0.061266447,0.057565789,0.057154605,0.089226974,0.083059211,0.063322368,0.043585526,0.069901316,0.021381579,0.032072368,0.035773026,0.021792763,0.038240132,0.042351974,0.019736842,0.027138158
B:ACTGA,0.031617349,0.060397244,0.080259424,0.074179165,0.063234698,0.065261451,0.047426024,0.083502229,0.09647345,0.06445075,0.036076206,0.073368464,0.029995946,0.033644102,0.026753141,0.020267531,0.034860154,0.036886907,0.014592623,0.026753141
B:ACTGC,0.026188835,0.058924879,0.086836664,0.064782908,0.062370779,0.073742247,0.050999311,0.074776017,0.11130255,0.05754652,0.041350793,0.058580289,0.026533425,0.026878015,0.031013094,0.019297037,0.038249483,0.044452102,0.015851137,0.030323915
B:ACTGG,0.026031746,0.059365079,0.087301587,0.059365079,0.05047619,0.068888889,0.048571429,0.09015873,0.09968254,0.069206349,0.038730159,0.070793651,0.028571429,0.026984127,0.026349206,0.017460317,0.041269841,0.045079365,0.018412698,0.027301587
B:ACTGT,0.025145773,0.06122449,0.077259475,0.06851312,0.066326531,0.065597668,0.048469388,0.091472303,0.094387755,0.059766764,0.045189504,0.061588921,0.02696793,0.028061224,0.031341108,0.02441691,0.035349854,0.041909621,0.018586006,0.028425656
B:ACTTA,0.035254237,0.061016949,0.06440678,0.069830508,0.058983051,0.067118644,0.051525424,0.099661017,0.067118644,0.071186441,0.046779661,0.059661017,0.027118644,0.042033898,0.029830508,0.018983051,0.044067797,0.042711864,0.021016949,0.021694915
B:ACTTC,0.032950759,0.054794521,0.077378749,0.065901518,0.061828952,0.052202888,0.04442799,0.087004813,0.099592743,0.064420585,0.035542392,0.07071455,0.031469826,0.035912625,0.035172158,0.023324695,0.036653091,0.045908923,0.016660496,0.028137727
B:ACTTG,0.036900369,0.056734317,0.082564576,0.067343173,0.058118081,0.056273063,0.04704797,0.07702952,0.084870849,0.078413284,0.043819188,0.075184502,0.026752768,0.035055351,0.028597786,0.018911439,0.03597786,0.043819188,0.016605166,0.02998155
B:ACTTT,0.032654792,0.067005937,0.074215437,0.086938083,0.072943172,0.061068702,0.05216285,0.077608142,0.062765055,0.06403732,0.042408821,0.062340967,0.030534351,0.044105174,0.040712468,0.018659881,0.034775233,0.033927057,0.017387617,0.02374894
B:AGCAA,0.030176899,0.060006937,0.082206035,0.064169268,0.052722858,0.065209851,0.050988554,0.082206035,0.09157128,0.06486299,0.050641693,0.060700659,0.023933403,0.033645508,0.031217482,0.021158515,0.045438779,0.044745057,0.019424211,0.024973985
B:AGCAC,0.022503962,0.055467512,0.076069731,0.0659271,0.053565769,0.077971474,0.041521395,0.094770206,0.110618067,0.056101426,0.041838352,0.063708399,0.025673534,0.025356577,0.033914422,0.020919176,0.033280507,0.050396197,0.018066561,0.032329635
B:AGCAG,0.019805361,0.057708725,0.081441011,0.06368448,0.057537989,0.074270104,0.037049684,0.075123784,0.118319959,0.060269763,0.05002561,0.06863582,0.023903022,0.027317739,0.031073929,0.019976097,0.03431791,0.051562233,0.016732115,0.031244665
B:AGCAT,0.03160359,0.056964495,0.082715568,0.074522044,0.056184159,0.063987515,0.045259462,0.076472883,0.084276239,0.069449863,0.040967616,0.062817011,0.030042918,0.040187281,0.036285603,0.025360905,0.033554428,0.046820133,0.016387046,0.026141241
B:AGCCA,0.031593728,0.052656213,0.080973555,0.058740931,0.062251346,0.067868008,0.043295109,0.090334659,0.102270068,0.06669787,0.039550667,0.064123567,0.025040955,0.025977065,0.029955535,0.021764568,0.039784695,0.044231219,0.017318044,0.035572198
B:AGCCC,0.02541027,0.051879301,0.081789307,0.055584966,0.061143462,0.068819481,0.04208576,0.08443621,0.122022234,0.060084701,0.043409211,0.070407623,0.024880889,0.021704606,0.021969296,0.02567496,0.035997882,0.054261514,0.015616728,0.032821599
B:AGCCG,0.008347245,0.06065665,0.084028937,0.062882582,0.050639955,0.072899277,0.048970506,0.085141903,0.109070673,0.051752922,0.046188091,0.083472454,0.026711185,0.025598219,0.033945465,0.02392877,0.027824151,0.050639955,0.017250974,0.030050083
B:AGCCT,0.026315789,0.051260965,0.082785088,0.058662281,0.060307018,0.06935307,0.042489035,0.094572368,0.101425439,0.061951754,0.047971491,0.072368421,0.021107456,0.025219298,0.03125,0.023848684,0.039199561,0.050438596,0.013980263,0.025493421
B:AGCGA,0.024324324,0.05045045,0.099099099,0.059459459,0.051351351,0.058558559,0.03963964,0.085585586,0.118018018,0.043243243,0.047747748,0.081981982,0.036036036,0.027027027,0.023423423,0.025225225,0.027927928,0.058558559,0.014414414,0.027927928
B:AGCGC,0.012763242,0.063178047,0.077217613,0.063178047,0.064454371,0.070835992,0.047862157,0.0791321,0.126994257,0.05488194,0.037013401,0.080408424,0.017868539,0.02425016,0.02425016,0.02744097,0.024888322,0.053605616,0.021697511,0.028079132
B:AGCGG,0.013530135,0.055350554,0.080565806,0.060885609,0.052275523,0.073185732,0.038745387,0.086715867,0.114391144,0.053505535,0.049815498,0.081795818,0.028290283,0.030135301,0.025830258,0.028905289,0.031365314,0.049200492,0.018450185,0.027060271
B:AGCGT,0.019189765,0.054371002,0.054371002,0.076759062,0.057569296,0.073560768,0.040511727,0.092750533,0.134328358,0.051172708,0.046908316,0.074626866,0.024520256,0.026652452,0.034115139,0.017057569,0.028784648,0.045842217,0.020255864,0.026652452
B:AGCTA,0.03185136,0.067684141,0.082946251,0.04976775,0.064366291,0.065029861,0.053085601,0.081619111,0.082282681,0.071665561,0.0464499,0.060384871,0.03450564,0.03118779,0.03583278,0.02786994,0.03118779,0.04246848,0.0132714,0.0265428
B:AGCTC,0.027894003,0.051603905,0.083960948,0.060808926,0.060529986,0.074198047,0.039330544,0.074476987,0.112133891,0.055788006,0.043235704,0.071687587,0.030404463,0.024546722,0.027615063,0.022594142,0.032635983,0.053835425,0.019525802,0.033193863
B:AGCTG,0.025343954,0.049782766,0.090876177,0.058834178,0.061549602,0.07204924,0.042360608,0.081824765,0.118754526,0.062635771,0.043265749,0.069152788,0.024800869,0.021542361,0.03294714,0.018464881,0.036567705,0.043627806,0.015206372,0.030412744
B:AGCTT,0.026395939,0.057529611,0.076818951,0.056514382,0.065313029,0.067005076,0.041624365,0.081895093,0.093062606,0.060236887,0.048392555,0.072758037,0.031472081,0.0321489,0.030118443,0.023688663,0.035871404,0.049746193,0.016243655,0.033164129
B:AGTAA,0.045747423,0.076030928,0.083762887,0.070876289,0.080541237,0.06185567,0.045747423,0.072164948,0.057989691,0.06056701,0.056701031,0.06378866,0.030927835,0.038659794,0.034793814,0.019329897,0.032216495,0.028350515,0.016108247,0.023840206
B:AGTAC,0.03088042,0.061760841,0.085413929,0.052562418,0.065045992,0.060446781,0.045992116,0.076872536,0.093298292,0.065045992,0.034165572,0.053219448,0.037450723,0.032194481,0.038764783,0.021681997,0.038107753,0.05781866,0.015768725,0.033508541
B:AGTAG,0.043668122,0.064878353,0.092950717,0.05926388,0.053025577,0.054273238,0.041172801,0.080474111,0.087960075,0.061135371,0.044291953,0.064254523,0.031815346,0.036805989,0.036182158,0.021834061,0.035558328,0.043668122,0.014348097,0.032439177
B:AGTAT,0.043906132,0.071915216,0.092354277,0.076457229,0.057532173,0.052990159,0.04996215,0.068130204,0.0666162,0.069644209,0.037093111,0.067373202,0.024224073,0.047691143,0.035579107,0.018168055,0.037093111,0.043149129,0.012869039,0.027252082
B:AGTCA,0.024534687,0.066835871,0.062182741,0.074873096,0.062605753,0.065989848,0.047800338,0.084179357,0.097292724,0.065143824,0.032571912,0.070642978,0.0321489,0.029610829,0.031302876,0.020304569,0.03680203,0.046108291,0.018612521,0.030456853
B:AGTCC,0.024081633,0.054693878,0.071836735,0.05877551,0.059591837,0.064897959,0.050204082,0.096326531,0.113061224,0.064897959,0.048163265,0.068163265,0.025714286,0.025714286,0.028163265,0.020816327,0.028571429,0.058367347,0.012653061,0.025306122
B:AGTCG,0.034739454,0.062034739,0.102977667,0.086848635,0.05707196,0.050868486,0.033498759,0.074441687,0.095533499,0.053349876,0.032258065,0.095533499,0.026054591,0.026054591,0.021091811,0.022332506,0.032258065,0.049627792,0.019851117,0.023573201
B:AGTCT,0.023622047,0.065478657,0.075839204,0.069208454,0.060505595,0.07045172,0.049316204,0.079983423,0.088686283,0.070866142,0.037712391,0.071694985,0.02859511,0.029423954,0.030667219,0.022793203,0.038126813,0.048072938,0.015748031,0.023207625
B:AGTGA,0.032372681,0.065534939,0.078562969,0.06829846,0.059218318,0.049348598,0.046190288,0.090801421,0.097907619,0.065929728,0.042637189,0.071851559,0.028030004,0.028030004,0.035530991,0.020923806,0.033557047,0.039873668,0.017370707,0.028030004
B:AGTGC,0.026947368,0.056421053,0.075368421,0.074105263,0.048,0.065263158,0.043368421,0.086736842,0.110736842,0.061894737,0.041684211,0.061894737,0.026526316,0.029894737,0.030736842,0.022736842,0.043368421,0.053052632,0.016421053,0.024842105
B:AGTGG,0.031349968,0.050863724,0.079334613,0.061100448,0.058541267,0.068777991,0.050223928,0.093090211,0.09596929,0.066538708,0.047664747,0.068458093,0.023352527,0.028150992,0.03103007,0.022392834,0.032309661,0.045425464,0.015994882,0.029430582
B:AGTGT,0.028305872,0.057456696,0.070975919,0.081960287,0.064638783,0.071398395,0.048162231,0.088297423,0.106041403,0.051542036,0.033798057,0.061681453,0.023236164,0.034643008,0.025348542,0.017321504,0.038022814,0.046049852,0.02070131,0.030418251
B:AGTTA,0.037344398,0.068049793,0.05560166,0.078008299,0.063900415,0.063070539,0.060580913,0.083817427,0.066390041,0.073029046,0.045643154,0.057261411,0.03153527,0.034024896,0.030705394,0.021576763,0.044813278,0.034024896,0.018257261,0.032365145
B:AGTTC,0.037648054,0.059221658,0.083756345,0.061336717,0.051607445,0.063028765,0.050761421,0.090947547,0.083756345,0.073181049,0.044839255,0.069796954,0.023265651,0.033417936,0.030456853,0.016920474,0.03891709,0.042301184,0.014805415,0.030033841
B:AGTTG,0.030933063,0.056795132,0.076572008,0.068965517,0.055273834,0.059330629,0.051217039,0.09178499,0.092292089,0.059837728,0.045638945,0.071501014,0.030425963,0.036004057,0.036511156,0.017241379,0.038032454,0.036511156,0.019269777,0.025862069
B:AGTTT,0.029465095,0.057570263,0.081142339,0.077062557,0.071169538,0.056663645,0.056210335,0.085222121,0.072982774,0.057116954,0.046690843,0.063463282,0.025838622,0.045784225,0.034451496,0.014959202,0.048957389,0.03218495,0.022665458,0.020398912
B:ATCAA,0.040398741,0.071878279,0.07660021,0.077124869,0.054039874,0.055613851,0.039349423,0.067156348,0.073452256,0.070304302,0.053515215,0.064008395,0.03043022,0.036726128,0.040398741,0.020986359,0.03567681,0.037775446,0.02570829,0.028856243
B:ATCAC,0.034871245,0.074034335,0.073497854,0.072424893,0.060622318,0.052038627,0.051502146,0.080472103,0.073497854,0.058476395,0.041845494,0.069742489,0.028969957,0.032188841,0.035407725,0.020922747,0.035944206,0.051502146,0.020922747,0.03111588
B:ATCAG,0.035379369,0.065643649,0.080136402,0.068201194,0.058397272,0.067774936,0.043052003,0.079710145,0.079710145,0.068201194,0.044330776,0.070332481,0.029411765,0.02855925,0.031543052,0.022165388,0.027280477,0.045609548,0.017902813,0.036658142
B:ATCAT,0.049947971,0.081685744,0.070759625,0.078043704,0.054630593,0.059833507,0.040582726,0.075442248,0.077003122,0.054630593,0.044224766,0.054630593,0.028095734,0.03798127,0.047866805,0.027055151,0.03069719,0.045265349,0.017689906,0.023933403
B:ATCCA,0.032630322,0.05769996,0.08913649,0.061281337,0.064066852,0.062475129,0.051730999,0.087146836,0.08356546,0.064862714,0.04178273,0.058893752,0.027855153,0.034222045,0.030242738,0.0206924,0.036211699,0.045762037,0.019896538,0.029844807
B:ATCCC,0.036315789,0.053157895,0.07,0.062631579,0.049473684,0.059473684,0.045789474,0.094736842,0.106315789,0.06,0.053157895,0.073684211,0.027368421,0.022631579,0.029473684,0.023157895,0.028421053,0.053157895,0.019473684,0.031578947
B:ATCCG,0.027465668,0.054931336,0.069912609,0.086142322,0.049937578,0.051186017,0.058676654,0.076154806,0.096129838,0.061173533,0.049937578,0.087390762,0.021223471,0.02372035,0.041198502,0.02372035,0.021223471,0.051186017,0.019975031,0.028714107
B:ATCCT,0.033294619,0.060782036,0.073557878,0.069686411,0.048780488,0.06504065,0.049554781,0.10298103,0.090979481,0.062330623,0.0414247,0.066202091,0.024003097,0.032520325,0.029036005,0.019357336,0.034843206,0.049941928,0.017034456,0.028648858
B:ATCGA,0.016949153,0.057010786,0.098613251,0.055469954,0.033898305,0.058551618,0.043143297,0.069337442,0.087827427,0.047765794,0.053929122,0.087827427,0.033898305,0.023112481,0.046224961,0.021571649,0.027734977,0.077041602,0.012326656,0.047765794
B:ATCGC,0.026438569,0.055987558,0.087091757,0.082426128,0.043545879,0.065318818,0.041990669,0.088646967,0.121306376,0.043545879,0.046656299,0.065318818,0.00933126,0.037325039,0.031104199,0.018662519,0.037325039,0.057542768,0.017107309,0.023328149
B:ATCGG,0.022292994,0.057324841,0.078025478,0.073248408,0.042993631,0.063694268,0.038216561,0.093949045,0.097133758,0.052547771,0.050955414,0.074840764,0.022292994,0.027070064,0.030254777,0.02866242,0.03343949,0.060509554,0.011146497,0.041401274
B:ATCGT,0.021558872,0.063018242,0.059701493,0.084577114,0.069651741,0.07960199,0.044776119,0.102819237,0.089552239,0.054726368,0.03814262,0.043117745,0.029850746,0.04145937,0.029850746,0.028192371,0.024875622,0.048092869,0.011608624,0.034825871
B:ATCTA,0.05227078,0.075407027,0.080548415,0.053127678,0.063410454,0.049700086,0.039417309,0.086546701,0.068551842,0.053984576,0.053127678,0.061696658,0.021422451,0.04798629,0.040274207,0.023136247,0.037703513,0.04798629,0.018851757,0.024850043
B:ATCTC,0.032299193,0.060348491,0.070548236,0.067148321,0.066723332,0.059923502,0.043348916,0.095622609,0.081172971,0.064173396,0.050573736,0.078198045,0.025499363,0.023799405,0.036974076,0.022099448,0.035274118,0.048448789,0.015299618,0.022524437
B:ATCTG,0.030672708,0.059951203,0.074939003,0.065876612,0.057859881,0.058905542,0.049146044,0.100034855,0.086789822,0.063436738,0.052631579,0.075287557,0.021610317,0.02683862,0.033461136,0.019170443,0.034158243,0.049843151,0.01394214,0.025444406
B:ATCTT,0.043249342,0.070327191,0.073711922,0.062053404,0.062429485,0.053779616,0.055660023,0.081985709,0.07935314,0.058668672,0.044377586,0.075592328,0.028582174,0.039864611,0.033095149,0.02143663,0.028206093,0.042873261,0.017675818,0.027077849
B:ATTAA,0.042088854,0.092751364,0.07248636,0.07248636,0.070927514,0.055339049,0.049883087,0.07248636,0.049883087,0.058456742,0.035853468,0.058456742,0.027279813,0.049103663,0.042868277,0.024941543,0.038191738,0.037412315,0.02650039,0.022603274
B:ATTAC,0.045638945,0.090263692,0.059837728,0.0831643,0.085192698,0.059837728,0.042596349,0.068965517,0.045638945,0.078093306,0.052738337,0.058823529,0.023326572,0.044624746,0.031440162,0.020283976,0.028397566,0.045638945,0.015212982,0.020283976
B:ATTAG,0.053639847,0.074074074,0.072796935,0.061302682,0.062579821,0.051085568,0.051085568,0.083014049,0.053639847,0.066411239,0.061302682,0.067688378,0.034482759,0.026819923,0.029374202,0.026819923,0.042145594,0.035759898,0.019157088,0.026819923
B:ATTAT,0.041911148,0.070410729,0.059513831,0.083822297,0.069572506,0.055322716,0.051131601,0.085498743,0.038558256,0.071248952,0.047778709,0.056160939,0.030176027,0.0620285,0.035205365,0.019279128,0.026823135,0.049455155,0.019279128,0.026823135
B:ATTCA,0.041905855,0.071756602,0.072904707,0.076923077,0.062571757,0.057405281,0.052812859,0.074052813,0.05510907,0.066016073,0.045924225,0.071756602,0.029276693,0.038461538,0.034443169,0.024110218,0.042479908,0.044202067,0.017795637,0.020091848
B:ATTCC,0.036977492,0.064844587,0.073419078,0.064308682,0.060557342,0.054662379,0.058949625,0.084673098,0.072883173,0.056270096,0.057877814,0.070203644,0.028403001,0.035905681,0.032690247,0.020900322,0.032690247,0.048231511,0.01607717,0.029474812
B:ATTCG,0.037656904,0.052301255,0.077405858,0.069037657,0.069037657,0.060669456,0.041841004,0.083682008,0.094142259,0.073221757,0.039748954,0.064853556,0.016736402,0.027196653,0.035564854,0.039748954,0.035564854,0.043933054,0.010460251,0.027196653
B:ATTCT,0.040122111,0.076319232,0.064980375,0.071958133,0.064544265,0.053641518,0.050152638,0.082424771,0.075447013,0.064980375,0.051897078,0.068033144,0.022241605,0.039249891,0.038377671,0.016136066,0.035324902,0.04230266,0.020497165,0.021369385
B:ATTGA,0.038167939,0.07702984,0.072172103,0.067314365,0.07425399,0.058292852,0.043719639,0.07425399,0.058986815,0.06315059,0.058986815,0.06315059,0.032616239,0.046495489,0.040249827,0.015267176,0.036780014,0.034004164,0.014573213,0.030534351
B:ATTGC,0.029930929,0.069071374,0.075211051,0.069838833,0.058326938,0.058326938,0.049117421,0.095932464,0.072908672,0.05295472,0.048349962,0.063699156,0.031465848,0.036070606,0.036070606,0.023023791,0.036838066,0.034535687,0.023023791,0.035303147
B:ATTGG,0.042711864,0.063050847,0.069152542,0.066440678,0.052881356,0.052881356,0.061016949,0.094915254,0.066440678,0.071186441,0.051525424,0.066440678,0.02779661,0.02779661,0.029830508,0.02440678,0.029152542,0.047457627,0.019661017,0.035254237
B:ATTGT,0.046628859,0.066792691,0.073724008,0.061121613,0.064272212,0.055450536,0.043478261,0.086326402,0.066792691,0.061121613,0.049779458,0.063642092,0.025834909,0.041587902,0.037177064,0.019533711,0.040327662,0.043478261,0.024574669,0.028355388
B:ATTTA,0.042553191,0.094028826,0.057652711,0.073438572,0.059025395,0.056280027,0.06108442,0.070693205,0.030885381,0.067261496,0.050789293,0.06108442,0.02676733,0.059711736,0.046671242,0.025394647,0.038435141,0.03431709,0.020590254,0.023335621
B:ATTTC,0.042369217,0.067444877,0.069174233,0.066580199,0.064850843,0.062256809,0.058798098,0.085170774,0.04971898,0.063121487,0.048421963,0.067012538,0.031128405,0.048854302,0.044098573,0.019887592,0.035451794,0.03718115,0.015564202,0.022913965
B:ATTTG,0.045748116,0.076964478,0.067276642,0.072658773,0.065662002,0.0532831,0.055974166,0.083961249,0.059203445,0.065123789,0.047362756,0.065662002,0.027987083,0.047362756,0.034983854,0.021528525,0.023143165,0.040365985,0.027987083,0.017761033
B:ATTTT,0.052113703,0.066690962,0.060131195,0.083819242,0.059402332,0.054664723,0.058309038,0.079810496,0.04154519,0.062317784,0.050291545,0.047740525,0.028061224,0.049562682,0.057215743,0.017857143,0.04409621,0.03680758,0.022230321,0.027332362
B:CACAA,0.039756592,0.052332657,0.072616633,0.061257606,0.055172414,0.06653144,0.047464503,0.088032454,0.083975659,0.063691684,0.053144016,0.055578093,0.027180527,0.039756592,0.039350913,0.019472617,0.035294118,0.04989858,0.021095335,0.028397566
B:CACAC,0.028756058,0.044588045,0.074636511,0.073667205,0.056219709,0.077221325,0.047819063,0.104684976,0.114054927,0.054281099,0.034894992,0.061712439,0.02358643,0.027786753,0.02552504,0.022294023,0.028432956,0.053311793,0.017124394,0.029402262
B:CACAG,0.023670935,0.05355064,0.076251455,0.059177338,0.064221964,0.070818782,0.048700039,0.093907645,0.112727978,0.058983314,0.043267365,0.057431121,0.02677532,0.025029104,0.030461777,0.023670935,0.034148234,0.054132712,0.015521925,0.027551416
B:CACAT,0.033088235,0.058415033,0.073120915,0.072303922,0.064542484,0.066993464,0.051062092,0.084558824,0.085375817,0.064542484,0.049836601,0.068218954,0.02124183,0.025735294,0.035130719,0.02124183,0.035947712,0.046977124,0.015522876,0.026143791
B:CACCA,0.026089038,0.053614169,0.072283389,0.057443753,0.059837243,0.079224509,0.042364768,0.091910005,0.112015318,0.06270943,0.038295835,0.069650551,0.028721876,0.023456199,0.028243179,0.023934897,0.029918621,0.045955002,0.016036381,0.038295835
B:CACCC,0.027688345,0.054410818,0.077591758,0.05795235,0.051835158,0.07598197,0.037990985,0.095621378,0.123953638,0.05924018,0.046039923,0.067289118,0.02446877,0.02446877,0.02704443,0.026722473,0.02704443,0.053444945,0.01030264,0.03090792
B:CACCG,0.015483871,0.056774194,0.083870968,0.065806452,0.049032258,0.07483871,0.04,0.100645161,0.12516129,0.051612903,0.05483871,0.06516129,0.027096774,0.023870968,0.018709677,0.023225806,0.023870968,0.052903226,0.016774194,0.030322581
B:CACCT,0.027373613,0.051294698,0.076448829,0.05918619,0.053760789,0.063378545,0.04512947,0.094451295,0.131442663,0.051048089,0.047348952,0.073489519,0.02244143,0.018002466,0.027127004,0.020221948,0.039210851,0.051541307,0.01701603,0.030086313
B:CACGA,0.027607362,0.060327198,0.069529652,0.064417178,0.047034765,0.082822086,0.036809816,0.075664622,0.111451943,0.053169734,0.042944785,0.063394683,0.029652352,0.031697342,0.031697342,0.026584867,0.025562372,0.068507157,0.022494888,0.028629857
B:CACGC,0.020338983,0.042372881,0.072033898,0.072033898,0.049152542,0.074576271,0.050847458,0.076271186,0.148305085,0.060169492,0.038983051,0.068644068,0.027118644,0.023728814,0.027118644,0.022033898,0.022033898,0.061016949,0.01779661,0.025423729
B:CACGG,0.014519056,0.050211736,0.076830006,0.059286146,0.047791894,0.076830006,0.046581972,0.091954023,0.135511192,0.0538415,0.058076225,0.061101028,0.030248034,0.024803388,0.022988506,0.025408348,0.02661827,0.055656382,0.014519056,0.02722323
B:CACGT,0.01344086,0.052867384,0.05734767,0.076164875,0.060035842,0.063620072,0.051971326,0.100358423,0.117383513,0.050179211,0.041218638,0.055555556,0.03046595,0.02688172,0.031362007,0.025985663,0.033154122,0.062724014,0.012544803,0.036738351
B:CACTA,0.039644013,0.080097087,0.08171521,0.073624595,0.05987055,0.055016181,0.035598706,0.079288026,0.087378641,0.053398058,0.052588997,0.063915858,0.021035599,0.038834951,0.029126214,0.023462783,0.038834951,0.045307443,0.015372168,0.025889968
B:CACTC,0.026252983,0.057677009,0.067621321,0.075178998,0.056085919,0.057677009,0.049323787,0.090294352,0.110580748,0.060063644,0.040572792,0.072792363,0.021877486,0.03381066,0.034208433,0.018297534,0.035003978,0.049323787,0.013922037,0.029435163
B:CACTG,0.023701221,0.050993536,0.07900407,0.065836725,0.057457505,0.073497726,0.050275317,0.093368446,0.112760354,0.060569787,0.039023222,0.065836725,0.026574096,0.025137659,0.027531721,0.021785971,0.035432128,0.042853723,0.018913096,0.029446972
B:CACTT,0.038955823,0.0562249,0.078714859,0.07188755,0.058634538,0.058232932,0.046987952,0.087550201,0.082329317,0.068674699,0.043373494,0.061044177,0.02811245,0.030923695,0.034136546,0.020883534,0.037349398,0.04939759,0.020080321,0.026506024
B:CATAA,0.044801352,0.079459003,0.049873204,0.068469992,0.067624683,0.054099746,0.060016906,0.074387151,0.054945055,0.076923077,0.047337278,0.057480981,0.032967033,0.049873204,0.03465765,0.017751479,0.043110735,0.045646661,0.018596788,0.021978022
B:CATAC,0.028240406,0.071687183,0.073859522,0.071687183,0.055032585,0.057929037,0.045619117,0.081824765,0.09775525,0.074583635,0.041998552,0.057929037,0.023895728,0.031136857,0.041274439,0.01955105,0.036205648,0.0391021,0.013758146,0.036929761
B:CATAG,0.046242775,0.066152858,0.071290944,0.055234425,0.057161207,0.065510597,0.041746949,0.082851638,0.086062942,0.071933205,0.050096339,0.057803468,0.032755299,0.035324342,0.028259473,0.026332691,0.029543995,0.047527296,0.019267823,0.028901734
B:CATAT,0.047346939,0.078367347,0.083265306,0.064489796,0.066938776,0.045714286,0.053877551,0.084081633,0.064489796,0.059591837,0.053877551,0.064489796,0.032653061,0.03755102,0.026938776,0.02122449,0.032653061,0.038367347,0.023673469,0.020408163
B:CATCA,0.034077201,0.066344994,0.077503016,0.069360676,0.057901086,0.062424608,0.040410133,0.083534379,0.086851628,0.062424608,0.043425814,0.062726176,0.031664656,0.029252111,0.038902292,0.02774427,0.032267793,0.049758745,0.01477684,0.028648975
B:CATCC,0.03374886,0.04986318,0.077531164,0.064761326,0.051383399,0.067193676,0.047126786,0.094253573,0.100942536,0.062328975,0.04256613,0.069626026,0.025843721,0.029188203,0.026147765,0.019458802,0.033444816,0.051079355,0.017938583,0.035573123
B:CATCG,0.018998273,0.047495682,0.076856649,0.068221071,0.050949914,0.073402418,0.044041451,0.087219344,0.113989637,0.043177893,0.044041451,0.066493955,0.029360967,0.026770294,0.033678756,0.02417962,0.034542314,0.067357513,0.009499136,0.039723661
B:CATCT,0.035599572,0.062366167,0.073340471,0.062633833,0.058618844,0.060760171,0.046038544,0.099571734,0.090203426,0.05754818,0.047912206,0.076820128,0.028372591,0.027569593,0.033993576,0.021948608,0.033458244,0.045235546,0.0125803,0.025428266
B:CATGA,0.03553719,0.061983471,0.074380165,0.062809917,0.052066116,0.066942149,0.041735537,0.082231405,0.094628099,0.061570248,0.045041322,0.065289256,0.028099174,0.030991736,0.040909091,0.027272727,0.03677686,0.044214876,0.017768595,0.029752066
B:CATGC,0.037539575,0.052464948,0.074174582,0.065581185,0.055630936,0.065128901,0.052464948,0.074174582,0.113071009,0.054274084,0.040253279,0.067842605,0.03030303,0.035730439,0.03256445,0.024875622,0.02804161,0.060153777,0.012211669,0.02351877
B:CATGG,0.032963827,0.05075846,0.072345391,0.053967328,0.061551925,0.072928821,0.045215869,0.090431739,0.102683781,0.058051342,0.038506418,0.074387398,0.026837806,0.026837806,0.02537923,0.022462077,0.034130688,0.06126021,0.015169195,0.034130688
B:CATGT,0.039947322,0.068042142,0.061018437,0.053555751,0.060140474,0.075065847,0.050921861,0.086040386,0.091747147,0.067164179,0.03643547,0.068920105,0.030289728,0.034240562,0.028972783,0.017998244,0.035118525,0.046532046,0.019315189,0.028533802
B:CATTA,0.049344641,0.077101002,0.051657672,0.076329992,0.082498072,0.064764842,0.048573631,0.073245952,0.051657672,0.065535852,0.044718581,0.069390902,0.026214341,0.036237471,0.040092521,0.023130301,0.024672321,0.050115652,0.023130301,0.021588281
B:CATTC,0.046237088,0.061485489,0.068371864,0.072306936,0.057550418,0.054599115,0.049680275,0.078701426,0.080668962,0.054599115,0.052139695,0.076242007,0.029021151,0.038366945,0.038366945,0.016724053,0.039350713,0.046728972,0.013280866,0.025577964
B:CATTG,0.031277927,0.061215371,0.069258266,0.063449508,0.054959786,0.061215371,0.05049151,0.09383378,0.075960679,0.056300268,0.044682752,0.067470956,0.031724754,0.033512064,0.035299374,0.022788204,0.041108132,0.04512958,0.024575514,0.035746202
B:CATTT,0.050294695,0.068762279,0.063261297,0.080157171,0.058546169,0.05697446,0.060510806,0.085265226,0.047937132,0.058546169,0.043222004,0.07151277,0.031041257,0.046365422,0.04675835,0.021611002,0.033398821,0.036149312,0.020825147,0.018860511
B:CCCAA,0.034633758,0.056528662,0.079617834,0.061305732,0.058121019,0.064092357,0.050557325,0.09593949,0.102707006,0.05294586,0.046974522,0.067675159,0.019904459,0.02866242,0.032245223,0.01910828,0.028264331,0.056528662,0.015923567,0.028264331
B:CCCAC,0.026930475,0.048639736,0.079692223,0.057982962,0.051387744,0.064852982,0.044242924,0.096729871,0.130255565,0.058257763,0.053036549,0.068700192,0.024182468,0.023632866,0.02500687,0.022258862,0.026106073,0.052212146,0.014014839,0.031876889
