,X,1,2,3,4,5,6,7,8,9,10,11,12,13,14,15,16,17,18,19
ACA,0.061234948,0.075586303,0.070774308,0.062002862,0.059311599,0.05842832,0.058073026,0.052662825,0.048281978,0.047712193,0.05045847,0.046428877,0.045987502,0.045877505,0.04797669,0.039190901,0.037417826,0.035994081,0.034472434,0.022127355
ACC,0.060442361,0.073580924,0.071180759,0.059212382,0.06083081,0.059064948,0.056949855,0.055957187,0.04852721,0.048614284,0.049327276,0.049679369,0.045897293,0.045275045,0.046759091,0.039493449,0.03590465,0.036852377,0.033608178,0.022842552
ACG,0.044567504,0.070609302,0.07190138,0.058534188,0.061255445,0.062399699,0.056192857,0.053231941,0.051516168,0.05003738,0.053219167,0.05224407,0.045459355,0.047005684,0.04548173,0.040775499,0.036518722,0.039118466,0.034617011,0.025314432
ACT,0.064387144,0.075611466,0.070854232,0.062700948,0.059541205,0.057228331,0.058227193,0.052647557,0.047173344,0.04737421,0.049863915,0.045981788,0.046137143,0.045704352,0.048014261,0.039273481,0.03731982,0.035309332,0.034434004,0.022216273
ATA,0.075614416,0.077926576,0.068709954,0.066636,0.057867155,0.055514135,0.058794485,0.049000419,0.046324217,0.043768357,0.05152955,0.04032787,0.045910435,0.045079967,0.049418406,0.039374754,0.039307358,0.03392777,0.034408097,0.020560079
ATC,0.068501541,0.075855429,0.069675228,0.063313975,0.059316698,0.05680118,0.058207402,0.0532618,0.04727077,0.046339156,0.050082301,0.044353942,0.045816143,0.045540394,0.048267591,0.039222107,0.03727051,0.035103527,0.034147259,0.021653048
ATG,0.06557745,0.076053891,0.070257492,0.062962201,0.058809066,0.057369205,0.058326483,0.052524785,0.047789597,0.046653862,0.050319796,0.044561021,0.04616294,0.045846922,0.048407168,0.039388863,0.037798984,0.035144741,0.034407928,0.021637602
ATT,0.0741498,0.077585769,0.069286956,0.066952765,0.058185379,0.055295166,0.058843582,0.049382985,0.046016884,0.044282302,0.050984924,0.040761029,0.045904504,0.045439591,0.049471202,0.039110843,0.038983367,0.033942662,0.034591837,0.020828453
CCA,0.061036078,0.073494495,0.071362223,0.059059124,0.060984984,0.058986276,0.057013429,0.056480501,0.048451224,0.048644009,0.048951389,0.049667013,0.045830342,0.044983638,0.046754164,0.03949339,0.035784505,0.036770741,0.03353579,0.022716684
CCC,0.056469513,0.071711708,0.07175499,0.05639847,0.062212449,0.06106857,0.05615008,0.058103959,0.049495517,0.049594199,0.048941004,0.053036428,0.04571303,0.044241711,0.045527382,0.040158417,0.034817985,0.038091153,0.032944368,0.023569068
CCG,0.043729171,0.06797037,0.072673936,0.054443693,0.064738221,0.064506888,0.054242403,0.056858348,0.052374191,0.050853768,0.051432049,0.057771724,0.044838541,0.044728536,0.043345094,0.041185978,0.034231552,0.041069289,0.032999635,0.026006613
CCT,0.058843407,0.073304836,0.071470514,0.058421881,0.061290073,0.059093167,0.057116569,0.056507702,0.048545987,0.049211086,0.048858392,0.050685164,0.046040582,0.044958546,0.046751051,0.039647103,0.035796951,0.036987559,0.033478202,0.022991228
CTA,0.068459789,0.076194759,0.0701812,0.063182317,0.059284638,0.056379713,0.058213311,0.05219712,0.046862191,0.046633408,0.049992046,0.044900694,0.046075812,0.045444131,0.048209209,0.039198148,0.037488625,0.034888621,0.034367646,0.021846624
CTC,0.057161326,0.073776391,0.071399556,0.059045102,0.061116868,0.059281202,0.057346608,0.05571485,0.048701835,0.049397816,0.04932835,0.050388913,0.046042762,0.045145197,0.046740791,0.039645218,0.036121272,0.036865267,0.033750063,0.02303061
CTG,0.056171176,0.073190875,0.072116076,0.058546071,0.06143008,0.059586063,0.057077557,0.05624487,0.048704098,0.049614307,0.048867922,0.051058888,0.046179619,0.045068365,0.046707799,0.03965143,0.035837188,0.037238407,0.033658398,0.023050811
CTT,0.064651171,0.075820965,0.070678155,0.062637082,0.059540343,0.05677346,0.058203229,0.052722266,0.047330198,0.047358894,0.049980344,0.046027351,0.045961676,0.045968743,0.047996145,0.039188038,0.037195408,0.035227385,0.034462728,0.022276414
GCA,0.057305063,0.073912946,0.071809451,0.059747922,0.060422706,0.059194744,0.057565555,0.054726031,0.048823623,0.049065249,0.049362426,0.049437474,0.046228887,0.045513926,0.047168204,0.039591776,0.036566788,0.036640974,0.034099915,0.022816342
GCC,0.053353436,0.071179523,0.073024183,0.055670788,0.062786926,0.061036658,0.056156919,0.0580701,0.049561314,0.050591219,0.048523042,0.05449052,0.045841419,0.044275079,0.045368573,0.040008944,0.03491615,0.038265939,0.033006539,0.023872731
GCG,0.041254067,0.067418081,0.073398824,0.054176389,0.064596107,0.065279751,0.05447145,0.056431644,0.052626548,0.051066749,0.051810002,0.058165723,0.044778652,0.044844808,0.043092616,0.041217408,0.034372829,0.041404225,0.03321634,0.026377783
GCT,0.055915272,0.073626741,0.072277971,0.05895037,0.061118331,0.059392054,0.057074094,0.05511801,0.048777545,0.049664555,0.049199202,0.050878265,0.046222149,0.045398999,0.04664378,0.039661391,0.036085093,0.036862602,0.033942817,0.023190759
GTA,0.067837417,0.076225225,0.070119071,0.0635638,0.058945706,0.056891164,0.058221817,0.051543233,0.046991924,0.046335619,0.050565918,0.044424064,0.046004219,0.045677945,0.04839324,0.039210419,0.03785498,0.035047337,0.034369042,0.02177786
GTC,0.057910905,0.073805016,0.071478986,0.059663351,0.060712293,0.058935638,0.057228546,0.055338807,0.048687274,0.048770753,0.049609137,0.049176436,0.046191484,0.045610615,0.04709522,0.039728317,0.036288323,0.0368756,0.034007554,0.022885744
GTG,0.054691443,0.073855848,0.071714343,0.059186725,0.060388378,0.060428526,0.057517327,0.054969702,0.049554947,0.049458881,0.049765245,0.04994877,0.045957544,0.045593152,0.046767061,0.039493017,0.036459699,0.037175825,0.034105072,0.022968493
GTT,0.065793617,0.075897675,0.070349074,0.063504455,0.05919227,0.056907229,0.058144583,0.051828498,0.047103975,0.046844172,0.050603417,0.045213082,0.04587496,0.046032723,0.048278944,0.039043736,0.037471403,0.035241642,0.034572065,0.022102481
TCA,0.064352406,0.075545496,0.070596801,0.062700697,0.059517939,0.057379592,0.05820412,0.053114086,0.047502846,0.047102215,0.049853995,0.045588517,0.046129862,0.045771539,0.048191705,0.03939658,0.037362867,0.035408175,0.03429298,0.021987582
TCC,0.061664476,0.073973382,0.070713354,0.059812492,0.060775582,0.058467493,0.057353273,0.055908431,0.048314051,0.04833184,0.049191539,0.048759694,0.045873623,0.045170461,0.047183194,0.039559345,0.036064055,0.036566171,0.03369021,0.022627335
TCG,0.051123055,0.070613312,0.071510584,0.058642274,0.061515517,0.061520949,0.056003459,0.054465653,0.050627626,0.049335116,0.052175267,0.05189192,0.045303158,0.046226326,0.045103517,0.040333763,0.036067665,0.03862917,0.034143554,0.024768116
TCT,0.063746786,0.075606727,0.070503066,0.062112484,0.059920396,0.057200525,0.058085779,0.053425915,0.047583124,0.047611178,0.049937483,0.046561963,0.045940951,0.045576261,0.047816785,0.039243128,0.037033092,0.035613968,0.034265422,0.022214967
TTA,0.070306665,0.077488875,0.069945743,0.066392169,0.058258002,0.055883309,0.058749837,0.048721101,0.046292165,0.045191565,0.051450878,0.042115303,0.046097409,0.045683653,0.049050395,0.039172657,0.039014926,0.034070072,0.03476758,0.021347696
TTC,0.066994667,0.076100629,0.070123096,0.06361439,0.059336163,0.056370955,0.058407516,0.052357943,0.04705906,0.046569095,0.050085707,0.04471931,0.045865577,0.045880103,0.048402691,0.039162833,0.037490062,0.035081564,0.03447744,0.0219012
TTG,0.068255061,0.07593125,0.070154161,0.063460901,0.059212513,0.056515343,0.058120249,0.052578106,0.046976273,0.046445104,0.050046373,0.044672134,0.045794453,0.045795176,0.048417779,0.039025784,0.037324733,0.035083652,0.034377309,0.021813647
TTT,0.071955476,0.076841886,0.069920985,0.065785452,0.058669004,0.055622567,0.058581403,0.049690393,0.04611733,0.045340047,0.050878089,0.042889706,0.045785025,0.04566079,0.048819949,0.038728024,0.038323867,0.034368432,0.034561096,0.02146048