,X,Y,1,2,3,4,5,6,7,8,9,10,11,12,13,14,15,16,17,18,19
B:AACAA, 0.03506743737957611, 0.0, 0.06088631984585742, 0.0674373795761079, 0.06936416184971098, 0.06473988439306358, 0.06165703275529865, 0.05163776493256262, 0.08015414258188824, 0.06589595375722543, 0.06396917148362236, 0.056647398843930635, 0.06589595375722543, 0.03121387283236994, 0.04007707129094412, 0.035452793834296725, 0.023506743737957612, 0.04431599229287091, 0.036608863198458574, 0.018497109826589597, 0.02697495183044316
B:AACAC, 0.025858015984955338, 0.0, 0.05782792665726375, 0.07099200752233192, 0.07569346497414198, 0.07193229901269393, 0.06205923836389281, 0.047014574518100614, 0.08556652562294312, 0.09685002350728726, 0.05500705218617772, 0.05218617771509168, 0.055947343676539724, 0.023977433004231313, 0.02914903620122238, 0.043253408556652564, 0.020686412787964268, 0.025858015984955338, 0.04936530324400564, 0.019275975552421252, 0.03149976492712741
B:AACAG, 0.03038847117794486, 0.0, 0.05858395989974937, 0.08771929824561403, 0.07048872180451127, 0.06578947368421052, 0.06923558897243108, 0.045739348370927316, 0.08427318295739349, 0.08646616541353383, 0.06484962406015038, 0.04824561403508772, 0.06265664160401002, 0.02694235588972431, 0.02976190476190476, 0.03414786967418546, 0.021929824561403508, 0.03289473684210526, 0.044799498746867165, 0.011904761904761904, 0.023182957393483708
B:AACAT, 0.045714285714285714, 0.0, 0.06857142857142857, 0.06142857142857143, 0.07095238095238095, 0.06380952380952382, 0.06190476190476191, 0.05333333333333334, 0.0919047619047619, 0.057619047619047625, 0.06904761904761905, 0.05000000000000001, 0.06095238095238095, 0.04, 0.03761904761904762, 0.0419047619047619, 0.02, 0.03142857142857143, 0.030952380952380953, 0.019523809523809523, 0.023333333333333334
B:AACCA, 0.03058623619371283, 0.0, 0.07221750212404418, 0.07561597281223449, 0.06117247238742566, 0.05480033984706882, 0.059048428207306713, 0.05310110450297366, 0.08241291418861513, 0.07561597281223449, 0.06584536958368734, 0.045454545454545456, 0.06924384027187766, 0.026338147833474938, 0.034409515717926935, 0.028037383177570093, 0.018691588785046728, 0.045454545454545456, 0.04885301614273577, 0.020815632965165677, 0.03228547153780799
B:AACCC, 0.025655326268823202, 0.0, 0.05744562186279978, 0.09258226436140547, 0.06469604015616286, 0.05298382598996095, 0.06581148912437255, 0.05856107083100948, 0.08756274400446179, 0.08031232571109871, 0.05967651979921919, 0.056330172894590066, 0.07640825432236475, 0.024539877300613498, 0.024539877300613498, 0.027328499721137756, 0.019520356943669825, 0.03457891801450084, 0.0501952035694367, 0.014500836586726155, 0.026770775237032907
B:AACCG, 0.022566995768688293, 0.0, 0.06629055007052186, 0.0930888575458392, 0.0691114245416079, 0.0535966149506347, 0.06205923836389281, 0.036671368124118475, 0.09732016925246827, 0.08885754583921014, 0.06064880112834979, 0.04372355430183357, 0.07334273624823695, 0.02538787023977433, 0.03949224259520452, 0.021156558533145273, 0.019746121297602257, 0.023977433004231313, 0.05077574047954866, 0.01692524682651622, 0.03526093088857546
B:AACCT, 0.03132197144173192, 0.0, 0.06863196683555965, 0.07047443574389682, 0.06632888070013819, 0.057577153385536615, 0.05711653615845233, 0.053431598341777985, 0.08843850760018425, 0.0916628281897743, 0.06126209120221096, 0.04974666052510364, 0.06909258406264394, 0.026715799170888992, 0.02809765085214187, 0.02901888530631046, 0.018424689083371717, 0.03408567480423768, 0.04928604329801934, 0.015200368493781667, 0.03408567480423768
B:AACGA, 0.016417910447761194, 0.0, 0.06417910447761194, 0.08059701492537313, 0.07164179104477612, 0.0626865671641791, 0.05970149253731343, 0.049253731343283584, 0.08208955223880597, 0.0955223880597015, 0.06716417910447761, 0.049253731343283584, 0.07014925373134329, 0.03283582089552239, 0.03134328358208955, 0.029850746268656716, 0.019402985074626865, 0.03283582089552239, 0.04477611940298507, 0.011940298507462687, 0.028358208955223882
B:AACGC, 0.030042918454935622, 0.0, 0.06151645207439199, 0.06294706723891273, 0.08011444921316166, 0.06580829756795423, 0.06723891273247497, 0.04721030042918455, 0.09012875536480687, 0.09155937052932761, 0.06294706723891273, 0.045779685264663805, 0.06723891273247497, 0.027181688125894134, 0.031473533619456366, 0.022889842632331903, 0.02575107296137339, 0.02861230329041488, 0.05150214592274678, 0.018597997138769667, 0.021459227467811162
B:AACGG, 0.022222222222222223, 0.0, 0.04444444444444444, 0.08194444444444444, 0.06666666666666667, 0.04583333333333333, 0.0625, 0.05277777777777778, 0.07916666666666666, 0.1111111111111111, 0.06666666666666667, 0.05416666666666667, 0.06111111111111111, 0.04027777777777778, 0.02638888888888889, 0.02361111111111111, 0.027777777777777776, 0.030555555555555555, 0.05416666666666667, 0.02916666666666666, 0.019444444444444445
B:AACGT, 0.01661631419939577, 0.0, 0.0634441087613293, 0.07099697885196375, 0.08459214501510574, 0.052870090634441085, 0.08157099697885198, 0.04984894259818731, 0.055891238670694864, 0.09214501510574018, 0.061933534743202415, 0.0256797583081571, 0.0770392749244713, 0.030211480362537766, 0.03474320241691843, 0.04078549848942598, 0.012084592145015106, 0.04833836858006042, 0.05891238670694864, 0.012084592145015106, 0.030211480362537766
B:AACTA, 0.04103053435114504, 0.0, 0.059160305343511445, 0.07347328244274809, 0.06965648854961833, 0.07633587786259542, 0.04007633587786259, 0.05438931297709924, 0.08206106870229007, 0.05820610687022901, 0.0715648854961832, 0.0648854961832061, 0.07061068702290077, 0.029580152671755726, 0.03244274809160305, 0.02958015267175573, 0.020038167938931296, 0.042938931297709926, 0.03435114503816794, 0.01717557251908397, 0.03244274809160305
B:AACTC, 0.037263910158244005, 0.0, 0.055640632976008166, 0.07248596222562532, 0.06329760081674322, 0.0479836651352731, 0.06738131699846861, 0.06482899438489025, 0.10005104645227157, 0.08677896886166411, 0.0638080653394589, 0.04032669729453803, 0.0709545686574783, 0.02450229709035222, 0.033180193976518634, 0.033690658499234305, 0.015313935681470138, 0.04134762633996937, 0.03777437468095967, 0.017355793772332824, 0.026033690658499236
B:AACTG, 0.027386541471048513, 0.0, 0.06298904538341157, 0.081377151799687, 0.07237871674491393, 0.06025039123630673, 0.062206572769953054, 0.050078247261345854, 0.0892018779342723, 0.0892018779342723, 0.06377151799687011, 0.04225352112676056, 0.06807511737089202, 0.02621283255086072, 0.032081377151799685, 0.03129890453834116, 0.018388106416275432, 0.04499217527386541, 0.03560250391236307, 0.017996870109546165, 0.024256651017214397
B:AACTT, 0.033424908424908424, 0.0, 0.059065934065934064, 0.07692307692307693, 0.07463369963369963, 0.059981684981684984, 0.06318681318681318, 0.047619047619047616, 0.08195970695970696, 0.07417582417582418, 0.06456043956043957, 0.04624542124542124, 0.05952380952380952, 0.02976190476190476, 0.05082417582417582, 0.036172161172161175, 0.01510989010989011, 0.040293040293040296, 0.037545787545787544, 0.021520146520146517, 0.027472527472527476
B:AATAA, 0.03901319563970167, 0.0, 0.0757314974182444, 0.07286288009179576, 0.07343660355708548, 0.0774526678141136, 0.060240963855421686, 0.06138841078600115, 0.06712564543889846, 0.0378657487091222, 0.05163511187607573, 0.047619047619047616, 0.06368330464716007, 0.0321285140562249, 0.04991394148020654, 0.039586919104991396, 0.022948938611589215, 0.03843947217441193, 0.03901319563970167, 0.021801491681009755, 0.028112449799196786
B:AATAC, 0.04462809917355372, 0.0, 0.0628099173553719, 0.07190082644628099, 0.06611570247933884, 0.07520661157024794, 0.05702479338842975, 0.05867768595041322, 0.0768595041322314, 0.05537190082644628, 0.07355371900826446, 0.04628099173553719, 0.05289256198347107, 0.032231404958677684, 0.0512396694214876, 0.0371900826446281, 0.021487603305785124, 0.033884297520661154, 0.03140495867768595, 0.02231404958677686, 0.028925619834710745
B:AATAG, 0.03770028275212064, 0.0, 0.09330819981149858, 0.07445805843543826, 0.06691800188501414, 0.0527803958529689, 0.05655042412818097, 0.051837888784165884, 0.09330819981149858, 0.05655042412818096, 0.06314797360980208, 0.058435438265786996, 0.07728557964184732, 0.017907634307257305, 0.029217719132893498, 0.03770028275212064, 0.021677662582469368, 0.033930254476908575, 0.033930254476908575, 0.01885014137606032, 0.024505183788878414
B:AATAT, 0.047244094488188976, 0.0, 0.08792650918635171, 0.05905511811023622, 0.08005249343832022, 0.07020997375328084, 0.03674540682414699, 0.05774278215223098, 0.08070866141732283, 0.04068241469816273, 0.07020997375328084, 0.0557742782152231, 0.05971128608923885, 0.025590551181102362, 0.048556430446194225, 0.040682414698162736, 0.027559055118110236, 0.03805774278215223, 0.04002624671916011, 0.017716535433070866, 0.015748031496062992
B:AATCA, 0.041391721655668866, 0.0, 0.07258548290341932, 0.06778644271145771, 0.07918416316736653, 0.05878824235152969, 0.06478704259148171, 0.04259148170365927, 0.0683863227354529, 0.05998800239952009, 0.06658668266346732, 0.05098980203959208, 0.060587882423515295, 0.028194361127774445, 0.041391721655668866, 0.04559088182363527, 0.01979604079184163, 0.027594481103779243, 0.03659268146370726, 0.03419316136772645, 0.032993401319736056
B:AATCC, 0.028762541806020066, 0.0, 0.06153846153846154, 0.07625418060200669, 0.07290969899665552, 0.056856187290969896, 0.05752508361204013, 0.05819397993311037, 0.09230769230769231, 0.07759197324414716, 0.06020066889632107, 0.04749163879598662, 0.06086956521739131, 0.025418060200668897, 0.034782608695652174, 0.03678929765886288, 0.02140468227424749, 0.028093645484949834, 0.04882943143812709, 0.020066889632107024, 0.03411371237458194
B:AATCG, 0.03980099502487562, 0.0, 0.09950248756218906, 0.10199004975124377, 0.05970149253731343, 0.01990049751243781, 0.04975124378109453, 0.03482587064676617, 0.0945273631840796, 0.07960199004975124, 0.0646766169154229, 0.05721393034825871, 0.05721393034825871, 0.022388059701492536, 0.0472636815920398, 0.024875621890547265, 0.029850746268656716, 0.03233830845771144, 0.03980099502487562, 0.007462686567164179, 0.0373134328358209
B:AATCT, 0.040137614678899085, 0.0, 0.05619266055045872, 0.06880733944954129, 0.06192660550458716, 0.0768348623853211, 0.05103211009174312, 0.05275229357798166, 0.0860091743119266, 0.0676605504587156, 0.06938073394495413, 0.04873853211009174, 0.06995412844036697, 0.021788990825688075, 0.045871559633027525, 0.0389908256880734, 0.02236238532110092, 0.03096330275229358, 0.040711009174311925, 0.02236238532110092, 0.027522935779816515
B:AATGA, 0.04798206278026906, 0.0, 0.06905829596412556, 0.06412556053811659, 0.07757847533632287, 0.059192825112107626, 0.05381165919282512, 0.054708520179372194, 0.08789237668161436, 0.06412556053811659, 0.05829596412556054, 0.04663677130044843, 0.06816143497757847, 0.03094170403587444, 0.04035874439461883, 0.045291479820627804, 0.023318385650224215, 0.036771300448430494, 0.033183856502242155, 0.018385650224215247, 0.020179372197309416
B:AATGC, 0.03953771289537713, 0.0, 0.05778588807785888, 0.06934306569343066, 0.0681265206812652, 0.0535279805352798, 0.05656934306569343, 0.05717761557177616, 0.08454987834549878, 0.06690997566909976, 0.05656934306569343, 0.05170316301703163, 0.07968369829683698, 0.029805352798053526, 0.03832116788321168, 0.035888077858880776, 0.017639902676399026, 0.03467153284671533, 0.049878345498783457, 0.028588807785888074, 0.023722627737226276
B:AATGG, 0.04291044776119403, 0.0, 0.06623134328358209, 0.07136194029850747, 0.06343283582089553, 0.06063432835820896, 0.06063432835820896, 0.04757462686567164, 0.07742537313432836, 0.07695895522388059, 0.054104477611940295, 0.04011194029850746, 0.07882462686567164, 0.024720149253731342, 0.03684701492537314, 0.03591417910447761, 0.01912313432835821, 0.03917910447761194, 0.05317164179104478, 0.019589552238805968, 0.03125
B:AATGT, 0.0447405997144217, 0.0, 0.0709186101856259, 0.05473584007615421, 0.0809138505473584, 0.06806282722513089, 0.061399333650642554, 0.05473584007615421, 0.0851975249881009, 0.05045216563541171, 0.06473108043788672, 0.04854831032841504, 0.05949547834364589, 0.03569728700618753, 0.04093288910042837, 0.044264635887672536, 0.02237029985721085, 0.03093764873869586, 0.038553069966682535, 0.016658733936220846, 0.026653974297953357
B:AATTA, 0.04853556485355649, 0.0, 0.0895397489539749, 0.06861924686192468, 0.0803347280334728, 0.06276150627615062, 0.05606694560669456, 0.049372384937238493, 0.07029288702928871, 0.04184100418410041, 0.07112970711297072, 0.05606694560669456, 0.052719665271966525, 0.02594142259414226, 0.05355648535564853, 0.03598326359832636, 0.019246861924686193, 0.045188284518828455, 0.03682008368200837, 0.014225941422594143, 0.021757322175732216
B:AATTC, 0.03645505971087367, 0.0, 0.08359522313010685, 0.07416719044626022, 0.06725329981143935, 0.06725329981143935, 0.05782526712759271, 0.05342551854179761, 0.08170961659333752, 0.05405405405405406, 0.07291011942174733, 0.04525455688246387, 0.06096794468887492, 0.0295411690760528, 0.03834066624764299, 0.034569453174104335, 0.02451288497800126, 0.03896920175989944, 0.04399748585795098, 0.01697045883092395, 0.018227529855436832
B:AATTG, 0.043591979075850044, 0.0, 0.08282476024411509, 0.06277244986922406, 0.07236268526591107, 0.06887532693984307, 0.05754141238012206, 0.05579773321708806, 0.08544027898866609, 0.04882301656495205, 0.07236268526591107, 0.06190061028770706, 0.05143853530950305, 0.03051438535309503, 0.046207497820401046, 0.03836094158674804, 0.013077593722755012, 0.03574542284219703, 0.03312990409764603, 0.012205754141238012, 0.02702702702702703
B:AATTT, 0.05446853516657853, 0.0, 0.07985193019566367, 0.060814383923849816, 0.07086197778952935, 0.06240084611316763, 0.04970914859862507, 0.05076679005817029, 0.08566895822316235, 0.04019037546271814, 0.06927551560021153, 0.05817028027498678, 0.04336329984135378, 0.028027498677948175, 0.058170280274986774, 0.04547858276044421, 0.015335801163405606, 0.04177683765203596, 0.04336329984135378, 0.02009518773135907, 0.0222104706504495
B:ACCAA, 0.031938821412505626, 0.0, 0.06657669815564553, 0.07332433648223122, 0.06297795771479982, 0.05847953216374269, 0.06027890238416554, 0.048582995951417005, 0.08681961313540261, 0.08232118758434548, 0.06072874493927125, 0.038236617183985605, 0.0724246513720198, 0.032388663967611336, 0.033738191632928474, 0.033288349077822764, 0.018443544759334234, 0.03418803418803419, 0.04813315339631129, 0.022042285200179937, 0.03508771929824561
B:ACCAC, 0.029570861882437793, 0.0, 0.05337179949513163, 0.062026685899747566, 0.060944825099170576, 0.0573386224305806, 0.07645149657410746, 0.04868373602596466, 0.0851063829787234, 0.1009736747205193, 0.06346916696718355, 0.04471691309051569, 0.0699603317706455, 0.027767760548142804, 0.030292102416155788, 0.031013342949873783, 0.025243418680129824, 0.03786512802019473, 0.05048683736025965, 0.01298232960692391, 0.031734583483591774
B:ACCAG, 0.02559912854030501, 0.0, 0.056372549019607844, 0.08496732026143791, 0.05855119825708061, 0.05337690631808279, 0.07162309368191722, 0.04275599128540305, 0.09694989106753812, 0.10593681917211328, 0.05773420479302832, 0.04411764705882353, 0.06862745098039216, 0.025326797385620915, 0.02505446623093682, 0.030228758169934644, 0.01770152505446623, 0.03758169934640523, 0.04820261437908497, 0.01579520697167756, 0.03349673202614379
B:ACCAT, 0.0354924578527063, 0.0, 0.06832298136645963, 0.07586512866015972, 0.05767524401064774, 0.06433007985803017, 0.06388642413487133, 0.04392191659272405, 0.07985803016858918, 0.08828748890860692, 0.06299911268855368, 0.04569653948535936, 0.07763975155279502, 0.03149955634427684, 0.027506654835847383, 0.02661934338952972, 0.019964507542147295, 0.035048802129547474, 0.04747116237799467, 0.015527950310559006, 0.0323868677905945
B:ACCCA, 0.030719190458980847, 0.0, 0.05023491145645103, 0.08276111311890133, 0.056017347307553304, 0.05890856523310445, 0.06469100108420672, 0.04842790025298157, 0.0943259848211059, 0.10516805204192264, 0.05674015178894109, 0.046982291290206, 0.07589447054571738, 0.018792916516082402, 0.02674376581134803, 0.028189374774123598, 0.02529815684857246, 0.028189374774123598, 0.05926996747379834, 0.014094687387061799, 0.02855077701481749
B:ACCCC, 0.02913800080938891, 0.0, 0.060704168352893564, 0.07689194658033185, 0.05908539053014974, 0.04896802913800081, 0.07001214083367058, 0.03925536220153784, 0.09631728045325778, 0.12909753136382032, 0.059490084985835696, 0.05099150141643059, 0.07041683528935654, 0.027519222986645085, 0.023472278429785515, 0.020234722784297856, 0.021853500607041682, 0.02913800080938891, 0.05099150141643059, 0.0113314447592068, 0.02509105625252934
B:ACCCG, 0.015584415584415584, 0.0, 0.06147186147186147, 0.09783549783549783, 0.06147186147186147, 0.045021645021645025, 0.06666666666666667, 0.032034632034632034, 0.08571428571428572, 0.12727272727272726, 0.05454545454545454, 0.045021645021645025, 0.08051948051948052, 0.022510822510822513, 0.02683982683982684, 0.030303030303030304, 0.021645021645021644, 0.027705627705627706, 0.05194805194805195, 0.012987012987012988, 0.0329004329004329
B:ACCCT, 0.02716336825766395, 0.0, 0.05975941016686069, 0.07644547923942568, 0.05859526581296081, 0.05975941016686069, 0.06790842064415988, 0.04190919674039581, 0.09972836631742336, 0.09817617384555685, 0.06092355452076057, 0.0446255335661622, 0.07334109429569266, 0.023282887077997673, 0.0209545983701979, 0.030267753201396973, 0.02173069460613116, 0.03453628249902988, 0.05238649592549476, 0.013969732246798603, 0.03453628249902988
B:ACCGA, 0.03397508493771234, 0.0, 0.05889014722536807, 0.072480181200453, 0.07134767836919592, 0.05096262740656852, 0.06681766704416761, 0.04077010192525481, 0.09513023782559456, 0.11664779161947905, 0.0464326160815402, 0.04983012457531144, 0.08493771234428087, 0.031710079275198186, 0.021517553793884484, 0.026047565118912798, 0.027180067950169876, 0.02491506228765572, 0.039637599093997736, 0.011325028312570781, 0.029445073612684027
B:ACCGC, 0.013084112149532711, 0.0, 0.05046728971962618, 0.08971962616822429, 0.06915887850467291, 0.05420560747663551, 0.08130841121495327, 0.03738317757009345, 0.08598130841121496, 0.1252336448598131, 0.04953271028037383, 0.058878504672897194, 0.07383177570093458, 0.02149532710280374, 0.02336448598130841, 0.02336448598130841, 0.025233644859813085, 0.02336448598130841, 0.04953271028037383, 0.012149532710280372, 0.03271028037383177
B:ACCGG, 0.013270142180094787, 0.0, 0.05971563981042654, 0.0995260663507109, 0.06255924170616113, 0.054976303317535544, 0.05497630331753555, 0.040758293838862564, 0.0938388625592417, 0.09194312796208531, 0.05592417061611374, 0.043601895734597156, 0.07677725118483412, 0.025592417061611375, 0.02559241706161137, 0.022748815165876776, 0.024644549763033177, 0.026540284360189573, 0.05971563981042654, 0.026540284360189573, 0.04075829383886256
B:ACCGT, 0.020618556701030927, 0.0, 0.056128293241695305, 0.06872852233676977, 0.06414662084765177, 0.052691867124856816, 0.07674684994272624, 0.04581901489117983, 0.09851088201603665, 0.11454753722794958, 0.061855670103092786, 0.050400916380297825, 0.06071019473081329, 0.032073310423825885, 0.030927835051546386, 0.018327605956471937, 0.01718213058419244, 0.024054982817869417, 0.058419243986254296, 0.02405498281786941, 0.024054982817869417
B:ACCTA, 0.037412314886983634, 0.0, 0.05533904910366329, 0.08028059236165237, 0.06391270459859703, 0.07170693686671863, 0.059236165237724084, 0.042868277474668745, 0.07950116913484022, 0.09431021044427125, 0.05767731878409977, 0.05222135619641465, 0.06936866718628215, 0.024162120031176928, 0.029618082618862042, 0.028838659392049885, 0.01636788776305534, 0.037412314886983634, 0.04598597038191738, 0.010911925175370226, 0.042868277474668745
B:ACCTC, 0.02197802197802198, 0.0, 0.057348901098901096, 0.07726648351648352, 0.06353021978021978, 0.05666208791208791, 0.0625, 0.04567307692307692, 0.09340659340659341, 0.11778846153846152, 0.05425824175824176, 0.05048076923076923, 0.07211538461538461, 0.022664835164835164, 0.024381868131868132, 0.030906593406593408, 0.015796703296703296, 0.03777472527472527, 0.052884615384615384, 0.015796703296703296, 0.026785714285714284
B:ACCTG, 0.02594765342960289, 0.0, 0.046931407942238275, 0.07694043321299639, 0.057987364620938626, 0.049187725631768944, 0.06272563176895307, 0.04354693140794224, 0.09566787003610108, 0.12703068592057762, 0.05753610108303248, 0.04783393501805054, 0.06791516245487364, 0.023240072202166066, 0.02504512635379061, 0.027978339350180507, 0.019855595667870037, 0.036326714801444046, 0.05843862815884476, 0.017148014440433214, 0.032716606498194946
B:ACCTT, 0.03245363766048502, 0.0, 0.06134094151212553, 0.07524964336661912, 0.06419400855920114, 0.06134094151212553, 0.0631241084165478, 0.04529243937232525, 0.08808844507845935, 0.0905848787446505, 0.06276747503566334, 0.04136947218259629, 0.07631954350927246, 0.024251069900142655, 0.030670470756062766, 0.037446504992867335, 0.026034236804564907, 0.029600570613409417, 0.04600570613409415, 0.015335235378031383, 0.028530670470756064
B:ACTAA, 0.05344295991778006, 0.0, 0.07194244604316546, 0.07399794450154162, 0.07810894141829394, 0.065775950668037, 0.044193216855087356, 0.04830421377183968, 0.065775950668037, 0.05755395683453238, 0.06166495375128469, 0.04933196300102775, 0.06166495375128469, 0.030832476875642348, 0.044193216855087356, 0.044193216855087356, 0.018499486125385406, 0.052415210688591986, 0.03597122302158273, 0.015416238437821172, 0.026721479958890026
B:ACTAC, 0.041500399042298484, 0.0, 0.05985634477254589, 0.07023144453312051, 0.07501995211492418, 0.05826017557861133, 0.05905826017557861, 0.04389465283320032, 0.09736632083000797, 0.09257781324820431, 0.07262569832402235, 0.05187549880287311, 0.06624102154828412, 0.026336791699920193, 0.029529130087789304, 0.026336791699920193, 0.0223463687150838, 0.028731045490822026, 0.040702314445331206, 0.013567438148443736, 0.02394253790901836
B:ACTAG, 0.03854625550660793, 0.0, 0.07158590308370044, 0.0947136563876652, 0.06387665198237885, 0.05947136563876652, 0.06828193832599119, 0.04845814977973569, 0.06828193832599119, 0.07488986784140969, 0.05396475770925111, 0.053964757709251104, 0.05616740088105727, 0.02863436123348018, 0.03524229074889868, 0.02753303964757709, 0.016519823788546256, 0.03854625550660793, 0.04405286343612334, 0.02092511013215859, 0.03634361233480176
B:ACTAT, 0.04267701260911736, 0.0, 0.0863239573229874, 0.08147429679922405, 0.07177497575169739, 0.06304558680892337, 0.05140640155189137, 0.04073714839961202, 0.08729388942774007, 0.06110572259941804, 0.06401551891367604, 0.0446168768186227, 0.06595538312318137, 0.027158098933074686, 0.03200775945683802, 0.041707080504364696, 0.023278370514064017, 0.029097963142580018, 0.0504364694471387, 0.016488845780795344, 0.019398642095053348
B:ACTCA, 0.03436853002070393, 0.0, 0.05962732919254658, 0.07204968944099378, 0.062111801242236024, 0.05341614906832298, 0.060041407867494824, 0.047619047619047616, 0.09316770186335403, 0.10807453416149068, 0.058385093167701865, 0.0422360248447205, 0.06749482401656315, 0.023602484472049687, 0.035196687370600416, 0.035196687370600416, 0.021532091097308487, 0.040993788819875775, 0.04596273291925466, 0.016563146997929608, 0.02236024844720497
B:ACTCC, 0.026381909547738697, 0.0, 0.05485762144053601, 0.07956448911222781, 0.059045226130653265, 0.05402010050251256, 0.07202680067001675, 0.04731993299832496, 0.0942211055276382, 0.09966499162479062, 0.062395309882747066, 0.04103852596314908, 0.07077051926298157, 0.02763819095477387, 0.03098827470686767, 0.027219430485762145, 0.01423785594639866, 0.031825795644891124, 0.059045226130653265, 0.016331658291457288, 0.031407035175879394
B:ACTCG, 0.021003500583430573, 0.0, 0.051341890315052506, 0.07934655775962661, 0.08051341890315053, 0.05367561260210035, 0.05600933488914819, 0.04784130688448074, 0.08518086347724621, 0.11668611435239205, 0.052508751458576426, 0.038506417736289385, 0.07817969661610269, 0.028004667444574097, 0.025670945157526253, 0.028004667444574097, 0.01866977829638273, 0.025670945157526253, 0.06301050175029171, 0.011668611435239206, 0.038506417736289385
B:ACTCT, 0.029605263157894735, 0.0, 0.06373355263157894, 0.06990131578947369, 0.07319078947368421, 0.06126644736842105, 0.05756578947368421, 0.057154605263157895, 0.08922697368421052, 0.08305921052631579, 0.06332236842105263, 0.04358552631578947, 0.06990131578947369, 0.021381578947368425, 0.032072368421052634, 0.03577302631578947, 0.021792763157894735, 0.038240131578947366, 0.04235197368421053, 0.019736842105263157, 0.027138157894736843
B:ACTGA, 0.03161734900689096, 0.0, 0.060397243615727604, 0.08025942440210783, 0.07417916497770571, 0.06323469801378193, 0.06526145115524928, 0.047426023510336444, 0.08350222942845562, 0.09647344953384678, 0.06445074989866234, 0.03607620591811917, 0.07336846372111877, 0.029995946493717066, 0.03364410214835833, 0.026753141467369273, 0.020267531414673693, 0.03486015403323875, 0.03688690717470612, 0.014592622618565058, 0.026753141467369273
B:ACTGC, 0.026188835286009647, 0.0, 0.05892487939352171, 0.08683666436940041, 0.0647829083390765, 0.06237077877325982, 0.0737422467263956, 0.05099931082012405, 0.07477601654031703, 0.11130254996554102, 0.057546519641626465, 0.04135079255685734, 0.0585802894555479, 0.02653342522398346, 0.026878015161957272, 0.031013094417643005, 0.019297036526533425, 0.03824948311509304, 0.04445210199862164, 0.015851137146795313, 0.030323914541695383
B:ACTGG, 0.02603174603174603, 0.0, 0.059365079365079364, 0.0873015873015873, 0.059365079365079364, 0.05047619047619047, 0.06888888888888889, 0.04857142857142857, 0.09015873015873016, 0.09968253968253968, 0.0692063492063492, 0.03873015873015873, 0.0707936507936508, 0.02857142857142857, 0.026984126984126985, 0.026349206349206348, 0.01746031746031746, 0.04126984126984127, 0.04507936507936508, 0.018412698412698412, 0.027301587301587302
B:ACTGT, 0.025145772594752185, 0.0, 0.061224489795918366, 0.07725947521865889, 0.06851311953352769, 0.0663265306122449, 0.06559766763848396, 0.04846938775510204, 0.09147230320699709, 0.09438775510204081, 0.0597667638483965, 0.04518950437317784, 0.06158892128279883, 0.02696793002915452, 0.02806122448979592, 0.03134110787172012, 0.024416909620991252, 0.03534985422740525, 0.04190962099125364, 0.01858600583090379, 0.028425655976676383
B:ACTTA, 0.03525423728813559, 0.0, 0.061016949152542375, 0.06440677966101695, 0.06983050847457627, 0.05898305084745763, 0.0671186440677966, 0.05152542372881356, 0.09966101694915254, 0.0671186440677966, 0.07118644067796609, 0.04677966101694915, 0.059661016949152545, 0.02711864406779661, 0.04203389830508475, 0.029830508474576273, 0.018983050847457626, 0.04406779661016949, 0.04271186440677966, 0.02101694915254237, 0.02169491525423729
B:ACTTC, 0.03295075897815624, 0.0, 0.0547945205479452, 0.07737874861162532, 0.06590151795631248, 0.061828952239911146, 0.05220288781932617, 0.044427989633469084, 0.08700481303221029, 0.09959274342835987, 0.06442058496853018, 0.03554239170677527, 0.07071455016660497, 0.031469825990373936, 0.03591262495372084, 0.03517215845982969, 0.02332469455757127, 0.036653091447611995, 0.04590892262125139, 0.016660496112550906, 0.028137726767863754
B:ACTTG, 0.03690036900369004, 0.0, 0.056734317343173434, 0.08256457564575646, 0.06734317343173432, 0.058118081180811805, 0.05627306273062731, 0.0470479704797048, 0.07702952029520295, 0.08487084870848709, 0.07841328413284133, 0.04381918819188192, 0.07518450184501844, 0.026752767527675275, 0.03505535055350553, 0.028597785977859783, 0.018911439114391145, 0.035977859778597784, 0.04381918819188192, 0.016605166051660517, 0.029981549815498155
B:ACTTT, 0.03265479219677693, 0.0, 0.06700593723494487, 0.07421543681085666, 0.08693808312128923, 0.0729431721798134, 0.061068702290076333, 0.05216284987277354, 0.07760814249363868, 0.06276505513146734, 0.0640373197625106, 0.04240882103477523, 0.062340966921119595, 0.030534351145038167, 0.04410517387616624, 0.04071246819338423, 0.018659881255301103, 0.03477523324851569, 0.03392705682782018, 0.017387616624257845, 0.02374893977947413
B:AGCAA, 0.030176899063475548, 0.0, 0.06000693721817551, 0.08220603537981269, 0.06416926812348249, 0.05272285813388831, 0.06520985084980922, 0.05098855359001041, 0.08220603537981269, 0.09157127991675339, 0.06486298994103365, 0.05064169268123483, 0.060700659035726676, 0.023933402705515087, 0.03364550815123136, 0.031217481789802288, 0.02115851543531044, 0.045438779049601107, 0.044745057232049947, 0.019424210891432536, 0.02497398543184183
B:AGCAC, 0.022503961965134708, 0.0, 0.0554675118858954, 0.07606973058637084, 0.0659270998415214, 0.05356576862123613, 0.07797147385103011, 0.041521394611727415, 0.094770206022187, 0.11061806656101426, 0.0561014263074485, 0.041838351822503964, 0.06370839936608558, 0.02567353407290016, 0.025356576862123614, 0.03391442155309033, 0.020919175911251982, 0.03328050713153724, 0.05039619651347068, 0.01806656101426307, 0.03232963549920761
B:AGCAG, 0.01980536110636845, 0.0, 0.0577087246030391, 0.08144101075635991, 0.06368448010927096, 0.057537988731432475, 0.07427010414888167, 0.037049684138637524, 0.0751237835069148, 0.11831995902339082, 0.06026976267713847, 0.05002561038074099, 0.06863582038586306, 0.023903022024927438, 0.02731773945705993, 0.03107392863240567, 0.01997609697797507, 0.03431791019293153, 0.051562233225200614, 0.016732115417449206, 0.031244664504012292
B:AGCAT, 0.03160358954350371, 0.0, 0.05696449473273508, 0.08271556769410847, 0.07452204447912603, 0.05618415918845104, 0.06398751463129146, 0.04525946156847444, 0.07647288333983612, 0.08427623878267657, 0.06944986344127975, 0.04096761607491222, 0.06281701131486539, 0.030042918454935622, 0.04018728053062817, 0.03628560280920796, 0.02536090518923137, 0.03355442840421381, 0.046820132657042525, 0.016387046429964882, 0.02614124073351541
B:AGCCA, 0.03159372805991107, 0.0, 0.05265621343318511, 0.08097355487947577, 0.05874093142990873, 0.06225134565878774, 0.06786800842499414, 0.04329510882284109, 0.0903346594898198, 0.10227006786800844, 0.06669787034870114, 0.03955066697870348, 0.06412356658085654, 0.02504095483267026, 0.025977065293704655, 0.029955534753100865, 0.02176456821904985, 0.03978469459396209, 0.044231219283875495, 0.017318043529136438, 0.03557219751930728
B:AGCCC, 0.02541026998411858, 0.0, 0.05187930121757544, 0.08178930651138168, 0.0555849655902594, 0.061143462149285344, 0.06881948120698782, 0.042085759661196404, 0.08443620963472737, 0.1220222339862361, 0.06008470089994706, 0.04340921122286924, 0.07040762308099524, 0.024880889359449446, 0.02170460561143462, 0.02196929592376919, 0.02567496029645315, 0.035997882477501325, 0.054261514028586554, 0.015616728427739545, 0.0328215987294865
B:AGCCG, 0.008347245409015025, 0.0, 0.06065664997217585, 0.08402893711741792, 0.06288258208124652, 0.05063995548135782, 0.07289927657206455, 0.048970506399554824, 0.08514190317195326, 0.10907067334446299, 0.05175292153589316, 0.04618809126321647, 0.08347245409015025, 0.02671118530884808, 0.025598219254312743, 0.03394546466332777, 0.023928770172509738, 0.027824151363383415, 0.05063995548135782, 0.017250973845297717, 0.03005008347245409
B:AGCCT, 0.02631578947368421, 0.0, 0.0512609649122807, 0.08278508771929824, 0.05866228070175439, 0.06030701754385965, 0.0693530701754386, 0.0424890350877193, 0.09457236842105263, 0.10142543859649122, 0.06195175438596491, 0.04797149122807018, 0.07236842105263158, 0.021107456140350877, 0.025219298245614034, 0.03125, 0.023848684210526317, 0.03919956140350877, 0.05043859649122807, 0.013980263157894737, 0.02549342105263158
B:AGCGA, 0.024324324324324326, 0.0, 0.05045045045045044, 0.0990990990990991, 0.05945945945945946, 0.051351351351351354, 0.05855855855855856, 0.039639639639639644, 0.08558558558558559, 0.11801801801801802, 0.043243243243243246, 0.047747747747747746, 0.08198198198198198, 0.036036036036036036, 0.02702702702702703, 0.023423423423423424, 0.025225225225225224, 0.027927927927927927, 0.05855855855855856, 0.014414414414414415, 0.027927927927927927
B:AGCGC, 0.012763241863433313, 0.0, 0.0631780472239949, 0.07721761327377154, 0.06317804722399488, 0.06445437141033823, 0.07083599234205488, 0.047862156987874924, 0.07913209955328654, 0.12699425654116145, 0.05488194001276324, 0.037013401403956606, 0.08040842373962986, 0.017868538608806637, 0.024250159540523293, 0.024250159540523293, 0.02744097000638162, 0.02488832163369496, 0.053605615826419914, 0.02169751116783663, 0.028079132099553285
B:AGCGG, 0.013530135301353014, 0.0, 0.055350553505535055, 0.08056580565805659, 0.060885608856088555, 0.05227552275522755, 0.07318573185731857, 0.03874538745387454, 0.08671586715867159, 0.11439114391143912, 0.05350553505535055, 0.04981549815498155, 0.08179581795817958, 0.028290282902829027, 0.03013530135301353, 0.025830258302583026, 0.02890528905289053, 0.03136531365313653, 0.04920049200492004, 0.01845018450184502, 0.02706027060270603
B:AGCGT, 0.019189765458422176, 0.0, 0.054371002132196165, 0.054371002132196165, 0.0767590618336887, 0.057569296375266525, 0.07356076759061833, 0.04051172707889126, 0.09275053304904052, 0.1343283582089552, 0.0511727078891258, 0.046908315565031986, 0.07462686567164178, 0.024520255863539446, 0.026652452025586353, 0.03411513859275053, 0.017057569296375266, 0.028784648187633263, 0.04584221748400853, 0.02025586353944563, 0.026652452025586353
B:AGCTA, 0.03185136031851361, 0.0, 0.0676841406768414, 0.08294625082946251, 0.0497677504976775, 0.06436629064366292, 0.0650298606502986, 0.053085600530855995, 0.0816191108161911, 0.0822826808228268, 0.07166556071665561, 0.046449900464499004, 0.06038487060384871, 0.03450564034505641, 0.031187790311877902, 0.035832780358327807, 0.027869940278699403, 0.031187790311877902, 0.042468480424684804, 0.013271400132714002, 0.026542800265428004
B:AGCTC, 0.02789400278940028, 0.0, 0.05160390516039052, 0.08396094839609484, 0.06080892608089261, 0.06052998605299861, 0.07419804741980474, 0.03933054393305439, 0.07447698744769875, 0.11213389121338913, 0.05578800557880056, 0.043235704323570434, 0.07168758716875871, 0.030404463040446306, 0.024546722454672244, 0.027615062761506277, 0.022594142259414227, 0.032635983263598324, 0.05383542538354254, 0.019525801952580194, 0.033193863319386334
B:AGCTG, 0.025343953656770456, 0.0, 0.049782766111513395, 0.09087617668356264, 0.05883417813178856, 0.06154960173787111, 0.07204923968139029, 0.042360608254887765, 0.08182476466328747, 0.11875452570601015, 0.06263577118030413, 0.043265749456915276, 0.06915278783490224, 0.024800868935553947, 0.021542360608254887, 0.03294713975380159, 0.018464880521361332, 0.036567704561911656, 0.043627805937726284, 0.01520637219406227, 0.03041274438812455
B:AGCTT, 0.026395939086294416, 0.0, 0.05752961082910321, 0.07681895093062606, 0.05651438240270728, 0.06531302876480541, 0.06700507614213198, 0.0416243654822335, 0.08189509306260576, 0.09306260575296109, 0.06023688663282572, 0.048392554991539764, 0.0727580372250423, 0.03147208121827411, 0.032148900169204735, 0.03011844331641286, 0.023688663282571912, 0.03587140439932318, 0.049746192893401014, 0.016243654822335026, 0.033164128595600674
B:AGTAA, 0.04574742268041237, 0.0, 0.07603092783505154, 0.08376288659793814, 0.07087628865979381, 0.08054123711340205, 0.06185567010309277, 0.04574742268041237, 0.07216494845360824, 0.05798969072164949, 0.06056701030927835, 0.05670103092783505, 0.06378865979381443, 0.030927835051546393, 0.03865979381443299, 0.03479381443298969, 0.019329896907216496, 0.03221649484536082, 0.028350515463917526, 0.01610824742268041, 0.02384020618556701
B:AGTAC, 0.03088042049934297, 0.0, 0.06176084099868594, 0.08541392904073587, 0.052562417871222074, 0.06504599211563732, 0.06044678055190539, 0.045992115637319315, 0.07687253613666228, 0.09329829172141918, 0.06504599211563732, 0.03416557161629435, 0.053219448094612355, 0.03745072273324573, 0.032194480946123524, 0.038764783180026276, 0.021681997371879105, 0.03810775295663601, 0.05781865965834428, 0.01576872536136662, 0.03350854139290407
B:AGTAG, 0.043668122270742356, 0.0, 0.06487835308796008, 0.09295071740486588, 0.059263880224578916, 0.053025577043044295, 0.054273237679351216, 0.041172800998128506, 0.08047411104179664, 0.08796007485963818, 0.06113537117903931, 0.044291952588895823, 0.06425452276980662, 0.031815346225826574, 0.036805988771054274, 0.036182158452900806, 0.021834061135371178, 0.035558328134747345, 0.043668122270742356, 0.014348097317529632, 0.032439176543980035
B:AGTAT, 0.043906131718395164, 0.0, 0.07191521574564724, 0.09235427706283118, 0.07645722937168811, 0.05753217259651779, 0.05299015897047691, 0.04996214988644966, 0.06813020439061317, 0.06661619984859955, 0.06964420893262681, 0.03709311127933384, 0.06737320211960636, 0.024224072672218017, 0.04769114307342922, 0.03557910673732021, 0.018168054504163512, 0.03709311127933384, 0.04314912944738834, 0.012869038607115822, 0.02725208175624527
B:AGTCA, 0.024534686971235196, 0.0, 0.06683587140439932, 0.06218274111675127, 0.07487309644670051, 0.06260575296108291, 0.06598984771573604, 0.047800338409475465, 0.08417935702199661, 0.09729272419627749, 0.06514382402707276, 0.03257191201353638, 0.0706429780033841, 0.032148900169204735, 0.02961082910321489, 0.031302876480541454, 0.02030456852791878, 0.03680203045685279, 0.0461082910321489, 0.018612521150592216, 0.030456852791878174
B:AGTCC, 0.024081632653061225, 0.0, 0.054693877551020405, 0.07183673469387755, 0.05877551020408163, 0.05959183673469388, 0.06489795918367347, 0.05020408163265306, 0.0963265306122449, 0.11306122448979591, 0.06489795918367347, 0.04816326530612245, 0.06816326530612245, 0.025714285714285717, 0.025714285714285714, 0.02816326530612245, 0.020816326530612245, 0.02857142857142857, 0.05836734693877551, 0.012653061224489795, 0.025306122448979593
B:AGTCG, 0.034739454094292806, 0.0, 0.0620347394540943, 0.10297766749379653, 0.08684863523573201, 0.05707196029776675, 0.05086848635235732, 0.033498759305210915, 0.07444168734491315, 0.09553349875930521, 0.05334987593052109, 0.03225806451612903, 0.09553349875930521, 0.026054590570719603, 0.026054590570719603, 0.02109181141439206, 0.022332506203473945, 0.03225806451612903, 0.049627791563275424, 0.019851116625310174, 0.02357320099255583
B:AGTCT, 0.023622047244094484, 0.0, 0.06547865727310402, 0.07583920430998757, 0.0692084542063821, 0.060505594695399914, 0.07045171985080813, 0.04931620389556569, 0.079983423124741, 0.08868628263572316, 0.07086614173228346, 0.03771239121425611, 0.07169498549523415, 0.02859510982179859, 0.029423953584749276, 0.0306672192291753, 0.022793203481143803, 0.03812681309573145, 0.04807293825113965, 0.015748031496062992, 0.023207625362619146
B:AGTGA, 0.03237268061587051, 0.0, 0.06553493880773786, 0.07856296881168574, 0.0682984603237268, 0.05921831819976313, 0.0493485984998026, 0.04619028819581524, 0.09080142123963679, 0.09790761942360837, 0.06592972759573629, 0.04263718910382945, 0.0718515594157126, 0.02803000394788788, 0.02803000394788788, 0.035530990919857876, 0.020923805763916305, 0.03355704697986577, 0.03987366758784051, 0.017370706671930518, 0.02803000394788788
B:AGTGC, 0.026947368421052633, 0.0, 0.05642105263157895, 0.07536842105263158, 0.07410526315789474, 0.048, 0.06526315789473684, 0.04336842105263158, 0.08673684210526315, 0.11073684210526316, 0.061894736842105266, 0.04168421052631579, 0.061894736842105266, 0.026526315789473686, 0.029894736842105262, 0.030736842105263156, 0.02273684210526316, 0.04336842105263158, 0.053052631578947365, 0.016421052631578947, 0.02484210526315789
B:AGTGG, 0.03134996801023673, 0.0, 0.0508637236084453, 0.07933461292386436, 0.06110044785668586, 0.05854126679462572, 0.06877799104286628, 0.05022392834293026, 0.09309021113243762, 0.09596928982725528, 0.06653870761356367, 0.04766474728087012, 0.06845809341010876, 0.023352527191298784, 0.02815099168266155, 0.031030070377479207, 0.022392834293026232, 0.03230966090850928, 0.045425463851567496, 0.01599488163787588, 0.02943058221369162
B:AGTGT, 0.02830587241233629, 0.0, 0.0574566962399662, 0.07097591888466413, 0.0819602872834812, 0.06463878326996197, 0.07139839459231094, 0.048162230671736375, 0.08829742289818335, 0.10604140261934938, 0.05154203633291086, 0.03379805661174482, 0.061681453316434307, 0.02323616392057457, 0.034643008027038444, 0.025348542458808614, 0.017321504013519222, 0.03802281368821293, 0.04604985213350232, 0.020701309674693705, 0.030418250950570342
B:AGTTA, 0.03734439834024896, 0.0, 0.06804979253112033, 0.05560165975103734, 0.07800829875518672, 0.06390041493775933, 0.06307053941908713, 0.06058091286307054, 0.08381742738589211, 0.06639004149377593, 0.07302904564315353, 0.04564315352697095, 0.05726141078838174, 0.03153526970954357, 0.03402489626556016, 0.030705394190871368, 0.021576763485477178, 0.044813278008298756, 0.03402489626556016, 0.018257261410788383, 0.03236514522821577
B:AGTTC, 0.03764805414551607, 0.0, 0.05922165820642978, 0.08375634517766498, 0.06133671742808799, 0.051607445008460234, 0.06302876480541456, 0.050761421319796954, 0.09094754653130288, 0.08375634517766498, 0.07318104906937395, 0.04483925549915398, 0.06979695431472081, 0.023265651438240272, 0.03341793570219966, 0.030456852791878174, 0.01692047377326565, 0.038917089678511, 0.04230118443316413, 0.014805414551607445, 0.03003384094754653
B:AGTTG, 0.030933062880324543, 0.0, 0.05679513184584178, 0.07657200811359026, 0.06896551724137931, 0.05527383367139959, 0.05933062880324544, 0.051217038539553755, 0.09178498985801217, 0.0922920892494929, 0.05983772819472616, 0.04563894523326572, 0.07150101419878296, 0.030425963488843816, 0.03600405679513185, 0.036511156186612576, 0.017241379310344827, 0.03803245436105477, 0.036511156186612576, 0.019269776876267748, 0.02586206896551724
B:AGTTT, 0.02946509519492294, 0.0, 0.05757026291931097, 0.08114233907524931, 0.0770625566636446, 0.07116953762466002, 0.05666364460562103, 0.056210335448776065, 0.08522212148685404, 0.07298277425203989, 0.057116953762466005, 0.04669084315503173, 0.06346328195829556, 0.02583862194016319, 0.04578422484134179, 0.03445149592021759, 0.014959202175883953, 0.04895738893925657, 0.03218495013599275, 0.022665457842248413, 0.020398912058023574
B:ATCAA, 0.040398740818468, 0.0, 0.07187827911857293, 0.07660020986358866, 0.07712486883525708, 0.0540398740818468, 0.055613850996852045, 0.039349422875131164, 0.06715634837355719, 0.07345225603357818, 0.07030430220356768, 0.053515215110178385, 0.06400839454354669, 0.030430220356768102, 0.03672612801678909, 0.040398740818468, 0.02098635886673662, 0.035676810073452254, 0.03777544596012592, 0.02570828961175236, 0.028856243441762856
B:ATCAC, 0.03487124463519313, 0.0, 0.0740343347639485, 0.07349785407725322, 0.07242489270386267, 0.060622317596566534, 0.05203862660944206, 0.05150214592274679, 0.08047210300429185, 0.07349785407725322, 0.05847639484978541, 0.04184549356223176, 0.06974248927038626, 0.028969957081545063, 0.032188841201716736, 0.03540772532188841, 0.02092274678111588, 0.03594420600858369, 0.05150214592274678, 0.02092274678111588, 0.03111587982832618
B:ATCAG, 0.035379369138959935, 0.0, 0.06564364876385337, 0.08013640238704177, 0.06820119352088662, 0.05839727195225917, 0.06777493606138107, 0.04305200341005968, 0.07971014492753623, 0.07971014492753623, 0.06820119352088662, 0.0443307757885763, 0.07033248081841433, 0.029411764705882353, 0.02855924978687127, 0.03154305200341006, 0.02216538789428815, 0.027280477408354646, 0.045609548167092916, 0.017902813299232732, 0.03665814151747655
B:ATCAT, 0.04994797086368366, 0.0, 0.08168574401664933, 0.07075962539021852, 0.07804370447450572, 0.05463059313215401, 0.05983350676378772, 0.040582726326742966, 0.07544224765868887, 0.07700312174817897, 0.054630593132154, 0.04422476586888657, 0.05463059313215401, 0.02809573361082206, 0.03798126951092612, 0.047866805411030174, 0.027055150884495317, 0.030697190426638918, 0.04526534859521332, 0.01768990634755463, 0.023933402705515087
B:ATCCA, 0.03263032232391564, 0.0, 0.05769996020692399, 0.08913649025069638, 0.06128133704735376, 0.06406685236768803, 0.06247512932749701, 0.05173099880620772, 0.08714683645045762, 0.08356545961002786, 0.06486271388778353, 0.041782729805013935, 0.05889375248706725, 0.027855153203342618, 0.03422204536410665, 0.030242737763629127, 0.020692399522483088, 0.036211699164345405, 0.045762037405491444, 0.019896538002387585, 0.029844807003581376
B:ATCCC, 0.03631578947368421, 0.0, 0.053157894736842105, 0.07, 0.06263157894736843, 0.049473684210526316, 0.05947368421052632, 0.045789473684210526, 0.09473684210526316, 0.10631578947368421, 0.06, 0.0531578947368421, 0.07368421052631578, 0.027368421052631584, 0.022631578947368423, 0.029473684210526315, 0.023157894736842106, 0.028421052631578948, 0.053157894736842105, 0.019473684210526317, 0.031578947368421054
B:ATCCG, 0.02746566791510612, 0.0, 0.05493133583021224, 0.06991260923845194, 0.08614232209737828, 0.049937578027465665, 0.05118601747815231, 0.05867665418227217, 0.07615480649188514, 0.09612983770287141, 0.061173533083645454, 0.049937578027465665, 0.08739076154806492, 0.02122347066167291, 0.02372034956304619, 0.04119850187265917, 0.02372034956304619, 0.02122347066167291, 0.05118601747815231, 0.019975031210986267, 0.02871410736579276
B:ATCCT, 0.03329461866047232, 0.0, 0.06078203639179249, 0.07355787843592722, 0.06968641114982578, 0.04878048780487805, 0.06504065040650407, 0.049554781262098335, 0.10298102981029811, 0.09097948122338366, 0.06233062330623306, 0.041424699961285325, 0.06620209059233449, 0.024003097173828883, 0.032520325203252036, 0.029036004645760744, 0.019357336430507164, 0.03484320557491289, 0.04994192799070848, 0.017034456058846303, 0.028648857917150602
B:ATCGA, 0.01694915254237288, 0.0, 0.05701078582434515, 0.09861325115562404, 0.05546995377503852, 0.03389830508474576, 0.05855161787365177, 0.04314329738058552, 0.06933744221879815, 0.08782742681047766, 0.047765793528505386, 0.053929121725731895, 0.08782742681047766, 0.03389830508474576, 0.023112480739599383, 0.04622496147919876, 0.02157164869029276, 0.02773497688751926, 0.07704160246533127, 0.012326656394453005, 0.04776579352850539
B:ATCGC, 0.026438569206842923, 0.0, 0.05598755832037325, 0.08709175738724728, 0.08242612752721618, 0.04354587869362364, 0.06531881804043546, 0.041990668740279936, 0.08864696734059098, 0.12130637636080871, 0.043545878693623634, 0.04665629860031104, 0.06531881804043546, 0.00933125972006221, 0.03732503888024884, 0.03110419906687403, 0.01866251944012442, 0.03732503888024884, 0.05754276827371695, 0.017107309486780714, 0.023328149300155525
B:ATCGG, 0.022292993630573247, 0.0, 0.05732484076433121, 0.07802547770700637, 0.0732484076433121, 0.042993630573248405, 0.06369426751592357, 0.038216560509554146, 0.09394904458598727, 0.09713375796178345, 0.052547770700636945, 0.050955414012738856, 0.07484076433121019, 0.022292993630573247, 0.027070063694267517, 0.030254777070063694, 0.028662420382165606, 0.03343949044585987, 0.06050955414012739, 0.011146496815286623, 0.041401273885350316
B:ATCGT, 0.02155887230514096, 0.0, 0.06301824212271974, 0.05970149253731343, 0.0845771144278607, 0.06965174129353234, 0.07960199004975123, 0.04477611940298507, 0.10281923714759536, 0.08955223880597016, 0.05472636815920398, 0.03814262023217247, 0.04311774461028192, 0.029850746268656716, 0.04145936981757877, 0.029850746268656716, 0.028192371475953566, 0.024875621890547265, 0.04809286898839137, 0.011608623548922056, 0.03482587064676617
B:ATCTA, 0.05227077977720651, 0.0, 0.07540702656383891, 0.0805484147386461, 0.05312767780634104, 0.06341045415595545, 0.04970008568980292, 0.03941730934018852, 0.08654670094258783, 0.06855184233076264, 0.05398457583547558, 0.05312767780634105, 0.061696658097686374, 0.021422450728363324, 0.047986289631533854, 0.04027420736932305, 0.02313624678663239, 0.037703513281919454, 0.04798628963153385, 0.018851756640959727, 0.024850042844901457
B:ATCTC, 0.032299192520186995, 0.0, 0.060348491287717805, 0.07054823629409265, 0.0671483212919677, 0.06672333191670209, 0.05992350191245219, 0.04334891627709307, 0.09562260943476412, 0.0811729706757331, 0.06417339566510838, 0.05057373565660858, 0.07819804504887377, 0.025499362515937103, 0.023799405014874632, 0.0369740756481088, 0.022099447513812154, 0.03527411814704633, 0.04844878878028049, 0.01529961750956226, 0.022524436889077775
B:ATCTG, 0.03067270826071802, 0.0, 0.05995120250958522, 0.07493900313698153, 0.0658766120599512, 0.05785988149180899, 0.05890554200069711, 0.049146043917741376, 0.10003485535029627, 0.08678982223771349, 0.06343673753921227, 0.05263157894736842, 0.07528755663994423, 0.021610317183687697, 0.026838619728128267, 0.03346113628441966, 0.01917044266294876, 0.034158243290345065, 0.049843150923666785, 0.013942140118508192, 0.025444405716277447
B:ATCTT, 0.043249341857841295, 0.0, 0.07032719067318541, 0.07371192177510343, 0.062053403535163594, 0.06242948476871004, 0.05377961639714178, 0.05566002256487401, 0.08198570891312523, 0.07935314027830011, 0.05866867243324558, 0.044377585558480634, 0.07559232794283566, 0.0285821737495299, 0.03986461075592328, 0.03309514855208725, 0.021436630312147424, 0.028206092515983452, 0.04287326062429485, 0.01767581797668296, 0.027077848815344113
B:ATTAA, 0.042088854247856584, 0.0, 0.09275136399064692, 0.0724863600935308, 0.0724863600935308, 0.07092751363990647, 0.05533904910366329, 0.04988308651597818, 0.0724863600935308, 0.04988308651597818, 0.05845674201091192, 0.03585346843335931, 0.05845674201091192, 0.027279812938425563, 0.049103663289166016, 0.042868277474668745, 0.02494154325798909, 0.03819173811379579, 0.037412314886983634, 0.026500389711613406, 0.02260327357755261
B:ATTAC, 0.04563894523326572, 0.0, 0.09026369168356999, 0.059837728194726165, 0.08316430020283976, 0.08519269776876268, 0.059837728194726165, 0.04259634888438133, 0.06896551724137931, 0.04563894523326572, 0.07809330628803246, 0.05273833671399594, 0.058823529411764705, 0.02332657200811359, 0.04462474645030426, 0.03144016227180528, 0.02028397565922921, 0.028397565922920892, 0.04563894523326572, 0.015212981744421906, 0.02028397565922921
B:ATTAG, 0.05363984674329502, 0.0, 0.07407407407407407, 0.07279693486590039, 0.06130268199233716, 0.06257982120051085, 0.05108556832694764, 0.05108556832694763, 0.08301404853128991, 0.05363984674329502, 0.06641123882503194, 0.06130268199233716, 0.06768837803320563, 0.034482758620689655, 0.02681992337164751, 0.02937420178799489, 0.02681992337164751, 0.0421455938697318, 0.035759897828863345, 0.019157088122605363, 0.02681992337164751
B:ATTAT, 0.041911148365465216, 0.0, 0.07041072925398156, 0.05951383067896061, 0.08382229673093043, 0.06957250628667226, 0.055322715842414084, 0.05113160100586756, 0.08549874266554904, 0.038558256496227995, 0.07124895222129086, 0.04777870913663034, 0.056160938809723386, 0.030176026823134954, 0.06202849958088852, 0.03520536462699078, 0.019279128248113998, 0.026823134953897737, 0.04945515507124895, 0.019279128248113998, 0.026823134953897737
B:ATTCA, 0.04190585533869116, 0.0, 0.07175660160734787, 0.07290470723306544, 0.07692307692307693, 0.06257175660160734, 0.05740528128587831, 0.052812858783008045, 0.07405281285878301, 0.05510907003444317, 0.06601607347876004, 0.045924225028702644, 0.07175660160734788, 0.029276693455797934, 0.038461538461538464, 0.03444316877152698, 0.024110218140068886, 0.04247990815154994, 0.04420206659012629, 0.01779563719862227, 0.020091848450057407
B:ATTCC, 0.03697749196141479, 0.0, 0.06484458735262594, 0.07341907824222937, 0.06430868167202572, 0.06055734190782423, 0.05466237942122187, 0.05894962486602358, 0.08467309753483387, 0.07288317256162916, 0.0562700964630225, 0.05787781350482315, 0.07020364415862808, 0.02840300107181136, 0.03590568060021436, 0.03269024651661308, 0.02090032154340836, 0.03269024651661308, 0.04823151125401929, 0.01607717041800643, 0.02947481243301179
B:ATTCG, 0.03765690376569038, 0.0, 0.05230125523012553, 0.07740585774058577, 0.06903765690376569, 0.06903765690376569, 0.06066945606694561, 0.04184100418410041, 0.08368200836820083, 0.09414225941422594, 0.07322175732217573, 0.039748953974895404, 0.06485355648535565, 0.016736401673640166, 0.027196652719665274, 0.03556485355648536, 0.0397489539748954, 0.03556485355648536, 0.043933054393305436, 0.010460251046025104, 0.027196652719665267
B:ATTCT, 0.04012211077191452, 0.0, 0.07631923244657654, 0.06498037505451373, 0.07195813344962931, 0.06454426515481901, 0.053641517662450934, 0.05015263846489315, 0.08242477104230266, 0.07544701264718709, 0.06498037505451373, 0.051897078063672046, 0.0680331443523768, 0.022241604884430877, 0.03924989097252508, 0.03837767117313563, 0.016136066288704752, 0.03532490187527257, 0.042302660270388134, 0.020497165285651982, 0.02136938508504143
B:ATTGA, 0.03816793893129771, 0.0, 0.07702984038861901, 0.07217210270645386, 0.06731436502428868, 0.07425399028452463, 0.05829285218598196, 0.04371963913948647, 0.07425399028452463, 0.05898681471200555, 0.06315058986814712, 0.05898681471200555, 0.06315058986814712, 0.03261623872310895, 0.046495489243580844, 0.04024982650936849, 0.015267175572519083, 0.03678001387925052, 0.03400416377515614, 0.014573213046495486, 0.030534351145038167
B:ATTGC, 0.029930928626247123, 0.0, 0.06907137375287797, 0.07521105141980046, 0.06983883346124328, 0.05832693783576362, 0.05832693783576362, 0.04911742133537989, 0.09593246354566386, 0.07290867229470453, 0.052954719877206444, 0.04834996162701458, 0.0636991557943208, 0.031465848042977744, 0.03607060629316961, 0.03607060629316961, 0.023023791250959325, 0.03683806600153492, 0.03453568687643899, 0.023023791250959325, 0.035303146584804296
B:ATTGG, 0.04271186440677967, 0.0, 0.06305084745762712, 0.06915254237288136, 0.06644067796610169, 0.05288135593220339, 0.05288135593220339, 0.06101694915254238, 0.09491525423728814, 0.06644067796610169, 0.07118644067796609, 0.051525423728813566, 0.06644067796610169, 0.027796610169491524, 0.027796610169491524, 0.029830508474576273, 0.02440677966101695, 0.029152542372881354, 0.04745762711864407, 0.01966101694915254, 0.035254237288135586
B:ATTGT, 0.04662885948330183, 0.0, 0.06679269061121614, 0.07372400756143667, 0.06112161310649023, 0.06427221172022683, 0.055450535601764335, 0.043478260869565216, 0.08632640201638311, 0.06679269061121614, 0.06112161310649023, 0.04977945809703844, 0.06364209199747953, 0.0258349086326402, 0.04158790170132325, 0.037177063642091994, 0.019533711405166986, 0.04032766225582861, 0.043478260869565216, 0.024574669187145556, 0.02835538752362949
B:ATTTA, 0.042553191489361694, 0.0, 0.09402882635552505, 0.05765271105010295, 0.07343857240905971, 0.059025394646533974, 0.05628002745367193, 0.06108442004118051, 0.07069320521619767, 0.03088538091969801, 0.06726149622512012, 0.05078929306794784, 0.06108442004118051, 0.026767330130404943, 0.05971173644474949, 0.04667124227865477, 0.02539464653397392, 0.038435140700068635, 0.03431708991077557, 0.02059025394646534, 0.023335621139327384
B:ATTTC, 0.04236921746649373, 0.0, 0.06744487678339818, 0.06917423259835712, 0.06658019887591872, 0.0648508430609598, 0.0622568093385214, 0.058798097708603544, 0.0851707738867272, 0.04971897968006917, 0.06312148724600086, 0.04842196281884998, 0.06701253782965845, 0.0311284046692607, 0.04885430177258972, 0.04409857328145266, 0.01988759187202767, 0.03545179420665802, 0.03718115002161695, 0.01556420233463035, 0.022913964548205795
B:ATTTG, 0.045748116254036596, 0.0, 0.07696447793326157, 0.06727664155005382, 0.07265877287405813, 0.06566200215285253, 0.053283100107642624, 0.05597416576964478, 0.08396124865446716, 0.059203444564047365, 0.0651237890204521, 0.04736275565123789, 0.06566200215285253, 0.027987082884822392, 0.04736275565123789, 0.03498385360602799, 0.021528525296017224, 0.023143164693218515, 0.040365984930032295, 0.027987082884822385, 0.01776103336921421
B:ATTTT, 0.05211370262390671, 0.0, 0.06669096209912537, 0.06013119533527697, 0.08381924198250729, 0.059402332361516035, 0.05466472303206997, 0.058309037900874626, 0.07981049562682216, 0.04154518950437318, 0.06231778425655977, 0.05029154518950437, 0.04774052478134111, 0.02806122448979592, 0.04956268221574344, 0.05721574344023324, 0.017857142857142856, 0.044096209912536447, 0.036807580174927114, 0.022230320699708456, 0.027332361516034985
B:CACAA, 0.03975659229208925, 0.0, 0.05233265720081136, 0.07261663286004057, 0.06125760649087221, 0.05517241379310345, 0.0665314401622718, 0.04746450304259635, 0.08803245436105477, 0.08397565922920892, 0.06369168356997972, 0.05314401622718053, 0.05557809330628803, 0.02718052738336714, 0.03975659229208925, 0.039350912778904665, 0.01947261663286004, 0.03529411764705882, 0.04989858012170385, 0.021095334685598374, 0.028397565922920892
B:CACAC, 0.028756058158319872, 0.0, 0.04458804523424879, 0.07463651050080776, 0.07366720516962844, 0.056219709208400644, 0.07722132471728595, 0.04781906300484653, 0.10468497576736673, 0.11405492730210016, 0.054281098546042, 0.03489499192245557, 0.0617124394184168, 0.02358642972536349, 0.02778675282714055, 0.02552504038772213, 0.022294022617124393, 0.028432956381260095, 0.05331179321486268, 0.017124394184168012, 0.02940226171243942
B:CACAG, 0.0236709351959643, 0.0, 0.05355064027939464, 0.07625145518044238, 0.05917733798991075, 0.06422196352347691, 0.07081878152890958, 0.048700038804811795, 0.09390764454792394, 0.11272797826930539, 0.058983313930927435, 0.04326736515327901, 0.05743112145906092, 0.02677532013969732, 0.025029103608847497, 0.030461777260380286, 0.0236709351959643, 0.03414823438106325, 0.05413271245634459, 0.015521924718665115, 0.027551416375630577
B:CACAT, 0.03308823529411765, 0.0, 0.05841503267973856, 0.07312091503267974, 0.07230392156862746, 0.06454248366013073, 0.06699346405228758, 0.05106209150326797, 0.08455882352941177, 0.08537581699346405, 0.06454248366013073, 0.049836601307189546, 0.068218954248366, 0.02124183006535948, 0.025735294117647058, 0.035130718954248366, 0.021241830065359478, 0.03594771241830065, 0.046977124183006536, 0.015522875816993464, 0.026143790849673203
B:CACCA, 0.026089037817137388, 0.0, 0.05361416945907132, 0.07228338918142652, 0.057443752991862135, 0.05983724269985639, 0.07922450933460987, 0.042364767831498326, 0.09191000478697942, 0.11201531833413117, 0.0627094303494495, 0.03829583532790809, 0.06965055050263284, 0.02872187649593107, 0.023456199138343705, 0.028243178554332213, 0.023934897079942556, 0.029918621349928197, 0.04595500239348971, 0.016036381043561514, 0.03829583532790809
B:CACCC, 0.027688345138441726, 0.0, 0.05441081777205409, 0.07759175788795879, 0.05795235028976175, 0.05183515775917579, 0.07598197037990985, 0.037990985189954925, 0.0956213779781069, 0.12395363811976821, 0.05924018029620091, 0.04603992273019961, 0.06728911783644559, 0.02446877012234385, 0.02446877012234385, 0.02704443013522215, 0.026722472633612365, 0.02704443013522215, 0.05344494526722473, 0.0103026400515132, 0.030907920154539602
B:CACCG, 0.015483870967741935, 0.0, 0.0567741935483871, 0.08387096774193549, 0.06580645161290323, 0.04903225806451613, 0.07483870967741936, 0.04, 0.10064516129032258, 0.12516129032258064, 0.05161290322580645, 0.054838709677419356, 0.06516129032258064, 0.027096774193548386, 0.023870967741935485, 0.018709677419354837, 0.023225806451612905, 0.023870967741935485, 0.05290322580645161, 0.016774193548387096, 0.03032258064516129
B:CACCT, 0.027373612823674474, 0.0, 0.05129469790382245, 0.07644882860665844, 0.059186189889025895, 0.05376078914919851, 0.06337854500616523, 0.045129469790382244, 0.09445129469790382, 0.13144266337854502, 0.051048088779284836, 0.04734895191122072, 0.07348951911220715, 0.022441430332922317, 0.018002466091245378, 0.027127003699136867, 0.020221948212083847, 0.03921085080147965, 0.05154130702836005, 0.017016029593094943, 0.030086313193588163
B:CACGA, 0.027607361963190184, 0.0, 0.06032719836400818, 0.06952965235173825, 0.06441717791411043, 0.04703476482617587, 0.08282208588957055, 0.03680981595092025, 0.07566462167689161, 0.1114519427402863, 0.05316973415132925, 0.04294478527607362, 0.06339468302658487, 0.02965235173824131, 0.03169734151329243, 0.03169734151329244, 0.026584867075664622, 0.02556237218813906, 0.06850715746421268, 0.022494887525562373, 0.028629856850715747
B:CACGC, 0.020338983050847456, 0.0, 0.04237288135593221, 0.07203389830508475, 0.07203389830508475, 0.04915254237288136, 0.07457627118644068, 0.05084745762711865, 0.07627118644067797, 0.1483050847457627, 0.06016949152542373, 0.03898305084745763, 0.06864406779661017, 0.02711864406779661, 0.023728813559322038, 0.02711864406779661, 0.022033898305084745, 0.022033898305084745, 0.061016949152542375, 0.017796610169491522, 0.025423728813559324
B:CACGG, 0.014519056261343012, 0.0, 0.05021173623714459, 0.07683000604960677, 0.05928614640048397, 0.04779189352692075, 0.07683000604960677, 0.04658197217180883, 0.09195402298850575, 0.1355111917725348, 0.05384150030248034, 0.05807622504537205, 0.06110102843315184, 0.030248033877797943, 0.024803387779794312, 0.022988505747126436, 0.025408348457350273, 0.02661826981246219, 0.05565638233514821, 0.014519056261343012, 0.02722323049001815
B:CACGT, 0.013440860215053764, 0.0, 0.0528673835125448, 0.05734767025089606, 0.07616487455197132, 0.06003584229390681, 0.06362007168458782, 0.05197132616487455, 0.1003584229390681, 0.11738351254480286, 0.050179211469534045, 0.04121863799283154, 0.05555555555555555, 0.03046594982078853, 0.026881720430107527, 0.03136200716845878, 0.025985663082437275, 0.033154121863799284, 0.06272401433691756, 0.012544802867383513, 0.036738351254480286
B:CACTA, 0.03964401294498382, 0.0, 0.08009708737864078, 0.08171521035598706, 0.07362459546925566, 0.059870550161812294, 0.05501618122977346, 0.03559870550161813, 0.07928802588996764, 0.08737864077669905, 0.05339805825242718, 0.052588996763754045, 0.063915857605178, 0.02103559870550162, 0.038834951456310676, 0.02912621359223301, 0.023462783171521034, 0.038834951456310676, 0.045307443365695796, 0.015372168284789644, 0.025889967637540454
B:CACTC, 0.026252983293556086, 0.0, 0.05767700875099443, 0.06762132060461416, 0.07517899761336516, 0.05608591885441527, 0.05767700875099443, 0.049323786793953855, 0.09029435163086715, 0.1105807478122514, 0.060063643595863164, 0.0405727923627685, 0.07279236276849642, 0.021877486077963408, 0.03381066030230708, 0.03420843277645187, 0.018297533810660304, 0.035003977724741446, 0.049323786793953855, 0.01392203659506762, 0.0294351630867144
B:CACTG, 0.023701220971989467, 0.0, 0.05099353603064399, 0.07900406990663156, 0.06583672492219296, 0.057457505386641135, 0.07349772564041178, 0.05027531721331099, 0.09336844625329184, 0.11276035432128322, 0.06056978692841753, 0.0390232224084271, 0.06583672492219296, 0.02657409624132152, 0.025137658606655493, 0.027531721331098876, 0.021785970792434762, 0.03543212832176203, 0.04285372276753651, 0.018913095523102705, 0.02944697151065358
B:CACTT, 0.03895582329317269, 0.0, 0.05622489959839357, 0.078714859437751, 0.07188755020080322, 0.058634538152610445, 0.05823293172690763, 0.046987951807228916, 0.08755020080321285, 0.0823293172690763, 0.06867469879518072, 0.043373493975903614, 0.06104417670682731, 0.028112449799196786, 0.030923694779116467, 0.03413654618473896, 0.020883534136546186, 0.03734939759036145, 0.04939759036144578, 0.020080321285140562, 0.02650602409638554
B:CATAA, 0.044801352493660185, 0.0, 0.07945900253592561, 0.049873203719357564, 0.06846999154691462, 0.0676246830092984, 0.05409974640743871, 0.060016906170752324, 0.07438715131022823, 0.054945054945054944, 0.07692307692307693, 0.047337278106508875, 0.057480980557903634, 0.03296703296703297, 0.049873203719357564, 0.034657650042265425, 0.01775147928994083, 0.04311073541842773, 0.04564666103127642, 0.018596787827557058, 0.021978021978021976
B:CATAC, 0.028240405503258507, 0.0, 0.07168718320057929, 0.07385952208544533, 0.07168718320057928, 0.05503258508327299, 0.05792903692976104, 0.04561911658218682, 0.08182476466328747, 0.09775524981897175, 0.07458363504706735, 0.041998551774076756, 0.05792903692976104, 0.02389572773352643, 0.031136857349746562, 0.041274438812454746, 0.01955104996379435, 0.036205648081100654, 0.0391020999275887, 0.013758146270818247, 0.036929761042722664
B:CATAG, 0.046242774566473986, 0.0, 0.06615285806037251, 0.07129094412331406, 0.05523442517662171, 0.057161207450224794, 0.06551059730250482, 0.04174694926140013, 0.08285163776493257, 0.08606294155427104, 0.07193320488118175, 0.05009633911368015, 0.057803468208092484, 0.03275529865125241, 0.03532434168272318, 0.028259473346178548, 0.026332691072575465, 0.029543994861913937, 0.047527296082209375, 0.019267822736030827, 0.028901734104046242
B:CATAT, 0.04734693877551021, 0.0, 0.07836734693877552, 0.08326530612244898, 0.06448979591836734, 0.06693877551020408, 0.04571428571428572, 0.053877551020408164, 0.08408163265306122, 0.06448979591836734, 0.05959183673469388, 0.053877551020408164, 0.06448979591836734, 0.0326530612244898, 0.037551020408163265, 0.026938775510204082, 0.02122448979591837, 0.0326530612244898, 0.03836734693877551, 0.0236734693877551, 0.02040816326530612
B:CATCA, 0.03407720144752714, 0.0, 0.06634499396863691, 0.07750301568154402, 0.06936067551266586, 0.05790108564535585, 0.06242460796139928, 0.040410132689987936, 0.08353437876960193, 0.08685162846803378, 0.06242460796139928, 0.043425814234016896, 0.06272617611580217, 0.03166465621230398, 0.02925211097708082, 0.03890229191797346, 0.027744270205066344, 0.03226779252110977, 0.049758745476477684, 0.014776839565741858, 0.02864897466827503
B:CATCC, 0.03374885983581636, 0.0, 0.049863180297962904, 0.07753116448768622, 0.06476132563089085, 0.05138339920948617, 0.06719367588932806, 0.04712678625722104, 0.09425357251444208, 0.10094253572514442, 0.062328975372453625, 0.042566129522651264, 0.06962602614776528, 0.025843721495895408, 0.02918820310124658, 0.02614776527820006, 0.01945880206749772, 0.033444816053511704, 0.05107935542718151, 0.01793858315597446, 0.03557312252964427
B:CATCG, 0.018998272884283247, 0.0, 0.047495682210708115, 0.0768566493955095, 0.06822107081174439, 0.050949913644214154, 0.07340241796200346, 0.04404145077720207, 0.08721934369602763, 0.11398963730569948, 0.04317789291882556, 0.04404145077720207, 0.06649395509499137, 0.02936096718480138, 0.02677029360967185, 0.03367875647668394, 0.024179620034542316, 0.03454231433506045, 0.06735751295336788, 0.009499136442141624, 0.039723661485319514
B:CATCT, 0.03559957173447537, 0.0, 0.0623661670235546, 0.07334047109207709, 0.0626338329764454, 0.05861884368308351, 0.060760171306209844, 0.04603854389721628, 0.09957173447537473, 0.090203426124197, 0.05754817987152035, 0.04791220556745182, 0.07682012847965738, 0.028372591006423982, 0.027569593147751606, 0.03399357601713062, 0.021948608137044967, 0.03345824411134904, 0.0452355460385439, 0.012580299785867236, 0.02542826552462527
B:CATGA, 0.03553719008264463, 0.0, 0.06198347107438017, 0.0743801652892562, 0.0628099173553719, 0.05206611570247934, 0.06694214876033058, 0.04173553719008265, 0.08223140495867769, 0.09462809917355372, 0.0615702479338843, 0.045041322314049594, 0.0652892561983471, 0.02809917355371901, 0.030991735537190084, 0.04090909090909091, 0.02727272727272727, 0.03677685950413223, 0.04421487603305785, 0.017768595041322315, 0.02975206611570248
B:CATGC, 0.03753957485300769, 0.0, 0.05246494798733604, 0.0741745816372682, 0.06558118498417007, 0.05563093622795115, 0.06512890094979647, 0.052464947987336044, 0.0741745816372682, 0.11307100859339665, 0.054274084124830396, 0.040253279059249206, 0.06784260515603799, 0.030303030303030304, 0.03573043871551334, 0.032564450474898234, 0.024875621890547265, 0.02804161013116237, 0.060153776571687016, 0.012211668928086838, 0.0235187697874265
B:CATGG, 0.03296382730455076, 0.0, 0.050758459743290546, 0.07234539089848308, 0.05396732788798133, 0.06155192532088682, 0.07292882147024504, 0.04521586931155192, 0.09043173862310384, 0.10268378063010501, 0.05805134189031505, 0.038506417736289385, 0.07438739789964993, 0.026837806301050177, 0.026837806301050177, 0.025379229871645273, 0.022462077012835473, 0.03413068844807468, 0.061260210035005834, 0.015169194865810967, 0.03413068844807468
B:CATGT, 0.03994732221246708, 0.0, 0.06804214223002635, 0.061018437225636525, 0.05355575065847235, 0.0601404741000878, 0.07506584723441616, 0.050921861281826165, 0.08604038630377524, 0.09174714661984197, 0.06716417910447761, 0.036435469710272166, 0.06892010535557506, 0.03028972783143108, 0.03424056189640035, 0.02897278314310799, 0.017998244073748903, 0.03511852502194908, 0.046532045654082525, 0.019315188762071993, 0.028533801580333626
B:CATTA, 0.04934464148033924, 0.0, 0.07710100231303008, 0.051657671549730146, 0.07632999228989976, 0.08249807247494217, 0.06476484194294525, 0.04857363145720894, 0.07324595219737856, 0.051657671549730146, 0.06553585196607556, 0.04471858134155744, 0.06939090208172706, 0.026214340786430222, 0.036237471087124135, 0.040092521202775636, 0.02313030069390902, 0.02467232074016962, 0.05011565150346955, 0.02313030069390902, 0.02158828064764842
B:CATTC, 0.046237088047220855, 0.0, 0.06148548942449582, 0.06837186424003935, 0.07230693556320708, 0.057550418101328084, 0.05459911460895229, 0.04968027545499262, 0.07870142646335465, 0.08066896212493853, 0.054599114608952296, 0.05213969503197245, 0.07624200688637482, 0.029021151008362025, 0.038366945400885394, 0.038366945400885394, 0.016724053123462864, 0.039350713231677326, 0.04672897196261682, 0.013280865715691098, 0.025577963600590257
B:CATTG, 0.03127792672028597, 0.0, 0.0612153708668454, 0.06925826630920465, 0.06344950848972297, 0.054959785522788206, 0.0612153708668454, 0.050491510277033066, 0.0938337801608579, 0.07596067917783736, 0.05630026809651475, 0.044682752457551385, 0.06747095621090259, 0.031724754244861486, 0.03351206434316354, 0.035299374441465595, 0.022788203753351208, 0.041108132260947276, 0.0451295799821269, 0.024575513851653262, 0.035746201966041107
B:CATTT, 0.05029469548133595, 0.0, 0.068762278978389, 0.06326129666011787, 0.08015717092337918, 0.05854616895874263, 0.05697445972495088, 0.06051080550098232, 0.08526522593320236, 0.04793713163064833, 0.05854616895874263, 0.043222003929273084, 0.07151277013752456, 0.031041257367387033, 0.04636542239685658, 0.04675834970530452, 0.021611001964636542, 0.03339882121807466, 0.03614931237721022, 0.02082514734774067, 0.018860510805500982
B:CCCAA, 0.03463375796178344, 0.0, 0.05652866242038217, 0.07961783439490445, 0.06130573248407643, 0.058121019108280256, 0.06409235668789809, 0.050557324840764334, 0.09593949044585988, 0.10270700636942676, 0.05294585987261147, 0.046974522292993634, 0.06767515923566879, 0.019904458598726114, 0.028662420382165606, 0.032245222929936306, 0.01910828025477707, 0.028264331210191083, 0.05652866242038217, 0.01592356687898089, 0.028264331210191083
B:CCCAC, 0.026930475405331136, 0.0, 0.048639736191261336, 0.07969222313822479, 0.05798296235229459, 0.05138774388568288, 0.06485298158834844, 0.044242923880186864, 0.09672987084363836, 0.1302555647155812, 0.05825776312173674, 0.05303654850233581, 0.06870019236053862, 0.02418246771090959, 0.023632866172025282, 0.025006870019236054, 0.02225886232481451, 0.026106073097004672, 0.052212146194009344, 0.014014839241549877, 0.03187688925528991
B:CCCAG, 0.024511545293072826, 0.0, 0.05044404973357016, 0.07904085257548846, 0.05452930728241563, 0.055062166962699825, 0.07122557726465364, 0.043516873889875664, 0.09893428063943162, 0.12095914742451153, 0.056483126110124335, 0.05133214920071047, 0.06962699822380107, 0.022202486678507993, 0.022557726465364122, 0.020603907637655416, 0.023801065719360567, 0.034458259325044406, 0.05577264653641208, 0.015630550621669625, 0.02930728241563055
B:CCCAT, 0.03321182665046578, 0.0, 0.04981773997569866, 0.0793843661401377, 0.05224787363304982, 0.06034831915755366, 0.06561360874848117, 0.04900769542324828, 0.09356014580801944, 0.10490076954232483, 0.053462940461725394, 0.04293236127987039, 0.07776427703523693, 0.02875658161198866, 0.02551640340218712, 0.02713649250708789, 0.021466180639935196, 0.034831915755366545, 0.05710814094775213, 0.012150668286755772, 0.03078169299311462
B:CCCCA, 0.03156349400538292, 0.0, 0.04893564962074872, 0.08000978712992415, 0.058233423048690974, 0.05652067531196477, 0.06386102275507707, 0.04575483239540005, 0.10056275997063861, 0.124051871788598, 0.05064839735747492, 0.051871788597993636, 0.07144604844629313, 0.022755077073648152, 0.02177636408123318, 0.02128700758502569, 0.019329581600195742, 0.03352091999021287, 0.0550526058233423, 0.012967947149498409, 0.029850746268656716
B:CCCCC, 0.030137981118373274, 0.0, 0.04756717501815541, 0.07407407407407407, 0.05555555555555555, 0.05737109658678286, 0.07262164124909223, 0.05773420479302832, 0.08569353667392883, 0.12236746550472041, 0.04974582425562818, 0.052287581699346414, 0.0766158315177923, 0.02251270878721859, 0.017792302106027596, 0.02505446623093682, 0.01815541031227306, 0.02505446623093682, 0.06027596223674655, 0.014887436456063908, 0.03449527959331881
B:CCCCG, 0.012585212375458836, 0.0, 0.0540115364446775, 0.07656004195070792, 0.06449921342422653, 0.04771893025694809, 0.0713162034609334, 0.04824331410592554, 0.07446250655479811, 0.13214472994231777, 0.06449921342422653, 0.04614577871001573, 0.08652333508127949, 0.02097535395909806, 0.023072889355007866, 0.022548505506030415, 0.019926586261143155, 0.026743576297850027, 0.05715783953854221, 0.018877818563188254, 0.03198741478762454
B:CCCCT, 0.030566280566280565, 0.0, 0.057593307593307594, 0.07850707850707851, 0.05019305019305019, 0.0546975546975547, 0.08397683397683398, 0.04407979407979408, 0.09266409266409266, 0.12902187902187903, 0.05019305019305019, 0.04954954954954955, 0.06467181467181467, 0.02734877734877735, 0.02027027027027027, 0.023166023166023165, 0.017696267696267698, 0.030244530244530245, 0.05405405405405406, 0.01287001287001287, 0.028635778635778635
B:CCCGA, 0.028953229398663696, 0.0, 0.062360801781737196, 0.08314773570898293, 0.060133630289532294, 0.0556792873051225, 0.07646622123236822, 0.038604305864884926, 0.0801781737193764, 0.125463994060876, 0.046028210838901254, 0.0400890868596882, 0.07943578322197475, 0.019302152932442466, 0.02746844840386043, 0.023014105419450634, 0.019302152932442463, 0.03192279138827023, 0.05790645879732739, 0.008166295471417966, 0.03637713437268003
B:CCCGC, 0.012626262626262626, 0.0, 0.05707070707070707, 0.09343434343434344, 0.05757575757575758, 0.05303030303030303, 0.07727272727272727, 0.039393939393939384, 0.07828282828282829, 0.12727272727272726, 0.05707070707070707, 0.043434343434343436, 0.07676767676767676, 0.028787878787878786, 0.025757575757575757, 0.026767676767676767, 0.021212121212121213, 0.031313131313131314, 0.048484848484848485, 0.015151515151515152, 0.029292929292929294
B:CCCGG, 0.012248468941382326, 0.0, 0.0568678915135608, 0.08836395450568679, 0.05905511811023622, 0.04855643044619423, 0.06955380577427822, 0.04374453193350831, 0.07830271216097988, 0.12117235345581802, 0.05205599300087489, 0.04374453193350831, 0.08880139982502187, 0.02230971128608924, 0.020122484689413824, 0.023622047244094488, 0.028871391076115485, 0.030183727034120734, 0.0542432195975503, 0.017497812773403325, 0.04068241469816273
B:CCCGT, 0.016456921587608905, 0.0, 0.05517909002904162, 0.08518877057115198, 0.06098741529525654, 0.04549854791868345, 0.07841239109390126, 0.051306873184898356, 0.07260406582768635, 0.13165537270087124, 0.05614714424007745, 0.05324298160696999, 0.0755082284607938, 0.025169409486931273, 0.027105517909002907, 0.02420135527589545, 0.02032913843175218, 0.03484995159728945, 0.04259438528557599, 0.015488867376573089, 0.028073572120038724
B:CCCTA, 0.03159441587068332, 0.0, 0.05951506245407789, 0.08449669360764143, 0.06245407788390889, 0.0653930933137399, 0.06318883174136664, 0.038941954445260836, 0.08596620132255695, 0.11315209404849376, 0.05363703159441587, 0.0426157237325496, 0.07274063188831742, 0.027920646583394562, 0.02351212343864805, 0.024981631153563555, 0.01763409257898604, 0.03085966201322557, 0.05216752387950037, 0.016164584864070537, 0.03306392358559882
B:CCCTC, 0.023578363384188627, 0.0, 0.05159500693481276, 0.07961165048543689, 0.060471567267683775, 0.05714285714285714, 0.08044382801664356, 0.047156726768377254, 0.09597780859916782, 0.10929264909847435, 0.058529819694868236, 0.046324549237170595, 0.07434119278779473, 0.02302357836338419, 0.0260748959778086, 0.02163661581137309, 0.017475728155339806, 0.03245492371705964, 0.05187239944521498, 0.01581137309292649, 0.027184466019417475
B:CCCTG, 0.025719534598897736, 0.0, 0.051847315778730356, 0.07634211063482343, 0.053684425392937336, 0.05572565829761176, 0.07511737089201878, 0.037966932026944275, 0.09287609716268626, 0.12492345376607471, 0.06001224739742805, 0.046131863645641966, 0.0694019187589304, 0.02286180853235354, 0.02000408246580935, 0.028577260665441927, 0.022453561951418656, 0.030210246989181466, 0.056338028169014086, 0.016942233108797715, 0.03286384976525822
B:CCCTT, 0.03970856102003643, 0.0, 0.06156648451730419, 0.08233151183970856, 0.04663023679417122, 0.060109289617486336, 0.07395264116575591, 0.04918032786885246, 0.07395264116575592, 0.10200364298724955, 0.06120218579234973, 0.039708561020036434, 0.06375227686703097, 0.02477231329690346, 0.0273224043715847, 0.0273224043715847, 0.023679417122040074, 0.04189435336976321, 0.051730418943533696, 0.01530054644808743, 0.033879781420765025
B:CCTAA, 0.03383793410507569, 0.0, 0.06322350845948353, 0.08904719501335707, 0.06589492430988425, 0.06500445235975066, 0.06767586821015138, 0.04452359750667854, 0.07569011576135352, 0.07836153161175423, 0.06322350845948353, 0.051647373107747106, 0.06678539626001781, 0.024933214603739984, 0.030276046304541407, 0.028495102404274265, 0.016918967052537846, 0.0365093499554764, 0.04986642920747997, 0.015138023152270703, 0.03294746215494212
B:CCTAC, 0.03333333333333334, 0.0, 0.052298850574712646, 0.1, 0.052298850574712646, 0.05574712643678162, 0.05574712643678161, 0.03735632183908046, 0.09195402298850575, 0.1132183908045977, 0.06149425287356322, 0.03620689655172414, 0.07183908045977012, 0.022988505747126436, 0.032758620689655175, 0.031609195402298854, 0.01896551724137931, 0.03333333333333333, 0.052298850574712646, 0.016091954022988506, 0.030459770114942532
B:CCTAG, 0.034829202947086406, 0.0, 0.055592766242464835, 0.09042196918955124, 0.06296048225050234, 0.05961152042866711, 0.06363027461486939, 0.04219691895512391, 0.07367716008037509, 0.10850636302746149, 0.06430006697923643, 0.05023442732752847, 0.06630944407233758, 0.027461486939048894, 0.02344273275284662, 0.02344273275284662, 0.016075016744809108, 0.03549899531145345, 0.04956463496316142, 0.014735432016075016, 0.03750837240455459
B:CCTAT, 0.04299065420560748, 0.0, 0.0691588785046729, 0.07476635514018691, 0.056074766355140186, 0.059813084112149535, 0.05794392523364487, 0.036448598130841114, 0.08224299065420561, 0.08691588785046729, 0.07009345794392523, 0.04672897196261682, 0.07196261682242991, 0.0308411214953271, 0.03177570093457944, 0.02803738317757009, 0.01588785046728972, 0.03925233644859813, 0.06261682242990654, 0.011214953271028037, 0.025233644859813085
B:CCTCA, 0.027106949236076885, 0.0, 0.055199605717102015, 0.08181370133070479, 0.056185312962050274, 0.05421389847215377, 0.06702809265648102, 0.04632824051256777, 0.09635288319369148, 0.11409561360275998, 0.05741744701823558, 0.041399704287826515, 0.07220305569245934, 0.024396254312469196, 0.023164120256283883, 0.02932479053721045, 0.02168555938886151, 0.034253326761951704, 0.05199605717102021, 0.016264169541646133, 0.029571217348447514
B:CCTCC, 0.025384615384615384, 0.0, 0.054038461538461535, 0.07961538461538462, 0.06019230769230769, 0.04980769230769231, 0.07769230769230769, 0.04211538461538462, 0.09288461538461538, 0.11711538461538462, 0.05692307692307692, 0.045192307692307684, 0.08019230769230769, 0.024615384615384615, 0.02115384615384615, 0.025384615384615384, 0.019807692307692307, 0.03192307692307692, 0.050576923076923075, 0.01673076923076923, 0.028653846153846155
B:CCTCG, 0.024473534433693798, 0.0, 0.054638588503130345, 0.0796812749003984, 0.0688673875924872, 0.058053500284575975, 0.07342060330108138, 0.04154809334092203, 0.09106431417188389, 0.10927717700626068, 0.050654524758110414, 0.043824701195219126, 0.08366533864541832, 0.0221969265793967, 0.024473534433693798, 0.02731929425156517, 0.02333523050654525, 0.022766078542970972, 0.05976095617529881, 0.008537279453614115, 0.032441661923733635
B:CCTCT, 0.02802428771602055, 0.0, 0.06188696870621205, 0.0751985053713218, 0.0628211116300794, 0.05464736104624007, 0.07122839794488557, 0.04904250350303596, 0.09528257823446988, 0.10579168612797758, 0.059785147127510506, 0.047174217655301255, 0.07473143390938813, 0.02171882297991593, 0.022652965903783278, 0.023353573096683792, 0.020551144325081736, 0.033162073797290983, 0.05044371788883699, 0.013778608127043438, 0.028724894908921064
B:CCTGA, 0.029819513471095994, 0.0, 0.05493068270991368, 0.07219461156160084, 0.05597698142819775, 0.05623855610776877, 0.06643996861103844, 0.04106722469264975, 0.09965995291655767, 0.11535443369081873, 0.0625163484174732, 0.03897462725608161, 0.0701020141250327, 0.02668061731624379, 0.026157467957101752, 0.030081088150667016, 0.02432644520010463, 0.03295840962594821, 0.049176039759351295, 0.017263928851687156, 0.030081088150667016
B:CCTGC, 0.022277227722772276, 0.0, 0.04683929931454684, 0.07501904036557502, 0.06130997715156131, 0.05045696877380046, 0.07673267326732672, 0.040555978674790556, 0.08815689261233815, 0.130997715156131, 0.0575019040365575, 0.04836252856054836, 0.07083015993907082, 0.020753998476770754, 0.022658035034272658, 0.031416603198781416, 0.017707539984767706, 0.03236862147753237, 0.05674028941355675, 0.017897943640517895, 0.031416603198781416
B:CCTGG, 0.024504272126390458, 0.0, 0.0459455102369821, 0.08028373367725294, 0.05416733838465259, 0.055618249234241496, 0.07028857004675157, 0.0428824762211833, 0.09301950669031114, 0.1255843946477511, 0.057069160083830416, 0.05384491375141061, 0.0696437207802676, 0.024020635176527486, 0.024181847493148476, 0.025310333709495404, 0.019184265677897792, 0.03401579880702886, 0.05223279058520071, 0.014509108495889086, 0.03369337417378688
B:CCTGT, 0.02769308943089431, 0.0, 0.05005081300813007, 0.08739837398373984, 0.051829268292682924, 0.055386178861788614, 0.07444105691056911, 0.04801829268292683, 0.09171747967479675, 0.11382113821138211, 0.05970528455284553, 0.049796747967479675, 0.05919715447154472, 0.023373983739837397, 0.026422764227642278, 0.02616869918699187, 0.02184959349593496, 0.033790650406504065, 0.055640243902439025, 0.013973577235772357, 0.02972560975609756
B:CCTTA, 0.03616751269035533, 0.0, 0.053934010152284266, 0.08629441624365482, 0.05964467005076142, 0.06979695431472081, 0.0634517766497462, 0.060279187817258884, 0.07550761421319797, 0.08756345177664974, 0.05520304568527919, 0.041243654822335024, 0.06218274111675127, 0.028553299492385786, 0.03426395939086294, 0.03616751269035533, 0.01903553299492386, 0.038705583756345176, 0.053934010152284266, 0.012055837563451776, 0.02601522842639594
B:CCTTC, 0.02692916949536094, 0.0, 0.054989816700611004, 0.08214528173794976, 0.05136908802896583, 0.06087350079203439, 0.06811495813532474, 0.04435392622765332, 0.08916044353926228, 0.10749038243946595, 0.06109979633401222, 0.04344874405974202, 0.07399864222674814, 0.024892509617560538, 0.027834351663272233, 0.026476578411405296, 0.024666214075582713, 0.03575469563249604, 0.05091649694501019, 0.014256619144602852, 0.031228784792939578
B:CCTTG, 0.03287914691943128, 0.0, 0.05864928909952607, 0.07582938388625593, 0.05835308056872038, 0.05361374407582938, 0.06131516587677725, 0.04413507109004739, 0.0927132701421801, 0.10456161137440759, 0.05539099526066351, 0.03909952606635071, 0.07553317535545023, 0.02428909952606635, 0.026066350710900472, 0.0370260663507109, 0.021919431279620854, 0.035545023696682464, 0.05302132701421801, 0.016883886255924168, 0.03317535545023697
B:CCTTT, 0.036585365853658534, 0.0, 0.06493902439024389, 0.08323170731707318, 0.06920731707317074, 0.05945121951219511, 0.0649390243902439, 0.04695121951219512, 0.0774390243902439, 0.08384146341463415, 0.05853658536585366, 0.044817073170731705, 0.06737804878048781, 0.023170731707317073, 0.03567073170731707, 0.032926829268292684, 0.025, 0.0375, 0.03932926829268293, 0.016463414634146342, 0.032621951219512196
B:CGCAA, 0.03343949044585987, 0.0, 0.05573248407643312, 0.09713375796178345, 0.07643312101910828, 0.052547770700636945, 0.06369426751592357, 0.044585987261146494, 0.06847133757961783, 0.10509554140127389, 0.04936305732484076, 0.05573248407643312, 0.0589171974522293, 0.025477707006369428, 0.02388535031847134, 0.03980891719745223, 0.025477707006369428, 0.030254777070063694, 0.050955414012738856, 0.01751592356687898, 0.025477707006369428
B:CGCAC, 0.010689990281827016, 0.0, 0.03984450923226433, 0.0913508260447036, 0.06899902818270165, 0.04470359572400389, 0.07968901846452867, 0.062196307094266275, 0.0738581146744412, 0.1457725947521866, 0.062196307094266275, 0.0456754130223518, 0.06511175898931001, 0.023323615160349854, 0.021379980563654033, 0.03498542274052478, 0.021379980563654033, 0.022351797862001945, 0.04178814382896016, 0.012633624878522836, 0.03206997084548105
B:CGCAG, 0.011985409067222511, 0.0, 0.050026055237102664, 0.0891089108910891, 0.053673788431474724, 0.05419489317352789, 0.07243355914538822, 0.04377279833246482, 0.09275664408546118, 0.12767066180302242, 0.05002605523710266, 0.044815007816571134, 0.07399687337154769, 0.027618551328817093, 0.01771756122980719, 0.028139656070870246, 0.02136529442417926, 0.0286607608129234, 0.05627931214174049, 0.02136529442417926, 0.034392912975508075
B:CGCAT, 0.023121387283236993, 0.0, 0.06213872832369942, 0.08670520231213873, 0.07369942196531792, 0.05202312138728324, 0.057803468208092484, 0.05491329479768786, 0.07225433526011561, 0.09826589595375723, 0.05346820809248555, 0.05635838150289017, 0.06502890173410404, 0.02601156069364162, 0.03901734104046242, 0.01878612716763006, 0.015895953757225433, 0.01878612716763006, 0.05491329479768786, 0.03468208092485549, 0.036127167630057806
B:CGCCA, 0.01972386587771203, 0.0, 0.05128205128205128, 0.08678500986193294, 0.06508875739644969, 0.055884286653517426, 0.0670611439842209, 0.049967126890203814, 0.08349769888231427, 0.12163050624589086, 0.05128205128205128, 0.042735042735042736, 0.07495069033530571, 0.022353714661406968, 0.0210387902695595, 0.03550295857988166, 0.02695595003287311, 0.023011176857330704, 0.05654174884944116, 0.015779092702169626, 0.028928336620644313
B:CGCCC, 0.013973268529769137, 0.0, 0.058930741190765495, 0.08080194410692589, 0.04556500607533415, 0.05771567436208991, 0.08201701093560146, 0.0425273390036452, 0.07472660996354799, 0.1336573511543135, 0.04981773997569866, 0.049210206561360874, 0.08019441069258809, 0.026731470230862697, 0.022478736330498177, 0.02490886998784933, 0.023693803159173753, 0.027946537059538274, 0.061968408262454436, 0.010328068043742407, 0.032806804374240585
B:CGCCG, 0.0110803324099723, 0.0, 0.06786703601108034, 0.10595567867036011, 0.0422437673130194, 0.046398891966759004, 0.055401662049861494, 0.04916897506925208, 0.08933518005540166, 0.1149584487534626, 0.06371191135734074, 0.037396121883656507, 0.08933518005540166, 0.027700831024930747, 0.02077562326869806, 0.03185595567867036, 0.031163434903047092, 0.024930747922437674, 0.05332409972299169, 0.0110803324099723, 0.02631578947368421
B:CGCCT, 0.0199501246882793, 0.0, 0.05610972568578554, 0.10162094763092269, 0.05798004987531172, 0.05610972568578554, 0.07044887780548628, 0.04488778054862843, 0.08665835411471322, 0.11783042394014963, 0.051745635910224436, 0.03927680798004988, 0.06920199501246883, 0.028678304239401497, 0.021820448877805487, 0.028678304239401497, 0.02805486284289277, 0.026184538653366583, 0.04800498753117207, 0.01371571072319202, 0.033042394014962596
B:CGCGA, 0.017543859649122806, 0.0, 0.06798245614035087, 0.09649122807017543, 0.05921052631578947, 0.03728070175438596, 0.06578947368421054, 0.03289473684210526, 0.05701754385964912, 0.11842105263157897, 0.043859649122807015, 0.02631578947368421, 0.1162280701754386, 0.02631578947368421, 0.030701754385964918, 0.03070175438596491, 0.03508771929824561, 0.02412280701754386, 0.05921052631578947, 0.019736842105263157, 0.03508771929824561
B:CGCGC, 0.010648596321393998, 0.0, 0.05517909002904162, 0.12487899322362052, 0.044530493707647625, 0.03484995159728945, 0.04646660212971926, 0.049370764762826716, 0.08422071636011616, 0.1335914811229429, 0.04743465634075509, 0.041626331074540175, 0.08518877057115198, 0.025169409486931273, 0.018393030009680542, 0.03388189738625363, 0.046466602129719266, 0.022265246853823813, 0.051306873184898356, 0.017424975798644726, 0.027105517909002903
B:CGCGG, 0.008077544426494346, 0.0, 0.06623586429725363, 0.0864297253634895, 0.05411954765751212, 0.04604200323101777, 0.09450726978998385, 0.05492730210016155, 0.07996768982229402, 0.12035541195476575, 0.05492730210016155, 0.03877221324717286, 0.0791599353796446, 0.02665589660743134, 0.02261712439418417, 0.030694668820678513, 0.020193861066235864, 0.023424878836833602, 0.0468497576736672, 0.02504038772213247, 0.021001615508885296
B:CGCGT, 0.02053388090349076, 0.0, 0.05749486652977412, 0.061601642710472276, 0.07597535934291583, 0.03696098562628337, 0.06160164271047228, 0.047227926078028754, 0.08213552361396304, 0.11293634496919917, 0.06570841889117043, 0.03285420944558522, 0.07392197125256673, 0.018480492813141684, 0.03285420944558522, 0.030800821355236135, 0.030800821355236138, 0.030800821355236138, 0.07597535934291581, 0.022587268993839837, 0.028747433264887063
B:CGCTA, 0.01910828025477707, 0.0, 0.07855626326963906, 0.07643312101910828, 0.05732484076433121, 0.06157112526539278, 0.04246284501061571, 0.06581740976645435, 0.09129511677282377, 0.09554140127388536, 0.05520169851380043, 0.04033970276008493, 0.09554140127388536, 0.027600849256900217, 0.027600849256900213, 0.027600849256900213, 0.029723991507430998, 0.02335456475583864, 0.03821656050955414, 0.01910828025477707, 0.02760084925690021
B:CGCTC, 0.013797634691195795, 0.0, 0.047963206307490146, 0.08607095926412615, 0.06176084099868594, 0.04993429697766097, 0.07095926412614981, 0.042706964520367936, 0.07095926412614981, 0.12943495400788435, 0.05387647831800263, 0.049277266754270695, 0.08278580814717477, 0.0328515111695138, 0.026938239159001315, 0.03350854139290407, 0.020367936925098556, 0.025624178712220762, 0.05584756898817345, 0.015111695137976347, 0.030223390275952694
B:CGCTG, 0.015419501133786848, 0.0, 0.054421768707482984, 0.07981859410430839, 0.06848072562358276, 0.06303854875283446, 0.07256235827664399, 0.03809523809523809, 0.08662131519274377, 0.12698412698412698, 0.04625850340136054, 0.044897959183673466, 0.07845804988662132, 0.019954648526077097, 0.027664399092970523, 0.02312925170068027, 0.026757369614512472, 0.027210884353741496, 0.05487528344671202, 0.018594104308390022, 0.02675736961451247
B:CGCTT, 0.02194656488549618, 0.0, 0.06297709923664122, 0.06774809160305344, 0.058206106870229014, 0.04961832061068703, 0.07251908396946564, 0.03912213740458015, 0.10019083969465649, 0.11545801526717558, 0.05725190839694656, 0.039122137404580155, 0.07442748091603053, 0.028625954198473285, 0.0267175572519084, 0.02385496183206107, 0.02862595419847328, 0.035305343511450385, 0.04866412213740458, 0.024809160305343508, 0.024809160305343508
B:CGTAA, 0.03899721448467967, 0.0, 0.08077994428969358, 0.07242339832869081, 0.06128133704735376, 0.052924791086350974, 0.041782729805013935, 0.07520891364902507, 0.08356545961002786, 0.08635097493036212, 0.07799442896935932, 0.04456824512534819, 0.06406685236768803, 0.016713091922005572, 0.025069637883008356, 0.03899721448467967, 0.025069637883008356, 0.033426183844011144, 0.05013927576601671, 0.008356545961002786, 0.022284122562674095
B:CGTAC, 0.012, 0.0, 0.068, 0.088, 0.068, 0.054, 0.08, 0.054, 0.078, 0.104, 0.046000000000000006, 0.03, 0.064, 0.030000000000000002, 0.022, 0.034, 0.022, 0.028, 0.06, 0.02, 0.038
B:CGTAG, 0.022508038585209004, 0.0, 0.06270096463022508, 0.09003215434083602, 0.06752411575562701, 0.041800643086816726, 0.05627009646302251, 0.03858520900321544, 0.08038585209003216, 0.10289389067524116, 0.0594855305466238, 0.04180064308681672, 0.08681672025723473, 0.02572347266881029, 0.024115755627009645, 0.03054662379421222, 0.03376205787781351, 0.04019292604501608, 0.04983922829581994, 0.014469453376205787, 0.03054662379421222
B:CGTAT, 0.0182370820668693, 0.0, 0.0668693009118541, 0.0486322188449848, 0.0851063829787234, 0.0425531914893617, 0.04559270516717326, 0.057750759878419454, 0.06990881458966565, 0.1094224924012158, 0.05167173252279635, 0.04559270516717325, 0.0790273556231003, 0.03951367781155016, 0.030395136778115502, 0.0364741641337386, 0.03343465045592705, 0.03343465045592705, 0.0486322188449848, 0.0182370820668693, 0.039513677811550144
B:CGTCA, 0.016835016835016835, 0.0, 0.05611672278338946, 0.052749719416386086, 0.07295173961840629, 0.05387205387205387, 0.07519640852974187, 0.058361391694725026, 0.10325476992143659, 0.12682379349046013, 0.04152637485970819, 0.04826038159371493, 0.05723905723905724, 0.03928170594837262, 0.02132435465768799, 0.025813692480359147, 0.02132435465768799, 0.026936026936026935, 0.05948372615039282, 0.019079685746352413, 0.02356902356902357
B:CGTCC, 0.016170212765957447, 0.0, 0.05446808510638297, 0.06978723404255319, 0.06808510638297872, 0.05702127659574468, 0.06808510638297872, 0.04936170212765958, 0.07829787234042553, 0.1327659574468085, 0.04, 0.0425531914893617, 0.0876595744680851, 0.02212765957446809, 0.026382978723404255, 0.026382978723404258, 0.02127659574468085, 0.02893617021276596, 0.05872340425531915, 0.01446808510638298, 0.0374468085106383
B:CGTCG, 0.01107011070110701, 0.0, 0.051660516605166046, 0.05719557195571956, 0.07749077490774908, 0.03874538745387454, 0.06457564575645756, 0.03505535055350553, 0.07749077490774908, 0.11623616236162361, 0.06273062730627306, 0.05904059040590406, 0.11992619926199262, 0.02767527675276753, 0.02029520295202952, 0.027675276752767524, 0.03505535055350553, 0.01845018450184502, 0.07380073800738006, 0.00922509225092251, 0.016605166051660517
B:CGTCT, 0.021164021164021163, 0.0, 0.059964726631393295, 0.07848324514991181, 0.07671957671957672, 0.05026455026455026, 0.08112874779541446, 0.05555555555555555, 0.07760141093474426, 0.1146384479717813, 0.06261022927689594, 0.03968253968253968, 0.06437389770723104, 0.024691358024691357, 0.026455026455026454, 0.026455026455026454, 0.021164021164021163, 0.03439153439153439, 0.047619047619047616, 0.009700176366843033, 0.027336860670194002
B:CGTGA, 0.03067484662576687, 0.0, 0.0541922290388548, 0.06850715746421268, 0.07259713701431493, 0.03987730061349693, 0.0705521472392638, 0.06237218813905931, 0.08384458077709611, 0.12985685071574643, 0.06032719836400817, 0.03374233128834356, 0.06032719836400818, 0.028629856850715747, 0.03169734151329243, 0.028629856850715747, 0.015337423312883436, 0.028629856850715747, 0.05828220858895705, 0.016359918200409, 0.02556237218813906
B:CGTGC, 0.010221465076660987, 0.0, 0.036626916524701875, 0.0706984667802385, 0.06303236797274277, 0.051107325383304945, 0.07155025553662692, 0.04599659284497445, 0.09795570698466781, 0.14480408858603067, 0.050255536626916515, 0.0434412265758092, 0.0706984667802385, 0.03151618398637138, 0.02555366269165247, 0.03492333901192504, 0.022998296422487224, 0.02385008517887564, 0.06814310051107324, 0.010221465076660987, 0.026405451448040886
B:CGTGG, 0.01887871853546911, 0.0, 0.05377574370709382, 0.06693363844393593, 0.06636155606407322, 0.04862700228832952, 0.07894736842105263, 0.039473684210526314, 0.07837528604118993, 0.13329519450800914, 0.056636155606407314, 0.04977116704805492, 0.06292906178489703, 0.02803203661327231, 0.02688787185354691, 0.020594965675057208, 0.02688787185354691, 0.02917620137299771, 0.061212814645308915, 0.019450800915331808, 0.03375286041189931
B:CGTGT, 0.014619883040935672, 0.0, 0.0604288499025341, 0.07504873294346978, 0.07017543859649122, 0.06335282651072124, 0.07407407407407407, 0.044834307992202733, 0.09259259259259259, 0.10526315789473685, 0.04873294346978557, 0.056530214424951264, 0.05458089668615984, 0.029239766081871347, 0.022417153996101363, 0.02923976608187134, 0.03313840155945419, 0.023391812865497075, 0.05458089668615984, 0.01949317738791423, 0.028265107212475632
B:CGTTA, 0.02564102564102564, 0.0, 0.06552706552706553, 0.07692307692307693, 0.08547008547008547, 0.06552706552706553, 0.07692307692307693, 0.03418803418803419, 0.05128205128205128, 0.07122507122507121, 0.08262108262108261, 0.025641025641025647, 0.05698005698005698, 0.039886039886039885, 0.04843304843304843, 0.02849002849002849, 0.02564102564102564, 0.03418803418803419, 0.042735042735042736, 0.019943019943019943, 0.04273504273504274
B:CGTTC, 0.016766467065868262, 0.0, 0.058682634730538925, 0.07065868263473053, 0.07544910179640718, 0.04910179640718563, 0.06467065868263473, 0.052694610778443125, 0.07544910179640718, 0.1029940119760479, 0.06107784431137724, 0.04790419161676647, 0.06946107784431138, 0.032335329341317366, 0.026347305389221556, 0.029940119760479042, 0.023952095808383235, 0.041916167664670656, 0.05269461077844311, 0.022754491017964073, 0.025149700598802394
B:CGTTG, 0.022004889975550123, 0.0, 0.0550122249388753, 0.0843520782396088, 0.07579462102689485, 0.05867970660146699, 0.06112469437652813, 0.04523227383863081, 0.07701711491442542, 0.11491442542787286, 0.06601466992665037, 0.0488997555012225, 0.06601466992665037, 0.028117359413202935, 0.02567237163814181, 0.029339853300733496, 0.018337408312958436, 0.023227383863080684, 0.05867970660146699, 0.019559902200488997, 0.022004889975550123
B:CGTTT, 0.02406417112299465, 0.0, 0.058823529411764705, 0.06417112299465241, 0.07219251336898395, 0.058823529411764705, 0.07486631016042782, 0.05882352941176471, 0.09090909090909091, 0.08689839572192513, 0.058823529411764705, 0.0427807486631016, 0.0748663101604278, 0.03208556149732621, 0.03342245989304813, 0.02807486631016043, 0.020053475935828877, 0.040106951871657755, 0.04946524064171123, 0.012032085561497326, 0.01871657754010695
B:CTCAA, 0.037020517395182875, 0.0, 0.06601248884924175, 0.07493309545049064, 0.06735057983942908, 0.05976806422836753, 0.0655664585191793, 0.047725245316681535, 0.08028545941123996, 0.08340767172167707, 0.06735057983942908, 0.0463871543264942, 0.06512042818911686, 0.02542372881355932, 0.030330062444246207, 0.03746654772524532, 0.019625334522747548, 0.028991971454058876, 0.051739518287243526, 0.015611061552185548, 0.029884032114183764
B:CTCAC, 0.024368761009982386, 0.0, 0.05490311215502055, 0.08602466236054022, 0.058719906048150326, 0.05783910745742807, 0.0648854961832061, 0.04726952436876101, 0.09806224310041103, 0.11949500880798591, 0.05284791544333529, 0.046095126247798004, 0.06371109806224311, 0.024662360540223135, 0.021139166177334117, 0.029947152084556665, 0.022313564298297124, 0.03816793893129771, 0.04756312389900176, 0.015267175572519082, 0.026717557251908396
B:CTCAG, 0.02599771949828962, 0.0, 0.05496009122006842, 0.07844925883694413, 0.06339794754846066, 0.055188141391106046, 0.06909920182440137, 0.04469783352337515, 0.09509692132269099, 0.1160775370581528, 0.05792474344355758, 0.03899657924743444, 0.0709236031927024, 0.02280501710376283, 0.028050171037628278, 0.031014823261117448, 0.02212086659064994, 0.036944127708095784, 0.0483466362599772, 0.01573546180159635, 0.024173318129988602
B:CTCAT, 0.03498427672955975, 0.0, 0.06092767295597484, 0.07429245283018868, 0.0660377358490566, 0.05385220125786164, 0.06564465408805031, 0.04323899371069182, 0.09512578616352202, 0.0880503144654088, 0.05778301886792453, 0.04481132075471698, 0.06878930817610063, 0.02790880503144654, 0.030267295597484277, 0.03459119496855346, 0.02397798742138365, 0.03930817610062893, 0.04559748427672956, 0.01139937106918239, 0.03341194968553459
B:CTCCA, 0.02799285288862418, 0.0, 0.053801866190192574, 0.07325789160214413, 0.0639269406392694, 0.05439745880484415, 0.0722652372443915, 0.045662100456621, 0.09350804050029779, 0.09847131228906095, 0.05955926146515783, 0.04744887830057574, 0.07564026206075045, 0.029184038117927337, 0.02541195155846734, 0.029184038117927337, 0.019456025411951558, 0.03553702600754417, 0.049037125272979945, 0.017470716696446297, 0.028786976374826287
B:CTCCC, 0.025846925972396486, 0.0, 0.05872020075282309, 0.07754077791718945, 0.05771643663739021, 0.05796737766624844, 0.07979924717691343, 0.051191969887076534, 0.08456712672521957, 0.11342534504391466, 0.05520702634880803, 0.04542032622333752, 0.07101631116687579, 0.021580928481806774, 0.023588456712672522, 0.025846925972396486, 0.017063989962358847, 0.033626097867001256, 0.05294855708908407, 0.018820577164366373, 0.028105395232120453
B:CTCCG, 0.017718715393133997, 0.0, 0.06090808416389812, 0.08748615725359911, 0.061461794019933555, 0.044296788482835, 0.07142857142857142, 0.04263565891472868, 0.08859357696567, 0.1124031007751938, 0.05094130675526025, 0.046511627906976744, 0.09191583610188261, 0.0221483942414175, 0.024363233665559248, 0.03211517165005537, 0.023255813953488372, 0.027131782945736434, 0.04706533776301218, 0.016611295681063124, 0.031007751937984496
B:CTCCT, 0.028440366972477066, 0.0, 0.050091743119266056, 0.0818348623853211, 0.05577981651376147, 0.055412844036697245, 0.07155963302752293, 0.04348623853211009, 0.0944954128440367, 0.11155963302752293, 0.06128440366972477, 0.0418348623853211, 0.0763302752293578, 0.025504587155963303, 0.027706422018348623, 0.025321100917431193, 0.01908256880733945, 0.030825688073394496, 0.053944954128440366, 0.013761467889908258, 0.031743119266055046
B:CTCGA, 0.029058116232464935, 0.0, 0.04909819639278557, 0.09619238476953908, 0.06813627254509018, 0.05911823647294588, 0.07615230460921844, 0.02905811623246493, 0.06613226452905811, 0.09919839679358718, 0.06613226452905811, 0.04408817635270541, 0.06513026052104208, 0.03206412825651302, 0.023046092184368736, 0.031062124248496997, 0.026052104208416832, 0.028056112224448898, 0.06312625250501001, 0.014028056112224449, 0.03507014028056112
B:CTCGC, 0.017829457364341085, 0.0, 0.05193798449612403, 0.07441860465116279, 0.05581395348837209, 0.05271317829457364, 0.07674418604651163, 0.0372093023255814, 0.07674418604651163, 0.12945736434108526, 0.05193798449612403, 0.03875968992248062, 0.08062015503875969, 0.03798449612403101, 0.030232558139534883, 0.03565891472868217, 0.024806201550387597, 0.021705426356589147, 0.06434108527131784, 0.01007751937984496, 0.031007751937984496
B:CTCGG, 0.024615384615384615, 0.0, 0.0558974358974359, 0.08717948717948718, 0.06615384615384616, 0.048205128205128206, 0.06564102564102564, 0.04256410256410256, 0.09538461538461539, 0.11282051282051282, 0.0558974358974359, 0.03641025641025641, 0.0841025641025641, 0.02205128205128205, 0.021538461538461538, 0.03538461538461538, 0.02, 0.026153846153846153, 0.05948717948717948, 0.009743589743589744, 0.030769230769230774
B:CTCGT, 0.02233502538071066, 0.0, 0.05380710659898477, 0.0700507614213198, 0.07411167512690356, 0.05279187817258884, 0.0700507614213198, 0.04974619289340102, 0.07715736040609138, 0.10964467005076144, 0.05685279187817258, 0.04467005076142132, 0.08121827411167512, 0.028426395939086295, 0.02030456852791878, 0.028426395939086295, 0.02131979695431472, 0.03147208121827411, 0.06192893401015229, 0.016243654822335026, 0.029441624365482234
B:CTCTA, 0.02637749120750293, 0.0, 0.056858147713950764, 0.0697538100820633, 0.06565064478311841, 0.0615474794841735, 0.06389214536928488, 0.053341148886283704, 0.08616647127784291, 0.09378663540445487, 0.06213364595545135, 0.04279015240328253, 0.07268464243845252, 0.031652989449003514, 0.031652989449003514, 0.03516998827667057, 0.01992966002344666, 0.03223915592028136, 0.04044548651817116, 0.01817116060961313, 0.03575615474794842
B:CTCTC, 0.027963057978450487, 0.0, 0.06028732683427399, 0.07234479220112879, 0.05336069779374038, 0.050538737814263726, 0.06362237044638276, 0.05233453052847614, 0.09363776295536172, 0.0982555156490508, 0.06516162134427912, 0.04874294510005131, 0.07773217034376603, 0.024628014366341714, 0.029502308876346847, 0.02744997434581837, 0.017444843509492047, 0.03796818881477681, 0.05002565418163161, 0.017957927142124165, 0.0310415597742432
B:CTCTG, 0.025293255131964808, 0.0, 0.06121700879765396, 0.0714809384164223, 0.06323313782991202, 0.05993401759530792, 0.07386363636363635, 0.04747067448680352, 0.08944281524926685, 0.11235337243401759, 0.06213343108504399, 0.04490469208211144, 0.07368035190615836, 0.020894428152492667, 0.027309384164222874, 0.02657624633431085, 0.02034457478005865, 0.032074780058651026, 0.04820381231671554, 0.015762463343108504, 0.023826979472140762
B:CTCTT, 0.0353366004642765, 0.0, 0.062419396440546816, 0.0750580345628063, 0.06835181841630127, 0.06396698478204797, 0.05364972917204024, 0.049522826928037146, 0.07815321124580861, 0.08537529017281403, 0.0629352592210472, 0.048749032757286564, 0.078669074026309, 0.02398761929326799, 0.027598658756770696, 0.03249935517152438, 0.024503482073768377, 0.040753159659530566, 0.04565385607428424, 0.019086922878514316, 0.0237296879030178
B:CTTAA, 0.04241071428571428, 0.0, 0.057291666666666664, 0.0744047619047619, 0.06696428571428571, 0.07514880952380952, 0.06845238095238096, 0.05654761904761905, 0.06473214285714286, 0.0625, 0.06473214285714286, 0.05133928571428571, 0.04836309523809524, 0.021577380952380952, 0.04241071428571429, 0.03273809523809524, 0.026041666666666668, 0.044642857142857144, 0.046130952380952384, 0.020089285714285716, 0.033482142857142856
B:CTTAC, 0.03317307692307692, 0.0, 0.06057692307692308, 0.07403846153846154, 0.06490384615384616, 0.06778846153846153, 0.0625, 0.05096153846153846, 0.10240384615384615, 0.08990384615384615, 0.05721153846153846, 0.04375, 0.06538461538461539, 0.023076923076923078, 0.03028846153846154, 0.03413461538461538, 0.017788461538461538, 0.036057692307692304, 0.046634615384615385, 0.019230769230769232, 0.020192307692307693
B:CTTAG, 0.03173431734317343, 0.0, 0.05830258302583026, 0.0929889298892989, 0.06346863468634686, 0.061254612546125464, 0.06715867158671587, 0.043542435424354244, 0.07970479704797048, 0.07453874538745388, 0.05461254612546126, 0.03837638376383764, 0.06420664206642067, 0.025092250922509225, 0.04206642066420665, 0.04059040590405904, 0.01845018450184502, 0.035424354243542434, 0.05239852398523985, 0.019188191881918816, 0.03690036900369004
B:CTTAT, 0.05165114309906858, 0.0, 0.0838272650296359, 0.06858594411515664, 0.06773920406435224, 0.07112616426756986, 0.04995766299745978, 0.06773920406435223, 0.06858594411515664, 0.060118543607112614, 0.06858594411515664, 0.03302286198137172, 0.07366638441998306, 0.028789161727349702, 0.03895004233700254, 0.029635901778154106, 0.015241320914479255, 0.04233700254022015, 0.04318374259102455, 0.016088060965283656, 0.021168501270110076
B:CTTCA, 0.027008310249307478, 0.0, 0.053554939981532775, 0.07340720221606649, 0.06071098799630656, 0.06740535549399815, 0.061172668513388734, 0.045706371191135735, 0.0951061865189289, 0.09579870729455217, 0.06671283471837489, 0.04039704524469068, 0.07571560480147738, 0.030009233610341645, 0.03578024007386888, 0.029778393351800554, 0.023084025854108958, 0.034164358264081256, 0.04339796860572484, 0.01592797783933518, 0.025161588180978762
B:CTTCC, 0.02715751357875679, 0.0, 0.05773486220076443, 0.08509354254677128, 0.056729028364514184, 0.060752363709515186, 0.06517803258901629, 0.042043854355260514, 0.09052504526252263, 0.10581371957352645, 0.05934419633876484, 0.04626835646751157, 0.07181653590826795, 0.021927177630255482, 0.02755984711325689, 0.02534701267350634, 0.024341178837256085, 0.038221685777509555, 0.05049285857976262, 0.012874673104003219, 0.030778515389257695
B:CTTCG, 0.02042360060514372, 0.0, 0.06127080181543117, 0.10892586989409984, 0.05446293494704992, 0.05068078668683813, 0.05370650529500756, 0.03479576399394857, 0.0794251134644478, 0.11346444780635401, 0.059757942511346446, 0.046898638426626324, 0.07413010590015129, 0.024205748865355523, 0.031013615733736764, 0.037065052950075644, 0.02798789712556732, 0.02193645990922844, 0.046898638426626324, 0.01966717095310136, 0.03328290468986384
B:CTTCT, 0.031874662344678555, 0.0, 0.056185845488924906, 0.07689537187106069, 0.06014766792724653, 0.05888708806050783, 0.06717089861336215, 0.04267963263101026, 0.09292274446245273, 0.09580406987214118, 0.06014766792724653, 0.04195930127858815, 0.0750945434900054, 0.025391680172879523, 0.031874662344678555, 0.028993336934990094, 0.020709526382135784, 0.04051863857374392, 0.046461372231226365, 0.015126958400864395, 0.031154330992256438
B:CTTGA, 0.035412474849094565, 0.0, 0.05995975855130785, 0.07243460764587525, 0.07002012072434607, 0.05754527162977867, 0.061971830985915494, 0.04386317907444668, 0.0841046277665996, 0.08651911468812877, 0.0676056338028169, 0.03702213279678068, 0.07645875251509054, 0.02293762575452716, 0.031388329979879274, 0.037826961770623745, 0.02414486921529175, 0.03621730382293763, 0.044668008048289735, 0.020523138832997986, 0.02937625754527163
B:CTTGC, 0.030546009927453228, 0.0, 0.059182894234440626, 0.08056510118365788, 0.06338297059946545, 0.052691867124856816, 0.06147384497899962, 0.042764413898434515, 0.0935471554028255, 0.10156548300878197, 0.06452844597174494, 0.042000763650248185, 0.07140129820542192, 0.026345933562428408, 0.029018709431080564, 0.03436426116838488, 0.023291332569683087, 0.037418862161130204, 0.046582665139366174, 0.012600229095074456, 0.026727758686521573
B:CTTGG, 0.03231244731666198, 0.0, 0.062377072211295306, 0.0769879179544816, 0.05338578252318067, 0.05956729418375948, 0.06518685023883114, 0.047204270862601844, 0.0848552964315819, 0.09637538634447877, 0.06012924978926665, 0.04046080359651588, 0.08260747400955325, 0.02500702444506884, 0.02500702444506884, 0.0320314695139084, 0.02051137960101152, 0.03540320314695139, 0.049452093284630516, 0.01826355717898286, 0.03287440292216915
B:CTTGT, 0.04143544210136885, 0.0, 0.05290418054014059, 0.07436182019977802, 0.05808361080281169, 0.05808361080281169, 0.05660377358490566, 0.05327413984461709, 0.08990011098779134, 0.08139104698483167, 0.0684424713281539, 0.04587495375508694, 0.06955234924158342, 0.03107658157602664, 0.029966703662597113, 0.033296337402885685, 0.022567517573066964, 0.03366629670736219, 0.05179430262671106, 0.017758046614872364, 0.029966703662597113
B:CTTTA, 0.03123345685547909, 0.0, 0.07305452620434093, 0.07676019057702488, 0.08417151932239281, 0.0698782424563261, 0.05399682371625199, 0.05346744309158285, 0.06617257808364214, 0.06776071995764955, 0.0614081524616199, 0.044997353096876656, 0.06829010058231869, 0.026998411858125994, 0.03440974060349391, 0.04235044997353097, 0.021175224986765485, 0.044997353096876656, 0.030174695606140816, 0.019587083112758072, 0.029115934356802542
B:CTTTC, 0.03340110368864362, 0.0, 0.06302643043857101, 0.08306709265175719, 0.06622131861748475, 0.05605576532094104, 0.06128376415916351, 0.04995643334301482, 0.0801626488527447, 0.08277664827185593, 0.06273598605866977, 0.04472843450479233, 0.066511762997386, 0.031367993029334885, 0.03630554748765611, 0.030787104269532385, 0.02701132733081615, 0.04066221318617485, 0.0397908800464711, 0.016845774034272436, 0.027301771710717397
B:CTTTG, 0.03332383936200513, 0.0, 0.06892623184277984, 0.07234406152093421, 0.07376815722016519, 0.061236115066932495, 0.06209057248647109, 0.04614070065508402, 0.07974935915693535, 0.08031899743662774, 0.0609512959270863, 0.04614070065508402, 0.07405297636001139, 0.024494446026773, 0.035887211620620904, 0.0364568499003133, 0.021361435488464826, 0.033608658501851324, 0.04386214753631444, 0.01708914839077186, 0.028197094844773573
B:CTTTT, 0.03975903614457831, 0.0, 0.07620481927710844, 0.07590361445783132, 0.0786144578313253, 0.06204819277108434, 0.056325301204819274, 0.0605421686746988, 0.0789156626506024, 0.06385542168674699, 0.06596385542168674, 0.04759036144578313, 0.0608433734939759, 0.027710843373493974, 0.04066265060240964, 0.029819277108433736, 0.021686746987951807, 0.04036144578313253, 0.03584337349397591, 0.018072289156626505, 0.01927710843373494
B:GACAA, 0.03690987124463519, 0.0, 0.06738197424892704, 0.07167381974248926, 0.07210300429184549, 0.06223175965665236, 0.05193133047210301, 0.0592274678111588, 0.08068669527896996, 0.09356223175965665, 0.053218884120171665, 0.03862660944206009, 0.0703862660944206, 0.030472103004291845, 0.027896995708154508, 0.028755364806866954, 0.019742489270386267, 0.041201716738197426, 0.045493562231759654, 0.015450643776824034, 0.03304721030042918
B:GACAC, 0.028960817717206135, 0.0, 0.05749574105621806, 0.07197614991482112, 0.06601362862010221, 0.05536626916524702, 0.07879045996592846, 0.0374787052810903, 0.09327086882453152, 0.12862010221465076, 0.04982964224872232, 0.04471890971039183, 0.05706984667802385, 0.026831345826235097, 0.02512776831345826, 0.026831345826235097, 0.018739352640545145, 0.03151618398637138, 0.05153321976149915, 0.018739352640545145, 0.031090289608177172
B:GACAG, 0.028835978835978836, 0.0, 0.056613756613756616, 0.07142857142857142, 0.06005291005291005, 0.05978835978835979, 0.06904761904761905, 0.04523809523809524, 0.09576719576719576, 0.12724867724867725, 0.055026455026455035, 0.048412698412698414, 0.06904761904761905, 0.021693121693121695, 0.024074074074074074, 0.024074074074074074, 0.019312169312169312, 0.030952380952380953, 0.04735449735449736, 0.01746031746031746, 0.02857142857142857
B:GACAT, 0.03784295175023652, 0.0, 0.0728476821192053, 0.07095553453169347, 0.06007568590350047, 0.04919583727530748, 0.07142857142857142, 0.04872280037842952, 0.09555345316934721, 0.08845789971617786, 0.05298013245033112, 0.03358561967833491, 0.06244087038789026, 0.0293282876064333, 0.03642384105960265, 0.03453169347209082, 0.022232734153263954, 0.03358561967833491, 0.05345316934720908, 0.01892147587511826, 0.027436140018921477
B:GACCA, 0.030495049504950494, 0.0, 0.05742574257425743, 0.08475247524752476, 0.057821782178217825, 0.051089108910891086, 0.07405940594059406, 0.04396039603960396, 0.08712871287128712, 0.09346534653465347, 0.049900990099009904, 0.049900990099009904, 0.07405940594059406, 0.033663366336633666, 0.023762376237623763, 0.03445544554455446, 0.018613861386138613, 0.03920792079207921, 0.0495049504950495, 0.015049504950495049, 0.031683168316831684
B:GACCC, 0.024469820554649267, 0.0, 0.05750407830342578, 0.08156606851549755, 0.059135399673735725, 0.05628058727569331, 0.06199021207177814, 0.03303425774877651, 0.1064437194127243, 0.12194127243066884, 0.055057096247960846, 0.0432300163132137, 0.08319738988580751, 0.021207177814029365, 0.01957585644371941, 0.024877650897226756, 0.022430668841761828, 0.029771615008156605, 0.053833605220228384, 0.014274061990212071, 0.030179445350734094
B:GACCG, 0.021760633036597428, 0.0, 0.04846686449060336, 0.0840751730959446, 0.06231454005934718, 0.05341246290801187, 0.06528189910979229, 0.051434223541048464, 0.0791295746785361, 0.11572700296735905, 0.04451038575667656, 0.04154302670623145, 0.09099901088031652, 0.027695351137487636, 0.01582591493570722, 0.02373887240356083, 0.026706231454005934, 0.032640949554896145, 0.04945598417408507, 0.02571711177052423, 0.03956478733926805
B:GACCT, 0.024180967238689545, 0.0, 0.05187207488299532, 0.07332293291731669, 0.054602184087363496, 0.05499219968798752, 0.06357254290171607, 0.03666146645865835, 0.08697347893915756, 0.11388455538221529, 0.059282371294851796, 0.0514820592823713, 0.07683307332293292, 0.02418096723868955, 0.029641185647425898, 0.033931357254290175, 0.021450858034321372, 0.0343213728549142, 0.05655226209048362, 0.01794071762870515, 0.0343213728549142
B:GACGA, 0.02054054054054054, 0.0, 0.05297297297297297, 0.061621621621621624, 0.09837837837837837, 0.056216216216216225, 0.06702702702702704, 0.05297297297297298, 0.0918918918918919, 0.10918918918918918, 0.05297297297297298, 0.03783783783783784, 0.08216216216216216, 0.023783783783783784, 0.021621621621621623, 0.03027027027027027, 0.02054054054054054, 0.022702702702702703, 0.05405405405405406, 0.015135135135135135, 0.028108108108108106
B:GACGC, 0.01166489925768823, 0.0, 0.06362672322375397, 0.07104984093319194, 0.06468716861081655, 0.04559915164369035, 0.06574761399787912, 0.04347826086956521, 0.1102863202545069, 0.13149522799575822, 0.042417815482502653, 0.04772004241781548, 0.07953340402969247, 0.022269353128313893, 0.027571580063626724, 0.02545068928950159, 0.022269353128313893, 0.029692470837751856, 0.05408271474019088, 0.012725344644750796, 0.02863202545068929
B:GACGG, 0.022281639928698752, 0.0, 0.062388591800356503, 0.07219251336898395, 0.06149732620320856, 0.054367201426024955, 0.07397504456327986, 0.05258467023172905, 0.06506238859180036, 0.12121212121212122, 0.05614973262032086, 0.05258467023172905, 0.09001782531194295, 0.029411764705882353, 0.024064171122994648, 0.0213903743315508, 0.025846702317290554, 0.027629233511586453, 0.054367201426024955, 0.0106951871657754, 0.022281639928698752
B:GACGT, 0.011968085106382979, 0.0, 0.042553191489361694, 0.05851063829787234, 0.07180851063829788, 0.047872340425531915, 0.08776595744680851, 0.05718085106382979, 0.07047872340425532, 0.13164893617021275, 0.05053191489361702, 0.0425531914893617, 0.05319148936170213, 0.03723404255319149, 0.022606382978723406, 0.030585106382978722, 0.023936170212765957, 0.03723404255319149, 0.07047872340425532, 0.015957446808510637, 0.03590425531914894
B:GACTA, 0.03550863723608445, 0.0, 0.06238003838771593, 0.07869481765834933, 0.07869481765834933, 0.04702495201535509, 0.0671785028790787, 0.04990403071017274, 0.09596928982725528, 0.0892514395393474, 0.06333973128598848, 0.030710172744721688, 0.06525911708253358, 0.02399232245681382, 0.02687140115163148, 0.04030710172744722, 0.015355086372360844, 0.02783109404990403, 0.0508637236084453, 0.023032629558541268, 0.02783109404990403
B:GACTC, 0.01959890610756609, 0.0, 0.06472196900638104, 0.07429352780309936, 0.06472196900638104, 0.05834092980856882, 0.06654512306289881, 0.04649042844120328, 0.09115770282588878, 0.10528714676390155, 0.06153144940747493, 0.04284412032816773, 0.07201458523245215, 0.024612579762989972, 0.025524156791248864, 0.02552415679124886, 0.022789425706472195, 0.034184138559708296, 0.060619872379216046, 0.017775752051048314, 0.021422060164083864
B:GACTG, 0.024539877300613498, 0.0, 0.061733128834355826, 0.07975460122699386, 0.06710122699386502, 0.06441717791411043, 0.06978527607361963, 0.04831288343558282, 0.0789877300613497, 0.10429447852760736, 0.06441717791411043, 0.037960122699386506, 0.06403374233128835, 0.032975460122699383, 0.02492331288343558, 0.027607361963190184, 0.02147239263803681, 0.033358895705521474, 0.046395705521472395, 0.01572085889570552, 0.032208588957055216
B:GACTT, 0.026940639269406392, 0.0, 0.0593607305936073, 0.06164383561643835, 0.0730593607305936, 0.0639269406392694, 0.05799086757990867, 0.04794520547945205, 0.08493150684931507, 0.0908675799086758, 0.07260273972602739, 0.03972602739726028, 0.08721461187214612, 0.028767123287671236, 0.03515981735159817, 0.028310502283105027, 0.023287671232876714, 0.038356164383561646, 0.045205479452054796, 0.012328767123287671, 0.02237442922374429
B:GATAA, 0.042483660130718956, 0.0, 0.07516339869281045, 0.08169934640522876, 0.06699346405228758, 0.06290849673202614, 0.058823529411764705, 0.059640522875817, 0.07516339869281045, 0.07026143790849673, 0.06454248366013073, 0.04003267973856209, 0.05800653594771242, 0.029411764705882353, 0.0392156862745098, 0.03431372549019608, 0.018790849673202614, 0.03676470588235294, 0.03758169934640523, 0.0196078431372549, 0.028594771241830064
B:GATAC, 0.03696098562628337, 0.0, 0.07494866529774127, 0.08213552361396304, 0.07392197125256673, 0.05338809034907598, 0.04722792607802875, 0.05030800821355237, 0.09034907597535935, 0.0759753593429158, 0.06365503080082134, 0.04620123203285421, 0.07186858316221766, 0.022587268993839837, 0.03490759753593429, 0.028747433264887063, 0.014373716632443531, 0.03490759753593429, 0.058521560574948665, 0.01642710472279261, 0.022587268993839837
B:GATAG, 0.03759398496240601, 0.0, 0.07706766917293233, 0.06109022556390977, 0.07612781954887218, 0.06015037593984962, 0.06578947368421052, 0.03007518796992481, 0.09304511278195489, 0.09586466165413533, 0.06015037593984962, 0.03571428571428572, 0.07424812030075188, 0.02725563909774436, 0.02913533834586466, 0.029135338345864664, 0.020676691729323307, 0.03665413533834586, 0.037593984962406006, 0.017857142857142856, 0.03477443609022556
B:GATAT, 0.040776699029126215, 0.0, 0.07281553398058252, 0.0912621359223301, 0.06407766990291262, 0.06796116504854369, 0.04660194174757281, 0.05339805825242718, 0.0766990291262136, 0.05339805825242718, 0.06407766990291262, 0.05339805825242718, 0.06407766990291262, 0.027184466019417475, 0.039805825242718446, 0.043689320388349516, 0.021359223300970873, 0.039805825242718446, 0.05242718446601942, 0.009708737864077669, 0.017475728155339806
B:GATCA, 0.044911881750994885, 0.0, 0.08072768618533258, 0.07276861853325753, 0.07447413303013076, 0.04832291074474133, 0.052870949403069925, 0.05059693007390563, 0.07163160886867538, 0.08186469584991472, 0.06083001705514497, 0.05514496873223423, 0.06822057987492894, 0.0267197271176805, 0.028425241614553724, 0.03240477544059125, 0.02046617396247868, 0.030130756111426946, 0.04945992040932348, 0.02046617396247868, 0.02956225127913587
B:GATCC, 0.03435319377348363, 0.0, 0.061191626409017714, 0.08319914117015566, 0.07139023081052066, 0.05421363392377885, 0.0558239398819109, 0.04777241009125067, 0.09554482018250134, 0.08910359634997315, 0.062265163714439076, 0.04723564143853999, 0.07085346215780998, 0.024691358024691357, 0.027911969940955447, 0.028985507246376812, 0.024691358024691357, 0.031132581857219538, 0.04777241009125066, 0.020933977455716585, 0.020933977455716585
B:GATCG, 0.013888888888888888, 0.0, 0.05246913580246913, 0.08333333333333333, 0.07716049382716049, 0.047839506172839504, 0.06635802469135803, 0.03395061728395062, 0.08179012345679013, 0.09567901234567901, 0.046296296296296294, 0.05092592592592592, 0.08179012345679013, 0.016975308641975308, 0.030864197530864196, 0.04783950617283951, 0.023148148148148147, 0.021604938271604937, 0.06790123456790123, 0.023148148148148147, 0.037037037037037035
B:GATCT, 0.03812316715542522, 0.0, 0.06402737047898338, 0.07233626588465299, 0.06256109481915934, 0.0576735092864125, 0.05767350928641251, 0.04985337243401759, 0.08895405669599218, 0.0850439882697947, 0.059628543499511244, 0.05278592375366569, 0.07869012707722385, 0.019550342130987292, 0.027370478983382213, 0.03616813294232649, 0.01906158357771261, 0.033235581622678395, 0.056207233626588464, 0.01710654936461388, 0.023949169110459433
B:GATGA, 0.038122243226212986, 0.0, 0.062381852551984876, 0.06962822936357908, 0.07309388783868935, 0.057971014492753624, 0.0661625708884688, 0.03780718336483932, 0.09136735979836169, 0.09357277882797732, 0.05576559546313801, 0.036231884057971016, 0.07246376811594203, 0.026465028355387523, 0.0356017643352237, 0.031190926275992438, 0.024259609325771897, 0.035916824196597356, 0.05135475740390674, 0.011342155009451797, 0.02930056710775047
B:GATGC, 0.02955082742316785, 0.0, 0.054373522458628844, 0.07328605200945626, 0.06698187549251379, 0.05003940110323089, 0.06264775413711583, 0.04688731284475965, 0.08983451536643026, 0.10362490149724192, 0.06185973207249803, 0.042159180457052796, 0.0673758865248227, 0.029944838455476755, 0.02797478329393223, 0.03309692671394799, 0.022852639873916468, 0.029944838455476755, 0.0504334121355398, 0.019700551615445233, 0.03743104806934594
B:GATGG, 0.028747433264887063, 0.0, 0.05720152537400997, 0.08213552361396304, 0.05426811381636844, 0.06189498386623643, 0.06130830155470812, 0.04576122029920797, 0.09474919331182165, 0.09914931064828393, 0.06072161924317982, 0.049281314168377825, 0.07392197125256673, 0.030800821355236138, 0.02376063361689645, 0.030507480199471988, 0.020827222059254913, 0.03490759753593429, 0.04840129070108536, 0.01261366969785861, 0.02904077442065122
B:GATGT, 0.036523929471032744, 0.0, 0.05793450881612091, 0.07724601175482787, 0.07220822837951302, 0.05079764903442485, 0.06842989084802686, 0.0491183879093199, 0.09193954659949623, 0.08144416456759027, 0.056255247691015954, 0.049958018471872374, 0.061712846347607056, 0.028127623845507977, 0.02686817800167926, 0.03904282115869018, 0.02518891687657431, 0.031066330814441646, 0.0524769101595298, 0.01595298068849706, 0.027707808564231738
B:GATTA, 0.03245192307692308, 0.0, 0.07932692307692307, 0.07091346153846154, 0.07091346153846154, 0.056490384615384616, 0.04927884615384615, 0.04567307692307692, 0.09014423076923077, 0.057692307692307696, 0.0673076923076923, 0.040865384615384616, 0.06009615384615385, 0.020432692307692308, 0.06129807692307692, 0.038461538461538464, 0.027644230769230768, 0.026442307692307692, 0.04567307692307692, 0.027644230769230768, 0.031249999999999997
B:GATTC, 0.03399048266485384, 0.0, 0.06322229775662815, 0.07545887151597552, 0.06798096532970768, 0.06730115567641061, 0.061862678450033994, 0.05030591434398368, 0.08565601631543168, 0.08769544527532291, 0.06594153636981645, 0.05098572399728076, 0.06254248810333107, 0.018354860639021073, 0.03127124405166554, 0.03399048266485384, 0.023113528212100613, 0.028552005438477225, 0.04214819850441876, 0.020394289598912305, 0.029231815091774305
B:GATTG, 0.03712480252764613, 0.0, 0.0631911532385466, 0.08372827804107424, 0.06398104265402843, 0.06398104265402843, 0.052132701421800945, 0.04739336492890995, 0.08293838862559241, 0.08372827804107424, 0.06003159557661927, 0.056872037914691954, 0.06477093206951026, 0.030805687203791468, 0.02843601895734597, 0.03475513428120063, 0.022906793048973143, 0.023696682464454975, 0.03870458135860979, 0.022906793048973143, 0.037914691943127965
B:GATTT, 0.04260218767990789, 0.0, 0.0644789867587795, 0.06390328151986183, 0.07541738629821532, 0.05699481865284974, 0.06102475532527346, 0.05238917674150835, 0.07714450201496834, 0.050086355785837644, 0.06966033390903857, 0.04720782959124928, 0.0644789867587795, 0.028209556706966035, 0.05008635578583765, 0.04720782959124928, 0.017271157167530225, 0.03511801957397812, 0.04087507196315487, 0.02648244099021301, 0.02936096718480138
B:GCCAA, 0.034026465028355386, 0.0, 0.05935727788279773, 0.0661625708884688, 0.057088846880907373, 0.06427221172022685, 0.06427221172022685, 0.04612476370510397, 0.09149338374291115, 0.09300567107750472, 0.07258979206049149, 0.03667296786389414, 0.08204158790170132, 0.02722117202268431, 0.02608695652173913, 0.029867674858223062, 0.02608695652173913, 0.02948960302457467, 0.04310018903591682, 0.018147448015122872, 0.03289224952741021
B:GCCAC, 0.027259684361549498, 0.0, 0.05136298421807747, 0.07661406025824964, 0.0593974175035868, 0.058823529411764705, 0.0746054519368723, 0.04103299856527977, 0.09440459110473458, 0.12281205164992827, 0.05853658536585366, 0.041319942611190826, 0.06255380200860833, 0.0218077474892396, 0.02266857962697274, 0.02582496413199426, 0.025251076040172165, 0.03185078909612626, 0.054519368723098996, 0.016929698708751793, 0.03242467718794836
B:GCCAG, 0.027256868730920192, 0.0, 0.04666375926733537, 0.0839511556912342, 0.05974705625817706, 0.05364151766245094, 0.07544701264718709, 0.04208460532054078, 0.08722197993894461, 0.113388573920628, 0.06258177060619276, 0.0453554295682512, 0.0708678587003925, 0.022459659834278237, 0.026384648931530745, 0.025730484081988657, 0.019406890536415176, 0.03924989097252508, 0.05080680331443524, 0.01439162668992586, 0.03336240732664632
B:GCCAT, 0.03178991015894955, 0.0, 0.050103662750518314, 0.07843814789219074, 0.057014512785072566, 0.05736005528680028, 0.06219765031098825, 0.04457498272287491, 0.08085694540428473, 0.09709744298548721, 0.05425017277125086, 0.04595715272978576, 0.07394609536973047, 0.026952315134761574, 0.027643400138217002, 0.035245335176226675, 0.024187975120939877, 0.0331720801658604, 0.058396682791983415, 0.021078092605390463, 0.03973738769868694
B:GCCCA, 0.02444857826202498, 0.0, 0.047302684028700505, 0.0781291522721233, 0.049162901939941536, 0.053149083178315175, 0.06909380813180972, 0.04198777571086899, 0.08982195057135264, 0.13393568960935423, 0.06191868190273718, 0.04783417486048366, 0.0661706085570024, 0.024980069093808132, 0.02630879617326601, 0.025511559925591284, 0.023385596598458677, 0.033749667818230134, 0.056338028169014086, 0.01488174328992825, 0.03188944990698911
B:GCCCC, 0.023837209302325583, 0.0, 0.04098837209302326, 0.07994186046511628, 0.053488372093023255, 0.05465116279069768, 0.0755813953488372, 0.045348837209302315, 0.09069767441860466, 0.1433139534883721, 0.04825581395348837, 0.0436046511627907, 0.07587209302325582, 0.022965116279069768, 0.017732558139534883, 0.023837209302325583, 0.02180232558139535, 0.031104651162790698, 0.05726744186046512, 0.015988372093023256, 0.03372093023255814
B:GCCCG, 0.017346938775510204, 0.0, 0.06479591836734694, 0.09081632653061225, 0.05051020408163265, 0.052551020408163264, 0.0826530612244898, 0.047448979591836735, 0.07244897959183673, 0.12040816326530612, 0.04795918367346939, 0.03826530612244898, 0.08469387755102041, 0.02653061224489796, 0.02193877551020408, 0.022448979591836733, 0.027551020408163266, 0.04030612244897959, 0.05102040816326531, 0.01020408163265306, 0.030102040816326527
B:GCCCT, 0.024663034126756526, 0.0, 0.050759965586464006, 0.08632061944364783, 0.051620303986234586, 0.05764267278462862, 0.07398910238026957, 0.038141669056495554, 0.0837396042443361, 0.11901347863492974, 0.06337826211643247, 0.044450817321479784, 0.0696874103814167, 0.02380269572698595, 0.02638371092629768, 0.027244049326068255, 0.02150845999426441, 0.03326641812446229, 0.05506165758531689, 0.015199311729280183, 0.03412675652423287
B:GCCGA, 0.012759170653907496, 0.0, 0.050239234449760764, 0.09250398724082935, 0.06299840510366826, 0.05741626794258373, 0.04784688995215312, 0.051036682615629984, 0.09011164274322168, 0.11562998405103668, 0.06220095693779904, 0.04784688995215311, 0.07655502392344497, 0.02631578947368421, 0.019138755980861243, 0.03508771929824561, 0.023125996810207338, 0.025518341307814992, 0.06379585326953748, 0.009569377990430622, 0.030303030303030304
B:GCCGC, 0.011042944785276074, 0.0, 0.0638036809815951, 0.09243353783231084, 0.04867075664621677, 0.051533742331288344, 0.07770961145194274, 0.05112474437627812, 0.0850715746421268, 0.10797546012269939, 0.05725971370143149, 0.04171779141104295, 0.08139059304703476, 0.022903885480572598, 0.02249488752556237, 0.02903885480572597, 0.024539877300613498, 0.03067484662576687, 0.05194274028629857, 0.021676891615541923, 0.026993865030674847
B:GCCGG, 0.010309278350515464, 0.0, 0.06494845360824743, 0.09329896907216495, 0.05412371134020619, 0.04329896907216495, 0.07164948453608247, 0.04536082474226805, 0.09123711340206185, 0.12525773195876289, 0.05360824742268042, 0.034536082474226806, 0.08041237113402062, 0.025257731958762887, 0.026288659793814433, 0.032474226804123714, 0.027835051546391754, 0.025257731958762887, 0.04896907216494845, 0.0134020618556701, 0.032474226804123714
B:GCCGT, 0.0158311345646438, 0.0, 0.058927000879507474, 0.08443271767810026, 0.051890941072999124, 0.04397537379067722, 0.07563764291996482, 0.04221635883905014, 0.08091468777484609, 0.13192612137203166, 0.05364995602462621, 0.058927000879507474, 0.06684256816182937, 0.0395778364116095, 0.027264731750219876, 0.019349164467897976, 0.0316622691292876, 0.021108179419525065, 0.05716798592788039, 0.010554089709762533, 0.028144239226033423
B:GCCTA, 0.037783375314861464, 0.0, 0.05961376994122586, 0.09403862300587741, 0.04869857262804366, 0.052057094878253565, 0.0688497061293031, 0.02434928631402183, 0.08060453400503778, 0.11586901763224182, 0.06717044500419815, 0.04030226700251889, 0.060453400503778336, 0.030226700251889168, 0.03442485306465155, 0.031066330814441646, 0.020151133501259445, 0.03946263643996641, 0.055415617128463476, 0.015113350125944584, 0.02434928631402183
B:GCCTC, 0.029080429656798534, 0.0, 0.05606497249148546, 0.08855121823421536, 0.059994760282944724, 0.049777312025150636, 0.07099816609903065, 0.03982184962012052, 0.09090909090909091, 0.11501178936337438, 0.05501702908042965, 0.04558553838092743, 0.07938171338747707, 0.023840712601519518, 0.0180770238407126, 0.026198585276395073, 0.026984542834686927, 0.02881844380403458, 0.0521351847000262, 0.01440922190201729, 0.029342415509562483
B:GCCTG, 0.02613661322205139, 0.0, 0.043268174829782555, 0.08390072479683724, 0.052712497254557435, 0.05798374698001318, 0.07423676696683505, 0.0465627059081924, 0.0863167142543378, 0.12101910828025478, 0.06215681967933231, 0.048319789150010985, 0.07116187129365253, 0.0232813529540962, 0.02657588403250604, 0.028332967274324623, 0.021963540522732264, 0.0320667691631891, 0.0494179661761476, 0.014276301339775971, 0.030309685921370524
B:GCCTT, 0.031035609278013722, 0.0, 0.05423064358052924, 0.0793858216269193, 0.055210715452466516, 0.06207121855602743, 0.06566481541979745, 0.041163018621365566, 0.08820646847435479, 0.10062071218556028, 0.05455733420450833, 0.04475661548513558, 0.07775236850702384, 0.022868343678536424, 0.026788631166285527, 0.03332244364586737, 0.024501796798431886, 0.03789611238157465, 0.04933028422084286, 0.01698791244691277, 0.033649134269846455
B:GCTAA, 0.0332409972299169, 0.0, 0.06832871652816251, 0.0729455216989843, 0.07017543859649122, 0.07479224376731301, 0.05447830101569714, 0.04986149584487535, 0.08033240997229917, 0.07202216066481995, 0.05909510618651893, 0.046168051708217916, 0.06463527239150507, 0.034164358264081256, 0.03970452446906741, 0.04155124653739612, 0.024930747922437674, 0.03785780240073869, 0.036011080332409975, 0.01662049861495845, 0.023084025854108958
B:GCTAC, 0.02457956015523933, 0.0, 0.0536869340232859, 0.09379042690815007, 0.05886157826649418, 0.06080206985769728, 0.059508408796895215, 0.04592496765847348, 0.0705045278137128, 0.09573091849935315, 0.06597671410090557, 0.04398447606727038, 0.08020698576972833, 0.02457956015523933, 0.0258732212160414, 0.032988357050452784, 0.0258732212160414, 0.03363518758085381, 0.054980595084087966, 0.018758085381630013, 0.029754204398447608
B:GCTAG, 0.025488530161427356, 0.0, 0.06032285471537808, 0.09430756159728122, 0.04672897196261682, 0.05777400169923534, 0.062022090059473234, 0.056074766355140186, 0.08156329651656755, 0.10450297366185217, 0.06457094307561598, 0.044180118946474084, 0.0713678844519966, 0.02548853016142736, 0.025488530161427356, 0.03313508920985556, 0.022090059473237042, 0.038232795242141036, 0.038232795242141036, 0.0118946474086661, 0.03653355989804588
B:GCTAT, 0.036300777873811585, 0.0, 0.08038029386343994, 0.059636992221261884, 0.05445116681071737, 0.052722558340535866, 0.06482281763180639, 0.038893690579083845, 0.09248055315471046, 0.09593777009507347, 0.07519446845289542, 0.05790838375108038, 0.06395851339671564, 0.025929127052722562, 0.03111495246326707, 0.032843560933448576, 0.026793431287813314, 0.033707865168539325, 0.03025064822817632, 0.014693171996542784, 0.03197925669835782
B:GCTCA, 0.024691358024691357, 0.0, 0.0538144982589427, 0.08262108262108261, 0.07122507122507121, 0.05824628046850269, 0.0709085153529598, 0.04400126622348845, 0.08483697372586262, 0.11364355808800253, 0.0582462804685027, 0.04558404558404559, 0.05887939221272555, 0.02564102564102564, 0.023741690408357077, 0.030389363722697058, 0.025324469768914212, 0.03640392529281418, 0.04938271604938271, 0.014245014245014245, 0.028173472617917063
B:GCTCC, 0.02493827160493827, 0.0, 0.05234567901234568, 0.08395061728395062, 0.055555555555555546, 0.057777777777777775, 0.08049382716049383, 0.037530864197530864, 0.08296296296296296, 0.11259259259259259, 0.051604938271604936, 0.05037037037037037, 0.07753086419753086, 0.028641975308641977, 0.02641975308641975, 0.027654320987654323, 0.021728395061728394, 0.03160493827160494, 0.04864197530864198, 0.018024691358024692, 0.029629629629629634
B:GCTCG, 0.017595307917888565, 0.0, 0.054252199413489736, 0.08944281524926687, 0.062316715542521994, 0.04472140762463343, 0.0718475073313783, 0.03519061583577713, 0.06964809384164222, 0.12976539589442815, 0.06744868035190617, 0.038856304985337244, 0.0747800586510264, 0.032991202346041054, 0.01979472140762463, 0.04252199413489736, 0.02272727272727273, 0.024926686217008796, 0.06378299120234604, 0.010997067448680353, 0.026392961876832845
B:GCTCT, 0.026198585276395073, 0.0, 0.0558029866387215, 0.07388001047943411, 0.059994760282944724, 0.0558029866387215, 0.06811632171862719, 0.04427560911710768, 0.07597589730154572, 0.11343987424679067, 0.06392454807440398, 0.04532355252816348, 0.0728320670683783, 0.02750851454021483, 0.034058160859313596, 0.029342415509562483, 0.021744825779407912, 0.034320146712077546, 0.04925334031962274, 0.017029080429656798, 0.03117631647891014
B:GCTGA, 0.020542533579141427, 0.0, 0.05425335791414274, 0.08138003687121412, 0.06294442981301027, 0.05741374769554911, 0.07216223334211219, 0.04661574927574401, 0.08585725572820647, 0.10850671582828549, 0.061100869107189884, 0.04187516460363445, 0.06768501448511983, 0.027390044772188572, 0.02844350803265736, 0.03055043455359494, 0.019489070318672638, 0.03450092178035291, 0.05056623650250198, 0.01869897287332104, 0.030023702923360547
B:GCTGC, 0.01753463089601964, 0.0, 0.05049973698053656, 0.08802384709801858, 0.058039628265825004, 0.05540943363142206, 0.08136068735753113, 0.03594599333684026, 0.07873049272312818, 0.12379449412589864, 0.05663685779414343, 0.04804488865509381, 0.0683850604944766, 0.02472382956338769, 0.02297036647378573, 0.028932140978432403, 0.02226898123794494, 0.031913028230755744, 0.05470804839558127, 0.018586708749780818, 0.03349114501139751
B:GCTGG, 0.024442082890541977, 0.0, 0.049415515409139216, 0.0818278427205101, 0.0589798087141339, 0.05951115834218916, 0.07155508324477507, 0.040028338646829614, 0.09564293304994687, 0.12026213248317393, 0.052957846262840946, 0.04233085370173574, 0.07084661707403471, 0.022139567835635848, 0.022493800921006023, 0.026567481402763018, 0.021608218207580587, 0.03790294013460857, 0.053312079348211125, 0.015232022670917464, 0.03294367693942614
B:GCTGT, 0.024787180771156735, 0.0, 0.05282924386579871, 0.08212318477716575, 0.06935403104656984, 0.06509764646970456, 0.06860290435653481, 0.04506760140210316, 0.08237356034051077, 0.11967951927891837, 0.05908863294942413, 0.04006009013520281, 0.06359539308963445, 0.024787180771156735, 0.023785678517776666, 0.03154732098147221, 0.02528793189784677, 0.03129694541812719, 0.04682023034551828, 0.015773660490736103, 0.028042063094641963
B:GCTTA, 0.035171862509992005, 0.0, 0.0671462829736211, 0.08073541167066348, 0.06634692246203037, 0.07274180655475619, 0.0671462829736211, 0.03836930455635492, 0.07194244604316546, 0.07513988808952837, 0.06874500399680256, 0.03996802557953637, 0.07034372501998401, 0.019184652278177457, 0.04156674660271783, 0.03357314148681055, 0.023980815347721823, 0.03357314148681055, 0.04476418864908074, 0.01838529176658673, 0.03117505995203837
B:GCTTC, 0.023003701745108407, 0.0, 0.055790586991010055, 0.08831306187202538, 0.053675304071919616, 0.060814383923849816, 0.06795346377578002, 0.0375462718138551, 0.09280803807509254, 0.11052353252247488, 0.05896351136964569, 0.04706504494976203, 0.0668958223162348, 0.023003701745108407, 0.03040719196192491, 0.028820729772607086, 0.01930195663670016, 0.03939714436805923, 0.046800634584875725, 0.01718667371760973, 0.03172924378635643
B:GCTTG, 0.028593811202506855, 0.0, 0.05131218174696436, 0.07833920877399138, 0.05836271053662358, 0.05718762240501371, 0.06737171954563259, 0.05209557383470427, 0.08499804151978065, 0.08773991382687035, 0.07168037602820211, 0.04112808460634548, 0.07833920877399138, 0.031335683509596556, 0.02389345867606737, 0.031335683509596556, 0.0254602428515472, 0.036036036036036036, 0.05131218174696436, 0.01840971406188797, 0.02506854680767724
B:GCTTT, 0.029226785053644098, 0.0, 0.06622271550129485, 0.07658157602663707, 0.0684424713281539, 0.057343692193858674, 0.057343692193858674, 0.05179430262671106, 0.08102108768035517, 0.07436182019977802, 0.06622271550129484, 0.049204587495375506, 0.0684424713281539, 0.03070662227155013, 0.032556418793932666, 0.032556418793932666, 0.02626711061783204, 0.042545320014798375, 0.04143544210136885, 0.019237883832778392, 0.028486866444691086
B:GGCAA, 0.03125, 0.0, 0.057142857142857134, 0.07901785714285714, 0.061160714285714284, 0.05714285714285714, 0.060267857142857144, 0.045089285714285714, 0.090625, 0.08705357142857141, 0.05892857142857143, 0.04732142857142857, 0.07544642857142857, 0.02857142857142857, 0.03526785714285714, 0.033928571428571426, 0.020535714285714286, 0.045089285714285714, 0.044196428571428574, 0.015625, 0.02633928571428571
B:GGCAC, 0.02495274102079395, 0.0, 0.05141776937618148, 0.0831758034026465, 0.06049149338374291, 0.05066162570888469, 0.07485822306238185, 0.04196597353497165, 0.08960302457466919, 0.12098298676748583, 0.06313799621928166, 0.043478260869565216, 0.06540642722117203, 0.0223062381852552, 0.024196597353497166, 0.02570888468809074, 0.021928166351606805, 0.03856332703213611, 0.05179584120982987, 0.01285444234404537, 0.03251417769376182
B:GGCAG, 0.02333860759493671, 0.0, 0.05300632911392405, 0.0814873417721519, 0.05992879746835443, 0.05458860759493671, 0.07713607594936708, 0.03955696202531646, 0.07753164556962025, 0.12915348101265822, 0.05992879746835443, 0.04489715189873418, 0.0680379746835443, 0.024129746835443038, 0.02531645569620253, 0.027689873417721517, 0.020965189873417722, 0.036194620253164556, 0.05122626582278481, 0.016218354430379747, 0.02966772151898734
B:GGCAT, 0.04379232505643341, 0.0, 0.05282167042889391, 0.06320541760722348, 0.06049661399548533, 0.04966139954853273, 0.0618510158013544, 0.04966139954853273, 0.08758465011286681, 0.10880361173814898, 0.056433408577878104, 0.03837471783295711, 0.07674943566591422, 0.03476297968397291, 0.026185101580135442, 0.030248306997742665, 0.02437923250564334, 0.03069977426636569, 0.05237020316027088, 0.017607223476297968, 0.03431151241534989
B:GGCCA, 0.0295378751786565, 0.0, 0.04430681276798475, 0.0786088613625536, 0.05169128156264888, 0.055264411624583135, 0.07455931395902811, 0.038828013339685566, 0.08789899952358265, 0.11862791805621725, 0.059313959028108626, 0.04454502143878037, 0.07765602667937113, 0.020247737017627443, 0.025488327775131013, 0.0252501191043354, 0.023344449737970462, 0.02644116245831348, 0.06264888041924727, 0.01977131967603621, 0.03596950929013816
B:GGCCC, 0.024843024843024843, 0.0, 0.043407043407043405, 0.08681408681408681, 0.04368004368004368, 0.050232050232050234, 0.07753207753207753, 0.041223041223041226, 0.09445809445809446, 0.13185913185913187, 0.05596505596505596, 0.049686049686049685, 0.07753207753207753, 0.021567021567021567, 0.017745017745017744, 0.02347802347802348, 0.02457002457002457, 0.03303303303303303, 0.0546000546000546, 0.014196014196014194, 0.03357903357903358
B:GGCCG, 0.014245014245014245, 0.0, 0.06077872744539411, 0.08641975308641975, 0.05080721747388414, 0.04795821462488129, 0.07454890788224122, 0.04748338081671415, 0.09306742640075974, 0.12488129154795821, 0.05698005698005698, 0.0446343779677113, 0.0698005698005698, 0.02184235517568851, 0.02611585944919278, 0.028015194681861345, 0.02564102564102564, 0.024691358024691357, 0.05365622032288699, 0.01566951566951567, 0.03276353276353276
B:GGCCT, 0.028361344537815126, 0.0, 0.04726890756302521, 0.08272058823529412, 0.04490546218487396, 0.05567226890756303, 0.07379201680672269, 0.04017857142857143, 0.08744747899159663, 0.1255252100840336, 0.0551470588235294, 0.04411764705882353, 0.08061974789915967, 0.025210084033613446, 0.02468487394957983, 0.027573529411764705, 0.02389705882352941, 0.026260504201680673, 0.05514705882352941, 0.014968487394957982, 0.03650210084033614
B:GGCGA, 0.02252252252252252, 0.0, 0.05765765765765765, 0.08198198198198198, 0.06126126126126126, 0.05225225225225225, 0.07027027027027027, 0.03603603603603603, 0.07927927927927927, 0.12792792792792793, 0.05945945945945946, 0.04234234234234234, 0.06756756756756757, 0.02072072072072072, 0.02612612612612613, 0.03063063063063063, 0.03153153153153153, 0.02882882882882883, 0.06306306306306306, 0.00990990990990991, 0.03063063063063063
B:GGCGC, 0.013048635824436536, 0.0, 0.059905100830367736, 0.10320284697508897, 0.043890865954922906, 0.05575326215895611, 0.07236061684460261, 0.05397390272835113, 0.0723606168446026, 0.1269276393831554, 0.05219454329774614, 0.04270462633451958, 0.0711743772241993, 0.032621589561091346, 0.016607354685646503, 0.034400948991696316, 0.02609727164887307, 0.021352313167259787, 0.051601423487544484, 0.010676156583629894, 0.03914590747330961
B:GGCGG, 0.012652889076339097, 0.0, 0.05820328975115985, 0.10037958667229017, 0.05356389708983551, 0.05609447490510333, 0.06621678616617462, 0.044285111767186844, 0.08857022353437369, 0.10881484605651624, 0.05567271193589203, 0.04006748207507381, 0.08814846056516237, 0.022353437368199072, 0.023618726275832985, 0.027836355967946015, 0.026571067060312106, 0.02825811893715732, 0.05482918599746942, 0.013918177983973008, 0.029945170814002532
B:GGCGT, 0.023032629558541268, 0.0, 0.05758157389635316, 0.07677543186180422, 0.05662188099808062, 0.04894433781190018, 0.0690978886756238, 0.04798464491362764, 0.09404990403071017, 0.13723608445297505, 0.04894433781190019, 0.045105566218809984, 0.07869481765834933, 0.03262955854126679, 0.02015355086372361, 0.02879078694817658, 0.025911708253358926, 0.023032629558541268, 0.0508637236084453, 0.015355086372360844, 0.019193857965451054
B:GGCTA, 0.027758501040943788, 0.0, 0.05690492713393477, 0.08188757807078417, 0.06384455239417071, 0.05759888965995836, 0.06037473976405274, 0.03747397640527411, 0.09437890353920889, 0.11103400416377515, 0.05412907702984039, 0.04580152671755725, 0.07494795281054822, 0.018736988202637056, 0.027758501040943788, 0.034004163775156145, 0.024288688410825817, 0.04441360166551006, 0.04441360166551006, 0.011103400416377515, 0.02914642609299098
B:GGCTC, 0.025237449118046134, 0.0, 0.05753052917232022, 0.08005427408412483, 0.05617367706919946, 0.059972862957937585, 0.06919945725915876, 0.04206241519674356, 0.08521031207598372, 0.10963364993215739, 0.06241519674355495, 0.050746268656716415, 0.0689280868385346, 0.027137042062415198, 0.02496607869742198, 0.029579375848032566, 0.02496607869742198, 0.0350067842605156, 0.04938941655359566, 0.011397557666214381, 0.03039348710990502
B:GGCTG, 0.020825585719598364, 0.0, 0.05001859427296393, 0.08125697285236147, 0.05894384529564894, 0.05689847526961696, 0.07400520639642989, 0.04332465600595016, 0.09408702119747117, 0.11974711788769059, 0.059315730754927486, 0.03849014503532912, 0.06898475269616958, 0.023056898475269618, 0.023056898475269618, 0.02677575306805504, 0.023056898475269618, 0.034585347712904425, 0.052621792487913724, 0.01859427296392711, 0.03235403495723317
B:GGCTT, 0.03265578140619793, 0.0, 0.051649450183272244, 0.08797067644118627, 0.05631456181272909, 0.06564478507164279, 0.06464511829390203, 0.04765078307230923, 0.08263912029323559, 0.08730423192269243, 0.06631122959013662, 0.044318560479840056, 0.07430856381206265, 0.024991669443518827, 0.024991669443518827, 0.027990669776741087, 0.023992002665778073, 0.039986671109630126, 0.046317894035321557, 0.01866044651782739, 0.03165611462845718
B:GGTAA, 0.03566047212456052, 0.0, 0.06127574083375188, 0.07332998493219488, 0.08086388749372175, 0.057759919638372674, 0.05926670015067805, 0.044198895027624314, 0.10748367654445003, 0.0848819688598694, 0.06278252134605726, 0.03817177297840282, 0.060773480662983416, 0.020090406830738324, 0.03666499246609744, 0.03766951280763436, 0.01757910597689603, 0.03063787041687594, 0.055248618784530384, 0.015570065293822198, 0.020090406830738324
B:GGTAC, 0.031578947368421054, 0.0, 0.060061919504643964, 0.07368421052631578, 0.05572755417956656, 0.056346749226006194, 0.07306501547987616, 0.05325077399380806, 0.07925696594427245, 0.10340557275541795, 0.056346749226006194, 0.04891640866873065, 0.07863777089783283, 0.02476780185758514, 0.03281733746130031, 0.026625386996904025, 0.019814241486068113, 0.030340557275541795, 0.06068111455108358, 0.00804953560371517, 0.026625386996904025
B:GGTAG, 0.029796131730266594, 0.0, 0.04809200209095661, 0.08259278619968635, 0.04913748039728175, 0.06377417668583377, 0.05906952430737062, 0.03763721902770518, 0.09147935180345008, 0.11029796131730267, 0.058546785154208046, 0.041296393099843176, 0.08050182958703607, 0.024046001045478306, 0.03240982749607946, 0.03136434918975431, 0.01934134866701516, 0.035023523261892314, 0.054364871928907474, 0.014636696288552013, 0.03659174072138003
B:GGTAT, 0.0288135593220339, 0.0, 0.06610169491525424, 0.0847457627118644, 0.06525423728813559, 0.07711864406779662, 0.049152542372881365, 0.041525423728813564, 0.07203389830508475, 0.09322033898305085, 0.07966101694915254, 0.053389830508474574, 0.05677966101694915, 0.02288135593220339, 0.038135593220338986, 0.03728813559322034, 0.01694915254237288, 0.029661016949152543, 0.04745762711864407, 0.013559322033898305, 0.026271186440677965
B:GGTCA, 0.025969138125705685, 0.0, 0.059089198343996986, 0.07452013549115544, 0.0651110274745954, 0.05193827625141137, 0.06134738426797139, 0.03688370342491532, 0.0955965374482499, 0.11102747459540835, 0.05532555513737298, 0.04666917576213775, 0.07978923598042906, 0.02822732404968009, 0.023710952201731274, 0.030485509973654498, 0.018441851712457658, 0.03387278885961611, 0.04930372600677456, 0.017689123071132854, 0.03500188182160331
B:GGTCC, 0.019171779141104295, 0.0, 0.05061349693251534, 0.08512269938650306, 0.051763803680981595, 0.05406441717791411, 0.06901840490797546, 0.04141104294478527, 0.0924079754601227, 0.11848159509202454, 0.04562883435582822, 0.05291411042944785, 0.07822085889570553, 0.024156441717791414, 0.02262269938650307, 0.026840490797546013, 0.02338957055214724, 0.03872699386503067, 0.05406441717791411, 0.017254601226993866, 0.03412576687116564
B:GGTCG, 0.027479091995221028, 0.0, 0.03942652329749104, 0.08243727598566308, 0.056152927120669056, 0.04778972520908005, 0.07168458781362008, 0.04062126642771804, 0.08243727598566308, 0.12664277180406214, 0.05734767025089606, 0.04659498207885305, 0.0884109916367981, 0.027479091995221028, 0.025089605734767026, 0.03106332138590203, 0.03106332138590203, 0.019115890083632018, 0.047789725209080036, 0.015531660692951013, 0.03584229390681004
B:GGTCT, 0.03257328990228013, 0.0, 0.06066775244299674, 0.08021172638436481, 0.05741042345276873, 0.05822475570032573, 0.06881107491856678, 0.03990228013029316, 0.08916938110749185, 0.09527687296416938, 0.05863192182410423, 0.04315960912052117, 0.07573289902280131, 0.026465798045602607, 0.023208469055374596, 0.03420195439739414, 0.019136807817589578, 0.03501628664495114, 0.05781758957654723, 0.015879478827361564, 0.028501628664495113
B:GGTGA, 0.022037779049799658, 0.0, 0.0649685174585003, 0.08385804235832857, 0.06325128792215227, 0.053806525472238124, 0.061247853463079566, 0.04607899255867201, 0.08958214081282198, 0.11419576416714368, 0.05237550085861477, 0.044647967945048654, 0.06697195191757298, 0.02289639381797367, 0.02318259874069834, 0.02919290211791643, 0.026044647967945048, 0.03777904979965655, 0.05323411562678878, 0.014024041213508873, 0.030623926731539783
B:GGTGC, 0.017394522575869726, 0.0, 0.05292376017764619, 0.07809030347890451, 0.058105107327905255, 0.05773501110288675, 0.09104367135455217, 0.04034048852701702, 0.09215396002960771, 0.12472242783123612, 0.06069578090303479, 0.046632124352331605, 0.06439674315321983, 0.025166543301258327, 0.018504811250925242, 0.026276831976313843, 0.02220577350111029, 0.028127313101406367, 0.046262028127313094, 0.015173945225758698, 0.034048852701702444
B:GGTGG, 0.028155795401220086, 0.0, 0.04598779915532614, 0.07719380572501174, 0.05607695917409667, 0.05443453777569216, 0.07343969967151572, 0.04035664007508213, 0.09643359924917878, 0.1306898169873299, 0.05865790708587518, 0.04622243078366964, 0.07367433129985922, 0.02745190051618958, 0.021351478179258563, 0.02322853120600657, 0.024636320976067574, 0.027921163772876584, 0.04645706241201314, 0.015016424213984044, 0.0326137963397466
B:GGTGT, 0.03549319026000825, 0.0, 0.051176227816756084, 0.06190672719768882, 0.059017746595130004, 0.05323978539001238, 0.0680973999174577, 0.041683862979777137, 0.10235245563351217, 0.11638464713165497, 0.056128765992571196, 0.041271151465125874, 0.07139909203466777, 0.026826248452331822, 0.0260008254230293, 0.028889806025588115, 0.018572018159306643, 0.031366075113495664, 0.05736690053652497, 0.01650846058605035, 0.03631861328931077
B:GGTTA, 0.0297029702970297, 0.0, 0.07128712871287128, 0.0891089108910891, 0.053465346534653464, 0.053465346534653464, 0.05841584158415842, 0.05148514851485148, 0.07425742574257425, 0.08316831683168317, 0.06435643564356436, 0.04950495049504951, 0.07128712871287128, 0.025742574257425745, 0.03762376237623762, 0.03564356435643564, 0.016831683168316833, 0.033663366336633666, 0.05841584158415842, 0.015841584158415842, 0.026732673267326732
B:GGTTC, 0.028515240904621438, 0.0, 0.05801376597836775, 0.08751229105211406, 0.06588003933136677, 0.051622418879056046, 0.05899705014749263, 0.04965585054080629, 0.09832841691248771, 0.09390363815142576, 0.06932153392330384, 0.048180924287118974, 0.06833824975417896, 0.02654867256637168, 0.02261553588987217, 0.01966568338249754, 0.021632251720747297, 0.026057030481809244, 0.051130776794493606, 0.016224188790560472, 0.037856440511307765
B:GGTTG, 0.027277155382367267, 0.0, 0.06721870433511934, 0.07598636142230882, 0.059425231368728695, 0.05796395518753044, 0.0599123234291281, 0.053093034583536286, 0.08426692644909888, 0.09644422795908426, 0.058451047247929856, 0.04870920603994155, 0.06965416463711642, 0.026790063321967855, 0.030686799805163176, 0.027764247442766683, 0.014612761811982464, 0.039454456892352656, 0.05114466634193863, 0.01753531417437896, 0.03360935216755967
B:GGTTT, 0.030129870129870135, 0.0, 0.07324675324675324, 0.07116883116883117, 0.0748051948051948, 0.05714285714285714, 0.062337662337662345, 0.057662337662337665, 0.08363636363636363, 0.05974025974025974, 0.0587012987012987, 0.05142857142857143, 0.07688311688311689, 0.023896103896103898, 0.03532467532467533, 0.030649350649350645, 0.0212987012987013, 0.04623376623376623, 0.04103896103896104, 0.0187012987012987, 0.025974025974025976
B:GTCAA, 0.03123008285532186, 0.0, 0.06500956022944551, 0.08094327597195666, 0.0815806246016571, 0.07202039515615043, 0.05672402804333971, 0.04971319311663479, 0.08795411089866156, 0.082855321861058, 0.05162523900573614, 0.04206500956022945, 0.06692160611854685, 0.02676864244741874, 0.026131293817718292, 0.04079031230082855, 0.020395156150414276, 0.025493945188017845, 0.040152963671128104, 0.021032504780114723, 0.030592734225621414
B:GTCAC, 0.028509719222462204, 0.0, 0.06479481641468683, 0.06997840172786177, 0.06652267818574514, 0.056155507559395246, 0.06047516198704104, 0.04967602591792657, 0.09978401727861771, 0.1101511879049676, 0.057883369330453564, 0.03498920086393088, 0.07041036717062635, 0.027645788336933045, 0.03023758099352052, 0.02634989200863931, 0.017710583153347732, 0.035853131749460046, 0.04535637149028078, 0.015550755939524838, 0.031965442764578834
B:GTCAG, 0.023055746730901584, 0.0, 0.05918788713007571, 0.06779077770130763, 0.06572608396421198, 0.05299380591878871, 0.07467309015829318, 0.040605643496214726, 0.09187887130075706, 0.11768754301445286, 0.056434962147281484, 0.044735030970406056, 0.06503785271851342, 0.030970406056434963, 0.025808671713695802, 0.02477632484514797, 0.01961459050240881, 0.033379215416379907, 0.05264969029593944, 0.022367515485203028, 0.030626290433585685
B:GTCAT, 0.03484320557491289, 0.0, 0.055251368840219015, 0.0587356893977103, 0.06719761075161772, 0.05574912891986063, 0.059731209556993535, 0.04430064708810354, 0.09109009457441514, 0.10303633648581384, 0.05674464907914385, 0.0428073668491787, 0.07117969138875062, 0.03285216525634644, 0.03285216525634644, 0.0353409656545545, 0.025883524141363863, 0.03484320557491289, 0.05027376804380289, 0.01642608262817322, 0.03086112493777999
B:GTCCA, 0.026277372262773723, 0.0, 0.05620437956204379, 0.06824817518248175, 0.059124087591240874, 0.060948905109489054, 0.0781021897810219, 0.05, 0.08394160583941605, 0.12043795620437957, 0.04890510948905109, 0.042335766423357665, 0.07226277372262774, 0.02846715328467153, 0.025182481751824817, 0.025182481751824817, 0.020802919708029197, 0.032846715328467155, 0.052554744525547446, 0.017518248175182483, 0.030656934306569343
B:GTCCC, 0.02289244186046512, 0.0, 0.05486918604651163, 0.08539244186046512, 0.055232558139534885, 0.053052325581395346, 0.07667151162790696, 0.04433139534883721, 0.10428779069767442, 0.11882267441860465, 0.051962209302325583, 0.04941860465116279, 0.07376453488372094, 0.019985465116279074, 0.023255813953488372, 0.022165697674418606, 0.017078488372093022, 0.02688953488372093, 0.05123546511627907, 0.017805232558139535, 0.030886627906976744
B:GTCCG, 0.01634320735444331, 0.0, 0.061287027579162406, 0.07865168539325842, 0.054136874361593465, 0.04800817160367722, 0.0449438202247191, 0.050051072522982645, 0.08375893769152196, 0.1338100102145046, 0.05311542390194076, 0.04290091930541369, 0.08682328907048008, 0.024514811031664963, 0.020429009193054137, 0.029622063329928495, 0.02553626149131767, 0.043922369765066395, 0.05720122574055159, 0.018386108273748723, 0.026557711950970373
B:GTCCT, 0.021498577300031615, 0.0, 0.055327220992728424, 0.07682579829276004, 0.061650331963325956, 0.052481821055959534, 0.06670882073980397, 0.04394562124565286, 0.0869427758457161, 0.12582990831489094, 0.052481821055959534, 0.049952576667720516, 0.06860575403098325, 0.024343977236800506, 0.02592475497944989, 0.031931710401517543, 0.02118242175150174, 0.03635788808093582, 0.05406259879860892, 0.012962377489724945, 0.030983243755927918
B:GTCGA, 0.02824858757062147, 0.0, 0.062146892655367235, 0.07156308851224105, 0.062146892655367235, 0.04143126177024482, 0.060263653483992465, 0.03766478342749528, 0.09227871939736347, 0.1111111111111111, 0.07156308851224105, 0.04331450094161959, 0.08286252354048965, 0.026365348399246705, 0.022598870056497175, 0.03389830508474576, 0.018832391713747645, 0.032015065913371, 0.060263653483992465, 0.024482109227871935, 0.01694915254237288
B:GTCGC, 0.026634382566585957, 0.0, 0.04963680387409201, 0.10048426150121065, 0.06295399515738499, 0.053268765133171914, 0.06295399515738499, 0.0387409200968523, 0.07869249394673124, 0.11501210653753029, 0.043583535108958835, 0.039951573849878935, 0.09564164648910412, 0.03026634382566586, 0.021791767554479417, 0.018159806295399514, 0.03389830508474576, 0.021791767554479417, 0.06537530266343826, 0.010895883777239709, 0.03026634382566586
B:GTCGG, 0.030051813471502594, 0.0, 0.054922279792746116, 0.07357512953367876, 0.06735751295336788, 0.05181347150259067, 0.06010362694300519, 0.03730569948186528, 0.07979274611398963, 0.12020725388601036, 0.054922279792746116, 0.04870466321243523, 0.09637305699481866, 0.027979274611398965, 0.024870466321243522, 0.025906735751295335, 0.029015544041450778, 0.02383419689119171, 0.05077720207253885, 0.00932642487046632, 0.03316062176165803
B:GTCGT, 0.02553191489361702, 0.0, 0.05390070921985816, 0.06808510638297872, 0.08368794326241134, 0.04822695035460993, 0.06808510638297871, 0.03971631205673759, 0.08226950354609928, 0.09787234042553192, 0.05531914893617021, 0.04539007092198582, 0.09078014184397164, 0.029787234042553193, 0.02269503546099291, 0.028368794326241134, 0.02695035460992908, 0.02269503546099291, 0.06524822695035461, 0.019858156028368795, 0.02553191489361702
B:GTCTA, 0.026897214217098942, 0.0, 0.06532180595581172, 0.07300672430355427, 0.06340057636887608, 0.069164265129683, 0.06051873198847262, 0.04514889529298752, 0.06724303554274735, 0.09702209414024976, 0.0643611911623439, 0.04514889529298751, 0.07012487992315082, 0.025936599423631124, 0.024015369836695485, 0.03362151777137368, 0.025936599423631124, 0.0393852065321806, 0.049951969260326606, 0.01921229586935639, 0.0345821325648415
B:GTCTC, 0.02937853107344633, 0.0, 0.061016949152542375, 0.07306967984934086, 0.064030131826742, 0.0583804143126177, 0.06930320150659133, 0.0519774011299435, 0.08700564971751412, 0.09529190207156309, 0.05536723163841808, 0.03804143126177024, 0.0832391713747646, 0.024105461393596987, 0.022975517890772127, 0.031638418079096044, 0.023728813559322035, 0.032015065913371, 0.05687382297551789, 0.01431261770244821, 0.02824858757062147
B:GTCTG, 0.025283630470016208, 0.0, 0.05834683954619125, 0.07358184764991896, 0.07293354943273905, 0.05607779578606159, 0.07228525121555916, 0.044084278768233384, 0.08071312803889791, 0.10923824959481361, 0.06353322528363048, 0.0460291734197731, 0.06320907617504051, 0.027228525121555915, 0.027552674230145867, 0.028849270664505672, 0.015235008103727715, 0.038573743922204216, 0.05640194489465154, 0.01620745542949757, 0.024635332252836303
B:GTCTT, 0.0343027591349739, 0.0, 0.07009694258016405, 0.07233407904548844, 0.061148396718866516, 0.061148396718866516, 0.06711409395973154, 0.049217002237136466, 0.098806860551827, 0.09172259507829977, 0.06674123788217746, 0.035794183445190156, 0.06562266964951528, 0.030201342281879196, 0.02982848620432513, 0.02647278150633855, 0.020134228187919462, 0.038404175988068605, 0.037658463832960475, 0.013049962714392245, 0.030201342281879196
B:GTTAA, 0.03804878048780488, 0.0, 0.06536585365853659, 0.05853658536585366, 0.0624390243902439, 0.06439024390243903, 0.06341463414634146, 0.05365853658536585, 0.07609756097560975, 0.06731707317073171, 0.07707317073170732, 0.042926829268292686, 0.06048780487804878, 0.03414634146341464, 0.03804878048780488, 0.04, 0.0224390243902439, 0.03609756097560975, 0.041951219512195125, 0.021463414634146343, 0.03609756097560975
B:GTTAC, 0.03857280617164899, 0.0, 0.07328833172613308, 0.0781099324975892, 0.08486017357762778, 0.044358727097396335, 0.07232401157184185, 0.045323047251687565, 0.07328833172613308, 0.08293153326904533, 0.06364513018322084, 0.052073288331726135, 0.055930568948891035, 0.02700096432015429, 0.03567984570877531, 0.03664416586306654, 0.020250723240115717, 0.03567984570877531, 0.037608486017357765, 0.010607521697203472, 0.03182256509161042
B:GTTAG, 0.032665964172813484, 0.0, 0.06533192834562697, 0.0684931506849315, 0.06322444678609063, 0.0821917808219178, 0.037934668071654375, 0.05795574288724974, 0.08324552160168598, 0.07797681770284509, 0.0642781875658588, 0.0547945205479452, 0.06322444678609063, 0.030558482613277135, 0.03898840885142255, 0.0368809272918862, 0.02423603793466807, 0.0410958904109589, 0.04214963119072707, 0.014752370916754479, 0.020021074815595362
B:GTTAT, 0.040837696335078534, 0.0, 0.08481675392670157, 0.08481675392670157, 0.06282722513089005, 0.06806282722513089, 0.04712041884816754, 0.051308900523560214, 0.07329842931937172, 0.06282722513089005, 0.06910994764397906, 0.04712041884816754, 0.04607329842931937, 0.03141361256544503, 0.041884816753926704, 0.03455497382198953, 0.018848167539267015, 0.032460732984293195, 0.040837696335078534, 0.021989528795811515, 0.039790575916230364
B:GTTCA, 0.034990791896869246, 0.0, 0.056169429097605895, 0.06537753222836096, 0.0649171270718232, 0.056169429097605895, 0.06583793738489871, 0.05294659300184162, 0.09760589318600368, 0.08425414364640885, 0.07228360957642725, 0.050184162062615105, 0.06629834254143646, 0.027624309392265196, 0.0285451197053407, 0.03038674033149171, 0.0216390423572744, 0.03314917127071823, 0.04880294659300184, 0.017495395948434623, 0.02532228360957643
B:GTTCC, 0.03200332502078138, 0.0, 0.05901911886949293, 0.08187863674147963, 0.06026600166251039, 0.056940980881130504, 0.06691604322527016, 0.04156275976724855, 0.09185369908561929, 0.10307564422277639, 0.06899418121363259, 0.046550290939318374, 0.06774729842061512, 0.026184538653366587, 0.025768911055694097, 0.0199501246882793, 0.017871986699916874, 0.03574397339983375, 0.0457190357439734, 0.01953449709060681, 0.032418952618453865
B:GTTCG, 0.02159468438538206, 0.0, 0.07308970099667775, 0.1079734219269103, 0.06146179401993357, 0.046511627906976744, 0.053156146179401995, 0.044850498338870434, 0.07641196013289037, 0.0830564784053156, 0.059800664451827246, 0.04983388704318937, 0.0664451827242525, 0.036544850498338874, 0.018272425249169437, 0.02823920265780731, 0.019933554817275746, 0.03156146179401993, 0.0681063122923588, 0.019933554817275746, 0.03322259136212625
B:GTTCT, 0.033880544882989874, 0.0, 0.055885434858539994, 0.08347886831994411, 0.06915822563744323, 0.059378274537198746, 0.06391896611945512, 0.050296891372685996, 0.09046454767726161, 0.08592385609500523, 0.06356968215158924, 0.04470834788683199, 0.06461753405518687, 0.02549772965420887, 0.028990569332867623, 0.035277680754453374, 0.023052741879147746, 0.031086273140062872, 0.04261264407963675, 0.017114914425427872, 0.031086273140062872
B:GTTGA, 0.03725606150206979, 0.0, 0.06445890005913661, 0.08279124778237729, 0.0768775872264932, 0.06209343583678297, 0.056179775280898875, 0.04849201655824955, 0.07806031933767002, 0.08101714961561206, 0.06564163217031344, 0.04908338261383797, 0.06564163217031342, 0.03252513305736251, 0.0325251330573625, 0.03252513305736251, 0.01655824955647546, 0.027794204612655235, 0.04139562389118864, 0.019515079834417505, 0.02956830277942046
B:GTTGC, 0.0230722525804493, 0.0, 0.05160898603521554, 0.07589556769884638, 0.06132361870066788, 0.050394656952034, 0.060109289617486336, 0.05221615057680632, 0.08439587128111718, 0.10625379477838494, 0.06982392228293868, 0.054037644201578625, 0.071645415907711, 0.020036429872495445, 0.03217972070431087, 0.033394049787492414, 0.01639344262295082, 0.0461445051608986, 0.051001821493624776, 0.018214936247723135, 0.02185792349726776
B:GTTGG, 0.025454545454545455, 0.0, 0.057727272727272724, 0.07636363636363637, 0.06636363636363636, 0.05954545454545455, 0.07045454545454545, 0.046363636363636364, 0.10045454545454545, 0.10318181818181818, 0.05818181818181818, 0.042272727272727274, 0.06545454545454546, 0.028181818181818183, 0.03409090909090909, 0.030454545454545453, 0.017272727272727273, 0.028181818181818183, 0.046363636363636364, 0.017727272727272727, 0.02590909090909091
B:GTTGT, 0.026557711950970377, 0.0, 0.06281920326864147, 0.07252298263534218, 0.06537282941777324, 0.05771195097037794, 0.06230847803881512, 0.04647599591419816, 0.09039836567926456, 0.08324821246169561, 0.056179775280898875, 0.04851889683350358, 0.06894790602655772, 0.03217568947906027, 0.03779366700715015, 0.03626149131767109, 0.01940755873340143, 0.04085801838610827, 0.047497446373850866, 0.013789581205311542, 0.03115423901940756
B:GTTTA, 0.024669603524229075, 0.0, 0.06343612334801763, 0.07136563876651983, 0.07312775330396476, 0.07753303964757709, 0.06519823788546256, 0.07488986784140969, 0.07929515418502203, 0.048458149779735685, 0.05638766519823789, 0.05462555066079295, 0.06167400881057269, 0.024669603524229075, 0.04317180616740088, 0.050220264317180616, 0.013215859030837005, 0.04669603524229075, 0.030837004405286344, 0.012334801762114538, 0.028193832599118944
B:GTTTC, 0.03320396722725313, 0.0, 0.05907718844329452, 0.07848210435532557, 0.08193186718413109, 0.06425183268650281, 0.062095730918499355, 0.05907718844329452, 0.07675722294092281, 0.0771884432945235, 0.05907718844329452, 0.04484691677447176, 0.07848210435532557, 0.025873221216041402, 0.028891763691246228, 0.027598102630444158, 0.02371711944803795, 0.039241052177662786, 0.040103492884864166, 0.017248814144027597, 0.02285467874083657
B:GTTTG, 0.02510460251046025, 0.0, 0.056717805671780565, 0.07484890748489074, 0.07438400743840075, 0.06229660622966062, 0.06462110646211065, 0.05950720595072059, 0.08554160855416086, 0.0804277080427708, 0.05346350534635053, 0.05113900511390051, 0.06880520688052069, 0.034402603440260346, 0.03533240353324035, 0.028823802882380293, 0.020455602045560205, 0.04230590423059042, 0.03905160390516039, 0.021385402138540215, 0.021385402138540215
B:GTTTT, 0.03360655737704918, 0.0, 0.07172131147540983, 0.06967213114754098, 0.08032786885245902, 0.0680327868852459, 0.0610655737704918, 0.04795081967213115, 0.07868852459016394, 0.055327868852459015, 0.06885245901639345, 0.05122950819672131, 0.06393442622950819, 0.027868852459016394, 0.044262295081967204, 0.04016393442622951, 0.019672131147540985, 0.04549180327868853, 0.03401639344262295, 0.01680327868852459, 0.021311475409836064
B:TACAA, 0.03475134811264231, 0.0, 0.07669263031755541, 0.0701018573996405, 0.06710605152786099, 0.06051527860994608, 0.05632115038945476, 0.04973037747153984, 0.09047333732774117, 0.0647094068304374, 0.0659077291791492, 0.04134212103055722, 0.07010185739964049, 0.02756141402037148, 0.04313960455362492, 0.04074295985620132, 0.02037147992810066, 0.03175554224086279, 0.04134212103055722, 0.019772318753744758, 0.02756141402037148
B:TACAC, 0.029560201874549386, 0.0, 0.05695746214852199, 0.06560922855082912, 0.06560922855082912, 0.06633020908435472, 0.05912040374909877, 0.05191059841384282, 0.08795962509012256, 0.0829127613554434, 0.07281903388608507, 0.043258832011535686, 0.06993511175198269, 0.032444124008651765, 0.03604902667627974, 0.023792357606344627, 0.026676279740447006, 0.03316510454217736, 0.05118961788031723, 0.018745493871665464, 0.02595529920692141
B:TACAG, 0.027037617554858933, 0.0, 0.06152037617554859, 0.07876175548589341, 0.0713166144200627, 0.05995297805642633, 0.0603448275862069, 0.05446708463949843, 0.08268025078369906, 0.0889498432601881, 0.07366771159874608, 0.044278996865203764, 0.06191222570532915, 0.023510971786833857, 0.028996865203761754, 0.034482758620689655, 0.0219435736677116, 0.03526645768025078, 0.04349529780564263, 0.019592476489028215, 0.027821316614420062
B:TACAT, 0.04749512036434613, 0.0, 0.07547169811320754, 0.05660377358490566, 0.07026675341574495, 0.06310995445673391, 0.06441119063109954, 0.05855562784645414, 0.0741704619388419, 0.06831489915419649, 0.06896551724137931, 0.05009759271307743, 0.048145738451528954, 0.03383214053350684, 0.04229017566688354, 0.03513337670787248, 0.022121014964216004, 0.03513337670787248, 0.044892648015614836, 0.018867924528301886, 0.022121014964216004
B:TACCA, 0.03638309256286784, 0.0, 0.06420545746388442, 0.06795077581594436, 0.06420545746388442, 0.06581059390048154, 0.051899411449973246, 0.04815409309791333, 0.0893525949705725, 0.0893525949705725, 0.06367041198501873, 0.042803638309256285, 0.07597645799892991, 0.02514713750668807, 0.039058319957196365, 0.031032637774210805, 0.016051364365971106, 0.037988228999464954, 0.051899411449973246, 0.01337613697164259, 0.025682182985553772
B:TACCC, 0.032807570977917984, 0.0, 0.06498422712933755, 0.07697160883280757, 0.050473186119873815, 0.06056782334384858, 0.061198738170347, 0.045425867507886436, 0.08517350157728706, 0.11041009463722397, 0.056782334384858045, 0.044794952681388014, 0.07192429022082018, 0.02018927444794953, 0.03028391167192429, 0.029022082018927444, 0.01892744479495268, 0.030914826498422712, 0.062460567823343846, 0.015141955835962145, 0.031545741324921134
B:TACCG, 0.022653721682847898, 0.0, 0.05501618122977346, 0.0744336569579288, 0.07281553398058252, 0.06310679611650485, 0.0744336569579288, 0.030744336569579287, 0.09385113268608414, 0.0970873786407767, 0.06310679611650485, 0.06148867313915859, 0.06957928802588997, 0.02750809061488673, 0.02750809061488673, 0.032362459546925564, 0.025889967637540454, 0.01779935275080906, 0.05501618122977346, 0.012944983818770227, 0.022653721682847898
B:TACCT, 0.029188779378316907, 0.0, 0.049658832448824866, 0.08680818802122821, 0.06823351023502654, 0.0621683093252464, 0.0640636846095527, 0.043214556482183475, 0.09249431387414707, 0.09704321455648218, 0.06595905989385899, 0.04094010614101592, 0.06444275966641395, 0.02084912812736922, 0.03601213040181956, 0.03677028051554208, 0.018574677786201668, 0.03070507960576194, 0.053828658074298714, 0.011751326762699013, 0.027293404094010616
B:TACGA, 0.019693654266958426, 0.0, 0.06126914660831509, 0.08533916849015317, 0.07658643326039387, 0.06345733041575492, 0.05689277899343546, 0.04376367614879649, 0.08096280087527352, 0.08315098468271334, 0.06126914660831509, 0.03282275711159737, 0.08315098468271334, 0.02844638949671773, 0.02188183807439825, 0.03282275711159737, 0.0350109409190372, 0.028446389496717725, 0.05908096280087528, 0.010940919037199124, 0.0350109409190372
B:TACGC, 0.028795811518324606, 0.0, 0.0549738219895288, 0.06282722513089005, 0.07329842931937172, 0.049738219895287955, 0.03926701570680629, 0.054973821989528784, 0.09424083769633508, 0.112565445026178, 0.06282722513089005, 0.04712041884816755, 0.07329842931937172, 0.028795811518324606, 0.02617801047120419, 0.049738219895287955, 0.020942408376963352, 0.031413612565445025, 0.041884816753926704, 0.028795811518324606, 0.01832460732984293
B:TACGG, 0.020072992700729927, 0.0, 0.07481751824817519, 0.08211678832116788, 0.058394160583941604, 0.03467153284671533, 0.06751824817518248, 0.051094890510948905, 0.06569343065693431, 0.11496350364963502, 0.06204379562043796, 0.043795620437956206, 0.08029197080291971, 0.016423357664233577, 0.029197080291970802, 0.03102189781021898, 0.025547445255474453, 0.03467153284671533, 0.043795620437956206, 0.01824817518248175, 0.04562043795620438
B:TACGT, 0.02127659574468085, 0.0, 0.08274231678486997, 0.08037825059101655, 0.07092198581560284, 0.04491725768321513, 0.06382978723404256, 0.06619385342789598, 0.08037825059101655, 0.08983451536643026, 0.04491725768321513, 0.03546099290780142, 0.0591016548463357, 0.04018912529550828, 0.018912529550827423, 0.026004728132387706, 0.030732860520094562, 0.04491725768321513, 0.06619385342789598, 0.004728132387706856, 0.028368794326241134
B:TACTA, 0.06345475910693302, 0.0, 0.08695652173913043, 0.08108108108108109, 0.06462984723854288, 0.06462984723854288, 0.05992949471210341, 0.041128084606345476, 0.06227967097532315, 0.04935370152761457, 0.06933019976498236, 0.05052878965922444, 0.05052878965922444, 0.041128084606345476, 0.041128084606345476, 0.04230317273795535, 0.023501762632197415, 0.03760282021151586, 0.043478260869565216, 0.010575793184488837, 0.01645123384253819
B:TACTC, 0.037642045454545456, 0.0, 0.05397727272727273, 0.08877840909090909, 0.05823863636363636, 0.0625, 0.056818181818181816, 0.03977272727272727, 0.08238636363636363, 0.08593750000000001, 0.056107954545454544, 0.04616477272727273, 0.0625, 0.029829545454545456, 0.03622159090909091, 0.03622159090909091, 0.020596590909090908, 0.032670454545454544, 0.05539772727272727, 0.019886363636363636, 0.03835227272727273
B:TACTG, 0.03724780134505949, 0.0, 0.07294361096740817, 0.09622348680807036, 0.06001034661148474, 0.061562338334195554, 0.06311433005690636, 0.04500775995861355, 0.07035695809622348, 0.0858768753233316, 0.06259699948266943, 0.04397309881013968, 0.06570098292809105, 0.027418520434557683, 0.03724780134505949, 0.030005173305742365, 0.01810657009829281, 0.0387997930677703, 0.04500775995861355, 0.012415933781686497, 0.02638385928608381
B:TACTT, 0.037527593818984545, 0.0, 0.06677704194260485, 0.08498896247240618, 0.07229580573951434, 0.0728476821192053, 0.05077262693156733, 0.052428256070640174, 0.07836644591611479, 0.0728476821192053, 0.06898454746136866, 0.0347682119205298, 0.06346578366445917, 0.0314569536423841, 0.04028697571743929, 0.039735099337748346, 0.02207505518763797, 0.033112582781456956, 0.032560706401766004, 0.01545253863134658, 0.029249448123620313
B:TATAA, 0.04170528266913809, 0.0, 0.0778498609823911, 0.0685820203892493, 0.08155699721964782, 0.06950880444856349, 0.04541241890639481, 0.0639481000926784, 0.08155699721964782, 0.03707136237256719, 0.08341056533827618, 0.04911955514365153, 0.051899907321594066, 0.026876737720111215, 0.060240963855421686, 0.04077849860982391, 0.014828544949026877, 0.033364226135310475, 0.030583873957367932, 0.018535681186283594, 0.023169601482854494
B:TATAC, 0.04600484261501211, 0.0, 0.07748184019370459, 0.07990314769975787, 0.0811138014527845, 0.05205811138014528, 0.05447941888619855, 0.050847457627118633, 0.08716707021791767, 0.059322033898305086, 0.07506053268765132, 0.044794188861985475, 0.05690072639225181, 0.025423728813559324, 0.05205811138014528, 0.03268765133171913, 0.020581113801452784, 0.029055690072639227, 0.039951573849878935, 0.014527845036319613, 0.020581113801452784
B:TATAG, 0.05805038335158817, 0.0, 0.08762322015334063, 0.07776560788608981, 0.05914567360350493, 0.055859802847754644, 0.03943044906900329, 0.04271631982475355, 0.08543263964950712, 0.06462212486308871, 0.07447973713033954, 0.04381161007667032, 0.06133625410733844, 0.02847754654983571, 0.040525739320920046, 0.04819277108433735, 0.0208105147864184, 0.03723986856516977, 0.050383351588170866, 0.012048192771084338, 0.012048192771084338
B:TATAT, 0.062267657992565055, 0.0, 0.09200743494423792, 0.05855018587360595, 0.08364312267657993, 0.05390334572490706, 0.03717472118959108, 0.08828996282527882, 0.07063197026022305, 0.03810408921933086, 0.062267657992565055, 0.05483271375464684, 0.05018587360594796, 0.03066914498141264, 0.04460966542750929, 0.053903345724907056, 0.017657992565055763, 0.032527881040892194, 0.03531598513011153, 0.015799256505576207, 0.017657992565055763
B:TATCA, 0.04604758250191865, 0.0, 0.07981580966999234, 0.08365310821181889, 0.07828089025326171, 0.06600153491941672, 0.05372217958557176, 0.0422102839600921, 0.07521105141980046, 0.060629316960859554, 0.06216423637759018, 0.03376822716807368, 0.07060629316960859, 0.02762854950115119, 0.04221028396009209, 0.03376822716807368, 0.016116653875671526, 0.039907904834996163, 0.03837298541826554, 0.01688411358403684, 0.03300076745970836
B:TATCC, 0.03543647363872083, 0.0, 0.06395851339671564, 0.07087294727744166, 0.05790838375108038, 0.05790838375108038, 0.059636992221261884, 0.052722558340535866, 0.08902333621434745, 0.09853068280034573, 0.06482281763180639, 0.0449438202247191, 0.06482281763180639, 0.028522039757994815, 0.027657735522904063, 0.03889369057908384, 0.01901469317199654, 0.03543647363872083, 0.050129645635263606, 0.01728608470181504, 0.022471910112359546
B:TATCG, 0.025157232704402517, 0.0, 0.05660377358490566, 0.0660377358490566, 0.10377358490566038, 0.06289308176100629, 0.06289308176100629, 0.059748427672955975, 0.10062893081761007, 0.08176100628930817, 0.06289308176100629, 0.040880503144654086, 0.05660377358490566, 0.018867924528301886, 0.03459119496855346, 0.0220125786163522, 0.018867924528301886, 0.03773584905660377, 0.050314465408805034, 0.012578616352201259, 0.025157232704402517
B:TATCT, 0.04, 0.0, 0.08327868852459017, 0.08262295081967214, 0.06622950819672131, 0.05967213114754098, 0.050491803278688525, 0.04852459016393443, 0.08196721311475409, 0.06557377049180327, 0.06360655737704918, 0.05180327868852459, 0.06688524590163934, 0.025573770491803278, 0.03672131147540984, 0.032131147540983604, 0.02098360655737705, 0.036065573770491806, 0.04918032786885246, 0.015081967213114755, 0.02360655737704918
B:TATGA, 0.04320113314447592, 0.0, 0.08002832861189801, 0.0679886685552408, 0.058781869688385266, 0.05594900849858357, 0.05807365439093484, 0.04461756373937677, 0.09560906515580736, 0.06586402266288952, 0.07507082152974505, 0.04745042492917847, 0.05240793201133145, 0.029745042492917848, 0.036827195467422094, 0.03328611898016997, 0.026912181303116147, 0.034702549575070823, 0.04886685552407932, 0.017705382436260624, 0.026912181303116147
B:TATGC, 0.04936014625228519, 0.0, 0.07769652650822668, 0.0712979890310786, 0.06946983546617916, 0.05850091407678245, 0.0530164533820841, 0.04570383912248629, 0.06398537477148081, 0.08683729433272395, 0.06855575868372943, 0.04296160877513711, 0.06672760511882998, 0.031078610603290677, 0.04021937842778794, 0.033820840950639856, 0.021937842778793418, 0.037477148080438755, 0.04296160877513711, 0.015539305301645339, 0.022851919561243144
B:TATGG, 0.03507516105941303, 0.0, 0.05583392984967788, 0.0658554044380816, 0.05869720830350752, 0.06299212598425197, 0.05654974946313529, 0.05153901216893343, 0.07659269863994274, 0.08375089477451682, 0.07086614173228345, 0.05153901216893344, 0.07015032211882606, 0.03579098067287044, 0.03793843951324266, 0.030780243378668574, 0.01789549033643522, 0.02934860415175376, 0.04581245526127416, 0.020758768790264854, 0.04223335719398711
B:TATGT, 0.040389972144846804, 0.0, 0.07938718662952646, 0.07520891364902507, 0.07033426183844012, 0.06545961002785515, 0.057103064066852366, 0.056406685236768804, 0.08356545961002786, 0.07590529247910864, 0.06824512534818943, 0.04944289693593315, 0.05013927576601671, 0.026462395543175487, 0.03760445682451253, 0.034122562674094706, 0.019498607242339833, 0.0403899721448468, 0.034122562674094706, 0.020891364902506964, 0.01532033426183844
B:TATTA, 0.042391304347826085, 0.0, 0.08152173913043478, 0.075, 0.07391304347826087, 0.08152173913043478, 0.04891304347826087, 0.053260869565217396, 0.08043478260869565, 0.03695652173913044, 0.07173913043478261, 0.04891304347826087, 0.05434782608695652, 0.042391304347826085, 0.042391304347826085, 0.02717391304347826, 0.02282608695652174, 0.03695652173913044, 0.035869565217391305, 0.01956521739130435, 0.02391304347826087
B:TATTC, 0.03825136612021858, 0.0, 0.07338017174082748, 0.06401249024199844, 0.07728337236533957, 0.06323185011709602, 0.0468384074941452, 0.060109289617486336, 0.07572209211553474, 0.0546448087431694, 0.06167056986729118, 0.05776736924277908, 0.07650273224043716, 0.02419984387197502, 0.04137392661982826, 0.03434816549570648, 0.02263856362217018, 0.03747072599531616, 0.045277127244340354, 0.0234192037470726, 0.02185792349726776
B:TATTG, 0.055077452667814115, 0.0, 0.0757314974182444, 0.0757314974182444, 0.06798623063683305, 0.07142857142857142, 0.049913941480206545, 0.043029259896729774, 0.08175559380378658, 0.04302925989672977, 0.06626506024096386, 0.050774526678141134, 0.06970740103270223, 0.021514629948364887, 0.04733218588640275, 0.03614457831325301, 0.020654044750430294, 0.0378657487091222, 0.04130808950086059, 0.018072289156626502, 0.02667814113597246
B:TATTT, 0.0384967919340055, 0.0, 0.0838680109990834, 0.06599450045829514, 0.07103574702108158, 0.07011915673693858, 0.05912007332722273, 0.06828597616865262, 0.076076993583868, 0.0462878093492209, 0.05866177818515124, 0.049954170485792856, 0.054995417048579284, 0.026581118240146653, 0.049037580201649854, 0.04766269477543538, 0.025664527956003668, 0.034830430797433545, 0.02933088909257562, 0.019706691109074245, 0.02428964252978919
B:TCCAA, 0.034934497816593885, 0.0, 0.06947201270345375, 0.08019055180627233, 0.06788408098451768, 0.05835649067090115, 0.06034140531957126, 0.05795950774116713, 0.08019055180627233, 0.07066296149265582, 0.05716554188169909, 0.05478364430329496, 0.07502977371973005, 0.02818578801111552, 0.04168320762207225, 0.030964668519253672, 0.018261214767764985, 0.03294958316792378, 0.03850734418420008, 0.01945216355696705, 0.023025009924573243
B:TCCAC, 0.02766333137139494, 0.0, 0.047086521483225424, 0.07916421424367275, 0.06386109476162448, 0.05503237198351972, 0.07504414361389053, 0.044437904649794, 0.0938787522071807, 0.10094173042966449, 0.061801059446733364, 0.04679223072395527, 0.06680400235432607, 0.03502060035314891, 0.026191877575044143, 0.02413184226015303, 0.023837551500882872, 0.033549146556798116, 0.04590935844614479, 0.020600353148911125, 0.028251912889935255
B:TCCAG, 0.025892361753282783, 0.0, 0.05289439615313483, 0.08156093952284076, 0.059552432032550395, 0.06177177732568892, 0.06454595894211208, 0.04327723321620122, 0.08895875716663584, 0.1102274828925467, 0.05936748659145552, 0.0442019604216756, 0.07305344923247642, 0.024967634547808395, 0.024967634547808395, 0.028851488810800813, 0.019234325873867208, 0.04087294248196782, 0.04993526909561679, 0.01572036249306455, 0.030146106898464954
B:TCCAT, 0.03663402248821183, 0.0, 0.06021037359448676, 0.06456293072179906, 0.058759521218716, 0.06528835690968444, 0.06637649619151251, 0.04896626768226333, 0.09430540442509974, 0.08560029017047516, 0.06819006166122597, 0.041349292709466814, 0.06819006166122597, 0.029379760609358, 0.03554588320638375, 0.031193326079071455, 0.017047515415306493, 0.03627130939426913, 0.05005440696409141, 0.014145810663764961, 0.02792890823358723
B:TCCCA, 0.027325420921887937, 0.0, 0.057686999723985645, 0.07617996135799061, 0.06210322936792712, 0.05575489925476125, 0.07259177477228816, 0.04802649737786365, 0.10046922439966878, 0.1012972674579078, 0.05382279878553685, 0.0516146839635661, 0.06872757383383936, 0.026221363510902568, 0.023185205630692797, 0.02566933480540988, 0.021805133866961084, 0.02842947833287331, 0.05189069831631245, 0.017112889870273252, 0.030085564449351367
B:TCCCC, 0.029836683417085428, 0.0, 0.059359296482412054, 0.0782035175879397, 0.05935929648241206, 0.05841708542713567, 0.06940954773869347, 0.050565326633165826, 0.09233668341708542, 0.10961055276381909, 0.05496231155778895, 0.05527638190954774, 0.07035175879396985, 0.022613065326633167, 0.024183417085427136, 0.02198492462311558, 0.01350502512562814, 0.031407035175879394, 0.05402010050251256, 0.014447236180904523, 0.03015075376884422
B:TCCCG, 0.02033271719038817, 0.0, 0.051756007393715345, 0.09242144177449169, 0.061614294516327786, 0.056069008009858284, 0.07393715341959335, 0.03758471965495995, 0.08256315465187923, 0.12199630314232902, 0.04497843499691929, 0.05052372150338879, 0.07208872458410351, 0.025261860751694395, 0.027110289587184228, 0.024645717806531114, 0.021565003080714726, 0.030191004313000615, 0.04621072088724584, 0.015403573629081947, 0.04374614910659273
B:TCCCT, 0.03228621291448516, 0.0, 0.053228621291448515, 0.07649796393251891, 0.05991855730075625, 0.05962769051774287, 0.07184409540430482, 0.04886561954624781, 0.08202443280977312, 0.10791157649796393, 0.062245491564863295, 0.03926701570680628, 0.07300756253635834, 0.02123327515997673, 0.02617801047120419, 0.02501454333915067, 0.02181500872600349, 0.035485747527632346, 0.053228621291448515, 0.02181500872600349, 0.028504944735311226
B:TCCGA, 0.02953156822810591, 0.0, 0.06008146639511202, 0.07942973523421588, 0.07433808553971487, 0.04073319755600815, 0.0529531568228106, 0.03054989816700611, 0.09572301425661914, 0.10386965376782077, 0.057026476578411395, 0.03360488798370672, 0.09368635437881874, 0.021384928716904276, 0.028513238289205708, 0.03767820773930754, 0.028513238289205704, 0.02240325865580448, 0.05804480651731161, 0.013238289205702646, 0.038696537678207736
B:TCCGC, 0.01050080775444265, 0.0, 0.05735056542810985, 0.07835218093699516, 0.05977382875605817, 0.05331179321486268, 0.06381260096930533, 0.05815831987075929, 0.08077544426494346, 0.12358642972536349, 0.04119547657512116, 0.035541195476575124, 0.09531502423263329, 0.02827140549273021, 0.025848142164781908, 0.02988691437802908, 0.022617124394184167, 0.024232633279483037, 0.05411954765751212, 0.02665589660743134, 0.030694668820678513
B:TCCGG, 0.02230971128608924, 0.0, 0.06430446194225722, 0.09317585301837271, 0.05905511811023622, 0.051181102362204724, 0.0688976377952756, 0.04199475065616798, 0.07939632545931759, 0.1089238845144357, 0.0557742782152231, 0.0531496062992126, 0.07808398950131233, 0.019028871391076115, 0.028871391076115485, 0.026246719160104987, 0.02952755905511811, 0.03412073490813648, 0.04199475065616798, 0.015748031496062992, 0.02821522309711286
B:TCCGT, 0.023023023023023025, 0.0, 0.05205205205205206, 0.06806806806806807, 0.06906906906906907, 0.05005005005005005, 0.05805805805805807, 0.06106106106106106, 0.06606606606606606, 0.1131131131131131, 0.06106106106106106, 0.05105105105105105, 0.08308308308308308, 0.022022022022022022, 0.018018018018018018, 0.03403403403403404, 0.031031031031031036, 0.036036036036036036, 0.058058058058058054, 0.018018018018018018, 0.02702702702702703
B:TCCTA, 0.03638644918444166, 0.0, 0.06085319949811794, 0.09912170639899624, 0.05897114178168131, 0.050188205771643665, 0.05332496863237139, 0.05018820577164365, 0.08281053952321205, 0.07841907151819323, 0.07590966122961104, 0.04642409033877039, 0.07214554579673776, 0.02383939774153074, 0.030740276035131745, 0.029485570890840654, 0.015056461731493099, 0.03513174404015056, 0.05771643663739021, 0.015056461731493099, 0.028230865746549563
B:TCCTC, 0.029352226720647773, 0.0, 0.05991902834008097, 0.0722672064777328, 0.05890688259109312, 0.05121457489878543, 0.07408906882591093, 0.04777327935222672, 0.09716599190283401, 0.10728744939271255, 0.060121457489878544, 0.03967611336032389, 0.07975708502024291, 0.02408906882591093, 0.022267206477732792, 0.02631578947368421, 0.02186234817813765, 0.030566801619433197, 0.051417004048582994, 0.013967611336032389, 0.031983805668016195
B:TCCTG, 0.02452724208949635, 0.0, 0.05279910129189291, 0.07751357423703427, 0.05935218123946826, 0.054109717281407975, 0.07545403482493913, 0.043624789365287395, 0.0962366598015353, 0.11776820820071147, 0.0563564875491481, 0.0509267927354428, 0.06309679835236848, 0.02527616551207639, 0.027148474068526492, 0.027335704924171502, 0.017412469574985958, 0.035199400861261936, 0.05036510016850777, 0.015352930162890844, 0.03014416775884666
B:TCCTT, 0.028046661702655747, 0.0, 0.057086125589476296, 0.08513278729213204, 0.06552494415487714, 0.05634152395135269, 0.05931993050384711, 0.05112931248448747, 0.08935219657483247, 0.09903201787043932, 0.05609332340531149, 0.043683296103251425, 0.06751054852320675, 0.026061057334326135, 0.03449987589972698, 0.030776867709108962, 0.020600645321419708, 0.03723008190618019, 0.04839910647803425, 0.014147431124348471, 0.030032266070985355
B:TCTAA, 0.036249014972419225, 0.0, 0.06304176516942474, 0.07407407407407407, 0.062253743104806934, 0.07013396375098503, 0.05200945626477541, 0.06304176516942474, 0.08274231678486997, 0.05594956658786446, 0.06461780929866036, 0.05594956658786446, 0.06855791962174941, 0.026792750197005517, 0.04097714736012608, 0.0425531914893617, 0.017336485421591805, 0.03546099290780142, 0.04334121355397951, 0.02127659574468085, 0.023640661938534282
B:TCTAC, 0.03701561596298438, 0.0, 0.05436668594563331, 0.07807981492192019, 0.05841526894158473, 0.06535569693464431, 0.061307113938692884, 0.04164256795835743, 0.08617698091382302, 0.08502024291497975, 0.05610179294389821, 0.03990746096009254, 0.0728744939271255, 0.032388663967611336, 0.03470213996529786, 0.035280508964719494, 0.02313475997686524, 0.042220936957779065, 0.04626951995373047, 0.014459224985540775, 0.035280508964719494
B:TCTAG, 0.02766531713900135, 0.0, 0.06140350877192982, 0.07354925775978408, 0.0641025641025641, 0.06882591093117409, 0.05128205128205128, 0.049257759784075573, 0.08299595141700404, 0.09379217273954116, 0.06747638326585695, 0.04858299595141701, 0.06477732793522267, 0.023616734143049933, 0.037786774628879895, 0.02699055330634278, 0.023616734143049933, 0.03171390013495277, 0.04723346828609987, 0.02091767881241565, 0.03441295546558704
B:TCTAT, 0.053463855421686746, 0.0, 0.08207831325301204, 0.07078313253012049, 0.07153614457831325, 0.050451807228915665, 0.058734939759036146, 0.04969879518072289, 0.0911144578313253, 0.06551204819277108, 0.06099397590361446, 0.04066265060240964, 0.06626506024096386, 0.025602409638554216, 0.03765060240963856, 0.03614457831325301, 0.024849397590361446, 0.03313253012048193, 0.03012048192771084, 0.024849397590361446, 0.02635542168674699
B:TCTCA, 0.033707865168539325, 0.0, 0.06503234593122234, 0.07763023493360573, 0.06537282941777324, 0.0602655771195097, 0.06673476336397685, 0.0449438202247191, 0.09908069458631256, 0.08239700374531836, 0.059244126659857, 0.0446033367381682, 0.07048008171603677, 0.02553626149131767, 0.0296220633299285, 0.03745318352059925, 0.020429009193054137, 0.035410282601293835, 0.04187946884576098, 0.011576438542730678, 0.028600612870275793
B:TCTCC, 0.028708133971291867, 0.0, 0.05719878207916485, 0.0724227925184863, 0.06285341452805568, 0.05719878207916485, 0.06502827316224445, 0.056763810352327096, 0.09417137886037408, 0.09786863853849499, 0.06350587211831231, 0.041757285776424534, 0.0743801652892562, 0.02174858634188778, 0.0274032187907786, 0.028925619834710745, 0.018921270117442365, 0.034797738147020446, 0.0508916920400174, 0.015006524575902565, 0.030448020878642887
B:TCTCG, 0.029079159935379646, 0.0, 0.05169628432956381, 0.08239095315024232, 0.05492730210016155, 0.051696284329563816, 0.07835218093699516, 0.0395799676898223, 0.07754442649434572, 0.10096930533117932, 0.05654281098546042, 0.03796445880452343, 0.07592891760904685, 0.035541195476575124, 0.025040387722132473, 0.034733441033925685, 0.024232633279483037, 0.034733441033925685, 0.061389337641357025, 0.017770597738287562, 0.02988691437802908
B:TCTCT, 0.031178880291306325, 0.0, 0.06167501137915339, 0.06964041875284478, 0.05780609922621757, 0.06349567592171143, 0.060309512972234865, 0.05006827492034593, 0.08830223031406463, 0.09012289485662267, 0.06554392353208921, 0.04915794264906691, 0.08284023668639054, 0.024351388256713704, 0.027992717341829766, 0.03163404642694583, 0.018661811561219845, 0.03937187073281748, 0.045061447428311335, 0.020482476103777878, 0.02230314064633591
B:TCTGA, 0.02969406118776245, 0.0, 0.0617876424715057, 0.06958608278344332, 0.07408518296340731, 0.053689262147570485, 0.06688662267546491, 0.04559088182363527, 0.08488302339532093, 0.09118176364727054, 0.0656868626274745, 0.05248950209958008, 0.06718656268746251, 0.027594481103779243, 0.027594481103779243, 0.02969406118776245, 0.01919616076784643, 0.03689262147570486, 0.04949010197960408, 0.020995800839832032, 0.02579484103179364
B:TCTGC, 0.02300966405890474, 0.0, 0.059595029912563276, 0.0757017947537966, 0.06258628624022089, 0.05568338702254947, 0.06810860561435803, 0.04670961803957662, 0.08490566037735849, 0.11757938334100322, 0.05867464335020708, 0.04739990796134377, 0.0743212149102623, 0.02208927749654855, 0.030602853198343303, 0.030602853198343303, 0.021398987574781408, 0.03313391624482283, 0.049240681086056136, 0.014726184997699034, 0.023930050621260926
B:TCTGG, 0.02857806691449814, 0.0, 0.05645910780669146, 0.08085501858736059, 0.06110594795539034, 0.05645910780669145, 0.06993494423791821, 0.04321561338289963, 0.09177509293680297, 0.09665427509293681, 0.062267657992565055, 0.04693308550185873, 0.07225836431226766, 0.022304832713754646, 0.025789962825278807, 0.0262546468401487, 0.022304832713754646, 0.041356877323420076, 0.05134758364312268, 0.015102230483271376, 0.029042750929368026
B:TCTGT, 0.030348633057436673, 0.0, 0.06395786305492852, 0.06395786305492852, 0.06746927514421872, 0.06471030850263355, 0.06395786305492852, 0.05216955104088287, 0.09556057185854025, 0.09430649611236519, 0.06797090544268874, 0.04690243290694758, 0.06445949335339854, 0.025332330072736393, 0.028342111863556563, 0.03260596940055179, 0.01655379984951091, 0.03411086029596187, 0.048658138951592676, 0.016302984700275896, 0.022322548281916228
B:TCTTA, 0.04523522316043426, 0.0, 0.0723763570566948, 0.07840772014475271, 0.06875753920386007, 0.07177322074788903, 0.05247285886610374, 0.061519903498190594, 0.08082026537997587, 0.06755126658624849, 0.05006031363088058, 0.040410132689987936, 0.05971049457177322, 0.024728588661037394, 0.03256936067551266, 0.03739445114595899, 0.015681544028950542, 0.040410132689987936, 0.04523522316043426, 0.024728588661037394, 0.030156815440289506
B:TCTTC, 0.030602547044288157, 0.0, 0.059114236837103214, 0.07755179623645694, 0.06538680859152253, 0.06044478236076792, 0.06329595134004942, 0.043527846417030974, 0.09484888804409808, 0.08781600456187037, 0.062345561680288916, 0.044288158144839385, 0.08154343280745105, 0.024329975289868848, 0.03345371602356966, 0.027181144269150352, 0.024139897357916745, 0.03497433947918647, 0.044098080212887275, 0.013305455236647026, 0.027751378065006653
B:TCTTG, 0.040354631611128094, 0.0, 0.06603485172730053, 0.07062060531947417, 0.0593090797921125, 0.05992051360440232, 0.060837664322837055, 0.04494038520330174, 0.09110363803118313, 0.08651788443900947, 0.0593090797921125, 0.042800366860287375, 0.074594925099358, 0.024763069397737696, 0.03026597370834607, 0.03852033017425864, 0.023540201773158055, 0.0342402934882299, 0.04432895139101192, 0.017425863650259856, 0.03057169061449098
B:TCTTT, 0.03945291951604419, 0.0, 0.0778537611783272, 0.07469752761704367, 0.07601262493424514, 0.058653340347185695, 0.054445028932140975, 0.05760126249342452, 0.07417148869016307, 0.07338243029984219, 0.06417674907943188, 0.04681746449237244, 0.07048921620199895, 0.027091004734350343, 0.03708574434508154, 0.03156233561283535, 0.022093634928984744, 0.04050499736980537, 0.03761178327196212, 0.017359284587059442, 0.01893740136770121
B:TGCAA, 0.030527289546716005, 0.0, 0.06614246068455135, 0.06059204440333025, 0.07493061979648474, 0.05596669750231267, 0.06382978723404255, 0.04810360777058279, 0.10453283996299723, 0.08603145235892692, 0.06753006475485661, 0.0393154486586494, 0.07169287696577244, 0.0272895467160037, 0.036077705827937095, 0.032377428307123035, 0.020814061054579093, 0.031914893617021274, 0.04209065679925995, 0.01757631822386679, 0.022664199814986123
B:TGCAC, 0.027176220806794056, 0.0, 0.049681528662420385, 0.06326963906581741, 0.06921443736730361, 0.05435244161358811, 0.07261146496815286, 0.04501061571125265, 0.09681528662420383, 0.11889596602972399, 0.06157112526539278, 0.0445859872611465, 0.06029723991507431, 0.021231422505307854, 0.02929936305732484, 0.030573248407643312, 0.024203821656050957, 0.0326963906581741, 0.06369426751592357, 0.013588110403397028, 0.021231422505307854
B:TGCAG, 0.02509293680297398, 0.0, 0.048327137546468404, 0.07769516728624536, 0.061895910780669146, 0.053159851301115245, 0.07676579925650559, 0.05, 0.09052044609665427, 0.11933085501858737, 0.05464684014869888, 0.046468401486988845, 0.06821561338289962, 0.01988847583643123, 0.02620817843866171, 0.03327137546468401, 0.018773234200743494, 0.03178438661710037, 0.053159851301115245, 0.016728624535315983, 0.028066914498141263
B:TGCAT, 0.04017857142857143, 0.0, 0.06448412698412699, 0.06547619047619048, 0.06349206349206349, 0.054563492063492064, 0.056051587301587304, 0.056051587301587304, 0.07787698412698413, 0.09474206349206349, 0.05257936507936508, 0.0496031746031746, 0.07490079365079365, 0.025793650793650796, 0.034722222222222224, 0.039186507936507936, 0.018849206349206348, 0.034722222222222224, 0.056051587301587304, 0.018353174603174604, 0.022321428571428572
B:TGCCA, 0.030862496555524938, 0.0, 0.05814273904656931, 0.06806282722513089, 0.06365389914577019, 0.05676494902176908, 0.06888950124001102, 0.04464039680352714, 0.08900523560209424, 0.09809864976577569, 0.06282722513089005, 0.043262606778726925, 0.0719206392945715, 0.02838247451088454, 0.02755580049600441, 0.02893359052080463, 0.023422430421603746, 0.041333700744006614, 0.04601818682832737, 0.014880132267842381, 0.033342518600165336
B:TGCCC, 0.023957158962795943, 0.0, 0.04735062006764374, 0.08004509582863585, 0.05749718151071026, 0.05242390078917699, 0.07328072153325817, 0.044532130777903044, 0.0834272829763247, 0.1355693348365276, 0.05608793686583991, 0.03804960541149944, 0.0665163472378805, 0.025084554678692222, 0.031003382187147686, 0.02987598647125141, 0.01832018038331454, 0.03551296505073281, 0.05383314543404735, 0.015783540022547914, 0.0318489289740699
B:TGCCG, 0.013995801259622114, 0.0, 0.05458362491252624, 0.09167249825052484, 0.05738278516445067, 0.05038488453463961, 0.0741777466759972, 0.04548635409377187, 0.08047585724282715, 0.12386284114765571, 0.05318404478656403, 0.04688593421973408, 0.07067879636109167, 0.03358992302309307, 0.02099370188943317, 0.023792862141357594, 0.026592022393282014, 0.02939118264520644, 0.05948215535339398, 0.015395381385584325, 0.02799160251924423
B:TGCCT, 0.037836322869955155, 0.0, 0.05353139013452915, 0.08267937219730942, 0.061659192825112105, 0.0515695067264574, 0.06866591928251121, 0.03867713004484305, 0.08211883408071749, 0.11042600896860987, 0.0625, 0.04876681614349776, 0.07315022421524664, 0.023262331838565024, 0.025504484304932736, 0.02914798206278027, 0.021860986547085202, 0.03755605381165919, 0.047365470852017935, 0.016535874439461883, 0.02718609865470852
B:TGCGA, 0.028532608695652172, 0.0, 0.050271739130434784, 0.08967391304347826, 0.07880434782608696, 0.051630434782608696, 0.07201086956521739, 0.04076086956521739, 0.09103260869565218, 0.10054347826086954, 0.059782608695652176, 0.03940217391304348, 0.0625, 0.028532608695652172, 0.033967391304347824, 0.03940217391304347, 0.012228260869565218, 0.021739130434782608, 0.059782608695652176, 0.016304347826086956, 0.02309782608695652
B:TGCGC, 0.014683153013910355, 0.0, 0.04714064914992272, 0.10278207109737249, 0.05100463678516229, 0.04714064914992272, 0.06646058732612056, 0.04714064914992272, 0.08423493044822257, 0.12210200927357033, 0.05100463678516229, 0.05564142194744978, 0.07187017001545595, 0.027820710973724884, 0.01622874806800618, 0.03323029366306028, 0.03245749613601236, 0.021638330757341576, 0.04791344667697063, 0.02472952086553323, 0.0347758887171561
B:TGCGG, 0.011348464619492658, 0.0, 0.05540720961281709, 0.08544726301735647, 0.05874499332443257, 0.0527369826435247, 0.0787716955941255, 0.053404539385847785, 0.07009345794392523, 0.14152202937249667, 0.04606141522029372, 0.048064085447263025, 0.07076101468624833, 0.024699599465954607, 0.01935914552736983, 0.0267022696929239, 0.01602136181575434, 0.030040053404539385, 0.049399198931909215, 0.02336448598130841, 0.038050734312416554
B:TGCGT, 0.01907356948228883, 0.0, 0.04632152588555858, 0.08174386920980926, 0.08310626702997276, 0.055858310626702996, 0.05858310626702997, 0.058583106267029984, 0.09128065395095368, 0.11171662125340602, 0.0653950953678474, 0.04632152588555858, 0.05858310626702997, 0.02316076294277929, 0.0326975476839237, 0.020435967302452313, 0.020435967302452316, 0.02861035422343324, 0.055858310626702996, 0.014986376021798364, 0.027247956403269755
B:TGCTA, 0.03165374677002584, 0.0, 0.06524547803617571, 0.08074935400516796, 0.059431524547803614, 0.06201550387596899, 0.060723514211886306, 0.0458656330749354, 0.06201550387596899, 0.08333333333333333, 0.07687338501291989, 0.053617571059431525, 0.06976744186046512, 0.027777777777777776, 0.03229974160206718, 0.03746770025839793, 0.020671834625323, 0.03617571059431524, 0.03682170542635659, 0.02131782945736434, 0.03617571059431524
B:TGCTC, 0.024458032240133407, 0.0, 0.05586436909394108, 0.0764313507504169, 0.06892718176764868, 0.04974986103390772, 0.07809894385769872, 0.04141189549749861, 0.08254585881045025, 0.11812117843246248, 0.0603112840466926, 0.04363535297387437, 0.06642579210672596, 0.024735964424680377, 0.032518065591995556, 0.033073929961089495, 0.02084491384102279, 0.03474152306837132, 0.04641467481934409, 0.01723179544191217, 0.024458032240133407
B:TGCTG, 0.021692333167743005, 0.0, 0.052823315118397086, 0.08047690014903129, 0.06441463818512999, 0.05779102500413976, 0.07617155158138765, 0.03924490809736711, 0.08246398410332838, 0.11392614671303196, 0.05414803775459513, 0.0475244245736049, 0.06275873488988243, 0.02699122371253519, 0.025997681735386653, 0.029475078655406526, 0.02301705580394105, 0.03411160788209969, 0.05696307335651598, 0.01689021361152509, 0.03311806590495115
B:TGCTT, 0.026163675083662914, 0.0, 0.06388804380894432, 0.08518405841192576, 0.06784301794949803, 0.05445695162762397, 0.06054152722847581, 0.047459689686644345, 0.08579251597201096, 0.08579251597201096, 0.07058107696988135, 0.04533008822634621, 0.06601764526924248, 0.022817158503194403, 0.03589899604502586, 0.036811682385153636, 0.01947064192272589, 0.041375114085792516, 0.04289625798600548, 0.017036811682385154, 0.024642531183449955
B:TGTAA, 0.03175554224086279, 0.0, 0.08448172558418214, 0.06051527860994608, 0.08088675853804674, 0.05871779508687837, 0.06351108448172559, 0.05152786099460756, 0.0689035350509287, 0.059316956261234274, 0.07010185739964052, 0.05452366686638706, 0.06111443978430198, 0.028759736369083282, 0.039544637507489516, 0.040143798681845415, 0.020970641102456562, 0.040143798681845415, 0.03834631515877771, 0.01857399640503295, 0.02816057519472738
B:TGTAC, 0.027195467422096317, 0.0, 0.06232294617563739, 0.06855524079320113, 0.057223796033994336, 0.06402266288951843, 0.053824362606232294, 0.056657223796033995, 0.07365439093484419, 0.09688385269121813, 0.06742209631728045, 0.037960339943342775, 0.06685552407932012, 0.03172804532577904, 0.04305949008498584, 0.03512747875354108, 0.027195467422096317, 0.03002832861189802, 0.056657223796033995, 0.017563739376770537, 0.026062322946175637
B:TGTAG, 0.03325526932084309, 0.0, 0.05105386416861827, 0.08243559718969555, 0.06791569086651054, 0.06885245901639345, 0.06323185011709602, 0.047775175644028105, 0.08758782201405152, 0.08992974238875878, 0.07166276346604215, 0.04215456674473068, 0.06885245901639345, 0.024824355971896955, 0.027166276346604217, 0.028103044496487116, 0.022482435597189696, 0.03278688524590164, 0.048243559718969556, 0.01873536299765808, 0.022950819672131147
B:TGTAT, 0.043339706819630335, 0.0, 0.07520713830465264, 0.06309751434034416, 0.07202039515615041, 0.05353728489483748, 0.06118546845124282, 0.05863607393244105, 0.10579987253027406, 0.05927342256214149, 0.07265774378585087, 0.04397705544933078, 0.0497131931166348, 0.028680688336520075, 0.040152963671128104, 0.033779477374123644, 0.018483110261312937, 0.03505417463352454, 0.033779477374123644, 0.022307202039515615, 0.029318036966220522
B:TGTCA, 0.03767715174559281, 0.0, 0.05979951607328033, 0.07328033183546491, 0.06567576909782233, 0.060836501901140684, 0.0632561354994815, 0.0473556861389561, 0.09540269616315243, 0.10162461113031455, 0.05392326304873833, 0.041479433114414106, 0.05841686830279986, 0.026615969581749048, 0.03491185620463187, 0.03076391289319046, 0.022813688212927757, 0.03145523677843069, 0.0452817144832354, 0.020394054614586935, 0.029035603180089874
B:TGTCC, 0.026741110784601823, 0.0, 0.06229797237731413, 0.07728474875110197, 0.060534822215692036, 0.0496620628856891, 0.07699089039083162, 0.04642962092271525, 0.09021451660299735, 0.12988539523949455, 0.0490743461651484, 0.043491037320011756, 0.06641198942109904, 0.024096385542168676, 0.024096385542168676, 0.026447252424331474, 0.017043784895680283, 0.034675286511901264, 0.04760505436379665, 0.01851307669703203, 0.02850426094622392
B:TGTCG, 0.03210463733650416, 0.0, 0.06420927467300833, 0.06777645659928656, 0.059453032104637336, 0.05112960760998811, 0.06302021403091558, 0.04280618311533888, 0.09274673008323424, 0.1117717003567182, 0.04875148632580262, 0.04518430439952439, 0.07609988109393578, 0.03329369797859691, 0.019024970273483946, 0.02497027348394768, 0.026159334126040427, 0.026159334126040427, 0.0713436385255648, 0.013079667063020214, 0.03091557669441141
B:TGTCT, 0.03308183401044689, 0.0, 0.06471271038885665, 0.06442251886244922, 0.0661636680208938, 0.06326175275681949, 0.06384213580963435, 0.04991294254207778, 0.09082994776552525, 0.1044689495066744, 0.05774811375507835, 0.0412071967498549, 0.0673244341265235, 0.026697620429483458, 0.026987811955890888, 0.027278003482298318, 0.01886244921648288, 0.03743470690655833, 0.04788160185722577, 0.01596053395240859, 0.03192106790481718
B:TGTGA, 0.0325119780971937, 0.0, 0.058521560574948665, 0.06947296372347707, 0.0646817248459959, 0.07152635181382613, 0.06433949349760439, 0.05270362765229295, 0.09103353867214237, 0.0865845311430527, 0.054414784394250515, 0.04106776180698152, 0.06878850102669405, 0.029774127310061602, 0.03182751540041068, 0.03148528405201916, 0.018480492813141684, 0.037987679671457907, 0.04791238877481177, 0.019849418206707735, 0.0270362765229295
B:TGTGC, 0.030653950953678476, 0.0, 0.05074931880108992, 0.07799727520435967, 0.06607629427792916, 0.05108991825613079, 0.07152588555858311, 0.05006811989100817, 0.09025885558583106, 0.11273841961852861, 0.06301089918256131, 0.04223433242506812, 0.05994550408719346, 0.015326975476839238, 0.028950953678474115, 0.03371934604904632, 0.021457765667574933, 0.03440054495912807, 0.05381471389645776, 0.015326975476839238, 0.030653950953678476
B:TGTGG, 0.02901678657074341, 0.0, 0.05155875299760192, 0.07194244604316546, 0.06235011990407674, 0.05635491606714628, 0.07170263788968825, 0.04628297362110312, 0.09688249400479616, 0.1040767386091127, 0.058992805755395686, 0.0460431654676259, 0.05971223021582734, 0.028776978417266192, 0.026858513189448444, 0.02853717026378897, 0.023501199040767386, 0.03717026378896882, 0.05467625899280575, 0.01606714628297362, 0.029496402877697843
B:TGTGT, 0.02708731676226896, 0.0, 0.0497131931166348, 0.07903123008285533, 0.07138304652644997, 0.06532823454429573, 0.07361376673040153, 0.04652644996813257, 0.09369024856596558, 0.10548119821542384, 0.061504142766093055, 0.04684512428298279, 0.05289993626513703, 0.02581261950286807, 0.02804333970681963, 0.03409815168897387, 0.02390057361376673, 0.023581899298916506, 0.05035054174633524, 0.017208413001912046, 0.02390057361376673
B:TGTTA, 0.04697508896797153, 0.0, 0.07900355871886121, 0.07615658362989323, 0.06832740213523132, 0.0704626334519573, 0.04270462633451958, 0.048398576512455514, 0.07758007117437722, 0.07188612099644127, 0.06476868327402135, 0.05765124555160142, 0.044839857651245554, 0.03131672597864769, 0.0391459074733096, 0.044839857651245554, 0.022775800711743774, 0.03202846975088968, 0.03202846975088968, 0.016370106761565837, 0.032740213523131674
B:TGTTC, 0.03642857142857143, 0.0, 0.05607142857142857, 0.07357142857142857, 0.06464285714285714, 0.0675, 0.07, 0.04357142857142857, 0.0925, 0.0882142857142857, 0.061785714285714284, 0.04857142857142857, 0.06107142857142857, 0.029285714285714286, 0.024642857142857143, 0.033928571428571426, 0.0225, 0.03142857142857143, 0.046785714285714285, 0.02142857142857143, 0.026071428571428572
B:TGTTG, 0.02789295137580098, 0.0, 0.05653976630229928, 0.07463249151903506, 0.06860158311345646, 0.058424425179042595, 0.06747078778741047, 0.04297022238974746, 0.09498680738786279, 0.08518658122879758, 0.0652091971353185, 0.049754994346023367, 0.06407840180927252, 0.02826988315114964, 0.03882397286091217, 0.03580851865812288, 0.01997738409347908, 0.03430079155672823, 0.04711647191858273, 0.014700339238597813, 0.025254428948360347
B:TGTTT, 0.030983243755927918, 0.0, 0.061018020866266204, 0.07239962061334176, 0.08251659816629782, 0.07145115396775215, 0.06449573190009485, 0.059121087575086946, 0.07208346506481189, 0.06259879860891558, 0.06417957635156497, 0.053114132153019286, 0.06765728738539362, 0.03161555485298767, 0.034460954789756554, 0.04046791021182422, 0.022447043945621244, 0.03699019917799557, 0.03414479924122668, 0.014859310780904203, 0.023395510591210877
B:TTCAA, 0.03954802259887006, 0.0, 0.07127335940895263, 0.06605823554976098, 0.06996957844415472, 0.06692742285962625, 0.053455019556714466, 0.05171664493698392, 0.09169926119078661, 0.055627987831377665, 0.06475445458496305, 0.04606692742285962, 0.07648848326814428, 0.030421555845284658, 0.047370708387657535, 0.03737505432420687, 0.01912212081703607, 0.03737505432420687, 0.03780964797913951, 0.013472403302911776, 0.02346805736636245
B:TTCAC, 0.029322984044846918, 0.0, 0.06080206985769728, 0.0728762397585166, 0.06899525657611039, 0.06382061233290211, 0.0599396291504959, 0.0517464424320828, 0.07589478223372143, 0.09529969814575247, 0.06252695127210005, 0.043122035360069, 0.07028891763691246, 0.026735661923242778, 0.03234152652005175, 0.036653730056058646, 0.02501078050884002, 0.03147908581285037, 0.0513152220784821, 0.016817593790426907, 0.02501078050884002
B:TTCAG, 0.027505950806664903, 0.0, 0.05368950013224015, 0.07511240412589262, 0.06691351494313674, 0.0616239090187781, 0.0624173499074319, 0.049193335096535305, 0.08622057656704575, 0.0949484263422375, 0.07140967997884158, 0.04443268976461254, 0.06929383760909812, 0.02988627347262629, 0.03147315524993388, 0.029621793176408357, 0.020364982808780747, 0.03834964295160011, 0.042581327691087016, 0.01798466014281936, 0.02697699021422904
B:TTCAT, 0.04479242534595776, 0.0, 0.06882738528769118, 0.06991988346686089, 0.06809905316824472, 0.06045156591405681, 0.06300072833211945, 0.04697742170429716, 0.09176984705025491, 0.06445739257101238, 0.07101238164603059, 0.04078659868900218, 0.06882738528769118, 0.026219956300072834, 0.04151493080844866, 0.03423160961398398, 0.024399126001456665, 0.037873270211216316, 0.03896576839038601, 0.01820830298616169, 0.019664967225054626
B:TTCCA, 0.033844526705446853, 0.0, 0.05764145954521417, 0.07985193019566367, 0.06213643574828133, 0.06504494976203067, 0.053410893707033315, 0.0446853516657853, 0.09095716552088842, 0.082760444209413, 0.06927551560021153, 0.05050237969328398, 0.07165520888418826, 0.029613960867265997, 0.03781068217874141, 0.02908514013749339, 0.01877313590692755, 0.04230565838180857, 0.041512427287149656, 0.0150713907985193, 0.024061343204653623
B:TTCCC, 0.032268073223704626, 0.0, 0.05553831833695315, 0.08004964318957493, 0.06856965560037233, 0.0660874961216258, 0.06453614644740925, 0.04623022029165374, 0.08346261247285137, 0.09090909090909091, 0.05553831833695314, 0.05088426931430345, 0.06763884579584238, 0.027303754266211604, 0.029165373875271485, 0.021408625504188643, 0.022339435308718587, 0.03537077257213776, 0.05243561898852001, 0.013962147067949116, 0.0363015823766677
B:TTCCG, 0.02681660899653979, 0.0, 0.056228373702422146, 0.08131487889273356, 0.06228373702422145, 0.058823529411764705, 0.06920415224913495, 0.045847750865051905, 0.06920415224913495, 0.10640138408304499, 0.052768166089965395, 0.037197231833910036, 0.078719723183391, 0.022491349480968863, 0.03373702422145329, 0.02422145328719723, 0.039792387543252594, 0.026816608996539794, 0.05363321799307959, 0.019896193771626297, 0.03460207612456748
B:TTCCT, 0.028932704672096014, 0.0, 0.06343763394770681, 0.08315473639091299, 0.06086583797685383, 0.0546506643806258, 0.0690098585512216, 0.053579082726103726, 0.09129875696528075, 0.09408486926703814, 0.06086583797685383, 0.047792541791684524, 0.0675096442348907, 0.02486069438491213, 0.02657522503214745, 0.028075439348478354, 0.0186455207886841, 0.036433776253750536, 0.045649378482640376, 0.015216459494213458, 0.029361337333904843
B:TTCGA, 0.03367496339677892, 0.0, 0.05417276720351391, 0.10395314787701318, 0.05417276720351392, 0.048316251830161056, 0.055636896046852125, 0.03806734992679356, 0.07174231332357248, 0.08345534407027819, 0.08345534407027819, 0.05563689604685213, 0.07027818448023426, 0.02635431918008785, 0.02342606149341142, 0.03367496339677892, 0.03513909224011713, 0.024890190336749635, 0.05124450951683748, 0.019033674963396776, 0.03367496339677892
B:TTCGC, 0.029141104294478526, 0.0, 0.06748466257668712, 0.11503067484662577, 0.06441717791411043, 0.04601226993865031, 0.049079754601226995, 0.03220858895705521, 0.0843558282208589, 0.09355828220858896, 0.07055214723926381, 0.04141104294478527, 0.06441717791411043, 0.024539877300613498, 0.02607361963190184, 0.03680981595092025, 0.024539877300613498, 0.03067484662576687, 0.049079754601226995, 0.023006134969325152, 0.027607361963190184
B:TTCGG, 0.02481121898597627, 0.0, 0.06472491909385113, 0.08629989212513485, 0.061488673139158574, 0.0668824163969795, 0.05070118662351672, 0.04207119741100323, 0.08737864077669903, 0.12837108953613807, 0.04638619201725998, 0.04638619201725998, 0.07011866235167206, 0.025889967637540454, 0.025889967637540454, 0.023732470334412083, 0.02481121898597627, 0.025889967637540454, 0.05070118662351672, 0.011866235167206042, 0.03559870550161812
B:TTCGT, 0.017711171662125342, 0.0, 0.0681198910081744, 0.09128065395095368, 0.07084468664850137, 0.055858310626702996, 0.05994550408719346, 0.047683923705722074, 0.07220708446866485, 0.11035422343324251, 0.06130790190735695, 0.035422343324250684, 0.07084468664850137, 0.025885558583106268, 0.02861035422343324, 0.03814713896457766, 0.021798365122615803, 0.025885558583106268, 0.05313351498637602, 0.01634877384196185, 0.02861035422343324
B:TTCTA, 0.04608050847457627, 0.0, 0.0635593220338983, 0.07574152542372882, 0.06938559322033898, 0.06514830508474577, 0.04925847457627119, 0.056673728813559324, 0.09375, 0.05349576271186441, 0.06726694915254237, 0.04449152542372881, 0.06673728813559322, 0.028601694915254237, 0.04290254237288135, 0.03230932203389831, 0.022245762711864406, 0.036016949152542374, 0.036546610169491525, 0.022245762711864403, 0.027542372881355928
B:TTCTC, 0.03279848985370458, 0.0, 0.05851816894761679, 0.07621519584709768, 0.06205757432751298, 0.06418121755545068, 0.06701274185936762, 0.05096743747050495, 0.09013685700802265, 0.08966493629070317, 0.06441717791411043, 0.04152902312411515, 0.07078810759792355, 0.024775837659273242, 0.03161868806040585, 0.034922133081642284, 0.017697026899480887, 0.03893345917885795, 0.04105710240679566, 0.016989145823501653, 0.025719679093912224
B:TTCTG, 0.03033633765662783, 0.0, 0.0602330182457683, 0.07276324466915805, 0.06484941745438558, 0.0569355902396131, 0.06199164651571774, 0.046823477687403824, 0.08947021323367774, 0.0888107276324467, 0.06440976038689822, 0.05078039129479006, 0.06638821719059133, 0.02747856671795999, 0.02967685205539679, 0.03165530885908991, 0.023081996043086393, 0.04154759287755551, 0.046383820619916465, 0.019125082435700155, 0.02725873818421631
B:TTCTT, 0.03666245259165613, 0.0, 0.0684787189211968, 0.07817109144542773, 0.07248209018120523, 0.05857564264643911, 0.06236831015592077, 0.047619047619047616, 0.0887062789717657, 0.07290349768225875, 0.056890012642225034, 0.04487989886219975, 0.07543194268857986, 0.021281078803202697, 0.03729456384323641, 0.034344711335861776, 0.022545301306363254, 0.03750526759376317, 0.04214075010535188, 0.016224188790560472, 0.025495153813737886
B:TTTAA, 0.03434343434343434, 0.0, 0.07727272727272727, 0.06616161616161616, 0.08131313131313131, 0.06868686868686869, 0.06111111111111111, 0.05757575757575758, 0.0601010101010101, 0.045454545454545456, 0.05505050505050505, 0.05303030303030304, 0.05757575757575758, 0.028787878787878786, 0.047979797979797977, 0.052525252525252523, 0.0297979797979798, 0.04393939393939394, 0.02929292929292929, 0.01919191919191919, 0.03080808080808081
B:TTTAC, 0.03774879890185312, 0.0, 0.0796156485929993, 0.07549759780370624, 0.08510638297872339, 0.05696636925188744, 0.04941660947151681, 0.05147563486616335, 0.07687028140013727, 0.04804392587508579, 0.06726149622512012, 0.050102951269732326, 0.06314344543582705, 0.03088538091969801, 0.04392587508579272, 0.04804392587508579, 0.02059025394646534, 0.035003431708991076, 0.038435140700068635, 0.017158544955387784, 0.024708304735758406
B:TTTAG, 0.04181951577402787, 0.0, 0.07116654438738078, 0.06969919295671313, 0.08143800440205429, 0.06823184152604547, 0.05649303008070433, 0.05575935436537051, 0.06676449009537784, 0.055025678650036686, 0.0652971386647102, 0.05649303008070433, 0.06823184152604549, 0.028613352898019074, 0.04035216434336023, 0.045487894350697, 0.013206162876008804, 0.0425531914893617, 0.03521643433602348, 0.016874541452677916, 0.02127659574468085
B:TTTAT, 0.036296685954760655, 0.0, 0.07206733298264072, 0.06575486586007365, 0.07206733298264072, 0.07048921620199895, 0.06312467122567071, 0.06733298264071541, 0.06996317727511836, 0.04313519200420832, 0.06365071015255129, 0.05365597054182009, 0.057864281956864806, 0.03103629668595476, 0.05207785376117833, 0.04471330878485008, 0.021567596002104155, 0.04418726985796949, 0.027880063124671225, 0.02209363492898474, 0.021041557075223566
B:TTTCA, 0.04116222760290556, 0.0, 0.07471463161535802, 0.07263922518159806, 0.0774818401937046, 0.06053268765133172, 0.056381874783811826, 0.051885160843998614, 0.07298512625389139, 0.06537530266343826, 0.06918021445866482, 0.04219993081978554, 0.06641300588031823, 0.026288481494292634, 0.04462123832583881, 0.041854029747492215, 0.01937046004842615, 0.040124524386025595, 0.036665513663092356, 0.017295053614666205, 0.02282947077135939
B:TTTCC, 0.032502101428971704, 0.0, 0.05743905855982067, 0.07929391986550854, 0.07369010927430653, 0.06388344073970299, 0.0627626786214626, 0.05743905855982068, 0.08153544410198935, 0.07144858503782572, 0.06136172597366209, 0.047632390025217144, 0.06752591762398431, 0.033062482488091904, 0.03726534043149342, 0.02942000560381059, 0.021014289717007566, 0.03838610254973382, 0.041748388904455036, 0.015410479125805548, 0.027178481367329786
B:TTTCG, 0.03553299492385787, 0.0, 0.06937394247038917, 0.08121827411167512, 0.07952622673434856, 0.06260575296108291, 0.05076142131979696, 0.047377326565143825, 0.07952622673434856, 0.1218274111675127, 0.0676818950930626, 0.03722504230118443, 0.06260575296108291, 0.02538071065989848, 0.021996615905245348, 0.023688663282571912, 0.01692047377326565, 0.025380710659898477, 0.047377326565143825, 0.01353637901861252, 0.030456852791878174
B:TTTCT, 0.03672256421142008, 0.0, 0.06707705370409679, 0.07620462746762896, 0.07153470600721715, 0.06177032477181066, 0.05901082572702186, 0.05646359583952452, 0.08936531521969858, 0.05943536404160475, 0.06261940140097644, 0.047760560390575246, 0.06898747611971981, 0.025047760560390576, 0.03714710252600297, 0.03502441095308852, 0.0237741456166419, 0.04372744640203778, 0.03757164084058586, 0.01995330078539588, 0.020802377414561663
B:TTTGA, 0.03966597077244259, 0.0, 0.07557411273486431, 0.0709812108559499, 0.07766179540709812, 0.061795407098121084, 0.054697286012526096, 0.05135699373695198, 0.08893528183716075, 0.06221294363256785, 0.05970772442588727, 0.048434237995824636, 0.0651356993736952, 0.02881002087682672, 0.03549060542797495, 0.043423799582463465, 0.020876826722338204, 0.029227557411273485, 0.044258872651356994, 0.01837160751565762, 0.02338204592901879
B:TTTGC, 0.03646503646503647, 0.0, 0.06349206349206349, 0.07293007293007293, 0.07550407550407551, 0.057486057486057486, 0.06906906906906907, 0.05105105105105105, 0.08494208494208494, 0.07421707421707421, 0.06048906048906049, 0.04719004719004719, 0.06435006435006435, 0.028314028314028315, 0.039897039897039896, 0.03003003003003003, 0.021879021879021878, 0.04118404118404118, 0.04247104247104247, 0.02059202059202059, 0.018447018447018446
B:TTTGG, 0.0371900826446281, 0.0, 0.067618332081142, 0.0743801652892562, 0.06799398948159278, 0.06461307287753569, 0.056348610067618335, 0.05334335086401202, 0.08151765589782119, 0.07400450788880542, 0.058602554470323066, 0.04658151765589782, 0.07625845229151014, 0.027047332832456798, 0.04432757325319309, 0.03193087903831705, 0.021412471825694966, 0.029301277235161533, 0.042073628850488355, 0.0202854996243426, 0.025169045830202855
B:TTTGT, 0.034482758620689655, 0.0, 0.07038748666903662, 0.06398862424457874, 0.0796302879488091, 0.06434411660149307, 0.06221116246000711, 0.0593672236046925, 0.07465339495200853, 0.07536437966583719, 0.0593672236046925, 0.04941343761109136, 0.05901173124777817, 0.0270174191254888, 0.04265908282971916, 0.036615712762175616, 0.020618556701030927, 0.04230359047280483, 0.0323498044792037, 0.019196587273373623, 0.0270174191254888
B:TTTTA, 0.04495912806539509, 0.0, 0.07084468664850137, 0.06766575840145322, 0.08492279745685741, 0.06130790190735695, 0.059491371480472295, 0.05313351498637602, 0.06039963669391462, 0.03950953678474114, 0.06403269754768393, 0.06130790190735695, 0.05404178019981834, 0.03723887375113533, 0.05040871934604904, 0.05267938237965485, 0.02452316076294278, 0.04041780199818347, 0.03178928247048138, 0.02089009990917348, 0.020435967302452316
B:TTTTC, 0.03770491803278689, 0.0, 0.07213114754098361, 0.07295081967213114, 0.08114754098360656, 0.06530054644808743, 0.05273224043715847, 0.056010928961748634, 0.08743169398907104, 0.05901639344262296, 0.06994535519125683, 0.04426229508196721, 0.06284153005464481, 0.023770491803278688, 0.03907103825136612, 0.03579234972677595, 0.01612021857923497, 0.043989071038251365, 0.03825136612021858, 0.020218579234972677, 0.021311475409836064
B:TTTTG, 0.044585987261146494, 0.0, 0.07381041588609966, 0.06519295616335706, 0.07868115399025852, 0.06107156238291495, 0.06107156238291495, 0.058823529411764705, 0.08242787560884227, 0.0603222180591982, 0.05957287373548145, 0.048332708879730235, 0.053952791307605844, 0.026227051330086175, 0.047208692394155115, 0.03971524915698764, 0.021356313225927313, 0.04233795428999625, 0.034469838890970404, 0.0157362307980517, 0.02510303484451105
B:TTTTT, 0.04096325719960278, 0.0, 0.06876861966236346, 0.07621648460774579, 0.0868917576961271, 0.05933465739821251, 0.0650446871896723, 0.05883813306852035, 0.07671300893743793, 0.04716981132075473, 0.07000993048659385, 0.061817279046673286, 0.0506454816285998, 0.02631578947368421, 0.04046673286991063, 0.03450844091360477, 0.014895729890764648, 0.03897715988083416, 0.03798411122144985, 0.01787487586891758, 0.02656405163853029
N:AACAA, 0.06770680011775096, 0.004415660877244628, 0.06976744186046512, 0.06123049749779217, 0.027082720047100384, 0.03944657050338534, 0.0518104209596703, 0.09832204886664704, 0.09714453929938181, 0.03620841919340595, 0.03974094789520165, 0.04533411833971151, 0.04386223138062997, 0.05858110097144539, 0.042390344421548425, 0.07388872534589343, 0.03297026788342655, 0.03179275831616132, 0.0415072122460995, 0.01766264350897851, 0.019134530468060053
N:AACAC, 0.06056018168054504, 0.001514004542013626, 0.05753217259651779, 0.06245268735806207, 0.03141559424678274, 0.043527630582891746, 0.04466313398940197, 0.08364875094625283, 0.10333080999242998, 0.03292959878879636, 0.03217259651778955, 0.03860711582134747, 0.04579863739591218, 0.09992429977289932, 0.03709311127933384, 0.07494322482967448, 0.026116578349735048, 0.02838758516275549, 0.05147615442846329, 0.018168054504163512, 0.025738077214231644
N:AACAG, 0.05905401623285754, 0.0030786453960257487, 0.06661069129582983, 0.052336971732437725, 0.027707808564231735, 0.038623005877413935, 0.046739434648754546, 0.1043940666106913, 0.08368317940106353, 0.035264483627204024, 0.028267562272600057, 0.028547439126784216, 0.04813881891967534, 0.07220822837951302, 0.04086202071088721, 0.08396305625524769, 0.03582423733557235, 0.039182759585782254, 0.05681500139938428, 0.02155051777218024, 0.02714805485586342
N:AACAT, 0.07259206798866856, 0.005311614730878187, 0.06763456090651558, 0.06869688385269122, 0.03293201133144476, 0.046742209631728045, 0.04001416430594901, 0.09702549575070822, 0.10021246458923513, 0.03576487252124646, 0.043909348441926344, 0.03718130311614731, 0.037535410764872525, 0.05559490084985836, 0.05240793201133145, 0.05311614730878187, 0.032223796033994334, 0.032223796033994334, 0.047096317280453256, 0.018059490084985835, 0.023725212464589234
N:AACCA, 0.06432545201668985, 0.002086230876216968, 0.06328233657858136, 0.0584144645340751, 0.024339360222531293, 0.043115438108484005, 0.04311543810848401, 0.11161335187760779, 0.08692628650904033, 0.03442280945757997, 0.027816411682892908, 0.0368567454798331, 0.04728789986091794, 0.08484005563282336, 0.0351182197496523, 0.08240611961057025, 0.03372739916550765, 0.028859527121001392, 0.052503477051460364, 0.01634214186369958, 0.022600834492350487
N:AACCC, 0.04093264248704663, 0.0, 0.06683937823834196, 0.058031088082901555, 0.029533678756476684, 0.04041450777202073, 0.04559585492227979, 0.08341968911917098, 0.07616580310880829, 0.04922279792746115, 0.03782383419689119, 0.04196891191709844, 0.05595854922279793, 0.09274611398963731, 0.04041450777202073, 0.0694300518134715, 0.03730569948186528, 0.030569948186528497, 0.05699481865284974, 0.02383419689119171, 0.022797927461139896
N:AACCG, 0.04406779661016949, 0.0, 0.07627118644067797, 0.05423728813559322, 0.03389830508474576, 0.0440677966101695, 0.047457627118644076, 0.06440677966101695, 0.09491525423728814, 0.04067796610169491, 0.03389830508474576, 0.04067796610169491, 0.03728813559322034, 0.07627118644067797, 0.022033898305084745, 0.059322033898305086, 0.04915254237288136, 0.0288135593220339, 0.07627118644067797, 0.0288135593220339, 0.04745762711864407
N:AACCT, 0.05463375151760421, 0.0028328611898017, 0.06394172399838122, 0.05827600161877782, 0.024686361796843387, 0.05220558478348847, 0.04694455685957103, 0.1169566976932416, 0.07972480777013355, 0.042492917847025496, 0.032780250910562525, 0.0424929178470255, 0.04451639012545528, 0.05989477944152165, 0.04694455685957103, 0.0687980574666127, 0.04127883447996762, 0.028733306353702956, 0.052610279239174426, 0.01537838931606637, 0.023876972885471467
N:AACGA, 0.07008547008547009, 0.0017094017094017094, 0.08547008547008549, 0.03247863247863248, 0.037606837606837605, 0.04957264957264957, 0.052991452991453, 0.06324786324786325, 0.09230769230769231, 0.02905982905982906, 0.03931623931623932, 0.03418803418803419, 0.039316239316239315, 0.02905982905982906, 0.05299145299145299, 0.09230769230769231, 0.04786324786324787, 0.02564102564102564, 0.05299145299145299, 0.03418803418803419, 0.037606837606837605
N:AACGC, 0.04627766599597585, 0.002012072434607646, 0.08249496981891348, 0.06841046277665996, 0.03219315895372234, 0.028169014084507043, 0.0744466800804829, 0.06237424547283702, 0.060362173038229376, 0.0482897384305835, 0.02414486921529175, 0.060362173038229376, 0.05030181086519115, 0.056338028169014086, 0.0482897384305835, 0.06237424547283703, 0.03822937625754527, 0.02414486921529175, 0.058350100603621724, 0.03822937625754527, 0.03420523138832998
N:AACGG, 0.05161290322580645, 0.0032258064516129032, 0.09354838709677418, 0.05806451612903226, 0.025806451612903226, 0.035483870967741936, 0.054838709677419356, 0.05967741935483871, 0.08064516129032258, 0.041935483870967745, 0.05967741935483871, 0.04032258064516129, 0.056451612903225805, 0.048387096774193554, 0.04354838709677419, 0.0532258064516129, 0.05161290322580645, 0.02903225806451613, 0.04677419354838709, 0.016129032258064516, 0.05
N:AACGT, 0.05203252032520325, 0.0016260162601626016, 0.09268292682926829, 0.05040650406504065, 0.02926829268292683, 0.04227642276422765, 0.061788617886178863, 0.07479674796747969, 0.06991869918699187, 0.032520325203252036, 0.03902439024390244, 0.04552845528455285, 0.03577235772357724, 0.07154471544715447, 0.05853658536585366, 0.10081300813008132, 0.03739837398373984, 0.02113821138211382, 0.05365853658536585, 0.013008130081300813, 0.016260162601626018
N:AACTA, 0.06501340482573727, 0.002680965147453083, 0.06769436997319035, 0.06233243967828418, 0.030831099195710455, 0.0435656836461126, 0.048927613941018765, 0.10589812332439678, 0.07841823056300268, 0.03820375335120643, 0.03418230563002681, 0.0435656836461126, 0.03820375335120643, 0.06568364611260054, 0.06032171581769437, 0.06635388739946381, 0.030831099195710455, 0.022117962466487937, 0.04758713136729222, 0.020107238605898123, 0.027479892761394103
N:AACTC, 0.05835892935498026, 0.0035103115401491883, 0.06669591926283458, 0.06450197455024133, 0.0298376480912681, 0.04387889425186485, 0.049583150504607286, 0.09784993418165862, 0.0868802106186924, 0.03992979376919702, 0.025888547608600262, 0.040807371654234315, 0.046511627906976744, 0.06537955243527863, 0.04168494953927161, 0.07371654234313295, 0.03817463799912242, 0.02676612549363756, 0.05748135146994296, 0.02062308029837648, 0.021939447125932425
N:AACTG, 0.05726724715338245, 0.0020093770931011385, 0.06731413261888815, 0.0535833891493637, 0.03014065639651708, 0.04219691895512391, 0.04018754186202278, 0.09444072337575352, 0.08506363027461487, 0.03114534494306765, 0.027461486939048894, 0.03784326858673811, 0.04521098459477562, 0.08171466845277964, 0.05157401205626256, 0.08774279973208306, 0.0361687876758205, 0.02813127930341594, 0.050904219691895514, 0.02076356329537843, 0.02913596784996651
N:AACTT, 0.0749423520368947, 0.0030745580322828594, 0.06917755572636433, 0.05495772482705611, 0.030745580322828592, 0.035357417371252885, 0.04342813220599539, 0.101076095311299, 0.09108378170637971, 0.03766333589546503, 0.030745580322828592, 0.041122213681783246, 0.041122213681783246, 0.07686395080707148, 0.05265180630284397, 0.0622598001537279, 0.02959262106072252, 0.02843966179861645, 0.04342813220599539, 0.018447348193697154, 0.033820138355111454
N:AATAA, 0.07375699703654923, 0.005268356931182087, 0.0642081000987817, 0.07540335857754363, 0.02732960158050708, 0.04280540006585446, 0.04774448468883767, 0.12248929864998354, 0.08824497859729996, 0.030951596970694766, 0.04181758314125782, 0.038524860059269014, 0.03687849851827461, 0.04543957853144551, 0.04774448468883767, 0.06684227856437273, 0.020085610800131708, 0.03161014158709253, 0.04280540006585446, 0.02074415541652947, 0.02930523542970036
N:AATAC, 0.0688673875924872, 0.003414911781445646, 0.05976095617529881, 0.061468412066021626, 0.03016505406943654, 0.0466704610130905, 0.03870233352305066, 0.11041548093340922, 0.09163346613545817, 0.02504268639726807, 0.045532157085941945, 0.040409789413773475, 0.03927148548662493, 0.06715993170176437, 0.05293113261240751, 0.0688673875924872, 0.026750142287990893, 0.029595902105862264, 0.05065452475811041, 0.01935116676152533, 0.02333523050654525
N:AATAG, 0.06320810971973763, 0.0035778175313059034, 0.06022659511031604, 0.06022659511031604, 0.02385211687537269, 0.05605247465712582, 0.03935599284436494, 0.10137149672033392, 0.10077519379844961, 0.029815146094215858, 0.03756708407871199, 0.03637447823494335, 0.04710793082886106, 0.07811568276684555, 0.0381633870005963, 0.06917113893858079, 0.020870602265951103, 0.03398926654740608, 0.05366726296958855, 0.02146690518783542, 0.025044722719141325
N:AATAT, 0.06794625719769674, 0.004606525911708253, 0.07024952015355086, 0.1036468330134357, 0.0345489443378119, 0.04376199616122841, 0.0418426103646833, 0.09328214971209213, 0.1109404990403071, 0.03723608445297505, 0.04568138195777351, 0.031861804222648754, 0.031861804222648754, 0.050671785028790786, 0.04836852207293666, 0.047216890595009595, 0.022648752399232246, 0.02802303262955854, 0.04875239923224568, 0.015738963531669866, 0.02111324376199616
N:AATCA, 0.06541291905151267, 0.005314799672935404, 0.06704824202780049, 0.07440719542109567, 0.026573998364677023, 0.04292722812755519, 0.04129190515126738, 0.13286999182338513, 0.09934587080948487, 0.029435813573180702, 0.04047424366312346, 0.0429272281275552, 0.04129190515126738, 0.05478331970564186, 0.03515944399018806, 0.05600981193785773, 0.027800490596892886, 0.022894521668029435, 0.044971381847914965, 0.016353229762878167, 0.032706459525756335
N:AATCC, 0.04883831199620673, 0.002370791844476055, 0.05215742057847321, 0.051209103840682786, 0.023233760075865337, 0.04172593646277857, 0.03556187766714083, 0.10052157420578474, 0.08961593172119488, 0.036510194404931244, 0.03319108582266477, 0.04551920341394026, 0.04599336178283547, 0.11853959222380275, 0.03745851114272167, 0.07633949739212897, 0.034613560929350404, 0.02418207681365576, 0.05547652916073969, 0.02275960170697013, 0.02418207681365576
N:AATCG, 0.07592190889370933, 0.0021691973969631237, 0.0650759219088937, 0.03253796095444685, 0.039045553145336226, 0.05422993492407809, 0.06290672451193059, 0.09327548806941434, 0.049891540130151846, 0.03036876355748373, 0.019522776572668113, 0.03253796095444685, 0.039045553145336226, 0.09544468546637744, 0.04772234273318872, 0.07809110629067245, 0.03470715835140998, 0.021691973969631236, 0.06290672451193058, 0.019522776572668113, 0.04338394793926247
N:AATCT, 0.07368421052631578, 0.0036437246963562753, 0.07489878542510121, 0.062348178137651825, 0.02388663967611336, 0.044534412955465584, 0.04008097165991903, 0.1319838056680162, 0.08299595141700405, 0.031578947368421054, 0.035222672064777326, 0.042510121457489884, 0.038461538461538464, 0.06072874493927125, 0.04251012145748988, 0.07813765182186234, 0.02510121457489879, 0.026720647773279354, 0.0437246963562753, 0.014979757085020242, 0.022267206477732792
N:AATGA, 0.07256803253049735, 0.001876759461995621, 0.0713168595558336, 0.06568658116984673, 0.02877697841726619, 0.04535502033156084, 0.04066312167657179, 0.08820769471379418, 0.10165780419142946, 0.030028151391929936, 0.04285267438223334, 0.03409446355958712, 0.046606193306224585, 0.07444479199249296, 0.04629340006255865, 0.06506099468251486, 0.03253049734125743, 0.028151391929934315, 0.04566781357522678, 0.013450109477635284, 0.02471066624960901
N:AATGC, 0.061794997547817566, 0.0029426189308484553, 0.08484551250613045, 0.0622854340362923, 0.029916625796959296, 0.0461010299166258, 0.0461010299166258, 0.08092202059833252, 0.09367336929867583, 0.045610593428151054, 0.03285924472780775, 0.03089749877390878, 0.04119666503187837, 0.0657184894556155, 0.04364884747425209, 0.06817067189798921, 0.033840117704757235, 0.03138793526238352, 0.04659146640510054, 0.02795487984306032, 0.023540951446787643
N:AATGG, 0.06058221872541306, 0.0023603461841070024, 0.06884343036978757, 0.06333595594020457, 0.03068450039339103, 0.05507474429583006, 0.04602675059008655, 0.0959874114870181, 0.07356412273800157, 0.035798583792289534, 0.031864673485444535, 0.03383162863886703, 0.05271439811172305, 0.08261211644374508, 0.04681353265145555, 0.06136900078678206, 0.03107789142407553, 0.029110936270653028, 0.05507474429583006, 0.02006294256490952, 0.023210070810385522
N:AATGT, 0.07114228456913828, 0.0070140280561122245, 0.0674682698730795, 0.05911823647294589, 0.03206412825651302, 0.04275217100868404, 0.035738142952571814, 0.10420841683366731, 0.11122244488977956, 0.041750167000668005, 0.03239812959251837, 0.036406145624582505, 0.0364061456245825, 0.07381429525718101, 0.05444221776887107, 0.049432197728790914, 0.02404809619238477, 0.027054108216432865, 0.050100200400801605, 0.015698062792251166, 0.027722110888443553
N:AATTA, 0.0827250608272506, 0.00583941605839416, 0.061800486618004864, 0.0851581508515815, 0.027737226277372264, 0.05012165450121654, 0.04330900243309002, 0.10802919708029197, 0.08126520681265206, 0.029683698296836983, 0.04671532846715328, 0.04282238442822384, 0.033576642335766425, 0.05936739659367397, 0.05450121654501217, 0.04817518248175182, 0.02335766423357664, 0.031143552311435525, 0.03941605839416058, 0.02141119221411192, 0.023844282238442822
N:AATTC, 0.07169811320754717, 0.0033542976939203353, 0.07253668763102725, 0.06247379454926625, 0.04025157232704402, 0.04654088050314466, 0.0310272536687631, 0.11865828092243187, 0.09979035639412998, 0.033962264150943396, 0.039832285115303984, 0.03522012578616352, 0.039412997903563944, 0.05660377358490566, 0.042348008385744235, 0.06037735849056604, 0.020964360587002098, 0.02851153039832285, 0.04821802935010482, 0.021383647798742137, 0.026834381551362682
N:AATTG, 0.08796821793416572, 0.004540295119182747, 0.08399545970488081, 0.06923950056753689, 0.026106696935300794, 0.03518728717366629, 0.035187287173666294, 0.09648127128263337, 0.10385925085130533, 0.038024971623155504, 0.041430192962542564, 0.04426787741203178, 0.046538024971623154, 0.04256526674233825, 0.039727582292849034, 0.053348467650397274, 0.022701475595913734, 0.027809307604994324, 0.04880817253121453, 0.026674233825198634, 0.02553916004540295
N:AATTT, 0.07697201017811706, 0.005407124681933842, 0.06965648854961833, 0.07633587786259542, 0.02321882951653944, 0.03371501272264631, 0.03880407124681934, 0.12563613231552162, 0.10368956743002544, 0.030534351145038167, 0.04262086513994911, 0.051208651399491094, 0.03721374045801526, 0.046755725190839696, 0.04993638676844784, 0.048982188295165395, 0.02544529262086514, 0.028307888040712468, 0.046755725190839696, 0.02099236641221374, 0.017811704834605598
N:ACCAA, 0.07105994442238983, 0.003572846367606193, 0.0666931321953156, 0.05637157602223104, 0.031758634378721715, 0.04763795156808258, 0.05081381500595474, 0.1000396982929734, 0.08852719333068677, 0.038110361254466055, 0.03056768558951965, 0.034140531957125846, 0.045653036919412464, 0.057562524811433105, 0.044859071059944425, 0.07304485907105994, 0.03374354902739182, 0.023421992854307266, 0.054386661373560935, 0.020643112346169112, 0.02739182215164748
N:ACCAC, 0.0524132730015083, 0.001885369532428356, 0.07202111613876319, 0.05467571644042232, 0.017722473604826545, 0.038838612368024134, 0.049773755656108594, 0.06938159879336352, 0.08484162895927602, 0.03431372549019608, 0.029034690799396683, 0.033559577677224735, 0.05052790346907994, 0.10180995475113122, 0.03657616892911011, 0.08748114630467571, 0.048265460030165915, 0.03431372549019608, 0.057692307692307696, 0.020739064856711915, 0.024132730015082957
N:ACCAG, 0.05, 0.002717391304347826, 0.06684782608695652, 0.0453804347826087, 0.027717391304347826, 0.05326086956521739, 0.03994565217391304, 0.13369565217391305, 0.07608695652173914, 0.030434782608695653, 0.029891304347826088, 0.03125, 0.042663043478260866, 0.09021739130434783, 0.03369565217391304, 0.07989130434782608, 0.04755434782608696, 0.027717391304347826, 0.051358695652173915, 0.02092391304347826, 0.01875
N:ACCAT, 0.055698057896665445, 0.003297911322828875, 0.05496518871381458, 0.0480029314767314, 0.025283986808354707, 0.05020153902528399, 0.04104067423964823, 0.11212898497618175, 0.09014290949065591, 0.031146940271161598, 0.04030780505679736, 0.03920850128252107, 0.05130084279956028, 0.10076951264199341, 0.04213997801392452, 0.059728838402345184, 0.03334554781971418, 0.031146940271161598, 0.056064492488090874, 0.013558079882740931, 0.020520337119824112
N:ACCCA, 0.0402555910543131, 0.0009584664536741214, 0.068370607028754, 0.052715654952076675, 0.0268370607028754, 0.04792332268370607, 0.047284345047923323, 0.1230031948881789, 0.08146964856230031, 0.038338658146964855, 0.030031948881789138, 0.029712460063897765, 0.04664536741214057, 0.09329073482428114, 0.030990415335463258, 0.05942492012779553, 0.04376996805111821, 0.03035143769968051, 0.061980830670926516, 0.017252396166134186, 0.02939297124600639
N:ACCCC, 0.04052780395852969, 0.000471253534401508, 0.05702167766258247, 0.0589066918001885, 0.032516493873704054, 0.04759660697455231, 0.052780395852968905, 0.08435438265786993, 0.08058435438265787, 0.036757775683317624, 0.03298774740810556, 0.0353440150801131, 0.05937794533459001, 0.06644674835061264, 0.02827521206409048, 0.05796418473138549, 0.06173421300659755, 0.034872761545711596, 0.08058435438265787, 0.020263901979264844, 0.030631479736098022
N:ACCCG, 0.034974093264248704, 0.0, 0.06735751295336788, 0.06347150259067358, 0.034974093264248704, 0.046632124352331605, 0.0621761658031088, 0.07772020725388601, 0.06606217616580311, 0.04792746113989636, 0.042746113989637305, 0.04663212435233161, 0.06088082901554404, 0.05569948186528497, 0.042746113989637305, 0.05958549222797927, 0.040155440414507776, 0.025906735751295335, 0.07124352331606218, 0.018134715025906734, 0.034974093264248704
N:ACCCT, 0.04298993028659954, 0.0003872966692486445, 0.06235476374903176, 0.06312935708752905, 0.024786986831913247, 0.052672347017815646, 0.05073586367157242, 0.07436096049573974, 0.07281177381874517, 0.04066615027110767, 0.03834237025561579, 0.03292021688613478, 0.05731990704879938, 0.08636715724244771, 0.03446940356312936, 0.07164988381099922, 0.04221533694810225, 0.030596436870642913, 0.0731990704879938, 0.021688613477924088, 0.026336173508907823
N:ACCGA, 0.07305194805194805, 0.003246753246753247, 0.07792207792207793, 0.06493506493506493, 0.032467532467532464, 0.04383116883116883, 0.060064935064935064, 0.07629870129870131, 0.05357142857142857, 0.04058441558441558, 0.04545454545454545, 0.03896103896103896, 0.06655844155844155, 0.06493506493506493, 0.027597402597402596, 0.06655844155844155, 0.048701298701298704, 0.021103896103896104, 0.04220779220779221, 0.01948051948051948, 0.032467532467532464
N:ACCGC, 0.04430379746835443, 0.0012658227848101266, 0.05189873417721519, 0.05189873417721519, 0.04430379746835443, 0.035443037974683546, 0.053164556962025315, 0.05443037974683545, 0.08607594936708861, 0.04810126582278481, 0.04556962025316456, 0.0379746835443038, 0.05189873417721519, 0.0949367088607595, 0.02911392405063291, 0.05189873417721519, 0.04556962025316456, 0.03417721518987342, 0.07088607594936709, 0.026582278481012654, 0.04050632911392405
N:ACCGG, 0.03474903474903475, 0.0, 0.06949806949806951, 0.05662805662805663, 0.02574002574002574, 0.05662805662805663, 0.05405405405405406, 0.0682110682110682, 0.07464607464607464, 0.043758043758043756, 0.04633204633204633, 0.04118404118404118, 0.05276705276705277, 0.07850707850707851, 0.03474903474903474, 0.05405405405405406, 0.06435006435006435, 0.02574002574002574, 0.059202059202059204, 0.023166023166023165, 0.036036036036036036
N:ACCGT, 0.04315476190476191, 0.0, 0.09672619047619048, 0.050595238095238096, 0.02976190476190476, 0.03571428571428571, 0.05952380952380952, 0.06101190476190475, 0.06101190476190476, 0.037202380952380945, 0.04613095238095238, 0.03422619047619048, 0.052083333333333336, 0.08184523809523811, 0.04166666666666667, 0.09375000000000001, 0.05654761904761905, 0.022321428571428572, 0.05803571428571429, 0.017857142857142856, 0.020833333333333332
N:ACCTA, 0.05350938151494093, 0.0020847810979847115, 0.06462821403752605, 0.05906879777623349, 0.02501737317581654, 0.05489923558026407, 0.04100069492703266, 0.09520500347463516, 0.08895066018068103, 0.03474635163307852, 0.035441278665740095, 0.0472550382209868, 0.04030576789437109, 0.0660180681028492, 0.05072967338429465, 0.05837387074357193, 0.04933981931897151, 0.02779708130646282, 0.05698401667824878, 0.022237665045170257, 0.02640722724113968
N:ACCTC, 0.057750759878419454, 0.0007598784194528875, 0.061170212765957445, 0.04711246200607903, 0.031914893617021274, 0.0486322188449848, 0.05015197568389058, 0.08624620060790274, 0.08434650455927052, 0.04179331306990881, 0.030395136778115502, 0.03001519756838906, 0.055091185410334344, 0.07788753799392097, 0.03723404255319149, 0.07256838905775076, 0.05205167173252279, 0.02621580547112462, 0.06572948328267478, 0.017477203647416412, 0.025455927051671733
N:ACCTG, 0.04257999496094734, 0.0012597631645250692, 0.06324011085915848, 0.05165028974552784, 0.022171831695641218, 0.04711514235323759, 0.04610733182161754, 0.11816578483245149, 0.07054673721340388, 0.03552532123960695, 0.031746031746031744, 0.030486268581506677, 0.047367094986142604, 0.11539430587049634, 0.033005794910556815, 0.0672713529856387, 0.042328042328042326, 0.027462836986646512, 0.07029478458049887, 0.015117157974300832, 0.021164021164021163
N:ACCTT, 0.05818576075171666, 0.0021684134441633538, 0.07300325262016624, 0.06035417419588002, 0.024213950126490785, 0.051319118178532706, 0.051319118178532706, 0.08529092880375859, 0.08095410191543187, 0.035417419588001445, 0.033610408384531984, 0.04192265992049151, 0.042284062161185396, 0.07553306830502349, 0.047705095771593785, 0.07914709071196241, 0.03324900614383809, 0.029996385977593062, 0.0610769786772678, 0.01734730755330683, 0.01590169859053126
N:ACTAA, 0.06744868035190615, 0.0036656891495601175, 0.08577712609970674, 0.07331378299120235, 0.024926686217008796, 0.04912023460410557, 0.03519061583577712, 0.08284457478005865, 0.07111436950146628, 0.03592375366568915, 0.032991202346041054, 0.045454545454545456, 0.03519061583577713, 0.09824046920821114, 0.04985337243401759, 0.053519061583577714, 0.032991202346041054, 0.027126099706744868, 0.04325513196480939, 0.02346041055718475, 0.028592375366568914
N:ACTAC, 0.04985549132947977, 0.0, 0.08092485549132947, 0.04552023121387283, 0.02384393063583815, 0.03829479768786127, 0.05202312138728324, 0.09104046242774566, 0.07803468208092486, 0.03468208092485549, 0.03468208092485549, 0.030346820809248554, 0.041184971098265896, 0.13367052023121387, 0.04046242774566475, 0.07297687861271676, 0.028901734104046242, 0.028179190751445087, 0.05130057803468208, 0.023121387283236993, 0.020953757225433526
N:ACTAG, 0.07167530224525043, 0.004317789291882556, 0.05785837651122625, 0.06735751295336788, 0.027633851468048358, 0.04231433506044905, 0.03540587219343696, 0.10535405872193437, 0.09153713298791019, 0.02677029360967185, 0.03195164075993091, 0.03454231433506045, 0.044905008635578586, 0.06563039723661486, 0.04404145077720207, 0.06735751295336788, 0.04058721934369603, 0.03195164075993091, 0.046632124352331605, 0.031088082901554404, 0.031088082901554404
N:ACTAT, 0.06190476190476191, 0.005442176870748299, 0.0673469387755102, 0.05510204081632653, 0.026530612244897958, 0.04557823129251701, 0.04149659863945578, 0.1108843537414966, 0.10272108843537416, 0.03197278911564626, 0.03469387755102041, 0.04081632653061224, 0.03945578231292517, 0.08231292517006802, 0.05238095238095238, 0.05646258503401361, 0.027210884353741496, 0.025170068027210883, 0.050340136054421766, 0.019727891156462583, 0.022448979591836733
N:ACTCA, 0.056685561853951315, 0.004334778259419806, 0.06335445148382794, 0.0650216738912971, 0.024341447149049684, 0.045015005001667226, 0.04168056018672891, 0.0916972324108036, 0.08836278759586529, 0.03867955985328443, 0.025008336112037347, 0.03067689229743248, 0.034678226075358455, 0.09036345448482827, 0.03401133711237079, 0.10403467822607536, 0.033677892630876956, 0.03134378126042014, 0.06002000666888963, 0.01533844614871624, 0.021673891297099034
N:ACTCC, 0.05318732890105592, 0.0011732499022291747, 0.06100899491591709, 0.049276495893625344, 0.02933124755572937, 0.04380132968322253, 0.04301916308173641, 0.11967149002737583, 0.08486507626124365, 0.037935080172076655, 0.03167774736018772, 0.03441533046538913, 0.050840829096597574, 0.0985529917872507, 0.03754399687133359, 0.05123191239734063, 0.04301916308173641, 0.02737583105201408, 0.06179116151740321, 0.020336331638639026, 0.01994524833789597
N:ACTCG, 0.0475482912332838, 0.0014858841010401188, 0.05794947994056464, 0.04309063893016345, 0.04011887072808321, 0.03566121842496285, 0.05794947994056464, 0.059435364041604745, 0.05794947994056464, 0.05646359583952452, 0.029717682020802376, 0.03863298662704309, 0.02823179791976226, 0.0713224368499257, 0.05052005943536404, 0.10104011887072809, 0.05349182763744428, 0.02823179791976226, 0.08023774145616643, 0.029717682020802376, 0.031203566121842496
N:ACTCT, 0.04987046632124352, 0.003562176165803109, 0.06994818652849742, 0.05116580310880829, 0.02687823834196891, 0.05181347150259067, 0.04112694300518134, 0.10718911917098446, 0.0939119170984456, 0.028173575129533675, 0.027202072538860103, 0.03465025906735751, 0.04177461139896373, 0.09974093264248704, 0.03562176165803108, 0.08095854922279792, 0.03044041450777202, 0.027525906735751296, 0.054404145077720206, 0.020077720207253884, 0.023963730569948185
N:ACTGA, 0.0567310640907697, 0.0027598896044158236, 0.05857099049371359, 0.058264336093222936, 0.02177246243483594, 0.04201165286721865, 0.04231830726770929, 0.1238883777982214, 0.07574363692118982, 0.036491873658387, 0.031892057651027296, 0.02790555044464888, 0.03863845446182153, 0.11867525298988041, 0.03679852805887764, 0.08249003373198405, 0.03311867525298988, 0.02391904323827047, 0.048451395277522236, 0.01839926402943882, 0.021159153633854646
N:ACTGC, 0.04737014047696831, 0.0013067624959163672, 0.057170859196341066, 0.04246978111728193, 0.03397582489382555, 0.04148970924534466, 0.050637046716759226, 0.13622999019928125, 0.07350539039529566, 0.031035609278013725, 0.03038222803005554, 0.03266906239790918, 0.04475661548513558, 0.10029402156158118, 0.04573668735707285, 0.07677229663508657, 0.04018294674942829, 0.02711532179026462, 0.04344985298921921, 0.020254818686703688, 0.02319503430251552
N:ACTGG, 0.0553473623522629, 0.002017872585759585, 0.06947247045258, 0.03776304410492937, 0.03084462381089651, 0.04352839434995676, 0.042087056788699916, 0.11588353992505045, 0.08100317094263476, 0.03689824156817527, 0.024214471029115017, 0.03689824156817527, 0.04352839434995676, 0.10579417699625253, 0.03315076390890747, 0.06976073796483136, 0.04525799942346498, 0.02738541366388008, 0.05073508215624099, 0.021908330931104066, 0.026520611127125972
N:ACTGT, 0.05263157894736842, 0.003837719298245614, 0.06030701754385965, 0.05263157894736842, 0.017269736842105265, 0.03919956140350877, 0.03344298245614035, 0.12554824561403508, 0.06935307017543858, 0.02412280701754386, 0.026589912280701754, 0.02412280701754386, 0.0424890350877193, 0.13733552631578946, 0.04084429824561404, 0.11266447368421052, 0.02631578947368421, 0.02549342105263158, 0.046052631578947366, 0.01781798245614035, 0.021929824561403508
N:ACTTA, 0.06449834619625137, 0.004410143329658214, 0.0711135611907387, 0.04851157662624035, 0.024255788313120176, 0.0402425578831312, 0.03858875413450937, 0.11521499448732084, 0.09206174200661521, 0.03252480705622933, 0.03693495038588754, 0.043550165380374865, 0.050716648291069456, 0.05181918412348401, 0.050165380374862185, 0.09536934950385888, 0.03252480705622933, 0.025909592061742006, 0.047409040793825796, 0.012679162072767364, 0.021499448732083794
N:ACTTC, 0.0592640833604689, 0.0035818951481602084, 0.07066102246825139, 0.05828720286551612, 0.02702702702702703, 0.03972647346141322, 0.04135460761966785, 0.08629111038749593, 0.08173233474438295, 0.03744708563985672, 0.03223705633344187, 0.03972647346141322, 0.0429827417779225, 0.09312927385216542, 0.04233148811462065, 0.0823835884076848, 0.0348420709866493, 0.02474763920547053, 0.05535656138065777, 0.017909475740801043, 0.028980788016932595
N:ACTTG, 0.06830391404451266, 0.0030698388334612432, 0.06638526477359939, 0.0602455871066769, 0.03108211818879509, 0.03568687643898695, 0.046431312356101304, 0.11051419800460476, 0.08672294704528012, 0.036454336147352266, 0.02762854950115119, 0.03415195702225633, 0.043745203376822715, 0.0713737528779739, 0.04374520337682272, 0.08633921719109745, 0.037989255564082884, 0.028012279355333843, 0.04719877206446661, 0.015732924021488872, 0.01918649270913277
N:ACTTT, 0.06727518593644355, 0.002028397565922921, 0.057809330628803245, 0.061866125760649086, 0.030425963488843813, 0.04766734279918864, 0.046315077755240026, 0.1068289384719405, 0.09263015551048005, 0.035496957403651115, 0.03380662609871535, 0.04259634888438134, 0.04192021636240703, 0.06288032454361055, 0.04090601757944557, 0.06693711967545639, 0.03177822853279243, 0.025693035835023664, 0.052062204192021636, 0.019945909398242055, 0.03313049357674104
N:AGCAA, 0.06636500754147813, 0.0030165912518853697, 0.06304675716440422, 0.05972850678733032, 0.031070889894419307, 0.039819004524886875, 0.05399698340874812, 0.10165912518853695, 0.07420814479638008, 0.036500754147812974, 0.03257918552036199, 0.038310708898944196, 0.0440422322775264, 0.05852187028657617, 0.0473604826546003, 0.08748114630467571, 0.03710407239819004, 0.035897435897435895, 0.051583710407239816, 0.017194570135746604, 0.020512820512820513
N:AGCAC, 0.047573435504469984, 0.0015964240102171138, 0.05874840357598978, 0.05587484035759898, 0.03735632183908046, 0.04469987228607918, 0.05268199233716475, 0.0954661558109834, 0.07694763729246488, 0.032567049808429116, 0.028416347381864625, 0.031928480204342274, 0.04246487867177522, 0.09610472541507024, 0.040549169859514685, 0.10057471264367816, 0.031928480204342274, 0.033524904214559385, 0.05044699872286079, 0.018199233716475093, 0.02234993614303959
N:AGCAG, 0.05418072740907386, 0.0018747656542932134, 0.06130483689538808, 0.0536182977127859, 0.024559430071241097, 0.04686914135733033, 0.05211848518935133, 0.11192350956130484, 0.07574053243344582, 0.03524559430071241, 0.03243344581927259, 0.04368203974503187, 0.044244469441319836, 0.06917885264341957, 0.03993250843644545, 0.08211473565804274, 0.04630671166104237, 0.027371578552680915, 0.05586801649793777, 0.01837270341207349, 0.023059617547806523
N:AGCAT, 0.06157817109144543, 0.003687315634218289, 0.06674041297935103, 0.05125368731563422, 0.03466076696165192, 0.05346607669616519, 0.04756637168141593, 0.10287610619469026, 0.08333333333333333, 0.03466076696165192, 0.034292035398230086, 0.03355457227138643, 0.03871681415929203, 0.059734513274336286, 0.044616519174041296, 0.08001474926253688, 0.03466076696165192, 0.029498525073746312, 0.05309734513274336, 0.024705014749262538, 0.02728613569321534
N:AGCCA, 0.05211035133223296, 0.001178967224711153, 0.06578637113888233, 0.057533600565904265, 0.025701485498703137, 0.0523461447771752, 0.04527234142890827, 0.08417825984437632, 0.0893657156331054, 0.039377505305352514, 0.03206790851214336, 0.03018156095260552, 0.0485734496580995, 0.0785192171657628, 0.0346616364065079, 0.07521810893657156, 0.04810186276821504, 0.03088894128743221, 0.0631926432445178, 0.021221410044800753, 0.02452251827399198
N:AGCCC, 0.048519218651543794, 0.000630119722747322, 0.06364209199747953, 0.05639571518588532, 0.0315059861373661, 0.04788909892879647, 0.04883427851291745, 0.06962822936357908, 0.0831758034026465, 0.04410838059231254, 0.030245746691871456, 0.04158790170132325, 0.05040957781978576, 0.09105229993698803, 0.031821045998739764, 0.06647763074984248, 0.057655954631379965, 0.02867044738500315, 0.0630119722747322, 0.020793950850661626, 0.023944549464398234
N:AGCCG, 0.04013663535439795, 0.0017079419299743809, 0.05038428693424424, 0.06148590947907771, 0.04099060631938514, 0.05465414175918019, 0.06575576430401367, 0.0631938514090521, 0.05807002561912895, 0.04184457728437233, 0.035866780529461996, 0.03245089666951324, 0.05465414175918019, 0.07514944491887275, 0.035012809564474806, 0.07002561912894961, 0.04696840307429547, 0.0444064901793339, 0.06404782237403928, 0.025619128949615714, 0.037574722459436376
N:AGCCT, 0.04369291532954826, 0.0009874105159219946, 0.059738336213280674, 0.05159219945692422, 0.023204147124166873, 0.04788941002221674, 0.04690199950629474, 0.10343125154282894, 0.07059985188842262, 0.04171809429770426, 0.03209084176746482, 0.02962231547765984, 0.04418662058750926, 0.1251542828931128, 0.02962231547765984, 0.07677116761293508, 0.04171809429770427, 0.030609725993581832, 0.061219451987163664, 0.01999506294742039, 0.019254505060478894
N:AGCGA, 0.054958183990442055, 0.0011947431302270011, 0.06332138590203107, 0.04898446833930705, 0.04659498207885305, 0.04420549581839905, 0.05854241338112306, 0.1039426523297491, 0.06690561529271206, 0.03106332138590203, 0.03345280764635603, 0.04062126642771804, 0.05973715651135006, 0.06690561529271206, 0.03345280764635604, 0.056152927120669056, 0.03942652329749104, 0.03942652329749104, 0.056152927120669056, 0.03345280764635603, 0.021505376344086023
N:AGCGC, 0.0525328330206379, 0.0009380863039399625, 0.05628517823639774, 0.04596622889305816, 0.039399624765478425, 0.0600375234521576, 0.056285178236397754, 0.05347091932457786, 0.06660412757973734, 0.040337711069418386, 0.051594746716697934, 0.0450281425891182, 0.054409005628517824, 0.0525328330206379, 0.029080675422138838, 0.0825515947467167, 0.07129455909943715, 0.036585365853658534, 0.0525328330206379, 0.021575984990619138, 0.03095684803001876
N:AGCGG, 0.03151862464183381, 0.0009551098376313276, 0.06399235912129896, 0.06494746895893028, 0.033428844317096466, 0.04297994269340974, 0.05826170009551098, 0.0725883476599809, 0.06208213944603629, 0.038204393505253106, 0.04202483285577841, 0.055396370582617004, 0.055396370582617004, 0.05157593123209169, 0.039159503342884434, 0.07067812798471824, 0.06494746895893028, 0.03724928366762178, 0.06781279847182425, 0.01623686723973257, 0.030563514804202482
N:AGCGT, 0.0546875, 0.0015625, 0.07500000000000001, 0.0578125, 0.028125, 0.0484375, 0.05, 0.05625, 0.0546875, 0.05, 0.0390625, 0.05, 0.0515625, 0.071875, 0.0640625, 0.065625, 0.04843750000000001, 0.0203125, 0.0515625, 0.032812499999999994, 0.028125
N:AGCTA, 0.06792873051224944, 0.0011135857461024498, 0.07182628062360802, 0.0645879732739421, 0.037305122494432075, 0.051224944320712694, 0.0378619153674833, 0.09688195991091314, 0.06570155902004454, 0.0334075723830735, 0.02505567928730512, 0.03953229398663697, 0.0400890868596882, 0.09521158129175947, 0.03507795100222717, 0.06570155902004454, 0.0378619153674833, 0.03229398663697105, 0.051224944320712694, 0.02505567928730512, 0.02505567928730512
N:AGCTC, 0.04811480022509848, 0.0014068655036578502, 0.05430500844119302, 0.050365785030951044, 0.031795160382667415, 0.04530106921778278, 0.050928531232414184, 0.08413055711873944, 0.06640405177265053, 0.04305008441193022, 0.030951041080472707, 0.037985368598761955, 0.0498030388294879, 0.10270118176702307, 0.03207653348339899, 0.07597073719752391, 0.04839617332583005, 0.032076533483398985, 0.07371975239167136, 0.019414743950478333, 0.021102982554867755
N:AGCTG, 0.045797210704862416, 0.002450056539766302, 0.06426686769694685, 0.049001130795326045, 0.0316622691292876, 0.04315868827742179, 0.052205050885789674, 0.08292499057670562, 0.06973237843950245, 0.04052016584998115, 0.028081417263475312, 0.036939313984168866, 0.046362608367885416, 0.1083678854127403, 0.03185073501696193, 0.07482095740670938, 0.05653976630229928, 0.03279306445533359, 0.06143987938183189, 0.019035054655107426, 0.022050508857896722
N:AGCTT, 0.0664576802507837, 0.0025078369905956114, 0.06520376175548591, 0.06332288401253919, 0.03134796238244514, 0.04106583072100314, 0.05078369905956113, 0.0761755485893417, 0.08307210031347963, 0.04231974921630094, 0.03134796238244514, 0.03260188087774295, 0.05360501567398119, 0.08119122257053292, 0.03918495297805643, 0.07492163009404389, 0.042633228840125395, 0.025705329153605017, 0.05297805642633229, 0.01818181818181818, 0.025391849529780564
N:AGTAA, 0.06591500433651344, 0.0026019080659150044, 0.06374674761491761, 0.0598438855160451, 0.021248915871639202, 0.03902862098872507, 0.03772766695576756, 0.14440589765828274, 0.0797918473547268, 0.025585429314830876, 0.029054640069384217, 0.033824804856895055, 0.028620988725065046, 0.10450997398091932, 0.045099739809193407, 0.07545533391153512, 0.030789245446660885, 0.023417172593235037, 0.0424978317432784, 0.02168256721595837, 0.02515177797051171
N:AGTAC, 0.057107386716325266, 0.006828057107386716, 0.06703910614525141, 0.05338299193047796, 0.024208566108007448, 0.037243947858473, 0.055865921787709494, 0.09745499689633767, 0.08193668528864059, 0.03972687771570453, 0.030415890751086288, 0.0335195530726257, 0.043451272501551834, 0.09124767225325885, 0.0446927374301676, 0.08628181253879579, 0.03414028553693358, 0.022967101179391682, 0.05276225946617008, 0.02110490378646803, 0.0186219739292365
N:AGTAG, 0.055069480185280496, 0.002058672156459084, 0.07153885743695317, 0.049408131755018014, 0.02624806999485332, 0.03139475038600103, 0.04477611940298507, 0.10396294390118374, 0.07462686567164178, 0.03602676273803397, 0.033453422542460115, 0.030365414307771486, 0.04014410705095214, 0.11271230056613485, 0.0478641276376737, 0.07668553782810088, 0.040658775090066906, 0.028821410190427176, 0.04529078744209985, 0.02624806999485332, 0.022645393721049924
N:AGTAT, 0.08323895809739525, 0.003963759909399773, 0.07361268403171008, 0.06058890147225368, 0.03001132502831257, 0.052661381653454124, 0.03567383918459796, 0.10192525481313705, 0.0911664779161948, 0.027180067950169876, 0.03850509626274066, 0.04020385050962627, 0.035107587768969425, 0.07814269535673839, 0.041336353340883356, 0.0753114382785957, 0.028312570781426953, 0.026613816534541337, 0.04190260475651189, 0.01698754246885617, 0.017553793884484713
N:AGTCA, 0.05508474576271186, 0.005215123859191656, 0.06388526727509779, 0.061277705345501955, 0.022816166883963495, 0.0423728813559322, 0.04009126466753585, 0.11929595827900913, 0.09061277705345502, 0.03292046936114733, 0.029009126466753587, 0.03585397653194263, 0.04204693611473272, 0.09289439374185136, 0.033572359843546284, 0.08018252933507171, 0.031616688396349416, 0.025423728813559324, 0.051173402868318126, 0.017601043024771838, 0.027053455019556714
N:AGTCC, 0.05317823016202742, 0.0016618196925633569, 0.06730369754881595, 0.04611549646863315, 0.03406730369754882, 0.050270045700041545, 0.05110095554632322, 0.082675529705027, 0.07685916078105526, 0.037806398005816366, 0.03489821354383049, 0.03822185292895721, 0.049023680930619026, 0.09347735770668883, 0.0328209389281263, 0.07685916078105526, 0.041130037390943085, 0.028666389696717906, 0.061487328624844205, 0.019110926464478605, 0.023265475695886995
N:AGTCG, 0.0474631751227496, 0.0032733224222585926, 0.09001636661211129, 0.05073649754500818, 0.04746317512274959, 0.04255319148936171, 0.04418985270049101, 0.07201309328968905, 0.05237315875613748, 0.03927986906710311, 0.019639934533551555, 0.04746317512274959, 0.05237315875613748, 0.08183306055646482, 0.024549918166939442, 0.088379705400982, 0.05564648117839607, 0.02618657937806874, 0.062193126022913256, 0.027823240589198037, 0.024549918166939445
N:AGTCT, 0.049607535321821036, 0.002511773940345369, 0.06279434850863423, 0.05054945054945055, 0.023861852433281004, 0.049607535321821036, 0.036734693877551024, 0.12119309262166406, 0.07723704866562009, 0.03610675039246468, 0.0282574568288854, 0.0326530612244898, 0.05023547880690738, 0.09921507064364207, 0.03485086342229199, 0.08885400313971742, 0.038618524332810045, 0.027001569858712715, 0.05117739403453689, 0.015384615384615385, 0.023547880690737835
N:AGTGA, 0.05817012569424145, 0.003215434083601286, 0.05407775504238527, 0.057293189125986556, 0.019877228880444315, 0.049108447822274186, 0.04238526746565332, 0.11166325635779012, 0.08301666179479684, 0.036246711487869045, 0.030400467699503074, 0.025138848289973693, 0.040631394329143526, 0.10406313943291436, 0.03361590178310436, 0.08973984215141771, 0.03595439929845074, 0.03186202864659456, 0.05144694533762058, 0.01812335574393452, 0.023969599532300497
N:AGTGC, 0.05180533751962323, 0.0011773940345368916, 0.06161695447409733, 0.04905808477237049, 0.02943485086342229, 0.036891679748822605, 0.04631083202511774, 0.10792778649921507, 0.07496075353218211, 0.039638932496075356, 0.032574568288854, 0.031004709576138146, 0.047880690737833596, 0.09183673469387754, 0.041601255886970175, 0.1043956043956044, 0.033359497645211934, 0.02629513343799058, 0.049843014128728415, 0.02119309262166405, 0.02119309262166405
N:AGTGG, 0.04736842105263158, 0.0011695906432748538, 0.0652046783625731, 0.04502923976608187, 0.024269005847953218, 0.043859649122807015, 0.033918128654970764, 0.13801169590643275, 0.08070175438596491, 0.030994152046783626, 0.027485380116959064, 0.03508771929824561, 0.04093567251461988, 0.1152046783625731, 0.033918128654970764, 0.07280701754385965, 0.034210526315789476, 0.027777777777777776, 0.059941520467836254, 0.020760233918128656, 0.021345029239766083
N:AGTGT, 0.050532829150910966, 0.0037813681677552422, 0.053970436576143005, 0.053282915091096596, 0.025782055689240288, 0.0446888965280165, 0.041251289102784465, 0.10484702646957718, 0.09281540048126503, 0.029563423856995532, 0.025094534204193882, 0.030250945342041938, 0.037813681677552426, 0.13131660364386388, 0.03781368167755242, 0.08353386043313854, 0.03300103128222757, 0.024407012719147473, 0.057064283258851836, 0.015812994156067378, 0.023375730491577863
N:AGTTA, 0.06322897483118478, 0.004297114794352364, 0.0748925721301412, 0.057704112952731736, 0.03376304481276857, 0.039287906691221605, 0.04358502148557397, 0.09576427255985265, 0.09269490484960098, 0.030693677102516876, 0.034990791896869246, 0.041743400859422956, 0.03683241252302026, 0.07366482504604052, 0.0570902394106814, 0.07857581338244321, 0.028852056476365868, 0.025168815224063844, 0.03376304481276857, 0.015960712093308776, 0.0374462860650706
N:AGTTC, 0.05873261205564142, 0.002704791344667697, 0.0633693972179289, 0.059505409582689336, 0.024343122102009274, 0.046754250386398764, 0.04559505409582689, 0.09466769706336939, 0.08346213292117466, 0.03516228748068006, 0.02357032457496136, 0.03207109737248841, 0.04173106646058733, 0.09969088098918083, 0.04598145285935085, 0.07689335394126738, 0.03941267387944358, 0.02009273570324575, 0.05525502318392581, 0.023183925811437404, 0.027820710973724884
N:AGTTG, 0.0762114537444934, 0.0013215859030837004, 0.07444933920704846, 0.051541850220264314, 0.03171806167400881, 0.037444933920704845, 0.042290748898678406, 0.07929515418502203, 0.0841409691629956, 0.038766519823788544, 0.03127753303964758, 0.04669603524229075, 0.04757709251101322, 0.06519823788546256, 0.051541850220264314, 0.07356828193832599, 0.037444933920704845, 0.033480176211453744, 0.04933920704845815, 0.01894273127753304, 0.027753303964757708
N:AGTTT, 0.059132260321903427, 0.0031490552834149755, 0.06333100069979006, 0.06018194541637509, 0.031490552834149754, 0.03918824352694192, 0.046536039188243526, 0.11931420573827851, 0.08887333799860042, 0.03743876836948915, 0.02799160251924423, 0.042687193841847444, 0.045136459062281316, 0.057732680195941216, 0.050734779566130164, 0.06892932120363891, 0.029041287613715886, 0.029041287613715886, 0.05458362491252624, 0.020293911826452064, 0.025192442267319804
N:ATCAA, 0.08133164770332912, 0.0037926675094816687, 0.08006742520016856, 0.06110408765276022, 0.027391487568478718, 0.03708386009270965, 0.04298356510745891, 0.10830172777075432, 0.10619469026548672, 0.028234302570585755, 0.03792667509481669, 0.04509060261272651, 0.04677623261694058, 0.05520438263801096, 0.03708386009270965, 0.05773282764433207, 0.033291192583227984, 0.025284450063211124, 0.040455120101137804, 0.018963337547408345, 0.025705857564264644
N:ATCAC, 0.06934147405146097, 0.0039249890972525075, 0.05974705625817706, 0.07239424334932403, 0.023549934583515047, 0.0396860008722198, 0.040558220671609246, 0.13126907980811164, 0.08024422154382904, 0.03139991277802006, 0.03619712167466201, 0.027474923680767552, 0.04273877017008286, 0.07588312254688181, 0.04099433057130397, 0.07588312254688181, 0.02878325337985172, 0.034452682075883125, 0.04753597906672481, 0.02006105538595726, 0.017880505887483647
N:ATCAG, 0.06076950737144912, 0.003595828838547285, 0.0643653362099964, 0.05249910104279036, 0.027328299172959366, 0.045307443365695796, 0.04602660913340525, 0.16325062927004674, 0.07838906868033081, 0.03416037396619921, 0.03775620280474649, 0.030924128011506652, 0.04279036317871269, 0.0593311758360302, 0.03272204243078029, 0.07335490830636461, 0.030564545127651922, 0.02409205321826681, 0.04746494066882417, 0.019777058612010068, 0.025530384753685725
N:ATCAT, 0.07567353407290016, 0.005150554675118858, 0.08082408874801902, 0.06774960380348653, 0.024564183835182246, 0.03882725832012678, 0.043581616481774964, 0.09429477020602219, 0.11568938193343899, 0.025356576862123614, 0.039619651347068144, 0.036053882725832015, 0.04239302694136292, 0.06141045958795563, 0.036846275752773376, 0.056259904912836764, 0.02416798732171157, 0.029318541996830427, 0.05665610142630745, 0.017432646592709985, 0.028129952456418382
N:ATCCA, 0.05573248407643312, 0.0025477707006369425, 0.06210191082802548, 0.04936305732484077, 0.027388535031847135, 0.04394904458598726, 0.0375796178343949, 0.12929936305732484, 0.07452229299363057, 0.02929936305732484, 0.0321656050955414, 0.0410828025477707, 0.04394904458598726, 0.12643312101910828, 0.034713375796178336, 0.05859872611464968, 0.04076433121019108, 0.0267515923566879, 0.048089171974522296, 0.01592356687898089, 0.019745222929936305
N:ATCCC, 0.05965770171149144, 0.0004889975550122249, 0.06308068459657702, 0.0488997555012225, 0.03471882640586797, 0.0508557457212714, 0.044987775061124696, 0.07090464547677261, 0.08655256723716381, 0.03863080684596577, 0.03129584352078239, 0.04058679706601467, 0.06112469437652812, 0.08753056234718827, 0.033251833740831294, 0.07090464547677261, 0.04156479217603912, 0.02493887530562347, 0.06112469437652811, 0.017114914425427872, 0.03178484107579462
N:ATCCG, 0.05871559633027523, 0.0, 0.07155963302752294, 0.06605504587155964, 0.044036697247706424, 0.03853211009174312, 0.08440366972477065, 0.047706422018348627, 0.060550458715596334, 0.049541284403669734, 0.031192660550458717, 0.044036697247706424, 0.044036697247706424, 0.07155963302752294, 0.031192660550458717, 0.045871559633027525, 0.044036697247706424, 0.022018348623853212, 0.06972477064220184, 0.045871559633027525, 0.029357798165137616
N:ATCCT, 0.05803571428571429, 0.003826530612244898, 0.06951530612244898, 0.047193877551020405, 0.02423469387755102, 0.044642857142857144, 0.043048469387755105, 0.09853316326530612, 0.08928571428571429, 0.03539540816326531, 0.03093112244897959, 0.03443877551020408, 0.049107142857142856, 0.11128826530612244, 0.03826530612244898, 0.06600765306122448, 0.031568877551020405, 0.02423469387755102, 0.061224489795918366, 0.017857142857142856, 0.021364795918367346
N:ATCGA, 0.08048289738430583, 0.002012072434607646, 0.06438631790744466, 0.02414486921529175, 0.03219315895372234, 0.03018108651911469, 0.07042253521126761, 0.09054325955734407, 0.07645875251509054, 0.028169014084507043, 0.03621730382293763, 0.04426559356136821, 0.0482897384305835, 0.09054325955734406, 0.04426559356136821, 0.05432595573440644, 0.05835010060362173, 0.008048289738430584, 0.056338028169014086, 0.028169014084507043, 0.03219315895372234
N:ATCGC, 0.04395604395604396, 0.0, 0.08974358974358974, 0.047619047619047616, 0.040293040293040296, 0.038461538461538464, 0.0695970695970696, 0.09340659340659341, 0.07142857142857142, 0.020146520146520148, 0.03296703296703297, 0.03663003663003663, 0.038461538461538464, 0.06776556776556776, 0.0347985347985348, 0.06593406593406594, 0.03663003663003663, 0.04212454212454213, 0.06776556776556776, 0.03663003663003663, 0.02564102564102564
N:ATCGG, 0.07335907335907337, 0.0, 0.08108108108108109, 0.05019305019305019, 0.04247104247104247, 0.052123552123552123, 0.0501930501930502, 0.07335907335907337, 0.08108108108108109, 0.03861003861003861, 0.02895752895752896, 0.03861003861003861, 0.04633204633204633, 0.057915057915057924, 0.0444015444015444, 0.07142857142857142, 0.03474903474903475, 0.021235521235521235, 0.0444015444015444, 0.02509652509652509, 0.0444015444015444
N:ATCGT, 0.06868686868686869, 0.0, 0.08686868686868687, 0.04242424242424243, 0.03636363636363636, 0.07474747474747474, 0.060606060606060615, 0.0707070707070707, 0.08282828282828283, 0.026262626262626262, 0.03636363636363636, 0.044444444444444446, 0.048484848484848485, 0.04040404040404041, 0.04040404040404041, 0.07878787878787878, 0.03434343434343434, 0.026262626262626262, 0.03434343434343434, 0.03636363636363636, 0.030303030303030307
N:ATCTA, 0.06575682382133995, 0.005583126550868486, 0.07692307692307691, 0.06761786600496278, 0.03163771712158809, 0.05086848635235732, 0.04590570719602978, 0.10049627791563276, 0.09429280397022333, 0.02729528535980149, 0.04466501240694789, 0.04032258064516129, 0.02977667493796526, 0.05334987593052109, 0.04590570719602978, 0.056451612903225805, 0.034739454094292806, 0.03163771712158809, 0.04838709677419355, 0.020471464019851116, 0.02791563275434243
N:ATCTC, 0.06539705353934602, 0.0017966223499820337, 0.07114624505928854, 0.05389867049946101, 0.026230686309737693, 0.04527488321954725, 0.049586776859504134, 0.10815666546891843, 0.09270571325907294, 0.033417175709665826, 0.0319798778296802, 0.02982393100970176, 0.04132231404958678, 0.07725476104922745, 0.04024434063959756, 0.0686309737693137, 0.04383758533956163, 0.024793388429752067, 0.04994610132950054, 0.02012217031979878, 0.02443406395975566
N:ATCTG, 0.06007393715341959, 0.004313000616142945, 0.06500308071472582, 0.05822550831792976, 0.027110289587184228, 0.04436229205175601, 0.051139864448552064, 0.12384473197781885, 0.08163894023413432, 0.028342575477510783, 0.032039433148490455, 0.03450400492914356, 0.03912507701786815, 0.07763401109057302, 0.04497843499691929, 0.06839186691312385, 0.036968576709796676, 0.031423290203327174, 0.05514479359211337, 0.0166358595194085, 0.019100431300061615
N:ATCTT, 0.07523980815347722, 0.0035971223021582736, 0.07224220623501199, 0.06115107913669065, 0.029376498800959234, 0.042865707434052755, 0.0407673860911271, 0.111810551558753, 0.09352517985611511, 0.03717026378896882, 0.03327338129496403, 0.03327338129496403, 0.03657074340527578, 0.07224220623501199, 0.047362110311750596, 0.06804556354916066, 0.025179856115107913, 0.026378896882494004, 0.052158273381294966, 0.017685851318944845, 0.020083932853717026
N:ATTAA, 0.07426246185147507, 0.003051881993896236, 0.0681586978636826, 0.07731434384537131, 0.0340793489318413, 0.059003051881993895, 0.04679552390640895, 0.07019328585961343, 0.09155645981688708, 0.03458799593082401, 0.038657171922685654, 0.044760935910478125, 0.04628687690742624, 0.06052899287894201, 0.061037639877924724, 0.05340793489318413, 0.018819938962360123, 0.02695829094608342, 0.03967446592065107, 0.019837232960325534, 0.031027466937945065
N:ATTAC, 0.06479625918503674, 0.0026720106880427524, 0.058784235136940546, 0.06479625918503674, 0.02004008016032064, 0.03740814963259853, 0.04141616566466266, 0.16032064128256512, 0.08283233132932531, 0.027388109552438214, 0.030728122912491655, 0.03674014696058784, 0.03473613894455578, 0.10554442217768871, 0.04542418169672679, 0.049432197728790914, 0.02738810955243821, 0.022044088176352707, 0.050100200400801605, 0.016700066800267203, 0.020708082832331328
N:ATTAG, 0.07221350078492936, 0.003924646781789639, 0.07142857142857142, 0.06671899529042387, 0.029827315541601257, 0.04631083202511773, 0.03532182103610675, 0.1271585557299843, 0.08163265306122448, 0.036891679748822605, 0.04709576138147567, 0.02982731554160126, 0.03767660910518053, 0.061224489795918366, 0.04317111459968602, 0.061224489795918366, 0.0282574568288854, 0.030612244897959183, 0.041601255886970175, 0.022762951334379906, 0.02511773940345369
N:ATTAT, 0.0838095238095238, 0.008571428571428572, 0.07, 0.08333333333333333, 0.025714285714285714, 0.05, 0.03333333333333333, 0.1280952380952381, 0.09619047619047619, 0.02857142857142857, 0.05142857142857143, 0.03333333333333333, 0.030476190476190476, 0.05523809523809524, 0.03857142857142857, 0.04666666666666667, 0.018571428571428572, 0.027142857142857142, 0.04238095238095237, 0.017619047619047618, 0.030952380952380953
N:ATTCA, 0.06990014265335236, 0.005349500713266762, 0.062054208273894434, 0.07061340941512126, 0.02746077032810271, 0.04065620542082739, 0.039229671897289584, 0.09450784593437946, 0.10342368045649072, 0.030313837375178315, 0.04029957203994294, 0.036019971469329524, 0.04136947218259629, 0.07988587731811697, 0.04172610556348074, 0.0716833095577746, 0.023537803138373753, 0.03245363766048502, 0.049572039942938656, 0.01747503566333809, 0.0224679029957204
N:ATTCC, 0.05698005698005698, 0.002442002442002442, 0.06674806674806674, 0.057387057387057384, 0.03825803825803826, 0.04843304843304843, 0.042735042735042736, 0.10175010175010175, 0.09320309320309321, 0.03947903947903948, 0.03663003663003663, 0.03825803825803826, 0.04802604802604803, 0.06756206756206756, 0.04558404558404559, 0.07000407000407001, 0.022385022385022386, 0.023606023606023607, 0.052096052096052094, 0.022385022385022386, 0.026048026048026047
N:ATTCG, 0.07272727272727272, 0.00202020202020202, 0.10101010101010102, 0.04242424242424243, 0.03636363636363636, 0.04040404040404041, 0.030303030303030307, 0.06060606060606061, 0.06464646464646465, 0.04242424242424243, 0.04646464646464647, 0.044444444444444446, 0.044444444444444446, 0.09292929292929293, 0.03434343434343434, 0.08080808080808081, 0.04040404040404041, 0.03838383838383838, 0.03434343434343434, 0.020202020202020204, 0.030303030303030307
N:ATTCT, 0.06422018348623854, 0.005198776758409786, 0.06850152905198775, 0.06941896024464832, 0.03394495412844037, 0.04954128440366973, 0.04036697247706422, 0.10336391437308869, 0.1, 0.03363914373088685, 0.04281345565749235, 0.038837920489296636, 0.04128440366972477, 0.048318042813455656, 0.0418960244648318, 0.07767584097859327, 0.02599388379204893, 0.026299694189602447, 0.04556574923547402, 0.017737003058103974, 0.025382262996941896
N:ATTGA, 0.07921291624621594, 0.004036326942482341, 0.07214934409687185, 0.06508577194752775, 0.02119071644803229, 0.03380423814328961, 0.04036326942482341, 0.08072653884964681, 0.10645812310797174, 0.03077699293642785, 0.039354187689202826, 0.05348133198789102, 0.04490413723511604, 0.07013118062563067, 0.04187689202825429, 0.054490413723511606, 0.030272452068617558, 0.03077699293642785, 0.058022199798183655, 0.019677093844601413, 0.02320887991927346
N:ATTGC, 0.07261904761904762, 0.002380952380952381, 0.0630952380952381, 0.05178571428571429, 0.027976190476190477, 0.0494047619047619, 0.0494047619047619, 0.10119047619047619, 0.09047619047619047, 0.039285714285714285, 0.0369047619047619, 0.03869047619047619, 0.044642857142857144, 0.05714285714285714, 0.050595238095238096, 0.07500000000000001, 0.0375, 0.022023809523809525, 0.04583333333333333, 0.023809523809523808, 0.02023809523809524
N:ATTGG, 0.06475583864118896, 0.0015923566878980893, 0.07006369426751592, 0.06263269639065817, 0.029193205944798302, 0.0435244161358811, 0.04087048832271762, 0.09288747346072186, 0.10562632696390659, 0.0440552016985138, 0.03980891719745223, 0.03556263269639066, 0.04246284501061571, 0.07590233545647558, 0.03556263269639066, 0.05148619957537155, 0.03078556263269639, 0.030254777070063694, 0.050955414012738856, 0.024416135881104035, 0.02760084925690021
N:ATTGT, 0.06710853355426678, 0.004556752278376139, 0.06048053024026512, 0.07705053852526926, 0.0231980115990058, 0.037282518641259324, 0.0343827671913836, 0.128003314001657, 0.08450704225352113, 0.0339685169842585, 0.035625517812758904, 0.028583264291632146, 0.04183927091963546, 0.0936205468102734, 0.043496271748135876, 0.05965202982601491, 0.029826014913007456, 0.030654515327257662, 0.045981772990886495, 0.019469759734879865, 0.020712510356255178
N:ATTTA, 0.07387247278382582, 0.005054432348367029, 0.06493001555209954, 0.08825816485225506, 0.0291601866251944, 0.03849144634525661, 0.04315707620528771, 0.1104199066874028, 0.09992223950233281, 0.027993779160186624, 0.04315707620528772, 0.04432348367029549, 0.03654743390357698, 0.049766718506998445, 0.05287713841368585, 0.05598755832037325, 0.020995334370139968, 0.026049766718507, 0.046267496111975115, 0.017884914463452566, 0.024883359253499222
N:ATTTC, 0.06746396810794235, 0.005213124808341, 0.06439742410303588, 0.06777062250843299, 0.032812020852499235, 0.044771542471634465, 0.03403863845446182, 0.11070223857712358, 0.09751609935602576, 0.029745476847592763, 0.03679852805887764, 0.03679852805887764, 0.03925176326280282, 0.06347746090156395, 0.04998466727997547, 0.06562404170499847, 0.02483900643974241, 0.02882551364612082, 0.05550444648880711, 0.019012572830420113, 0.025452315240723705
N:ATTTG, 0.07140307033202428, 0.001785076758300607, 0.07140307033202428, 0.06961799357372367, 0.027133166726169226, 0.047126026419136026, 0.0399857193859336, 0.0935380221349518, 0.0935380221349518, 0.039628704034273474, 0.035344519814352014, 0.042841842199214566, 0.04248482684755444, 0.06604784005712246, 0.043198857550874686, 0.06283470189218136, 0.03070332024277044, 0.029275258836129952, 0.04962513388075687, 0.016779721528025704, 0.02570510531952874
N:ATTTT, 0.06706069561263923, 0.0040918390543305296, 0.07456240054557854, 0.06978858831552626, 0.02636962946124119, 0.04432825642191406, 0.041827688110934305, 0.12525573994089567, 0.10275062514207775, 0.032280063650829735, 0.042282336894748807, 0.043191634462377816, 0.03659922709706752, 0.04637417594907934, 0.051829961354853384, 0.04296431007047056, 0.025687656285519438, 0.03023414412366447, 0.04682882473289384, 0.020913844055467153, 0.024778358717890428
N:CACAA, 0.06038726616343945, 0.0032819166393173614, 0.07088939940925501, 0.07253035772891368, 0.027568099770265836, 0.04627502461437479, 0.036101083032490974, 0.1053495241220873, 0.0863144076140466, 0.03281916639317361, 0.033475549721037084, 0.03052182474565146, 0.041352149655398754, 0.0653101411224155, 0.041352149655398754, 0.07909419100754841, 0.03642927469642271, 0.035444699704627505, 0.05513619954053167, 0.017394158188382015, 0.02297341647522153
N:CACAC, 0.04434782608695652, 0.0026086956521739132, 0.060289855072463774, 0.05246376811594203, 0.024927536231884057, 0.05478260869565217, 0.051304347826086956, 0.08637681159420289, 0.08985507246376812, 0.034492753623188405, 0.03188405797101449, 0.029565217391304348, 0.04608695652173913, 0.10028985507246377, 0.035942028985507246, 0.07420289855072464, 0.050144927536231884, 0.030144927536231884, 0.06, 0.01507246376811594, 0.025217391304347827
N:CACAG, 0.04168023445131879, 0.0017909475740801042, 0.053728427222403126, 0.048518397915988276, 0.024259198957994138, 0.043471182025398895, 0.03956366004558775, 0.10550309345490068, 0.07766199934874633, 0.03028329534353631, 0.028980788016932595, 0.03239986974926734, 0.03972647346141322, 0.12211006186909801, 0.040703353956366005, 0.11348095083034843, 0.03842396613480951, 0.028166720937805274, 0.05503093454900684, 0.015467274503419084, 0.01904916965157929
N:CACAT, 0.05796157603386519, 0.005210029306414849, 0.06447411266688376, 0.05665906870726148, 0.025724519700423314, 0.04819277108433735, 0.04395962227287528, 0.0928036470205145, 0.09117551286225985, 0.0429827417779225, 0.02702702702702703, 0.03777271247150765, 0.045587756431129924, 0.10322370563334418, 0.04233148811462065, 0.0615434711820254, 0.030608922175187236, 0.026050146532074242, 0.05307717355910127, 0.015955714750895474, 0.027678280690328884
N:CACCA, 0.052565707133917394, 0.003003754693366708, 0.057571964956195244, 0.04881101376720901, 0.02478097622027534, 0.05106382978723403, 0.04630788485607009, 0.09261576971214018, 0.08585732165206508, 0.03504380475594493, 0.03829787234042553, 0.036545682102628284, 0.04755944931163955, 0.10663329161451815, 0.03904881101376721, 0.06132665832290363, 0.05081351689612015, 0.03053817271589487, 0.04680851063829787, 0.021276595744680854, 0.023529411764705882
N:CACCC, 0.036169479848432655, 0.0003444712366517396, 0.059937995177402684, 0.061315880124009646, 0.027213227695487428, 0.05063727178780572, 0.056837754047537034, 0.08921805029280055, 0.08026179813985532, 0.03926972097829831, 0.03720289355838787, 0.028246641405442644, 0.054426455390974855, 0.07957285566655184, 0.030313468825353084, 0.0644161212538753, 0.03995866345160179, 0.03238029624526352, 0.08129521184981055, 0.019290389252497417, 0.03169135377196004
N:CACCG, 0.0484304932735426, 0.0017937219730941704, 0.06995515695067264, 0.060089686098654706, 0.03587443946188341, 0.04304932735426009, 0.04932735426008968, 0.06726457399103139, 0.07533632286995516, 0.04753363228699552, 0.04394618834080718, 0.03587443946188341, 0.06547085201793722, 0.06188340807174888, 0.03139013452914798, 0.07085201793721974, 0.06636771300448431, 0.02600896860986547, 0.05560538116591928, 0.018834080717488787, 0.025112107623318385
N:CACCT, 0.044596912521440824, 0.0002858776443682104, 0.060034305317324184, 0.05574614065180103, 0.025443110348770726, 0.048027444253859346, 0.0494568324757004, 0.0797598627787307, 0.08004574042309891, 0.03516295025728988, 0.032875929102344194, 0.032875929102344194, 0.05117209834190966, 0.10034305317324185, 0.036020583190394515, 0.09176672384219554, 0.0411663807890223, 0.025443110348770726, 0.0714694110920526, 0.016580903373356205, 0.02172670097198399
N:CACGA, 0.061971830985915494, 0.0, 0.06619718309859154, 0.05352112676056338, 0.04366197183098591, 0.04084507042253521, 0.08169014084507044, 0.06338028169014086, 0.07323943661971831, 0.028169014084507043, 0.03661971830985916, 0.036619718309859155, 0.06338028169014084, 0.05070422535211268, 0.05352112676056338, 0.06338028169014084, 0.04507042253521127, 0.023943661971830985, 0.06619718309859154, 0.02112676056338028, 0.02676056338028169
N:CACGC, 0.03162486368593239, 0.0010905125408942203, 0.05561613958560523, 0.05997818974918211, 0.03816793893129771, 0.05452562704471101, 0.05125408942202835, 0.05125408942202836, 0.0697928026172301, 0.03380588876772083, 0.04143947655398037, 0.05016357688113413, 0.06870229007633588, 0.07742639040348964, 0.04362050163576881, 0.061068702290076333, 0.05888767720828789, 0.020719738276990186, 0.07197382769901854, 0.026172300981461286, 0.03271537622682661
N:CACGG, 0.04050632911392405, 0.0, 0.053164556962025315, 0.046413502109704644, 0.03459915611814346, 0.0430379746835443, 0.070042194092827, 0.049789029535864976, 0.04725738396624472, 0.046413502109704644, 0.04388185654008439, 0.053164556962025315, 0.046413502109704644, 0.08185654008438818, 0.0270042194092827, 0.07341772151898734, 0.0810126582278481, 0.02278481012658228, 0.08354430379746836, 0.02278481012658228, 0.03291139240506329
N:CACGT, 0.05234460196292257, 0.0010905125408942203, 0.06106870229007633, 0.0697928026172301, 0.03162486368593239, 0.04143947655398037, 0.064340239912759, 0.05779716466739367, 0.06652126499454743, 0.03925845147219193, 0.04798255179934569, 0.03162486368593239, 0.05016357688113413, 0.08724100327153762, 0.04143947655398037, 0.0697928026172301, 0.05125408942202835, 0.020719738276990186, 0.05452562704471101, 0.027262813522355506, 0.03271537622682661
N:CACTA, 0.06367292225201072, 0.0013404825737265416, 0.07640750670241286, 0.06233243967828418, 0.024128686327077747, 0.05630026809651475, 0.04088471849865952, 0.08310991957104558, 0.09048257372654156, 0.030160857908847184, 0.036193029490616625, 0.03284182305630027, 0.04088471849865952, 0.08579088471849866, 0.05026809651474531, 0.06501340482573727, 0.032171581769437, 0.024798927613941018, 0.05227882037533512, 0.028820375335120642, 0.022117962466487937
N:CACTC, 0.047017543859649125, 0.0017543859649122807, 0.05894736842105263, 0.04807017543859649, 0.027017543859649124, 0.05263157894736842, 0.03684210526315789, 0.0968421052631579, 0.09473684210526316, 0.03964912280701754, 0.027719298245614036, 0.030526315789473683, 0.04, 0.1224561403508772, 0.03508771929824561, 0.06596491228070175, 0.03614035087719298, 0.030526315789473683, 0.06315789473684211, 0.018947368421052633, 0.025964912280701753
N:CACTG, 0.047037263286499695, 0.0028507432294848298, 0.052738749745469354, 0.04255752392588068, 0.02219507228670332, 0.03991040521278762, 0.04113215231113826, 0.14620240276929342, 0.07126858073712075, 0.029525554876807168, 0.025453064548971695, 0.02504581551618815, 0.03807778456526166, 0.13378130726939524, 0.033598045204642636, 0.1009977601303197, 0.033598045204642636, 0.027082060680105886, 0.047648136835675016, 0.01873345550804317, 0.02056607615556913
N:CACTT, 0.05793780687397709, 0.002618657937806874, 0.06121112929623568, 0.06252045826513912, 0.02585924713584288, 0.037315875613747954, 0.04451718494271686, 0.10409165302782324, 0.08641571194762684, 0.036333878887070375, 0.03240589198036006, 0.0369885433715221, 0.04844517184942717, 0.07626841243862521, 0.03666121112929624, 0.09099836333878887, 0.03469721767594108, 0.02684124386252046, 0.058919803600654665, 0.015711947626841243, 0.023240589198036007
N:CATAA, 0.08178438661710037, 0.004779607010090282, 0.07541157727031333, 0.08284652150823155, 0.027084439723844927, 0.044078597981943704, 0.033988316516197555, 0.12002124269782262, 0.1046202867764206, 0.02389803505045141, 0.04248539564524695, 0.040361125862984605, 0.036112586298459905, 0.048858204992033985, 0.04460966542750929, 0.048858204992033985, 0.01858736059479554, 0.026022304832713755, 0.04514073287307488, 0.015400955921402018, 0.03505045140732873
N:CATAC, 0.07222586999343401, 0.0026263952724885093, 0.066973079448457, 0.054497701904136574, 0.02757715036112935, 0.0551543007222587, 0.04333552199606041, 0.0840446487196323, 0.0840446487196323, 0.030203545633617858, 0.04005252790544977, 0.04005252790544977, 0.03217334208798424, 0.07353906762967827, 0.05318450426789232, 0.08667104399212082, 0.03282994090610637, 0.02495075508864084, 0.06565988181221274, 0.008535784635587655, 0.021667760998030205
N:CATAG, 0.05806451612903226, 0.003970223325062035, 0.0749379652605459, 0.06600496277915632, 0.02630272952853598, 0.04119106699751861, 0.03970223325062035, 0.1032258064516129, 0.10521091811414392, 0.024317617866004962, 0.03970223325062035, 0.039205955334987594, 0.036228287841191066, 0.06699751861042183, 0.04119106699751861, 0.06501240694789082, 0.036228287841191066, 0.03325062034739454, 0.055583126550868486, 0.02183622828784119, 0.02183622828784119
N:CATAT, 0.06814494321254733, 0.005408328826392645, 0.05840995132504057, 0.0713899405083829, 0.02541914548404543, 0.042725797728501894, 0.04056246619794483, 0.09680908599242834, 0.11519740400216333, 0.034072471606273656, 0.04597079502433748, 0.035154137371552194, 0.03461330448891293, 0.06544077879935101, 0.04597079502433748, 0.05678745267712277, 0.03136830719307734, 0.03136830719307734, 0.055164954029204974, 0.018929150892374257, 0.021092482422931314
N:CATCA, 0.0683246788740093, 0.005465974309920744, 0.0726974583219459, 0.058212626400655915, 0.020224104946706754, 0.04208800218638972, 0.04591418420333424, 0.11697185023230391, 0.0926482645531566, 0.03388904072150861, 0.04208800218638972, 0.028423066411587865, 0.04700737906531839, 0.06477179557256081, 0.03634872916097295, 0.07488384804591418, 0.03142935228204428, 0.030609456135556164, 0.05138015851325499, 0.016944520360754303, 0.019677507515714676
N:CATCC, 0.05826140567200987, 0.002157829839704069, 0.06997533908754625, 0.051171393341553635, 0.025585696670776818, 0.04716399506781751, 0.04500616522811344, 0.09340320591861899, 0.07983970406905055, 0.0376078914919852, 0.03390875462392109, 0.036374845869297165, 0.05209617755856967, 0.11035758323057954, 0.03729963008631319, 0.054870530209617754, 0.03976572133168927, 0.027743526510480888, 0.06165228113440197, 0.015104808877928484, 0.02065351418002466
N:CATCG, 0.05620915032679739, 0.0, 0.09803921568627451, 0.04183006535947712, 0.032679738562091505, 0.03398692810457517, 0.06143790849673202, 0.06405228758169935, 0.0915032679738562, 0.02483660130718954, 0.04052287581699346, 0.043137254901960784, 0.05620915032679739, 0.06666666666666667, 0.040522875816993466, 0.06143790849673202, 0.04183006535947712, 0.02483660130718954, 0.05228758169934639, 0.03398692810457516, 0.03398692810457516
N:CATCT, 0.058053359683794464, 0.0029644268774703555, 0.06694664031620554, 0.06348814229249011, 0.028409090909090908, 0.045948616600790505, 0.045701581027667984, 0.10770750988142293, 0.08769762845849802, 0.03507905138339921, 0.033102766798418976, 0.02816205533596838, 0.037549407114624504, 0.08399209486166008, 0.04323122529644269, 0.059041501976284584, 0.04397233201581028, 0.030632411067193676, 0.05558300395256917, 0.02198616600790514, 0.020750988142292492
N:CATGA, 0.06728778467908902, 0.004485852311939268, 0.07004830917874397, 0.055900621118012424, 0.024499654934437544, 0.04175293305728088, 0.04589371980676329, 0.10213940648723258, 0.10041407867494824, 0.026224982746721876, 0.032781228433402344, 0.04278812974465148, 0.044513457556935816, 0.060041407867494824, 0.04692891649413389, 0.05866114561766736, 0.03554175293305728, 0.029675638371290544, 0.0645272601794341, 0.022084195997239476, 0.023809523809523808
N:CATGC, 0.053470919324577856, 0.003283302063789869, 0.057692307692307696, 0.057692307692307696, 0.029080675422138835, 0.04784240150093808, 0.04878048780487806, 0.09146341463414634, 0.08442776735459662, 0.0323639774859287, 0.0323639774859287, 0.03799249530956848, 0.04878048780487805, 0.07973733583489681, 0.0525328330206379, 0.06285178236397748, 0.03517823639774859, 0.03283302063789869, 0.0647279549718574, 0.020168855534709193, 0.02673545966228893
N:CATGG, 0.05511811023622047, 0.002530933633295838, 0.060742407199100124, 0.05258717660292463, 0.02699662542182227, 0.04443194600674916, 0.047525309336332956, 0.08155230596175478, 0.10601799775028121, 0.03290213723284589, 0.030089988751406074, 0.03627671541057368, 0.05371203599550056, 0.09561304836895389, 0.03374578177727784, 0.06524184476940381, 0.04302587176602925, 0.025871766029246346, 0.06608548931383577, 0.016310461192350956, 0.023622047244094488
N:CATGT, 0.046875, 0.005902777777777778, 0.07083333333333333, 0.05763888888888889, 0.023958333333333335, 0.057291666666666664, 0.04826388888888889, 0.09652777777777778, 0.08333333333333333, 0.037500000000000006, 0.034722222222222224, 0.03923611111111111, 0.04513888888888889, 0.09340277777777778, 0.041666666666666664, 0.046875, 0.03611111111111111, 0.029513888888888888, 0.06493055555555556, 0.016319444444444442, 0.023958333333333335
N:CATTA, 0.0694519804666305, 0.004340748779164406, 0.07759088442756376, 0.0737927292457949, 0.027129679869777535, 0.055344546934346164, 0.0363537710255019, 0.11177428106348346, 0.09441128594682582, 0.03581117742810635, 0.03798155181768855, 0.02821486706456864, 0.0396093326098752, 0.05860010851871948, 0.04774823657080846, 0.05534454693434617, 0.024416711882799782, 0.027129679869777535, 0.04395008138903961, 0.017905588714053174, 0.033098209441128595
N:CATTC, 0.05997693194925029, 0.004229142637447136, 0.0718954248366013, 0.060361399461745485, 0.03537101114955786, 0.04844290657439446, 0.049596309111880045, 0.07574009996155324, 0.10149942329873125, 0.03575547866205306, 0.04229142637447136, 0.041138023836985775, 0.0461361014994233, 0.07381776239907728, 0.043444828911956945, 0.06958861976163014, 0.02768166089965398, 0.02960399846212995, 0.04652056901191849, 0.014994232987312572, 0.02191464821222607
N:CATTG, 0.06330040248810831, 0.003293084522502744, 0.0702524698133919, 0.06476399560922064, 0.02561287961946579, 0.038419319429198684, 0.03915111598975485, 0.09769484083424808, 0.09806073911452616, 0.04134650567142334, 0.03219904866447128, 0.03549213318697402, 0.03951701427003293, 0.09476765459202342, 0.04610318331503842, 0.052689352360043906, 0.03512623490669594, 0.028905964141968533, 0.0508598609586535, 0.021587998536406878, 0.020856201975850714
N:CATTT, 0.07186585041256321, 0.002927867979771094, 0.0686718126164493, 0.06760713335107799, 0.03167420814479638, 0.047378227309023156, 0.03779611392068139, 0.09049773755656108, 0.0966196433324461, 0.036997604471652915, 0.0348682459409103, 0.03220654777748203, 0.044184189512909235, 0.06654245408570668, 0.05403247271759382, 0.05855735959542188, 0.029811019430396594, 0.028214000532339634, 0.05403247271759383, 0.01863188714399787, 0.0268831514506255
N:CCCAA, 0.04842105263157895, 0.0007017543859649122, 0.07157894736842105, 0.05964912280701754, 0.028070175438596492, 0.05789473684210526, 0.04666666666666667, 0.08736842105263157, 0.0824561403508772, 0.04456140350877193, 0.037894736842105266, 0.035789473684210524, 0.05087719298245614, 0.056842105263157895, 0.03298245614035088, 0.07157894736842105, 0.04912280701754386, 0.030175438596491227, 0.06245614035087718, 0.018596491228070177, 0.02631578947368421
N:CCCAC, 0.03844961240310077, 0.0009302325581395349, 0.062325581395348835, 0.05364341085271318, 0.037209302325581395, 0.048682170542635655, 0.04837209302325581, 0.10728682170542636, 0.08434108527131783, 0.04806201550387597, 0.03317829457364341, 0.03813953488372093, 0.053953488372093024, 0.06015503875968992, 0.033798449612403095, 0.05581395348837209, 0.052093023255813956, 0.028527131782945737, 0.07224806201550388, 0.01581395348837209, 0.026976744186046512
N:CCCAG, 0.043558169454144466, 0.0005513692335967653, 0.06689946700974085, 0.04980702076824113, 0.02775225142437052, 0.044844697665870244, 0.04888807204557986, 0.09759235434662746, 0.07094284138945046, 0.04355816945414446, 0.02811983091343503, 0.03510384120566072, 0.05366660540341849, 0.09189487226612755, 0.029038779636096305, 0.07590516449182136, 0.05329902591435398, 0.02664951295717699, 0.06542914905348281, 0.020400661643080315, 0.026098143723580224
N:CCCAT, 0.05923777961888981, 0.0008285004142502071, 0.07249378624689312, 0.06338028169014084, 0.029826014913007456, 0.06048053024026512, 0.04225352112676056, 0.08740679370339685, 0.08326429163214581, 0.035211267605633804, 0.02899751449875725, 0.03686826843413422, 0.05219552609776305, 0.08574979287489645, 0.03603976801988401, 0.045567522783761395, 0.03603976801988401, 0.03355426677713339, 0.06793703396851698, 0.016984258492129246, 0.02568351284175642
N:CCCCA, 0.044261860588391204, 0.00026504108136761196, 0.06626027034190299, 0.05645375033130135, 0.03047972435727538, 0.05539358600583089, 0.04850251789027299, 0.08375298171216539, 0.07474158494566657, 0.04320169626292075, 0.032335011926848664, 0.04267161410018553, 0.05353829843625762, 0.07368142062019613, 0.02862443678770209, 0.07023588656241718, 0.05194805194805195, 0.02703419029949642, 0.07129605088788762, 0.01643254704479194, 0.028889477869069705
N:CCCCC, 0.04821280133000832, 0.0, 0.05652535328345802, 0.059850374064837904, 0.029925187032418952, 0.05860349127182045, 0.05029093931837074, 0.07190357439733998, 0.08395677472984206, 0.04987531172069826, 0.03740648379052369, 0.03906899418121363, 0.057356608478802994, 0.049044056525353284, 0.029093931837073983, 0.06151288445552785, 0.057772236076475476, 0.03283458021612635, 0.07231920199501247, 0.014962593516209476, 0.03948462177888612
N:CCCCG, 0.04227304227304227, 0.0, 0.04643104643104643, 0.06860706860706861, 0.03395703395703396, 0.04851004851004851, 0.05751905751905752, 0.06652806652806653, 0.07623007623007623, 0.040887040887040885, 0.038115038115038115, 0.040887040887040885, 0.05544005544005544, 0.06722106722106722, 0.031185031185031187, 0.05128205128205128, 0.062370062370062374, 0.02494802494802495, 0.07415107415107414, 0.02702702702702703, 0.04643104643104643
N:CCCCT, 0.04372158097236796, 0.0, 0.05701294158796782, 0.06016089541797831, 0.033927946834557535, 0.04651976215459951, 0.043022035676810066, 0.07799930045470445, 0.0863938440013991, 0.033927946834557535, 0.03462749213011542, 0.03812521860790487, 0.05491430570129416, 0.06925498426023086, 0.03252885624344176, 0.07450157397691501, 0.05631339629240993, 0.03287862889122071, 0.07380202868135712, 0.017838405036726127, 0.03252885624344176
N:CCCGA, 0.051227321237993596, 0.0, 0.06296691568836713, 0.061899679829242264, 0.03735325506937033, 0.04375667022411953, 0.054429028815368194, 0.060832443970117396, 0.064034151547492, 0.035218783351120594, 0.03415154749199573, 0.04909284951974386, 0.052294557097118465, 0.07790821771611527, 0.04055496264674493, 0.064034151547492, 0.04589114194236926, 0.026680896478121666, 0.07577374599786553, 0.022411953041622194, 0.03948772678762007
N:CCCGC, 0.02997275204359673, 0.0, 0.051771117166212535, 0.07356948228882834, 0.03746594005449591, 0.04564032697547684, 0.06335149863760219, 0.04632152588555858, 0.05994550408719346, 0.043596730245231606, 0.05381471389645776, 0.055858310626702996, 0.06335149863760219, 0.06880108991825613, 0.03474114441416894, 0.055177111716621256, 0.047683923705722074, 0.03337874659400545, 0.07425068119891008, 0.020435967302452316, 0.04087193460490464
N:CCCGG, 0.02937420178799489, 0.0, 0.05300127713920817, 0.05810983397190294, 0.0421455938697318, 0.05044699872286079, 0.061302681992337155, 0.05938697318007663, 0.07279693486590039, 0.0491698595146871, 0.03767560664112388, 0.031289910600255426, 0.05810983397190294, 0.06768837803320563, 0.033205619412515965, 0.06002554278416347, 0.06066411238825032, 0.031928480204342274, 0.07279693486590039, 0.027458492975734355, 0.04342273307790549
N:CCCGT, 0.03851444291609354, 0.0, 0.0577716643741403, 0.055020632737276476, 0.02200825309491059, 0.06740027510316368, 0.07427785419532326, 0.06602475928473178, 0.061898211829436035, 0.03851444291609354, 0.0343878954607978, 0.048143053645116916, 0.061898211829436035, 0.052269601100412656, 0.03713892709766162, 0.048143053645116916, 0.0811554332874828, 0.024759284731774415, 0.06464924346629987, 0.024759284731774415, 0.041265474552957364
N:CCCTA, 0.04743083003952569, 0.0006587615283267457, 0.06455862977602109, 0.050724637681159424, 0.020421607378129116, 0.04940711462450593, 0.03689064558629777, 0.09749670619235837, 0.0862977602108037, 0.043478260869565216, 0.030303030303030307, 0.036231884057971016, 0.055994729907773384, 0.06126482213438735, 0.03623188405797101, 0.07378129117259552, 0.055994729907773384, 0.03359683794466403, 0.06719367588932806, 0.024374176548089592, 0.02766798418972332
N:CCCTC, 0.04956960522410211, 0.00029682398337785694, 0.06856634016028496, 0.05758385277530424, 0.03354111012169783, 0.04927278124072425, 0.054021964974769965, 0.08162659542891065, 0.08311071534579995, 0.03561887800534283, 0.03561887800534283, 0.03621252597209854, 0.051647373107747106, 0.06530127634312853, 0.029385574354407838, 0.06322350845948353, 0.04778866132383497, 0.028198278420896408, 0.07747105966162066, 0.021074502819827843, 0.030869694271297116
N:CCCTG, 0.034782608695652174, 0.0, 0.052826086956521745, 0.05282608695652174, 0.028695652173913042, 0.05326086956521738, 0.05108695652173913, 0.10847826086956522, 0.07782608695652174, 0.03695652173913044, 0.033478260869565214, 0.03760869565217391, 0.05152173913043479, 0.07891304347826086, 0.033478260869565214, 0.07565217391304348, 0.04782608695652174, 0.029347826086956522, 0.07217391304347825, 0.02, 0.02326086956521739
N:CCCTT, 0.04517965136961935, 0.0003557452863749555, 0.06581287797936677, 0.05407328352899324, 0.03237282106012095, 0.04731412308786909, 0.04340092493774458, 0.057986481679117755, 0.07577374599786553, 0.044823906083244394, 0.03628601921024546, 0.0384204909284952, 0.060832443970117396, 0.09782995375311278, 0.03628601921024546, 0.07257203842049093, 0.049448594806118816, 0.028103877623621487, 0.06332266097474207, 0.02063322660974742, 0.029171113482746355
N:CCTAA, 0.06154910096818811, 0.002074688796680498, 0.06431535269709543, 0.0636237897648686, 0.027662517289073305, 0.04426002766251729, 0.03803596127247579, 0.10857538035961273, 0.09889349930843706, 0.03941908713692946, 0.03250345781466114, 0.03665283540802213, 0.043568464730290454, 0.058782849239280774, 0.04080221300138313, 0.07053941908713693, 0.03665283540802213, 0.03665283540802213, 0.050484094052558784, 0.016597510373443983, 0.028354080221300138
N:CCTAC, 0.0511200459506031, 0.002871912693854107, 0.0752441125789776, 0.043653072946582425, 0.023549684089603676, 0.040206777713957496, 0.05399195864445721, 0.09592188397472717, 0.07466973004020677, 0.040781160252728314, 0.03388856978747846, 0.030442274554853533, 0.05399195864445721, 0.07983917288914417, 0.04422745548535324, 0.06318207926479034, 0.058012636415852956, 0.02929350947731189, 0.05514072372199885, 0.023549684089603676, 0.026421596783457783
N:CCTAG, 0.05048076923076923, 0.001201923076923077, 0.054086538461538464, 0.057692307692307696, 0.025240384615384616, 0.057692307692307696, 0.04807692307692308, 0.1171875, 0.07151442307692307, 0.040865384615384616, 0.038461538461538464, 0.033052884615384616, 0.040865384615384616, 0.0673076923076923, 0.045072115384615384, 0.060697115384615384, 0.04447115384615385, 0.03125, 0.06430288461538461, 0.022235576923076924, 0.028245192307692308
N:CCTAT, 0.0644709180098108, 0.004905395935529082, 0.06587245970567625, 0.06867554309740714, 0.028731604765241767, 0.039243167484232656, 0.036440084092501754, 0.08479327259985985, 0.1107217939733707, 0.03854239663629993, 0.04134548002803083, 0.04204625087596356, 0.04484933426769446, 0.06166783461807989, 0.032936229852838124, 0.05536089698668535, 0.030833917309039945, 0.02803083391730904, 0.07288016818500351, 0.023125437981779958, 0.02452697967764541
N:CCTCA, 0.054582381315054586, 0.001777100787001777, 0.06803757298806803, 0.05128205128205128, 0.02234069560802234, 0.04518913429804519, 0.05255140898705255, 0.08657019548108658, 0.08809342472708809, 0.035034272658035034, 0.031480071084031475, 0.03148007108403148, 0.042396547347042395, 0.1084031480071084, 0.033257171871033255, 0.06524498603706524, 0.046458492003046456, 0.02767199796902767, 0.07083015993907082, 0.015232292460015232, 0.022086824067022087
N:CCTCC, 0.045188284518828455, 0.00041841004184100416, 0.06255230125523012, 0.05, 0.031799163179916316, 0.05481171548117155, 0.043305439330543934, 0.10732217573221757, 0.07426778242677824, 0.0395397489539749, 0.030753138075313807, 0.03493723849372385, 0.048535564853556486, 0.07154811715481171, 0.03096234309623431, 0.07154811715481171, 0.049581589958159, 0.027405857740585775, 0.07677824267782425, 0.02092050209205021, 0.02782426778242678
N:CCTCG, 0.03341687552213868, 0.000835421888053467, 0.06015037593984962, 0.04427736006683375, 0.055973266499582286, 0.050125313283208024, 0.07268170426065163, 0.06349206349206349, 0.06766917293233082, 0.04093567251461988, 0.045112781954887216, 0.047619047619047616, 0.05764411027568922, 0.06766917293233082, 0.014202172096908938, 0.06599832915622389, 0.06015037593984962, 0.031746031746031744, 0.06516290726817042, 0.028404344193817876, 0.026733500417710943
N:CCTCT, 0.05447830101569714, 0.0013850415512465374, 0.05932594644506002, 0.060941828254847646, 0.030240073868882732, 0.04916897506925207, 0.05332409972299169, 0.09372114496768236, 0.07686980609418283, 0.03831948291782087, 0.031163434903047092, 0.03347183748845799, 0.05101569713758079, 0.07871652816251154, 0.036703601108033244, 0.07802400738688828, 0.03901200369344414, 0.029085872576177285, 0.06001846722068329, 0.019159741458910435, 0.02585410895660203
N:CCTGA, 0.045912104100171866, 0.0029462312791554137, 0.05499631721090105, 0.0547507979376381, 0.026761600785661675, 0.05106800883869384, 0.04173827645470169, 0.11220230788116868, 0.08273999508961453, 0.038301006629020376, 0.03019887061134299, 0.02774367787871348, 0.050085931745642034, 0.10385465259022832, 0.0321630247974466, 0.07169162779278174, 0.04026516081512399, 0.026516081512398725, 0.06923643506015222, 0.018168426221458384, 0.018659464767984288
N:CCTGC, 0.04236520163117354, 0.00022655188038060717, 0.05663797009515179, 0.046216583597643864, 0.025373810602628003, 0.0502945174444948, 0.050067965564114185, 0.09832351608518351, 0.06955142727684639, 0.04145899410965111, 0.029904848210240146, 0.03896692342546443, 0.048482102401449935, 0.08608971454463073, 0.032170367014046214, 0.08133212505663796, 0.05029451744449479, 0.030131400090620753, 0.07204349796103307, 0.020163117353874035, 0.029904848210240146
N:CCTGG, 0.04387186629526463, 0.00034818941504178273, 0.06754874651810584, 0.05100974930362117, 0.02437325905292479, 0.052054317548746516, 0.04944289693593315, 0.1067200557103064, 0.06946378830083566, 0.04213091922005571, 0.030814763231197778, 0.032555710306406686, 0.052750696378830085, 0.09905988857938719, 0.029596100278551533, 0.06162952646239554, 0.049965181058495824, 0.031162952646239556, 0.06389275766016712, 0.019846796657381614, 0.021761838440111418
N:CCTGT, 0.04052321107976404, 0.0007694280584765325, 0.06232367273659913, 0.05385996409335727, 0.026673506027186458, 0.04821749166452936, 0.05052577583995897, 0.1036163118748397, 0.08617594254937164, 0.03693254680687356, 0.03385483457296743, 0.03231597845601436, 0.04231854321620929, 0.09515260323159784, 0.03924083098230315, 0.07540394973070018, 0.04206206719671711, 0.028212362144139524, 0.06386252885355219, 0.017183893305975893, 0.020774557578866377
N:CCTTA, 0.05530216647662486, 0.0011402508551881414, 0.0838084378563284, 0.06100342075256556, 0.029646522234891677, 0.04846066134549601, 0.04789053591790194, 0.07525655644241733, 0.07924743443557583, 0.04047890535917902, 0.03420752565564424, 0.03249714937286203, 0.049600912200684154, 0.07240592930444698, 0.04903078677309008, 0.06955530216647664, 0.03192702394526796, 0.033637400228050174, 0.056442417331812995, 0.018244013683010263, 0.03021664766248575
N:CCTTC, 0.047082394189832205, 0.0007513148009015778, 0.060856498873027805, 0.054345103931880794, 0.03130478337089907, 0.05684948660155271, 0.044578011520160284, 0.06811920861507638, 0.07838717756073128, 0.04257450538442274, 0.03456048084147258, 0.0405709992486852, 0.05234159779614325, 0.0708740295517155, 0.03831705484598046, 0.09416478837966441, 0.04432757325319309, 0.027548209366391185, 0.06962183821687953, 0.020035061357375407, 0.022789882294014525
N:CCTTG, 0.05057278569432803, 0.0016764459346186086, 0.06314613020396759, 0.050013970382788486, 0.025984911986588432, 0.046381670857781505, 0.0516904163174071, 0.0832634814193909, 0.08018999720592344, 0.03129365744621403, 0.03129365744621402, 0.03380832634814194, 0.050293378038558254, 0.12293936853869798, 0.029896619167365183, 0.07432243643475832, 0.04107292539815591, 0.027102542609667504, 0.06314613020396759, 0.019558535903883765, 0.022352612461581448
N:CCTTT, 0.0644722524483134, 0.00353645266594124, 0.0690968443960827, 0.05984766050054407, 0.026931447225244827, 0.05059847660500543, 0.051686615886833515, 0.07589771490750816, 0.07807399347116431, 0.036996735582154515, 0.03618063112078346, 0.03998911860718172, 0.04570184983677911, 0.06256800870511425, 0.05331882480957562, 0.0794341675734494, 0.03835690968443961, 0.02665941240478781, 0.053318824809575616, 0.020674646354733407, 0.02665941240478781
N:CGCAA, 0.04980842911877394, 0.0019157088122605363, 0.07471264367816093, 0.05172413793103448, 0.04597701149425287, 0.040229885057471264, 0.045977011494252866, 0.05172413793103448, 0.05938697318007663, 0.040229885057471264, 0.03639846743295019, 0.05172413793103448, 0.05747126436781609, 0.0574712643678161, 0.03639846743295019, 0.07854406130268199, 0.06130268199233716, 0.038314176245210725, 0.08045977011494253, 0.017241379310344827, 0.022988505747126436
N:CGCAC, 0.04187817258883249, 0.0, 0.06598984771573604, 0.0532994923857868, 0.024111675126903553, 0.05583756345177665, 0.04568527918781726, 0.058375634517766506, 0.050761421319796954, 0.06091370558375635, 0.04949238578680203, 0.04187817258883249, 0.05203045685279188, 0.08248730964467005, 0.04187817258883249, 0.050761421319796954, 0.039340101522842646, 0.0266497461928934, 0.07614213197969544, 0.03807106598984772, 0.044416243654822336
N:CGCAG, 0.03581460674157303, 0.0, 0.054775280898876406, 0.059691011235955056, 0.047050561797752806, 0.04915730337078652, 0.05828651685393258, 0.047752808988764044, 0.06320224719101124, 0.042134831460674156, 0.04073033707865169, 0.042134831460674156, 0.05407303370786517, 0.08426966292134833, 0.03581460674157303, 0.07303370786516854, 0.06179775280898876, 0.028089887640449437, 0.06601123595505617, 0.02598314606741573, 0.030196629213483147
N:CGCAT, 0.05241935483870968, 0.004032258064516129, 0.0907258064516129, 0.05846774193548387, 0.04435483870967742, 0.04233870967741935, 0.04233870967741935, 0.05241935483870968, 0.08669354838709678, 0.03225806451612903, 0.04838709677419355, 0.03629032258064517, 0.06048387096774194, 0.05443548387096774, 0.05040322580645161, 0.05241935483870968, 0.04435483870967742, 0.036290322580645164, 0.06854838709677419, 0.020161290322580645, 0.02217741935483871
N:CGCCA, 0.05061082024432811, 0.0008726003490401396, 0.06108202443280977, 0.05410122164048865, 0.030541012216404886, 0.0462478184991274, 0.06544502617801047, 0.04712041884816754, 0.06893542757417102, 0.034031413612565446, 0.04799301919720768, 0.05148342059336824, 0.06195462478184991, 0.08987783595113438, 0.02617801047120419, 0.06195462478184991, 0.05410122164048866, 0.034904013961605584, 0.05061082024432809, 0.030541012216404886, 0.031413612565445025
N:CGCCC, 0.026143790849673203, 0.0, 0.05010893246187364, 0.05809731299927379, 0.045025417574437177, 0.05156136528685548, 0.05664488017429194, 0.04720406681190995, 0.06172839506172839, 0.04647785039941903, 0.05591866376180102, 0.04212055192447349, 0.074800290486565, 0.07915758896151052, 0.03340595497458242, 0.04575163398692811, 0.048656499636891795, 0.032679738562091505, 0.07116920842411037, 0.029774872912127815, 0.04357298474945534
N:CGCCG, 0.021229050279329607, 0.0, 0.04022346368715084, 0.07150837988826815, 0.042458100558659215, 0.03240223463687151, 0.06815642458100558, 0.061452513966480445, 0.060335195530726256, 0.06368715083798883, 0.04022346368715084, 0.0446927374301676, 0.055865921787709494, 0.08826815642458101, 0.034636871508379886, 0.053631284916201116, 0.04581005586592179, 0.03798882681564246, 0.06815642458100558, 0.023463687150837985, 0.04581005586592179
N:CGCCT, 0.044854881266490766, 0.0008795074758135445, 0.06772207563764292, 0.07563764291996482, 0.03342128408091469, 0.04925241864555849, 0.05980650835532102, 0.0712401055408971, 0.06860158311345646, 0.048372911169744945, 0.05189094107299912, 0.03869832893579595, 0.05804749340369393, 0.06156552330694811, 0.027264731750219876, 0.04573438874230431, 0.048372911169744945, 0.024626209322779244, 0.05804749340369393, 0.030782761653474055, 0.03518029903254178
N:CGCGA, 0.022271714922048998, 0.0, 0.06458797327394208, 0.0556792873051225, 0.04899777282850779, 0.0289532293986637, 0.05345211581291759, 0.066815144766147, 0.060133630289532294, 0.053452115812917596, 0.044543429844097995, 0.044543429844097995, 0.0801781737193764, 0.062360801781737196, 0.0200445434298441, 0.051224944320712694, 0.0556792873051225, 0.0400890868596882, 0.062360801781737196, 0.042316258351893093, 0.042316258351893093
N:CGCGC, 0.01364522417153996, 0.0, 0.036062378167641324, 0.04580896686159844, 0.05555555555555555, 0.03216374269005848, 0.06237816764132553, 0.07309941520467836, 0.06042884990253411, 0.05458089668615984, 0.05165692007797271, 0.04873294346978557, 0.0682261208576998, 0.07407407407407407, 0.023391812865497075, 0.04191033138401559, 0.06335282651072124, 0.05165692007797271, 0.07309941520467836, 0.025341130604288494, 0.04483430799220273
N:CGCGG, 0.02178649237472767, 0.0, 0.031590413943355114, 0.06100217864923747, 0.05337690631808279, 0.03159041394335512, 0.06100217864923748, 0.04466230936819171, 0.04793028322440087, 0.046840958605664486, 0.0533769063180828, 0.05773420479302832, 0.05555555555555555, 0.08932461873638345, 0.0457516339869281, 0.05991285403050109, 0.037037037037037035, 0.05010893246187364, 0.06862745098039216, 0.04139433551198257, 0.04139433551198257
N:CGCGT, 0.017114914425427872, 0.0, 0.04156479217603912, 0.03667481662591687, 0.06601466992665037, 0.02689486552567237, 0.06112469437652813, 0.058679706601467, 0.05623471882640587, 0.04645476772616137, 0.03667481662591687, 0.05867970660146699, 0.07334963325183375, 0.07823960880195599, 0.03422982885085575, 0.06845965770171149, 0.0488997555012225, 0.04645476772616137, 0.06601466992665037, 0.031784841075794615, 0.04645476772616137
N:CGCTA, 0.058823529411764705, 0.0, 0.08823529411764705, 0.05, 0.020588235294117647, 0.047058823529411764, 0.058823529411764705, 0.052941176470588235, 0.07647058823529412, 0.03529411764705882, 0.04117647058823529, 0.05294117647058825, 0.03823529411764706, 0.041176470588235294, 0.03529411764705882, 0.06764705882352941, 0.07058823529411765, 0.052941176470588235, 0.05, 0.038235294117647055, 0.023529411764705882
N:CGCTC, 0.04186489058039962, 0.0, 0.07231208372978117, 0.06184586108468126, 0.04091341579448145, 0.05994291151284491, 0.04757373929590866, 0.04567078972407232, 0.06660323501427212, 0.0352045670789724, 0.03139866793529972, 0.05042816365366318, 0.058039961941008564, 0.059942911512844914, 0.0390104662226451, 0.0818268315889629, 0.05233111322549953, 0.03235014272121789, 0.058991436726926735, 0.03330161750713606, 0.030447193149381543
N:CGCTG, 0.04876325088339223, 0.0014134275618374558, 0.04876325088339223, 0.05088339222614841, 0.043816254416961124, 0.04946996466431095, 0.0607773851590106, 0.06431095406360424, 0.06007067137809187, 0.04240282685512368, 0.057950530035335686, 0.045936395759717315, 0.05724381625441696, 0.059363957597173146, 0.038162544169611304, 0.07279151943462897, 0.06007067137809187, 0.03250883392226148, 0.05512367491166078, 0.019081272084805655, 0.03109540636042403
N:CGCTT, 0.04713375796178344, 0.0025477707006369425, 0.06751592356687898, 0.050955414012738856, 0.030573248407643312, 0.034394904458598725, 0.06114649681528662, 0.12356687898089172, 0.05477707006369427, 0.04076433121019108, 0.03184713375796178, 0.044585987261146494, 0.0535031847133758, 0.06496815286624204, 0.044585987261146494, 0.05222929936305733, 0.05477707006369427, 0.035668789808917196, 0.06369426751592357, 0.01910828025477707, 0.02165605095541401
N:CGTAA, 0.07739938080495357, 0.0030959752321981426, 0.09907120743034055, 0.04024767801857585, 0.03715170278637771, 0.06191950464396285, 0.04953560371517028, 0.06501547987616098, 0.04953560371517028, 0.018575851393188854, 0.05263157894736842, 0.04953560371517028, 0.034055727554179564, 0.05263157894736842, 0.043343653250774, 0.07120743034055728, 0.034055727554179564, 0.03715170278637771, 0.0804953560371517, 0.02476780185758514, 0.018575851393188854
N:CGTAC, 0.040955631399317405, 0.0, 0.09215017064846417, 0.05802047781569966, 0.030716723549488054, 0.034129692832764506, 0.10921501706484642, 0.051194539249146756, 0.08532423208191127, 0.020477815699658702, 0.020477815699658702, 0.04778156996587031, 0.05802047781569966, 0.06143344709897611, 0.05802047781569966, 0.07508532423208192, 0.030716723549488054, 0.027303754266211604, 0.04778156996587031, 0.023890784982935155, 0.027303754266211604
N:CGTAG, 0.0641025641025641, 0.0, 0.06837606837606837, 0.04700854700854701, 0.03632478632478633, 0.05982905982905983, 0.06837606837606838, 0.05555555555555555, 0.06837606837606838, 0.038461538461538464, 0.029914529914529912, 0.05128205128205128, 0.05128205128205128, 0.057692307692307696, 0.038461538461538464, 0.07264957264957266, 0.05128205128205128, 0.038461538461538464, 0.049145299145299144, 0.02564102564102564, 0.027777777777777773
N:CGTAT, 0.05782312925170068, 0.01020408163265306, 0.061224489795918366, 0.03741496598639456, 0.04081632653061224, 0.047619047619047616, 0.06462585034013606, 0.09863945578231292, 0.07142857142857142, 0.030612244897959183, 0.027210884353741496, 0.04421768707482993, 0.04421768707482993, 0.07142857142857142, 0.061224489795918366, 0.11564625850340136, 0.017006802721088437, 0.023809523809523808, 0.03401360544217687, 0.017006802721088437, 0.023809523809523808
N:CGTCA, 0.04539007092198582, 0.0014184397163120568, 0.06382978723404255, 0.04822695035460993, 0.04113475177304964, 0.04822695035460993, 0.06666666666666667, 0.05106382978723404, 0.05531914893617021, 0.04397163120567376, 0.03829787234042553, 0.032624113475177303, 0.05106382978723404, 0.08794326241134752, 0.04539007092198582, 0.075177304964539, 0.06099290780141844, 0.02127659574468085, 0.06099290780141844, 0.02695035460992908, 0.03404255319148936
N:CGTCC, 0.03287981859410431, 0.0, 0.054421768707483, 0.05668934240362812, 0.02834467120181406, 0.049886621315192746, 0.0691609977324263, 0.05895691609977324, 0.06802721088435375, 0.05102040816326531, 0.05102040816326531, 0.045351473922902494, 0.05555555555555555, 0.08503401360544217, 0.03854875283446712, 0.07256235827664399, 0.05555555555555555, 0.024943310657596373, 0.05782312925170068, 0.021541950113378686, 0.022675736961451247
N:CGTCG, 0.02318840579710145, 0.0, 0.04347826086956521, 0.06086956521739131, 0.043478260869565216, 0.04927536231884058, 0.06666666666666667, 0.05797101449275361, 0.08115942028985507, 0.03768115942028986, 0.0463768115942029, 0.04057971014492753, 0.06666666666666667, 0.06376811594202898, 0.02318840579710145, 0.07536231884057971, 0.06376811594202898, 0.05217391304347826, 0.05797101449275361, 0.011594202898550725, 0.034782608695652174
N:CGTCT, 0.04505632040050062, 0.0, 0.08385481852315395, 0.05006257822277847, 0.03504380475594493, 0.03879849812265332, 0.07759699624530664, 0.06132665832290364, 0.06132665832290363, 0.05006257822277847, 0.030037546933667083, 0.03879849812265332, 0.04630788485607009, 0.07008760951188986, 0.04881101376720901, 0.058823529411764705, 0.06382978723404255, 0.026282853566958697, 0.05506883604505632, 0.028785982478097622, 0.030037546933667083
N:CGTGA, 0.06109725685785536, 0.0012468827930174563, 0.06982543640897755, 0.05610972568578554, 0.02493765586034913, 0.04488778054862843, 0.0685785536159601, 0.05985037406483791, 0.059850374064837904, 0.03740648379052369, 0.03615960099750624, 0.034912718204488775, 0.046134663341645885, 0.07481296758104738, 0.03865336658354115, 0.07231920199501246, 0.05486284289276808, 0.02119700748129676, 0.07231920199501246, 0.029925187032418952, 0.034912718204488775
N:CGTGC, 0.04018912529550828, 0.0, 0.05319148936170213, 0.061465721040189124, 0.043735224586288424, 0.04728132387706856, 0.059101654846335706, 0.06028368794326241, 0.05319148936170213, 0.04728132387706856, 0.04491725768321513, 0.04491725768321514, 0.06501182033096926, 0.07210401891252956, 0.0425531914893617, 0.061465721040189124, 0.04491725768321513, 0.018912529550827423, 0.07210401891252956, 0.037825059101654845, 0.02955082742316785
N:CGTGG, 0.040702314445331206, 0.0, 0.055865921787709494, 0.05506783719074222, 0.0335195530726257, 0.04708699122106943, 0.06464485235434957, 0.041500399042298484, 0.0670391061452514, 0.04309656823623305, 0.053471667996807665, 0.04309656823623304, 0.05746209098164405, 0.06783719074221868, 0.03192338387869114, 0.07342378292098962, 0.07741420590582601, 0.025538707102952914, 0.07023144453312051, 0.016759776536312845, 0.034317637669592976
N:CGTGT, 0.04342581423401689, 0.0012062726176115801, 0.054282267792521106, 0.05548854041013269, 0.039806996381182146, 0.04101326899879373, 0.07237635705669482, 0.06272617611580217, 0.06875753920386007, 0.025331724969843185, 0.032569360675512665, 0.054282267792521106, 0.05307599517490953, 0.09650180940892641, 0.04945717732207479, 0.06272617611580217, 0.05910735826296743, 0.020506634499396863, 0.06272617611580217, 0.016887816646562123, 0.027744270205066344
N:CGTTA, 0.06031746031746032, 0.006349206349206349, 0.06031746031746032, 0.08253968253968254, 0.03492063492063492, 0.05396825396825397, 0.06031746031746032, 0.05714285714285714, 0.09523809523809523, 0.02857142857142857, 0.03492063492063492, 0.05396825396825397, 0.03492063492063492, 0.06031746031746032, 0.06031746031746032, 0.047619047619047616, 0.04126984126984127, 0.015873015873015872, 0.03174603174603174, 0.031746031746031744, 0.04761904761904762
N:CGTTC, 0.03412462908011869, 0.002967359050445104, 0.07715133531157271, 0.04154302670623145, 0.032640949554896145, 0.04154302670623145, 0.06824925816023739, 0.06231454005934717, 0.07863501483679525, 0.037091988130563795, 0.04896142433234421, 0.04747774480712166, 0.04599406528189911, 0.057863501483679525, 0.04599406528189911, 0.08160237388724036, 0.04302670623145401, 0.02225519287833828, 0.06083086053412463, 0.028189910979228485, 0.04154302670623145
N:CGTTG, 0.06554878048780488, 0.0, 0.09603658536585366, 0.04725609756097561, 0.03048780487804878, 0.028963414634146343, 0.06554878048780488, 0.06097560975609755, 0.08384146341463415, 0.051829268292682924, 0.051829268292682924, 0.03353658536585366, 0.04573170731707317, 0.05030487804878049, 0.042682926829268296, 0.07621951219512195, 0.04878048780487805, 0.03048780487804878, 0.04573170731707317, 0.019817073170731704, 0.024390243902439025
N:CGTTT, 0.06636500754147813, 0.0015082956259426848, 0.1085972850678733, 0.05128205128205128, 0.02865761689291101, 0.042232277526395176, 0.048265460030165915, 0.07692307692307693, 0.05731523378582202, 0.02564102564102564, 0.027149321266968326, 0.048265460030165915, 0.05128205128205128, 0.04072398190045249, 0.06033182503770739, 0.08748114630467571, 0.042232277526395176, 0.027149321266968326, 0.05429864253393665, 0.02262443438914027, 0.03167420814479638
N:CTCAA, 0.06127722406792174, 0.0018456995201181247, 0.06459948320413436, 0.059800664451827246, 0.029531192321889995, 0.04245108896271687, 0.0457733480989295, 0.09413067552602436, 0.08970099667774087, 0.0398671096345515, 0.028423772609819122, 0.04060538944259875, 0.03949796973052787, 0.09043927648578812, 0.03875968992248062, 0.07678110003691399, 0.03580657069029162, 0.03248431155407899, 0.05167958656330749, 0.016242155777039496, 0.020302694721299374
N:CTCAC, 0.040998217468805706, 0.0023767082590612004, 0.059714795008912656, 0.0487225193107546, 0.02703505644682115, 0.0510992275698158, 0.05228758169934641, 0.09952465834818776, 0.08080808080808081, 0.04070112893642305, 0.026440879382055853, 0.026143790849673203, 0.03594771241830065, 0.09239453357100416, 0.03773024361259655, 0.08407605466428995, 0.03773024361259655, 0.030897207367795602, 0.07991681521093286, 0.0184194890077243, 0.02703505644682115
N:CTCAG, 0.051693047485473854, 0.0022039671408535366, 0.05489881787216991, 0.059907834101382486, 0.028851933480264477, 0.049689440993788817, 0.0480865558004408, 0.08735724303746745, 0.07653776798236826, 0.04127429372871168, 0.02845121218192747, 0.028250851532758966, 0.04448006411540773, 0.11099979963935083, 0.031857343217792024, 0.08234822680825486, 0.04508114606291325, 0.026848326988579443, 0.06291324383891003, 0.017030655179322784, 0.021238228811861354
N:CTCAT, 0.07115584866365846, 0.003471017007983339, 0.0787920860812218, 0.06108989934050677, 0.026379729260673376, 0.047552933009371745, 0.04859423811176675, 0.10065949323151684, 0.10100659493231517, 0.025338424158278375, 0.034015966678236725, 0.032280458174245054, 0.04165220409580007, 0.08018049288441513, 0.04269350919819507, 0.054842068726136756, 0.03783408538701839, 0.023602915654286707, 0.05345366192294342, 0.014925373134328358, 0.0204790003471017
N:CTCCA, 0.047512576858580215, 0.0016769144773616546, 0.06707657909446618, 0.04266815725731321, 0.022545183528973355, 0.04900316750512391, 0.043040804918949134, 0.11477547978386436, 0.08254145705235699, 0.033910937208869014, 0.02645798397615055, 0.029625489100055896, 0.05030743432084964, 0.1106763555058692, 0.03316564188559717, 0.06689025526364822, 0.046953605366126326, 0.028321222284330167, 0.06633128377119432, 0.017887087758524316, 0.018632383081796162
N:CTCCC, 0.041461518528116095, 0.0, 0.061933143301373415, 0.05804612593936253, 0.032132676859289964, 0.055713915522156, 0.04793988079813423, 0.10443119979269241, 0.07229852293340244, 0.04120238403731537, 0.03394661829489505, 0.03265094584089142, 0.05286343612334802, 0.06115573982897124, 0.030837004405286344, 0.07670380927701477, 0.046903342834931326, 0.028504793988079813, 0.07359419538740607, 0.0222855662088624, 0.025395180098471106
N:CTCCG, 0.040530582166543844, 0.0007369196757553427, 0.06927044952100221, 0.058953574060427415, 0.04568901989683124, 0.047899778924097275, 0.047899778924097275, 0.05600589535740604, 0.07369196757553427, 0.04937361827560796, 0.04347826086956521, 0.04126750184229919, 0.04274134119380987, 0.07369196757553427, 0.03168754605747973, 0.05821665438467207, 0.04642593957258659, 0.03316138540899042, 0.07885040530582166, 0.027266028002947678, 0.03316138540899042
N:CTCCT, 0.055719050421816754, 0.002354326074161271, 0.06317441632332745, 0.04963704139690014, 0.031194820482636845, 0.047871296841279186, 0.04571316460663135, 0.11045713164606631, 0.07926231116342947, 0.038650186384147536, 0.028840494408475574, 0.03727682950755346, 0.04080831861879537, 0.052972336668628606, 0.03708063566804003, 0.08671767706494014, 0.04590935844614479, 0.0274671375318815, 0.07396507749656661, 0.01922699627231705, 0.025701392976260545
N:CTCGA, 0.05337078651685393, 0.0014044943820224719, 0.05758426966292135, 0.03089887640449438, 0.03932584269662921, 0.0449438202247191, 0.05898876404494382, 0.08286516853932584, 0.08146067415730338, 0.046348314606741575, 0.033707865168539325, 0.047752808988764044, 0.05196629213483146, 0.08848314606741574, 0.03089887640449438, 0.06460674157303371, 0.03932584269662921, 0.03089887640449438, 0.06460674157303371, 0.01825842696629213, 0.032303370786516857
N:CTCGC, 0.03402061855670103, 0.0, 0.05670103092783505, 0.0443298969072165, 0.05670103092783505, 0.03917525773195876, 0.05257731958762887, 0.0845360824742268, 0.05154639175257732, 0.04742268041237113, 0.042268041237113405, 0.050515463917525774, 0.07628865979381444, 0.0711340206185567, 0.028865979381443304, 0.05154639175257732, 0.05154639175257732, 0.029896907216494847, 0.058762886597938144, 0.03917525773195876, 0.032989690721649485
N:CTCGG, 0.04807692307692308, 0.0008012820512820513, 0.0641025641025641, 0.058493589743589744, 0.041666666666666664, 0.04727564102564102, 0.07211538461538461, 0.058493589743589744, 0.06810897435897435, 0.043269230769230775, 0.035256410256410256, 0.040865384615384616, 0.040865384615384616, 0.06810897435897435, 0.029647435897435896, 0.07051282051282051, 0.05368589743589743, 0.036057692307692304, 0.07051282051282051, 0.023237179487179488, 0.028846153846153848
N:CTCGT, 0.0480225988700565, 0.0014124293785310734, 0.05084745762711865, 0.05790960451977401, 0.04096045197740113, 0.03531073446327684, 0.09180790960451977, 0.05932203389830507, 0.08050847457627118, 0.05084745762711865, 0.03954802259887005, 0.0423728813559322, 0.046610169491525424, 0.0480225988700565, 0.03954802259887006, 0.09463276836158192, 0.06779661016949153, 0.0211864406779661, 0.052259887005649715, 0.012711864406779662, 0.018361581920903952
N:CTCTA, 0.061285500747384154, 0.002491280518186348, 0.07324364723467862, 0.06676631788739412, 0.02491280518186348, 0.04932735426008968, 0.039860488290981565, 0.10064773293472845, 0.08470353761833582, 0.03338315894369706, 0.03537618335824614, 0.035874439461883414, 0.04833084205281515, 0.07822620827105133, 0.03687095166915795, 0.06826108619830593, 0.041355256601893375, 0.028400597907324365, 0.05331340308918783, 0.018435475834578975, 0.018933731938216243
N:CTCTC, 0.04651700995140014, 0.001388567461235825, 0.06225410784540616, 0.0571626938208748, 0.032168479518629944, 0.05739412173108077, 0.04998842860448971, 0.1078454061559824, 0.079379773200648, 0.034482758620689655, 0.028002777134922472, 0.03355704697986577, 0.042814163388104606, 0.07637121036797037, 0.0349456144411016, 0.08146262439250174, 0.039111316824809075, 0.02568849803286276, 0.0650312427678778, 0.019671372367507524, 0.02476278639203888
N:CTCTG, 0.043007053156717705, 0.0013762257010149664, 0.060209874419404785, 0.05264063306382247, 0.024428006193015654, 0.053844830552210565, 0.04644761740925512, 0.102528814725615, 0.08085325993462927, 0.03560984001376226, 0.03388955788749355, 0.02976088078444865, 0.04696370204713573, 0.0889385859280922, 0.03406158610012042, 0.08687424737656976, 0.042146912093583344, 0.029244796146568035, 0.05917770514364356, 0.0235678651298813, 0.024428006193015654
N:CTCTT, 0.060169891458235016, 0.0016517225106182161, 0.06819254365266635, 0.06182161396885323, 0.03374233128834356, 0.04789995280792827, 0.045776309579990564, 0.0804624823029731, 0.08211420481359132, 0.030910806984426616, 0.02878716375648891, 0.03327041057102407, 0.04105710240679566, 0.08258612553091081, 0.04719207173194903, 0.08470976875884852, 0.03610193487494101, 0.028315243039169418, 0.05899008966493628, 0.01793298725814063, 0.02831524303916942
N:CTTAA, 0.06365258774538965, 0.003569303985722784, 0.07376561570493753, 0.07019631171921475, 0.032123735871505056, 0.039262343842950624, 0.046995835812016655, 0.07495538370017847, 0.1124330755502677, 0.03569303985722784, 0.0380725758477097, 0.04045211183819155, 0.049970255800118976, 0.042236763831052945, 0.06305770374776919, 0.05770374776918501, 0.030339083878643664, 0.030933967876264127, 0.054729327781082686, 0.015466983938132062, 0.024390243902439025
N:CTTAC, 0.060759493670886074, 0.005063291139240506, 0.0739240506329114, 0.04556962025316456, 0.02481012658227848, 0.0420253164556962, 0.0410126582278481, 0.1260759493670886, 0.0749367088607595, 0.034936708860759495, 0.03240506329113924, 0.03240506329113924, 0.0369620253164557, 0.0779746835443038, 0.045063291139240506, 0.09468354430379747, 0.034430379746835445, 0.028860759493670885, 0.05012658227848101, 0.012658227848101266, 0.02531645569620253
N:CTTAG, 0.06886045094454601, 0.003656307129798903, 0.06825106642291284, 0.06703229737964655, 0.029859841560024376, 0.050578915295551495, 0.04631322364411944, 0.0712979890310786, 0.08531383302864107, 0.04021937842778794, 0.03473491773308958, 0.038391224862888484, 0.049969530773918344, 0.05728214503351615, 0.04143814747105423, 0.06764168190127971, 0.03656307129798903, 0.03412553321145643, 0.05362583790371724, 0.02315661182205972, 0.031687995124923825
N:CTTAT, 0.07226792009400705, 0.004700352526439483, 0.08930669800235018, 0.06404230317273796, 0.02408930669800235, 0.04465334900117509, 0.04230317273795535, 0.11104582843713279, 0.08578143360752057, 0.03055229142185664, 0.04289071680376028, 0.0399529964747356, 0.05229142185663925, 0.046415981198589897, 0.045828437132784956, 0.07403055229142186, 0.021739130434782608, 0.026439482961222092, 0.0399529964747356, 0.014688601645123384, 0.02702702702702703
N:CTTCA, 0.0625257944696657, 0.0033016921172100704, 0.059430458109781266, 0.05509698720594305, 0.026826248452331822, 0.041477507222451505, 0.03879488237721832, 0.09265373503920761, 0.08378043747420554, 0.03239785390012381, 0.03384234420140322, 0.03569954601733388, 0.04395377631035906, 0.12278167560874949, 0.04085843995047462, 0.07263722657862154, 0.03569954601733388, 0.028064382996285598, 0.052414362360709864, 0.015270326042096575, 0.022492777548493603
N:CTTCC, 0.052653399668325045, 0.0012437810945273632, 0.06550580431177445, 0.05970149253731343, 0.027985074626865673, 0.05306799336650083, 0.04933665008291874, 0.0740049751243781, 0.08043117744610281, 0.04083747927031509, 0.03213101160862355, 0.037106135986733, 0.04871475953565506, 0.06716417910447761, 0.0406301824212272, 0.08250414593698176, 0.04498341625207297, 0.028192371475953566, 0.06820066334991708, 0.020522388059701493, 0.025082918739635158
N:CTTCG, 0.0671067106710671, 0.0, 0.08030803080308031, 0.05500550055005501, 0.04400440044004401, 0.04400440044004401, 0.055005500550055014, 0.0737073707370737, 0.0704070407040704, 0.0429042904290429, 0.04950495049504951, 0.04180418041804181, 0.052805280528052806, 0.061606160616061605, 0.039603960396039604, 0.058305830583058306, 0.03850385038503851, 0.022002200220022004, 0.05720572057205721, 0.0176017601760176, 0.028602860286028597
N:CTTCT, 0.05533667621776504, 0.0034025787965616047, 0.0680515759312321, 0.05336676217765043, 0.029011461318051577, 0.044770773638968475, 0.041726361031518625, 0.09061604584527219, 0.08005014326647565, 0.0419054441260745, 0.037070200573065905, 0.032234957020057305, 0.04817335243553009, 0.0761103151862464, 0.042800859598853866, 0.09276504297994269, 0.04083094555873926, 0.025250716332378225, 0.05533667621776505, 0.016833810888252147, 0.024355300859598854
N:CTTGA, 0.06323024054982818, 0.003092783505154639, 0.0570446735395189, 0.05979381443298969, 0.03161512027491409, 0.03917525773195876, 0.05017182130584193, 0.09518900343642611, 0.08694158075601374, 0.03470790378006873, 0.022336769759450172, 0.041237113402061855, 0.04501718213058419, 0.10652920962199312, 0.03608247422680412, 0.0711340206185567, 0.03848797250859107, 0.025085910652920963, 0.05017182130584193, 0.020618556701030927, 0.022336769759450172
N:CTTGC, 0.05451263537906137, 0.0018050541516245488, 0.05667870036101083, 0.05018050541516245, 0.02815884476534296, 0.03790613718411552, 0.04512635379061372, 0.09133574007220216, 0.07003610108303249, 0.04043321299638989, 0.025992779783393503, 0.035018050541516244, 0.044404332129963905, 0.11768953068592057, 0.04404332129963899, 0.08592057761732852, 0.04296028880866426, 0.02815884476534296, 0.05740072202166065, 0.01660649819494585, 0.025631768953068592
N:CTTGG, 0.0572289156626506, 0.0008214676889375684, 0.06434830230010953, 0.05585980284775466, 0.02792990142387733, 0.05339539978094194, 0.055038335158817085, 0.08242059145673604, 0.08734939759036145, 0.033406352683461114, 0.028203723986856517, 0.03696604600219058, 0.05230010952902519, 0.07721796276013143, 0.03614457831325301, 0.06845564074479737, 0.04764512595837897, 0.028203723986856517, 0.061610076670317634, 0.018346111719605696, 0.027108433734939763
N:CTTGT, 0.06718963165075034, 0.004092769440654843, 0.07810368349249658, 0.057639836289222375, 0.02660300136425648, 0.041950886766712145, 0.04809004092769441, 0.0941336971350614, 0.08287858117326058, 0.03171896316507503, 0.035811732605729875, 0.03547066848567531, 0.04160982264665757, 0.06548431105047749, 0.040927694406548434, 0.08867667121418826, 0.03649386084583902, 0.029331514324693043, 0.057639836289222375, 0.015688949522510234, 0.020463847203274217
N:CTTTA, 0.07648261758691206, 0.0036809815950920245, 0.06094069529652352, 0.06216768916155419, 0.03721881390593047, 0.05603271983640082, 0.04948875255623722, 0.08098159509202454, 0.08466257668711656, 0.0376278118609407, 0.040490797546012265, 0.044171779141104296, 0.0408997955010225, 0.05276073619631902, 0.04948875255623722, 0.06666666666666667, 0.025766871165644172, 0.026584867075664622, 0.05194274028629857, 0.024948875255623722, 0.026993865030674847
N:CTTTC, 0.05699614890885751, 0.001797175866495507, 0.0644415917843389, 0.05699614890885751, 0.029781771501925545, 0.03774069319640565, 0.05057766367137356, 0.07984595635430039, 0.08421052631578947, 0.035686777920410785, 0.03671373555840821, 0.03388960205391527, 0.04672657252888318, 0.07727856225930681, 0.05391527599486521, 0.08189987163029525, 0.03491655969191271, 0.0251604621309371, 0.06110397946084724, 0.021566110397946082, 0.028754813863928114
N:CTTTG, 0.06531531531531531, 0.0015015015015015015, 0.06656656656656657, 0.06506506506506507, 0.03403403403403404, 0.04454454454454455, 0.0482982982982983, 0.09109109109109109, 0.08583583583583583, 0.038288288288288286, 0.033533533533533534, 0.03778778778778779, 0.04504504504504504, 0.0553053053053053, 0.043293293293293296, 0.07582582582582582, 0.03953953953953954, 0.031281281281281284, 0.052552552552552555, 0.02002002002002002, 0.025275275275275275
N:CTTTT, 0.06472950626033545, 0.004252303330970942, 0.07417906921804866, 0.058114812189936214, 0.03118355776045358, 0.04701157571462321, 0.04488542404913773, 0.0916607606898181, 0.08669974013701866, 0.039688164422395464, 0.03118355776045358, 0.03732577368296716, 0.04299551145759509, 0.05835105126387904, 0.05598866052445074, 0.073706591070163, 0.03023860146468226, 0.027167493503425465, 0.05457122608079376, 0.01748169147176943, 0.028584927947082447
N:GACAA, 0.06498722161372764, 0.002555677254472435, 0.06863818912011684, 0.05549470609711574, 0.024461482292807594, 0.03723986856516977, 0.038335158817086525, 0.0945600584154801, 0.07886089813800658, 0.03431909456005842, 0.03322380430814166, 0.03249361080686382, 0.04819277108433735, 0.08762322015334065, 0.04162102957283681, 0.08579773640014604, 0.03504928806133625, 0.028477546549835708, 0.05951077035414385, 0.02665206279664111, 0.021905805038335162
N:GACAC, 0.03490909090909091, 0.002181818181818182, 0.04981818181818182, 0.06218181818181818, 0.027636363636363636, 0.04654545454545454, 0.0450909090909091, 0.08981818181818182, 0.08218181818181818, 0.029818181818181824, 0.027636363636363636, 0.028727272727272726, 0.052, 0.14981818181818182, 0.032363636363636365, 0.08509090909090909, 0.042545454545454546, 0.022545454545454546, 0.04981818181818182, 0.015636363636363636, 0.023636363636363636
N:GACAG, 0.04073974805682123, 0.0013401232913428035, 0.06593406593406594, 0.05414098097024926, 0.027874564459930314, 0.04985258643795228, 0.05226480836236933, 0.11498257839721254, 0.07129455909943715, 0.03403913160010721, 0.03671937818279282, 0.02975073706781024, 0.046100241222192445, 0.08710801393728224, 0.03484320557491289, 0.08415974269632806, 0.03779147681586706, 0.025194317877244708, 0.0627177700348432, 0.01929777539533637, 0.023854194585901902
N:GACAT, 0.0537714712471994, 0.004107542942494399, 0.06534727408513816, 0.05302464525765497, 0.02539208364451083, 0.04630321135175504, 0.04256908140403286, 0.12434652725914862, 0.08924570575056012, 0.037341299477221805, 0.035474234503360715, 0.025765496639283045, 0.04555638536221061, 0.09447348767737118, 0.049663928304705, 0.04854368932038835, 0.0268857356235997, 0.02501867064973861, 0.06684092606422704, 0.019790888722927558, 0.020537714712471993
N:GACCA, 0.051824212271973466, 0.0020729684908789387, 0.07628524046434494, 0.05721393034825871, 0.028606965174129355, 0.05638474295190713, 0.041044776119402986, 0.08623548922056384, 0.08706467661691543, 0.03565505804311774, 0.03316749585406302, 0.031923714759535655, 0.05472636815920398, 0.06011608623548922, 0.04436152570480928, 0.07338308457711443, 0.03897180762852405, 0.028192371475953566, 0.06923714759535657, 0.021144278606965175, 0.022388059701492536
N:GACCC, 0.03591518823020338, 0.0012981393336218088, 0.05452185201211597, 0.05192557334487235, 0.03375162267416703, 0.053223712678494156, 0.046300302899177845, 0.1094764171354392, 0.07226308957161402, 0.033318909562959756, 0.03028991778450887, 0.031155344006923415, 0.06101254868022501, 0.08567719601903938, 0.02250108178277802, 0.0597144093466032, 0.06274340112505408, 0.03158805711813068, 0.07356122890523582, 0.018606663781912593, 0.03115534400692341
N:GACCG, 0.05063291139240506, 0.0014064697609001407, 0.06751054852320676, 0.05063291139240506, 0.03375527426160337, 0.0379746835443038, 0.057665260196905765, 0.0590717299578059, 0.04922644163150492, 0.0450070323488045, 0.06188466947960619, 0.03938115330520394, 0.05907172995780591, 0.10126582278481013, 0.03375527426160337, 0.06047819971870605, 0.043600562587904367, 0.01969057665260197, 0.06610407876230662, 0.02250351617440225, 0.03938115330520394
N:GACCT, 0.048770816812053926, 0.0007930214115781126, 0.0626486915146709, 0.05075337034099921, 0.024583663758921487, 0.05392545598731166, 0.04837430610626487, 0.10031720856463124, 0.07652656621728787, 0.04203013481363997, 0.032910388580491674, 0.0317208564631245, 0.04877081681205393, 0.09357652656621729, 0.032910388580491674, 0.06225218080888184, 0.05154639175257732, 0.028152260111022998, 0.07137192704203013, 0.017446471054718478, 0.020618556701030924
N:GACGA, 0.038109756097560975, 0.0, 0.06402439024390244, 0.06097560975609756, 0.0350609756097561, 0.04878048780487805, 0.06859756097560976, 0.05945121951219511, 0.0625, 0.04878048780487805, 0.04420731707317073, 0.042682926829268296, 0.04573170731707317, 0.08384146341463415, 0.03353658536585366, 0.07469512195121951, 0.06859756097560976, 0.024390243902439025, 0.053353658536585365, 0.019817073170731704, 0.02286585365853659
N:GACGC, 0.0375, 0.0, 0.06111111111111111, 0.04722222222222222, 0.05277777777777778, 0.05416666666666667, 0.05416666666666667, 0.05138888888888889, 0.0625, 0.05277777777777778, 0.04027777777777778, 0.03611111111111111, 0.059722222222222225, 0.06111111111111111, 0.03611111111111111, 0.075, 0.05694444444444444, 0.03611111111111111, 0.06388888888888888, 0.02638888888888889, 0.034722222222222224
N:GACGG, 0.037552155771905425, 0.0013908205841446453, 0.07232267037552156, 0.0584144645340751, 0.02364394993045897, 0.037552155771905425, 0.06397774687065369, 0.0737134909596662, 0.06536856745479833, 0.043115438108484005, 0.03894297635605006, 0.03894297635605007, 0.06815020862308763, 0.0917941585535466, 0.048678720445062586, 0.048678720445062586, 0.055632823365785816, 0.02364394993045897, 0.0584144645340751, 0.025034770514603615, 0.025034770514603615
N:GACGT, 0.040625, 0.0, 0.0578125, 0.0484375, 0.0328125, 0.0421875, 0.1, 0.0421875, 0.0671875, 0.03906249999999999, 0.04062500000000001, 0.0390625, 0.0375, 0.078125, 0.05, 0.0796875, 0.0625, 0.0265625, 0.053125, 0.025, 0.0375
N:GACTA, 0.05851063829787234, 0.005319148936170213, 0.07712765957446809, 0.05673758865248227, 0.023936170212765957, 0.040780141843971635, 0.03634751773049645, 0.10904255319148937, 0.08244680851063829, 0.032801418439716304, 0.028368794326241134, 0.0425531914893617, 0.05319148936170213, 0.08865248226950355, 0.0274822695035461, 0.06294326241134751, 0.03546099290780142, 0.03102836879432624, 0.054078014184397165, 0.027482269503546097, 0.025709219858156027
N:GACTC, 0.0456968773800457, 0.003427265803503427, 0.060167555217060166, 0.052170601675552174, 0.027798933739527798, 0.04683929931454684, 0.04112718964204113, 0.107006854531607, 0.07882711348057883, 0.03274942878903275, 0.0297029702970297, 0.02817974105102818, 0.03808073115003808, 0.09596344249809598, 0.030464584920030464, 0.10929169840060929, 0.03884234577303884, 0.028941355674028942, 0.06321401370906321, 0.016374714394516376, 0.02513328255902513
N:GACTG, 0.04866820124958895, 0.0013153567905294311, 0.06313712594541271, 0.0506412364353831, 0.027293653403485694, 0.04472213087800066, 0.04274909569220651, 0.11903978954291351, 0.07530417625780993, 0.03617231173955936, 0.030910884577441632, 0.03419927655376521, 0.05031239723775074, 0.11476487997369286, 0.03880302532061822, 0.07596185465307465, 0.03847418612298586, 0.024991779020059193, 0.04570864847089773, 0.014468924695823742, 0.02236106543900033
N:GACTT, 0.0607890499194847, 0.004428341384863124, 0.07085346215780998, 0.0535426731078905, 0.0285829307568438, 0.05152979066022544, 0.045491143317230275, 0.09339774557165861, 0.08494363929146538, 0.03784219001610306, 0.029790660225442835, 0.04428341384863124, 0.050724637681159424, 0.07045088566827697, 0.03260869565217391, 0.07246376811594203, 0.03864734299516908, 0.025362318840579712, 0.0571658615136876, 0.020128824476650563, 0.026972624798711754
N:GATAA, 0.0762138905961893, 0.006146281499692686, 0.08850645359557467, 0.055931161647203444, 0.0313460356484327, 0.0430239704978488, 0.03995082974800246, 0.09465273509526737, 0.09342347879532882, 0.0215119852489244, 0.04794099569760295, 0.03872157344806392, 0.03564843269821758, 0.06330669944683466, 0.04548248309772587, 0.06822372464658882, 0.03196066379840197, 0.023970497848801474, 0.0430239704978488, 0.01843884449907806, 0.03257529194837124
N:GATAC, 0.060324825986078884, 0.006187161639597835, 0.07811291569992267, 0.04795050270688322, 0.030162412993039442, 0.04021655065738593, 0.03634957463263728, 0.16163959783449341, 0.08275328692962104, 0.029389017788089715, 0.030162412993039442, 0.03480278422273782, 0.033255993812838364, 0.10518174787316319, 0.044083526682134576, 0.06109822119102862, 0.027842227378190254, 0.02397525135344161, 0.03557617942768755, 0.01237432327919567, 0.018561484918793503
N:GATAG, 0.0804140127388535, 0.003980891719745223, 0.07245222929936306, 0.050955414012738856, 0.02786624203821656, 0.04378980891719745, 0.03662420382165605, 0.08996815286624203, 0.09792993630573248, 0.04060509554140127, 0.02786624203821656, 0.037420382165605094, 0.044585987261146494, 0.07245222929936306, 0.03184713375796178, 0.06847133757961783, 0.03821656050955414, 0.024681528662420384, 0.06050955414012739, 0.02468152866242038, 0.024681528662420384
N:GATAT, 0.06595477386934673, 0.00314070351758794, 0.08479899497487438, 0.062185929648241205, 0.028894472361809045, 0.03329145728643216, 0.03957286432160804, 0.1105527638190955, 0.10050251256281408, 0.031407035175879394, 0.0364321608040201, 0.026381909547738693, 0.038944723618090454, 0.0829145728643216, 0.04459798994974874, 0.06909547738693467, 0.02512562814070352, 0.0364321608040201, 0.03768844221105527, 0.020100502512562814, 0.02198492462311558
N:GATCA, 0.07361660079051384, 0.0024703557312252965, 0.06620553359683795, 0.06126482213438735, 0.038537549407114624, 0.043478260869565216, 0.045454545454545456, 0.1210474308300395, 0.09239130434782608, 0.023221343873517788, 0.030138339920948616, 0.03557312252964428, 0.04199604743083004, 0.06175889328063241, 0.040513833992094864, 0.06521739130434782, 0.031126482213438736, 0.02766798418972332, 0.051877470355731224, 0.023221343873517784, 0.023221343873517788
N:GATCC, 0.0632514375326712, 0.0015682174594877157, 0.06063774176685833, 0.04966021955044433, 0.03606900156821746, 0.043387349712493466, 0.05802404600104548, 0.11186617877679038, 0.07579717720857292, 0.03136434918975431, 0.026659696811291166, 0.04181913225300575, 0.056455828541557763, 0.08938839519079979, 0.03031887088342917, 0.054364871928907474, 0.03972817564035546, 0.023523261892315735, 0.06063774176685833, 0.021432305279665446, 0.024046001045478306
N:GATCG, 0.07777777777777778, 0.0, 0.05000000000000001, 0.04814814814814815, 0.03888888888888889, 0.06851851851851852, 0.05925925925925926, 0.09259259259259259, 0.08333333333333333, 0.03518518518518519, 0.03518518518518519, 0.03888888888888889, 0.040740740740740744, 0.05, 0.03148148148148148, 0.06111111111111111, 0.04814814814814815, 0.027777777777777776, 0.05185185185185185, 0.03518518518518519, 0.025925925925925925
N:GATCT, 0.07335069444444445, 0.0008680555555555555, 0.06727430555555555, 0.05251736111111111, 0.030815972222222224, 0.04817708333333334, 0.0625, 0.10503472222222222, 0.08680555555555555, 0.027777777777777776, 0.03298611111111111, 0.03428819444444445, 0.045572916666666664, 0.07074652777777778, 0.040364583333333336, 0.06380208333333333, 0.035590277777777776, 0.02734375, 0.05425347222222222, 0.017361111111111112, 0.02256944444444444
N:GATGA, 0.0699614890885751, 0.004492939666238768, 0.08119383825417202, 0.07156611039794608, 0.02342747111681643, 0.03883183568677792, 0.04910141206675225, 0.09017971758664955, 0.10269576379974327, 0.028562259306803596, 0.03979460847240051, 0.03369704749679076, 0.043645699614890884, 0.07220795892169447, 0.04043645699614891, 0.05808729139922978, 0.037869062901155326, 0.025994865211810013, 0.048459563543003854, 0.014762516046213094, 0.02503209242618742
N:GATGC, 0.052675937631689845, 0.0050568900126422255, 0.06784660766961652, 0.05520438263801096, 0.024863042562157607, 0.045512010113780026, 0.049726085124315214, 0.11083017277707544, 0.08849557522123894, 0.036662452591656125, 0.035398230088495575, 0.03497682258744206, 0.04677623261694058, 0.05857564264643911, 0.03876949009692372, 0.07290349768225875, 0.0471976401179941, 0.031184155077960386, 0.05562579013906448, 0.024020227560050567, 0.017699115044247787
N:GATGG, 0.055235204855842185, 0.0015174506828528073, 0.06646433990895297, 0.04582701062215478, 0.025189681335356602, 0.05371775417298938, 0.0464339908952959, 0.11289833080424887, 0.07556904400606981, 0.03732928679817906, 0.03611532625189681, 0.028528072837632777, 0.04825493171471927, 0.09256449165402124, 0.03672230652503793, 0.05978755690440061, 0.0385432473444613, 0.03277693474962064, 0.06737481031866464, 0.020940819423368742, 0.018209408194233688
N:GATGT, 0.06609195402298851, 0.003232758620689655, 0.07147988505747127, 0.05387931034482758, 0.028376436781609195, 0.03915229885057471, 0.04454022988505748, 0.10129310344827586, 0.07722701149425287, 0.03699712643678161, 0.03627873563218391, 0.028735632183908046, 0.04633620689655173, 0.11242816091954023, 0.04022988505747127, 0.061422413793103446, 0.0334051724137931, 0.027658045977011495, 0.051364942528735635, 0.01939655172413793, 0.020474137931034482
N:GATTA, 0.07666098807495741, 0.004258943781942078, 0.06899488926746167, 0.062180579216354344, 0.026405451448040882, 0.04088586030664395, 0.03577512776831346, 0.1260647359454855, 0.10136286201022146, 0.04003407155025554, 0.039182282793867124, 0.036626916524701875, 0.04003407155025554, 0.06473594548551959, 0.04003407155025554, 0.06047700170357751, 0.02640545144804089, 0.022998296422487224, 0.048551959114139696, 0.01192504258943782, 0.026405451448040886
N:GATTC, 0.058936272160996644, 0.005270723526593196, 0.06181121226641112, 0.05701964542405367, 0.029228557738380453, 0.04695735505510302, 0.039770004791566844, 0.10685194058457115, 0.08385241974125539, 0.03258265452803066, 0.037374221370388115, 0.04408241494968855, 0.044561571633924296, 0.0785816962146622, 0.035936751317680884, 0.09151892668902731, 0.02539530426449449, 0.024916147580258743, 0.05270723526593196, 0.01964542405366555, 0.022999520843315763
N:GATTG, 0.06305770374776919, 0.001189767995240928, 0.05770374776918501, 0.0594883997620464, 0.023200475907198096, 0.04640095181439619, 0.044021415823914334, 0.11600237953599048, 0.08447352766210589, 0.03390838786436645, 0.03271861986912552, 0.0380725758477097, 0.042236763831052945, 0.09934562760261749, 0.0362879238548483, 0.06960142772159429, 0.03271861986912552, 0.024390243902439025, 0.04878048780487805, 0.019631171921475312, 0.02676977989292088
N:GATTT, 0.06340508806262231, 0.004305283757338552, 0.07084148727984345, 0.0649706457925636, 0.0238747553816047, 0.041487279843444226, 0.04187866927592955, 0.1334637964774951, 0.08767123287671233, 0.02700587084148728, 0.03561643835616438, 0.04853228962818004, 0.03953033268101761, 0.0684931506849315, 0.04266144814090019, 0.0563600782778865, 0.03091976516634051, 0.025048923679060666, 0.04422700587084149, 0.018395303326810174, 0.03131115459882583
N:GCCAA, 0.061532192339038304, 0.00040749796251018743, 0.07742461287693561, 0.06234718826405868, 0.029747351263243682, 0.05338223308883456, 0.04971475142624287, 0.0745721271393643, 0.10472697636511817, 0.042379788101059496, 0.03137734311328443, 0.04523227383863081, 0.05134474327628362, 0.05867970660146699, 0.03667481662591687, 0.06030969845150774, 0.03830480847595762, 0.03667481662591687, 0.04156479217603912, 0.022819885900570498, 0.02078239608801956
N:GCCAC, 0.04648925937800577, 0.0022443090734209684, 0.06219942289195255, 0.05354280218018596, 0.023404937479961526, 0.05001603077909587, 0.047451106123757615, 0.0936197499198461, 0.08560436037191407, 0.03270278935556268, 0.03526771401090093, 0.039435716575825584, 0.051298493106764986, 0.08111574222507215, 0.033664636101314524, 0.07245912151330555, 0.05931388265469702, 0.029496633536389868, 0.05418403334402052, 0.0221224751522924, 0.02436678422571337
N:GCCAG, 0.04964539007092199, 0.001222792858889704, 0.06480802152115432, 0.0545365615064808, 0.02372218146246026, 0.05306921007581317, 0.05233553436047934, 0.10467106872095867, 0.07654683296649548, 0.03619466862313524, 0.03815113719735877, 0.03570555147957936, 0.05013450721447787, 0.0851063829787234, 0.03032526290046466, 0.055514795793592565, 0.05037906578625581, 0.031303497187576426, 0.06016140865737344, 0.022010271460014674, 0.024455857177794083
N:GCCAT, 0.063003663003663, 0.0018315018315018315, 0.06813186813186813, 0.05934065934065934, 0.025274725274725275, 0.044322344322344324, 0.054212454212454214, 0.0695970695970696, 0.08937728937728937, 0.03882783882783883, 0.039926739926739924, 0.02967032967032967, 0.04908424908424908, 0.0761904761904762, 0.03956043956043956, 0.0652014652014652, 0.04395604395604396, 0.03663003663003663, 0.061172161172161184, 0.020512820512820513, 0.024175824175824177
N:GCCCA, 0.048034934497816595, 0.0003359086328518643, 0.0762512596573732, 0.05475310715485388, 0.027544507893852873, 0.04669129996640914, 0.05273765535774269, 0.06718172657037286, 0.07490762512596574, 0.05206583809203896, 0.03325495465233456, 0.03795767551226067, 0.060799462546187434, 0.07188444743029897, 0.03191132012092711, 0.05374538125629829, 0.06415854887470608, 0.033254954652334565, 0.06751763520322472, 0.020826335236815582, 0.02418542156533423
N:GCCCC, 0.04045022863172705, 0.0, 0.06683081252198382, 0.06014773126978544, 0.0327119240239184, 0.050298979950756245, 0.042912416461484346, 0.0710517059444249, 0.0759760816039395, 0.037988040801969755, 0.03693281744635948, 0.043264157580021105, 0.054519873373197324, 0.08899050298979952, 0.030249736194161096, 0.063665142455153, 0.05874076679563841, 0.027787548364403798, 0.06507210692930004, 0.019345761519521634, 0.03306366514245515
N:GCCCG, 0.030303030303030304, 0.0, 0.05323505323505324, 0.06306306306306306, 0.03521703521703522, 0.04586404586404586, 0.0647010647010647, 0.04914004914004914, 0.05896805896805897, 0.04586404586404586, 0.03931203931203931, 0.04832104832104832, 0.05405405405405406, 0.0728910728910729, 0.0343980343980344, 0.05733005733005733, 0.06633906633906633, 0.03767403767403767, 0.07043407043407043, 0.030303030303030304, 0.04258804258804258
N:GCCCT, 0.04330578512396694, 0.00033057851239669424, 0.06214876033057851, 0.04859504132231405, 0.031074380165289257, 0.051570247933884296, 0.056859504132231405, 0.08363636363636363, 0.08231404958677686, 0.04363636363636364, 0.03702479338842975, 0.044297520661157025, 0.05289256198347107, 0.0859504132231405, 0.03272727272727273, 0.05652892561983471, 0.05289256198347107, 0.025454545454545455, 0.06677685950413223, 0.019504132231404958, 0.022479338842975205
N:GCCGA, 0.03771289537712895, 0.0024330900243309003, 0.0535279805352798, 0.046228710462287104, 0.0413625304136253, 0.05474452554744526, 0.07664233576642336, 0.0851581508515815, 0.06326034063260341, 0.051094890510948905, 0.038929440389294405, 0.025547445255474453, 0.04866180048661801, 0.07177615571776155, 0.024330900243309004, 0.072992700729927, 0.052311435523114354, 0.049878345498783457, 0.051094890510948905, 0.0170316301703163, 0.03527980535279805
N:GCCGC, 0.03805496828752643, 0.0, 0.03312191684284708, 0.06765327695560254, 0.035236081747709654, 0.04298801973220578, 0.06272022551092318, 0.0613107822410148, 0.05637773079633545, 0.046511627906976744, 0.04439746300211417, 0.04510218463706836, 0.0613107822410148, 0.06765327695560254, 0.041578576462297394, 0.06483439041578576, 0.043692741367159976, 0.05144467935165609, 0.07258632840028188, 0.031007751937984496, 0.03241719520789288
N:GCCGG, 0.0317092034029389, 0.0, 0.06419180201082754, 0.08507347254447023, 0.050270688321732405, 0.05491105955143078, 0.06264501160092807, 0.06496519721577725, 0.060324825986078884, 0.050270688321732405, 0.03557617942768755, 0.030935808197989172, 0.05723124516627997, 0.07888631090487239, 0.03402938901778809, 0.04949729311678268, 0.0448569218870843, 0.029389017788089715, 0.048723897911832945, 0.02474864655839134, 0.04176334106728538
N:GCCGT, 0.03807106598984772, 0.0012690355329949238, 0.04949238578680203, 0.0532994923857868, 0.031725888324873094, 0.03426395939086294, 0.07233502538071065, 0.05456852791878174, 0.0532994923857868, 0.048223350253807105, 0.05456852791878172, 0.05710659898477157, 0.05710659898477157, 0.08629441624365482, 0.0368020304568528, 0.05203045685279188, 0.06598984771573604, 0.03807106598984772, 0.05964467005076142, 0.02918781725888325, 0.0266497461928934
N:GCCTA, 0.05855855855855856, 0.003003003003003003, 0.06981981981981981, 0.06681681681681682, 0.03153153153153153, 0.03903903903903905, 0.052552552552552555, 0.0915915915915916, 0.07357357357357357, 0.03903903903903904, 0.038288288288288286, 0.03528528528528529, 0.046546546546546545, 0.10285285285285285, 0.03078078078078078, 0.04804804804804805, 0.03978978978978979, 0.03303303303303303, 0.0518018018018018, 0.019519519519519517, 0.028528528528528527
N:GCCTC, 0.04310833806012479, 0.0011344299489506524, 0.06125921724333523, 0.05870674985819626, 0.02807714123652864, 0.05785592739648326, 0.057005104934770276, 0.09585933068633012, 0.06891661939875213, 0.04254112308564946, 0.030062393647192286, 0.032898468519568916, 0.05019852524106636, 0.08167895632444697, 0.027226318774815655, 0.07231990924560408, 0.052750992626205334, 0.033465683494044246, 0.06012478729438457, 0.019285309132161088, 0.025524673851389675
N:GCCTG, 0.04700959881860694, 0.0007383706620723603, 0.05833128230371647, 0.04676347526458282, 0.027319714496677333, 0.057100664533595864, 0.0489785872507999, 0.09771105094757568, 0.06669948314053654, 0.04085650996800394, 0.028550332266797932, 0.031011567807039134, 0.04700959881860694, 0.10706374600049226, 0.027565838050701456, 0.07408318976126015, 0.054885552547378785, 0.030273197144966773, 0.0625153827221265, 0.01993600787595373, 0.02559684961850849
N:GCCTT, 0.04804327076041998, 0.0019090041361756285, 0.06617881005408846, 0.053452115812917596, 0.02736239261851734, 0.04708876869233217, 0.05536111994909322, 0.0801781737193764, 0.0801781737193764, 0.03372573973910277, 0.03436207445116131, 0.03149856824689787, 0.04867960547247852, 0.10817690104995227, 0.03881641743557111, 0.06904231625835189, 0.043907095132039456, 0.032134902958956414, 0.05313394845688833, 0.019090041361756283, 0.02768055997454661
N:GCTAA, 0.06904761904761905, 0.003968253968253968, 0.05952380952380952, 0.05555555555555555, 0.03650793650793651, 0.04761904761904762, 0.050793650793650794, 0.11587301587301588, 0.07301587301587302, 0.051587301587301584, 0.03650793650793652, 0.03888888888888889, 0.04206349206349207, 0.05, 0.0380952380952381, 0.05873015873015873, 0.034126984126984124, 0.03333333333333333, 0.049206349206349205, 0.025396825396825397, 0.03015873015873016
N:GCTAC, 0.05058365758754864, 0.0025940337224383916, 0.06874189364461739, 0.05966277561608301, 0.0311284046692607, 0.05188067444876784, 0.048638132295719845, 0.06939040207522698, 0.0622568093385214, 0.02594033722438392, 0.02594033722438392, 0.03696498054474708, 0.03696498054474708, 0.1504539559014267, 0.03501945525291828, 0.06874189364461739, 0.048638132295719845, 0.028534370946822308, 0.04798962386511025, 0.02464332036316472, 0.02529182879377432
N:GCTAG, 0.06782334384858044, 0.0015772870662460567, 0.07728706624605679, 0.07413249211356467, 0.033123028391167195, 0.0583596214511041, 0.056782334384858045, 0.07965299684542587, 0.07886435331230283, 0.03233438485804417, 0.025236593059936908, 0.03627760252365931, 0.032334384858044164, 0.0804416403785489, 0.03548895899053628, 0.0473186119873817, 0.04258675078864353, 0.02996845425867508, 0.056782334384858045, 0.026813880126182965, 0.026813880126182965
N:GCTAT, 0.07153284671532846, 0.0036496350364963502, 0.07664233576642336, 0.050364963503649635, 0.024817518248175182, 0.04452554744525548, 0.041605839416058395, 0.09854014598540146, 0.0905109489051095, 0.032116788321167884, 0.027007299270072994, 0.03868613138686131, 0.040875912408759124, 0.06642335766423357, 0.04817518248175182, 0.07372262773722628, 0.03941605839416058, 0.03795620437956204, 0.050364963503649635, 0.021897810218978103, 0.021167883211678833
N:GCTCA, 0.05054602184087364, 0.0024960998439937598, 0.05429017160686427, 0.053354134165366614, 0.0343213728549142, 0.0514820592823713, 0.05273010920436817, 0.08517940717628705, 0.07145085803432137, 0.04804992199687987, 0.033073322932917315, 0.028705148205928236, 0.04336973478939157, 0.11856474258970359, 0.034009360374414974, 0.06614664586583463, 0.040873634945397815, 0.031201248049921998, 0.060842433697347896, 0.018096723868954757, 0.021216848673946957
N:GCTCC, 0.04475920679886686, 0.00141643059490085, 0.06487252124645891, 0.050141643059490086, 0.03286118980169972, 0.05212464589235127, 0.049575070821529746, 0.07592067988668555, 0.07762039660056658, 0.04220963172804532, 0.027195467422096317, 0.03541076487252125, 0.045042492917847024, 0.0679886685552408, 0.03286118980169972, 0.08753541076487252, 0.05240793201133145, 0.03456090651558073, 0.08073654390934844, 0.023796033994334272, 0.020963172804532578
N:GCTCG, 0.05125408942202835, 0.0, 0.04580152671755725, 0.05561613958560523, 0.03816793893129771, 0.03925845147219193, 0.064340239912759, 0.08396946564885496, 0.07197382769901854, 0.04907306434023991, 0.04252998909487459, 0.05452562704471101, 0.05888767720828789, 0.06870229007633588, 0.03380588876772083, 0.06434023991275899, 0.03925845147219193, 0.027262813522355506, 0.062159214830970554, 0.021810250817884406, 0.027262813522355506
N:GCTCT, 0.051766639276910435, 0.0005477951246233908, 0.06217474664475487, 0.062174746644754864, 0.03396329772665023, 0.04984935634072857, 0.05039715146535196, 0.08079978088195015, 0.07367844426184607, 0.03314160503971515, 0.031224322103533278, 0.031224322103533278, 0.046288688030676525, 0.07313064913722268, 0.041632429471377706, 0.09093399068748288, 0.045740892906053134, 0.02930703916735141, 0.06463982470556012, 0.021911804984935633, 0.025472473294987676
N:GCTGA, 0.05006587615283267, 0.0023715415019762848, 0.06297760210803689, 0.05059288537549407, 0.028458498023715414, 0.04110671936758893, 0.056916996047430835, 0.13201581027667983, 0.07351778656126483, 0.03689064558629776, 0.028194993412384718, 0.031093544137022398, 0.04110671936758893, 0.08880105401844532, 0.030303030303030307, 0.07878787878787878, 0.03689064558629776, 0.02793148880105402, 0.057444005270092226, 0.019235836627140974, 0.025296442687747035
N:GCTGC, 0.05027932960893855, 0.001289213579716373, 0.05844434894714224, 0.05156854318865492, 0.02771809196390202, 0.049634722819080365, 0.051568543188654926, 0.08165019338203695, 0.06983240223463687, 0.043618392780403956, 0.03266007735281478, 0.039965620971207566, 0.046841426729694886, 0.08895573700042975, 0.0335195530726257, 0.08852599914052428, 0.05715513536742587, 0.03588311130210572, 0.04834550923936399, 0.019767941555651054, 0.02277610657498926
N:GCTGG, 0.04642329605401983, 0.0006330449461911796, 0.06457058451150031, 0.05465288035450517, 0.030597172399240345, 0.048744460856720837, 0.05043258071323064, 0.09516775691074066, 0.06900189913483858, 0.03903777168178941, 0.03312935218400506, 0.04009284659210804, 0.053175775480059084, 0.09537877189280439, 0.028909052542730535, 0.06900189913483858, 0.05718506013926989, 0.028276007596539355, 0.054863895336568894, 0.01941337834986284, 0.02131251318843638
N:GCTGT, 0.04649987364164771, 0.0017690169320192064, 0.060399292393227194, 0.04700530705079606, 0.02880970432145565, 0.04270912307303513, 0.04826889057366692, 0.08516552944149608, 0.07050796057619409, 0.037149355572403335, 0.03209502148091989, 0.038918372504422545, 0.04649987364164771, 0.08895628001010866, 0.03866565579984837, 0.09350518069244378, 0.047763457164518575, 0.03588577204953247, 0.06545362648471063, 0.017942886024766236, 0.026029820571139752
N:GCTTA, 0.06500377928949358, 0.005291005291005291, 0.07785336356764928, 0.05744520030234316, 0.025699168556311415, 0.04308390022675737, 0.04232804232804233, 0.08087679516250945, 0.09523809523809523, 0.04157218442932729, 0.03779289493575208, 0.0400604686318972, 0.049886621315192746, 0.06349206349206349, 0.0491307634164777, 0.06500377928949358, 0.034013605442176874, 0.030234315948601664, 0.045351473922902494, 0.02040816326530612, 0.030234315948601664
N:GCTTC, 0.049158066268332426, 0.0021727322107550242, 0.058935361216730035, 0.049972840847365564, 0.029060293318848452, 0.045084193373166756, 0.04481260184682238, 0.10863661053775123, 0.07387289516567083, 0.038565996740901685, 0.035578489951113526, 0.030418250950570342, 0.046713742531233025, 0.10537751222161869, 0.038294405214557306, 0.07876154263986963, 0.046713742531233025, 0.026615969581749048, 0.057577403585008145, 0.016023900054318304, 0.017653449212384573
N:GCTTG, 0.057304277643260695, 0.0016142050040355124, 0.060936238902340595, 0.06577885391444714, 0.02784503631961259, 0.0423728813559322, 0.05851493139628733, 0.07304277643260694, 0.07707828894269572, 0.03672316384180791, 0.029055690072639227, 0.047619047619047616, 0.05205811138014528, 0.07707828894269572, 0.041969330104923326, 0.06860371267150928, 0.04923325262308313, 0.03188054882970137, 0.05488297013720742, 0.01896690879741727, 0.02744148506860371
N:GCTTT, 0.0661764705882353, 0.00159846547314578, 0.06425831202046035, 0.0610613810741688, 0.03740409207161125, 0.04315856777493606, 0.049232736572890026, 0.07576726342710996, 0.08535805626598465, 0.03324808184143223, 0.03644501278772379, 0.03836317135549872, 0.05370843989769821, 0.052429667519181586, 0.04891304347826087, 0.079923273657289, 0.03644501278772379, 0.03132992327365729, 0.05946291560102302, 0.020460358056265986, 0.025255754475703326
N:GGCAA, 0.05302366345311131, 0.0008764241893076249, 0.06923751095530237, 0.04732690622261174, 0.028045574057843997, 0.04425942156003506, 0.056091148115687994, 0.08588957055214726, 0.07537248028045573, 0.04513584574934268, 0.034618755477651184, 0.04425942156003505, 0.05740578439964943, 0.07975460122699386, 0.04820333041191936, 0.05565293602103418, 0.04294478527607362, 0.03374233128834356, 0.05127081507449606, 0.02059596844872918, 0.02629272567922875
N:GGCAC, 0.04947145877378435, 0.00042283298097251583, 0.06215644820295983, 0.04820295983086681, 0.019873150105708247, 0.04439746300211417, 0.05454545454545454, 0.09767441860465116, 0.06892177589852008, 0.04186046511627907, 0.03551797040169133, 0.038477801268498944, 0.04439746300211417, 0.07188160676532769, 0.03890063424947146, 0.07780126849894292, 0.06046511627906977, 0.032135306553911204, 0.06257928118393234, 0.023678646934460888, 0.0266384778012685
N:GGCAG, 0.04580152671755725, 0.00047709923664122136, 0.06655534351145038, 0.05057251908396947, 0.026479007633587785, 0.05367366412213741, 0.05415076335877862, 0.11617366412213741, 0.07132633587786259, 0.043654580152671756, 0.03125, 0.03649809160305344, 0.05510496183206107, 0.061068702290076333, 0.032681297709923667, 0.055820610687022904, 0.05629770992366412, 0.03554389312977099, 0.05415076335877863, 0.025763358778625955, 0.02695610687022901
N:GGCAT, 0.06216610004856726, 0.0048567265662943174, 0.08207867897037396, 0.0611947547353084, 0.025740650801359885, 0.043224866440019424, 0.05293831957260806, 0.07430791646430306, 0.08984944147644487, 0.034968431277319086, 0.03302574065080136, 0.03933948518698397, 0.04225352112676056, 0.07527926177756192, 0.03593977659057795, 0.05633802816901408, 0.04419621175327829, 0.03351141330743079, 0.06410879067508499, 0.021855269548324428, 0.022826614861583293
N:GGCCA, 0.05500425290615254, 0.0011341083073433513, 0.06379359228806351, 0.06549475474907854, 0.030337397221434647, 0.05443719875248086, 0.05585483413666006, 0.07059824213212361, 0.09583215197051319, 0.03770910121916643, 0.035724411681315564, 0.037992628296002265, 0.05075134675361497, 0.07825347320669124, 0.03317266798979303, 0.060674794442869294, 0.047916075985256594, 0.0337397221434647, 0.05103487383045081, 0.018712787071165297, 0.021831584916359514
N:GGCCC, 0.04208019055180627, 0.0, 0.07661770543866614, 0.054386661373560935, 0.030964668519253672, 0.04962286621675267, 0.05478364430329496, 0.07264787614132592, 0.08058753473600636, 0.043668122270742356, 0.03652242953552998, 0.04644700277888051, 0.05597459309249702, 0.07145692735212386, 0.02818578801111552, 0.05518062723302898, 0.06510520047637952, 0.02818578801111552, 0.06431123461691148, 0.013497419610956728, 0.029773719730051607
N:GGCCG, 0.035391566265060244, 0.0, 0.053463855421686746, 0.07003012048192771, 0.04743975903614458, 0.04969879518072289, 0.07078313253012049, 0.06701807228915663, 0.06400602409638555, 0.04141566265060241, 0.04969879518072289, 0.03765060240963856, 0.06099397590361446, 0.07228915662650602, 0.030120481927710843, 0.058734939759036146, 0.050451807228915665, 0.035391566265060244, 0.05271084337349398, 0.02635542168674699, 0.02635542168674699
N:GGCCT, 0.046795827123695975, 0.0017883755588673621, 0.05901639344262295, 0.052757078986587186, 0.026825633383010434, 0.06408345752608048, 0.053353204172876305, 0.08226527570789866, 0.06289120715350223, 0.033681073025335316, 0.028614008941877794, 0.031594634873323396, 0.04947839046199702, 0.11713859910581222, 0.02473919523099851, 0.060804769001490316, 0.06348733233979136, 0.03695976154992549, 0.06229508196721312, 0.012518628912071533, 0.028912071535022354
N:GGCGA, 0.028768699654775604, 0.0, 0.06904487917146145, 0.04372842347525892, 0.03682393555811277, 0.04833141542002301, 0.06329113924050633, 0.07479861910241657, 0.05178365937859609, 0.04372842347525892, 0.04833141542002301, 0.04487917146144994, 0.05753739930955121, 0.09551208285385501, 0.03452243958573072, 0.05063291139240506, 0.05178365937859609, 0.0333716915995397, 0.05523590333716916, 0.0333716915995397, 0.03452243958573073
N:GGCGC, 0.04072398190045249, 0.0007541478129713424, 0.05731523378582202, 0.06636500754147813, 0.03469079939668175, 0.03996983408748114, 0.058069381598793365, 0.05429864253393665, 0.05656108597285068, 0.049773755656108594, 0.05505279034690799, 0.0392156862745098, 0.06334841628959276, 0.0904977375565611, 0.02790346907993967, 0.042232277526395176, 0.06259426847662142, 0.03092006033182504, 0.05203619909502263, 0.033182503770739065, 0.044494720965309195
N:GGCGG, 0.039711191335740074, 0.0, 0.035499398315282794, 0.07701564380264742, 0.03850782190132371, 0.048134777376654635, 0.06257521058965103, 0.04933814681107099, 0.07701564380264742, 0.052948255114320095, 0.05415162454873646, 0.043922984356197355, 0.06197352587244284, 0.06738868832731648, 0.027677496991576414, 0.056558363417569195, 0.036702767749699154, 0.035499398315282794, 0.07280385078219014, 0.02286401925391095, 0.039711191335740074
N:GGCGT, 0.025604551920341393, 0.001422475106685633, 0.07539118065433854, 0.05689900426742532, 0.04551920341394026, 0.05405405405405406, 0.06543385490753911, 0.05405405405405406, 0.06970128022759602, 0.031294452347083924, 0.02844950213371266, 0.049786628733997154, 0.07396870554765292, 0.06401137980085349, 0.038406827880512084, 0.06116642958748222, 0.04551920341394026, 0.02844950213371266, 0.06401137980085349, 0.031294452347083924, 0.03556187766714083
N:GGCTA, 0.05878378378378379, 0.002702702702702703, 0.06554054054054054, 0.06486486486486487, 0.0222972972972973, 0.05, 0.06013513513513514, 0.06621621621621622, 0.08851351351351351, 0.03918918918918919, 0.031081081081081086, 0.030405405405405407, 0.03581081081081081, 0.11216216216216217, 0.03918918918918919, 0.043243243243243246, 0.047972972972972976, 0.030405405405405407, 0.06351351351351352, 0.02027027027027027, 0.027702702702702704
N:GGCTC, 0.04593094944512947, 0.0012330456226880395, 0.061344019728729965, 0.05795314426633785, 0.036374845869297165, 0.05240443896424168, 0.04932182490752158, 0.08076448828606658, 0.07891491985203453, 0.04346485819975339, 0.028360049321824912, 0.028668310727496916, 0.04716399506781751, 0.09124537607891492, 0.029284833538840937, 0.06504315659679408, 0.04500616522811344, 0.031442663378545004, 0.07829839704069051, 0.021886559802712702, 0.025893958076448828
N:GGCTG, 0.04435651811745106, 0.00041649312786339027, 0.060391503540191585, 0.052478134110787174, 0.022698875468554768, 0.04914618908788004, 0.049354435651811746, 0.09204498125780924, 0.07163681799250313, 0.04623073719283632, 0.031028738025822573, 0.03540191586838817, 0.04935443565181175, 0.09308621407746773, 0.029987505206164097, 0.08704706372344856, 0.0510204081632653, 0.03456892961266139, 0.054977092877967516, 0.020616409829237816, 0.024156601416076635
N:GGCTT, 0.04905782975958414, 0.0009746588693957114, 0.06302794022092267, 0.05490578297595841, 0.028265107212475632, 0.04873294346978557, 0.04191033138401559, 0.08544509421702404, 0.08382066276803118, 0.03313840155945419, 0.03866146848602989, 0.03378817413905133, 0.05328135152696556, 0.10103963612735542, 0.03671215074723847, 0.0737491877842755, 0.04808317089018843, 0.02794022092267706, 0.057179987004548405, 0.021442495126705652, 0.018843404808317088
N:GGTAA, 0.057483731019522775, 0.0027114967462039045, 0.07863340563991324, 0.04013015184381779, 0.023318872017353578, 0.04609544468546638, 0.0509761388286334, 0.12418655097613882, 0.07809110629067245, 0.033622559652928416, 0.03633405639913232, 0.03633405639913232, 0.03850325379609545, 0.09490238611713665, 0.042841648590021694, 0.07646420824295011, 0.027657266811279828, 0.03036876355748373, 0.04718004338394794, 0.011388286334056398, 0.0227765726681128
N:GGTAC, 0.06060606060606061, 0.001893939393939394, 0.06944444444444445, 0.03345959595959596, 0.020833333333333332, 0.036616161616161616, 0.04482323232323232, 0.1590909090909091, 0.08207070707070707, 0.03787878787878788, 0.021464646464646464, 0.030303030303030304, 0.025252525252525252, 0.08964646464646464, 0.043560606060606064, 0.08333333333333333, 0.0422979797979798, 0.028409090909090908, 0.054924242424242424, 0.020202020202020204, 0.013888888888888888
N:GGTAG, 0.05385996409335727, 0.0023937761819269898, 0.07959305804907241, 0.05864751645721125, 0.029922202274087373, 0.04428485936564931, 0.06104129263913824, 0.07360861759425494, 0.06702573309395571, 0.023937761819269897, 0.031119090365050874, 0.031119090365050867, 0.05206463195691203, 0.08258527827648116, 0.03770197486535009, 0.05685218432076601, 0.06403351286654697, 0.02872531418312388, 0.06882106523040096, 0.02752842609216038, 0.025134649910233394
N:GGTAT, 0.05866114561766736, 0.003450655624568668, 0.07522429261559696, 0.05728088336783989, 0.03243616287094548, 0.04623878536922015, 0.04278812974465149, 0.12215320910973085, 0.08419599723947549, 0.023464458247066944, 0.029675638371290544, 0.03864734299516908, 0.04209799861973775, 0.08074534161490682, 0.04623878536922015, 0.062111801242236024, 0.031055900621118012, 0.029675638371290544, 0.05728088336783989, 0.011042097998619738, 0.025534851621808144
N:GGTCA, 0.0467328370554177, 0.0008271298593879239, 0.0641025641025641, 0.053763440860215055, 0.029363110008271298, 0.04921422663358147, 0.04259718775847808, 0.10669975186104218, 0.08395368072787428, 0.034739454094292806, 0.03928866832092639, 0.030190239867659223, 0.05004135649296939, 0.06865177832919768, 0.033085194375516956, 0.06782464846980976, 0.04962779156327544, 0.028535980148883373, 0.08105872622001653, 0.018610421836228287, 0.02109181141439206
N:GGTCC, 0.03608247422680412, 0.000859106529209622, 0.06872852233676977, 0.04896907216494845, 0.028780068728522335, 0.054982817869415807, 0.045103092783505154, 0.08548109965635739, 0.07345360824742268, 0.04596219931271478, 0.029209621993127148, 0.040378006872852236, 0.0506872852233677, 0.09621993127147767, 0.03436426116838488, 0.06486254295532647, 0.05756013745704467, 0.029209621993127148, 0.06443298969072164, 0.019759450171821305, 0.02491408934707904
N:GGTCG, 0.043859649122807015, 0.0, 0.05263157894736842, 0.04532163742690058, 0.039473684210526314, 0.06578947368421052, 0.05555555555555555, 0.039473684210526314, 0.06140350877192982, 0.03508771929824561, 0.043859649122807015, 0.039473684210526314, 0.07602339181286549, 0.0847953216374269, 0.03070175438596491, 0.05263157894736842, 0.06432748538011696, 0.03070175438596491, 0.07748538011695906, 0.02046783625730994, 0.04093567251461988
N:GGTCT, 0.055621771950735005, 0.0027810885975367503, 0.06515693285657528, 0.058005562177195075, 0.027016289233214145, 0.05125148986889154, 0.04648390941597139, 0.10846245530393325, 0.07508939213349225, 0.03456495828367103, 0.03218116805721097, 0.02463249900675407, 0.05880015891934843, 0.08104886769964244, 0.033373063170441, 0.06555423122765197, 0.04131903059197457, 0.027016289233214145, 0.06515693285657528, 0.01907032181168057, 0.027413587604290822
N:GGTGA, 0.04219279334770557, 0.001539882968894364, 0.053895903911302744, 0.05235602094240838, 0.02525408068986757, 0.04219279334770557, 0.0486603018170619, 0.10348013550970124, 0.07914998460117031, 0.039113027409916845, 0.0317215891592239, 0.02433015090853095, 0.046812442254388666, 0.11918694179242377, 0.041268863566368955, 0.07914998460117031, 0.034185401909454884, 0.02525408068986757, 0.07422235910070835, 0.014782876501385895, 0.021250384970742223
N:GGTGC, 0.04732957012592271, 0.0013026487190620929, 0.059921841076856275, 0.04819800260529744, 0.026487190620929225, 0.05036908380373426, 0.058184976118106815, 0.0911854103343465, 0.07946157186278767, 0.03560573165436388, 0.0377768128528007, 0.033000434216239695, 0.04342162396873643, 0.07642205818497612, 0.03256621797655232, 0.08771168041684758, 0.04515848892748589, 0.03213200173686496, 0.061658706035605734, 0.02301346070343031, 0.029092488059053408
N:GGTGG, 0.04462016379553799, 0.001412030499858797, 0.06693024569330698, 0.054504377294549565, 0.029087828297091216, 0.05252753459474724, 0.05111550409488845, 0.07201355549279864, 0.08387461169161253, 0.03981926009601807, 0.036147980796385204, 0.04207850889579215, 0.05958768709404123, 0.06862468229313753, 0.03304151369669585, 0.06354137249364586, 0.059022874894097715, 0.029652640497034737, 0.06382377859361762, 0.020333239197966677, 0.02824060999717594
N:GGTGT, 0.04987633965375104, 0.001236603462489695, 0.058120362737015666, 0.06760098928276999, 0.026380873866446827, 0.05276174773289365, 0.043281121187139324, 0.07460840890354493, 0.08367683429513603, 0.033800494641385, 0.04328112118713932, 0.03297609233305853, 0.055234954657873044, 0.11129431162407255, 0.03297609233305853, 0.06265457543281121, 0.04740313272877164, 0.02926628194558945, 0.05276174773289365, 0.018549051937345424, 0.02225886232481451
N:GGTTA, 0.0606312292358804, 0.0016611295681063123, 0.06893687707641195, 0.058970099667774084, 0.03737541528239203, 0.043189368770764125, 0.041528239202657816, 0.08222591362126246, 0.07225913621262459, 0.04568106312292359, 0.029900332225913623, 0.040697674418604654, 0.03820598006644518, 0.09966777408637875, 0.04485049833887043, 0.07225913621262459, 0.03488372093023256, 0.029900332225913623, 0.053156146179401995, 0.016611295681063124, 0.027408637873754152
N:GGTTC, 0.04983229516051749, 0.0009583133684714902, 0.06851940584571155, 0.05079060852898898, 0.026832774317201723, 0.05174892189746047, 0.04935313847628174, 0.09918543363679923, 0.09056061332055582, 0.04408241494968855, 0.03162434115955918, 0.035936751317680884, 0.05174892189746047, 0.06708193579300431, 0.03210349784379492, 0.07906085289889794, 0.037374221370388115, 0.02827024436990896, 0.05989458552946813, 0.01820795400095831, 0.026832774317201723
N:GGTTG, 0.056019656019656014, 0.0014742014742014742, 0.06437346437346438, 0.062407862407862405, 0.026044226044226043, 0.04176904176904177, 0.044226044226044224, 0.09828009828009827, 0.08402948402948403, 0.03734643734643735, 0.033906633906633905, 0.043243243243243246, 0.046191646191646195, 0.08501228501228501, 0.03882063882063882, 0.0628992628992629, 0.04520884520884521, 0.03292383292383293, 0.05847665847665848, 0.020147420147420148, 0.0171990171990172
N:GGTTT, 0.05217732444095724, 0.0023538642604943117, 0.06276971361318164, 0.058061985092193014, 0.02079246763436642, 0.0451157316594743, 0.043938799529227156, 0.11887014515496273, 0.0796390741467242, 0.03844644958807376, 0.03373872106708513, 0.04040800313848568, 0.05100039231071008, 0.07061592781482935, 0.0423695566888976, 0.0800313848568066, 0.03413103177716752, 0.02706943899568458, 0.05139270302079247, 0.018438603373872105, 0.02863868183601412
N:GTCAA, 0.06888888888888887, 0.0033333333333333335, 0.06166666666666667, 0.056666666666666664, 0.029444444444444443, 0.03666666666666667, 0.042222222222222223, 0.08444444444444445, 0.10722222222222222, 0.03277777777777778, 0.03333333333333333, 0.035555555555555556, 0.049444444444444444, 0.08444444444444445, 0.044444444444444446, 0.06277777777777778, 0.03944444444444444, 0.03, 0.05944444444444444, 0.019444444444444445, 0.018333333333333333
N:GTCAC, 0.04617772603802871, 0.0038804811796662787, 0.05238649592549476, 0.05626697710516104, 0.024058983313930925, 0.04384943733022895, 0.0446255335661622, 0.11059371362048893, 0.06984866123399301, 0.041133100504462554, 0.03414823438106325, 0.02871556072953046, 0.055102832751261155, 0.08692277842452464, 0.03414823438106325, 0.09623593325572372, 0.04307334109429569, 0.019014357780364765, 0.06635622817229336, 0.016686069072564997, 0.02677532013969732
N:GTCAG, 0.04371037704371038, 0.003003003003003003, 0.0647313980647314, 0.05305305305305305, 0.02902902902902903, 0.04971638304971638, 0.04704704704704705, 0.10343677010343677, 0.07540874207540874, 0.032699366032699365, 0.03069736403069737, 0.02669336002669336, 0.04804804804804805, 0.1091091091091091, 0.0313646980313647, 0.07974641307974642, 0.0333667000333667, 0.02702702702702703, 0.07007007007007007, 0.018351685018351684, 0.023690357023690357
N:GTCAT, 0.06031042128603104, 0.0013303769401330377, 0.07583148558758315, 0.07095343680709534, 0.020842572062084258, 0.040798226164079826, 0.048337028824833705, 0.1130820399113082, 0.08647450110864745, 0.028824833702882482, 0.040354767184035474, 0.03237250554323725, 0.04567627494456763, 0.06341463414634146, 0.042572062084257206, 0.06119733924611973, 0.039467849223946784, 0.027494456762749447, 0.0541019955654102, 0.02261640798226164, 0.02394678492239468
N:GTCCA, 0.0522250827510114, 0.0018389113644722325, 0.06472968002942259, 0.05296064729680029, 0.028687017285766826, 0.04854726002206693, 0.04155939683707245, 0.0838543582199338, 0.08238322912835601, 0.03714600956233909, 0.032364840014711294, 0.039352703199705776, 0.047811695476278046, 0.11842589187201177, 0.036778227289444645, 0.06693637366678926, 0.0474439132033836, 0.0261125413755057, 0.05296064729680029, 0.019492460463405664, 0.018389113644722323
N:GTCCC, 0.03592120509849363, 0.0011587485515643105, 0.062186172267284665, 0.04982618771726535, 0.03167246040942449, 0.04789494013132484, 0.0432599459250676, 0.11239860950173812, 0.07570490536886829, 0.04016994978756277, 0.02935496330629587, 0.04016994978756277, 0.04750869061413674, 0.0768636539204326, 0.03244495944380069, 0.07106991116261105, 0.05098493626882966, 0.027809965237543453, 0.07261490923136346, 0.01853997682502897, 0.03244495944380069
N:GTCCG, 0.04245973645680821, 0.0, 0.0629575402635432, 0.05710102489019034, 0.043923865300146414, 0.04392386530014642, 0.05417276720351391, 0.048316251830161056, 0.08931185944363103, 0.048316251830161056, 0.04538799414348462, 0.05124450951683748, 0.040995607613469986, 0.0951683748169839, 0.03367496339677892, 0.07613469985358712, 0.04685212298682284, 0.021961932650073207, 0.0527086383601757, 0.020497803806734993, 0.024890190336749635
N:GTCCT, 0.03882877148313176, 0.0009548058561425843, 0.061744112030553785, 0.04742202418841502, 0.02737110120942075, 0.049013367281986, 0.05124124761298536, 0.0910248249522597, 0.07033736473583704, 0.04073838319541693, 0.036282622533418206, 0.02673456397199236, 0.047103755569700825, 0.11839592616168046, 0.030235518777848504, 0.08147676639083386, 0.04073838319541693, 0.026416295353278166, 0.0674729471674093, 0.023233609166136218, 0.023233609166136218
N:GTCGA, 0.050724637681159424, 0.0, 0.06521739130434784, 0.043478260869565216, 0.050724637681159424, 0.04830917874396135, 0.06521739130434784, 0.06280193236714976, 0.08695652173913043, 0.04106280193236715, 0.026570048309178744, 0.04830917874396135, 0.06763285024154589, 0.08454106280193237, 0.012077294685990338, 0.06521739130434782, 0.05555555555555555, 0.014492753623188406, 0.0748792270531401, 0.016908212560386472, 0.01932367149758454
N:GTCGC, 0.03736920777279522, 0.004484304932735426, 0.06576980568011959, 0.05082212257100149, 0.03139013452914798, 0.04932735426008968, 0.04932735426008968, 0.053811659192825115, 0.059790732436472344, 0.03886397608370702, 0.041853512705530636, 0.03736920777279522, 0.05829596412556054, 0.07922272047832586, 0.04185351270553065, 0.07324364723467862, 0.061285500747384154, 0.04035874439461883, 0.06576980568011959, 0.026905829596412557, 0.03288490284005979
N:GTCGG, 0.0366412213740458, 0.0030534351145038168, 0.06412213740458016, 0.05801526717557252, 0.04122137404580153, 0.04732824427480916, 0.05801526717557252, 0.06564885496183208, 0.06564885496183206, 0.04580152671755725, 0.04122137404580153, 0.035114503816793895, 0.06564885496183206, 0.07938931297709925, 0.024427480916030534, 0.06564885496183206, 0.044274809160305344, 0.04122137404580153, 0.059541984732824425, 0.02748091603053435, 0.030534351145038167
N:GTCGT, 0.043933054393305436, 0.0020920502092050207, 0.07112970711297072, 0.04602510460251046, 0.029288702928870293, 0.060669456066945605, 0.06276150627615064, 0.06694560669456066, 0.060669456066945605, 0.016736401673640166, 0.0397489539748954, 0.03347280334728033, 0.060669456066945605, 0.056485355648535567, 0.04602510460251046, 0.06694560669456066, 0.07112970711297072, 0.027196652719665274, 0.06485355648535565, 0.03138075313807531, 0.04184100418410042
N:GTCTA, 0.06468023255813954, 0.003633720930232558, 0.06177325581395349, 0.04796511627906977, 0.027616279069767442, 0.0501453488372093, 0.03997093023255814, 0.09302325581395349, 0.08502906976744186, 0.034156976744186045, 0.034156976744186045, 0.030523255813953487, 0.05159883720930233, 0.11337209302325581, 0.037063953488372096, 0.07122093023255814, 0.034156976744186045, 0.02616279069767442, 0.04578488372093023, 0.023982558139534885, 0.023982558139534885
N:GTCTC, 0.04617940199335548, 0.00132890365448505, 0.0627906976744186, 0.053156146179401995, 0.02558139534883721, 0.05448504983388704, 0.04817275747508306, 0.12026578073089701, 0.07541528239202658, 0.03388704318936877, 0.02857142857142857, 0.03521594684385382, 0.05116279069767442, 0.06843853820598006, 0.04152823920265781, 0.07574750830564785, 0.04617940199335548, 0.026245847176079733, 0.06345514950166113, 0.013953488372093021, 0.02823920265780731
N:GTCTG, 0.03568294823047675, 0.0017548990933021352, 0.0675636150921322, 0.05264697279906405, 0.028078385492834163, 0.04767475870137467, 0.04591985960807254, 0.1234279028955835, 0.06931851418543433, 0.03626791459491079, 0.029248318221702253, 0.029248318221702253, 0.05001462415911085, 0.11348347470020474, 0.031295700497221406, 0.07780052646972799, 0.04182509505703422, 0.02690845276396607, 0.05498683825680024, 0.016964024568587307, 0.01988885639075753
N:GTCTT, 0.06619385342789598, 0.004052684903748734, 0.06822019587977035, 0.05639986491050321, 0.02634245187436677, 0.04930766632894292, 0.04322863897331983, 0.09490037149611617, 0.077338736913205, 0.03883823032759203, 0.030732860520094562, 0.03005741303613644, 0.04660587639311044, 0.08611955420466058, 0.04525498142519419, 0.07598784194528875, 0.03275920297196893, 0.02634245187436677, 0.05369807497467072, 0.019587977034785545, 0.028031070584262074
N:GTTAA, 0.06607574536663981, 0.0008058017727639, 0.06688154713940371, 0.0684931506849315, 0.0443190975020145, 0.0410958904109589, 0.04995970991136181, 0.064464141821112, 0.09750201450443191, 0.038678485092667206, 0.0362610797743755, 0.0378726833199033, 0.0410958904109589, 0.040290088638195005, 0.07655116841257051, 0.06607574536663981, 0.021756647864625302, 0.038678485092667206, 0.04593070104754231, 0.021756647864625302, 0.035455278001611606
N:GTTAC, 0.061051004636785165, 0.0030911901081916537, 0.05795981452859351, 0.05332302936630603, 0.013910355486862442, 0.04173106646058733, 0.04173106646058733, 0.11823802163833076, 0.08578052550231839, 0.03168469860896446, 0.02936630602782071, 0.04404945904173107, 0.03554868624420402, 0.11591962905718702, 0.04482225656877899, 0.07573415765069552, 0.03400309119010819, 0.03245749613601236, 0.03863987635239567, 0.017001545595054096, 0.023956723338485315
N:GTTAG, 0.0658513640639699, 0.0037629350893697085, 0.07149576669802446, 0.07055503292568203, 0.03480714957666981, 0.04609595484477893, 0.05174035747883349, 0.07808090310442145, 0.07714016933207903, 0.04233301975540922, 0.036688617121354655, 0.04045155221072436, 0.04233301975540922, 0.09219190968955786, 0.036688617121354655, 0.05550329256820319, 0.03762935089369708, 0.021636876763875823, 0.03574788334901223, 0.02634054562558796, 0.03292568203198495
N:GTTAT, 0.07578008915304606, 0.005943536404160475, 0.07206537890044576, 0.0713224368499257, 0.04086181277860327, 0.03714710252600297, 0.03937592867756315, 0.09806835066864784, 0.0988112927191679, 0.02451708766716196, 0.036404160475482915, 0.041604754829123326, 0.033432392273402674, 0.05349182763744428, 0.048291233283803865, 0.06537890044576523, 0.02823179791976226, 0.02600297176820208, 0.048291233283803865, 0.01634472511144131, 0.038632986627043085
N:GTTCA, 0.05935181569699336, 0.003904724716907458, 0.06755173760249902, 0.04959000390472472, 0.024990238188207732, 0.04763764154627099, 0.04568527918781726, 0.09019914096056228, 0.09058961343225302, 0.029285435376805936, 0.031237797735259663, 0.04060913705583756, 0.03787582975400234, 0.11284654431862554, 0.04217102694260054, 0.08473252635689184, 0.03201874267864115, 0.019133151112846546, 0.05037094884810621, 0.017180788754392814, 0.023037875829754
N:GTTCC, 0.05492851768246802, 0.0018811136192626034, 0.06132430398796087, 0.05869074492099323, 0.024454477050413845, 0.04702784048156508, 0.04890895410082769, 0.10045146726862303, 0.09066967644845748, 0.04251316779533483, 0.031226486079759218, 0.03686982693754703, 0.04815650865312265, 0.05568096313017306, 0.0327313769751693, 0.08916478555304741, 0.03574115876598947, 0.029721595184349133, 0.05718585402558315, 0.019563581640331073, 0.03310759969902182
N:GTTCG, 0.05176470588235294, 0.0, 0.05647058823529413, 0.042352941176470586, 0.03058823529411765, 0.021176470588235293, 0.07294117647058825, 0.07529411764705882, 0.05411764705882353, 0.05411764705882353, 0.042352941176470586, 0.03529411764705882, 0.04470588235294118, 0.12470588235294118, 0.03529411764705882, 0.0611764705882353, 0.02823529411764706, 0.03529411764705882, 0.07764705882352942, 0.021176470588235293, 0.03529411764705883
N:GTTCT, 0.05079580088046055, 0.0030477480528276328, 0.0656959024720623, 0.06298679309177108, 0.0372502539790044, 0.041991195394514055, 0.05181171689806976, 0.09685066034541144, 0.09481882831019302, 0.03623433796139519, 0.029122925838130715, 0.029122925838130715, 0.04808669150016932, 0.06095496105655266, 0.04537758211987809, 0.06908228919742634, 0.04436166610226888, 0.025736539112766677, 0.05926176769387064, 0.022688791059939047, 0.024720623095157466
N:GTTGA, 0.07942973523421588, 0.004073319755600814, 0.07942973523421588, 0.053462321792260695, 0.026476578411405296, 0.03360488798370672, 0.04684317718940937, 0.09623217922606925, 0.09215885947046844, 0.035641547861507125, 0.038696537678207736, 0.03665987780040734, 0.038696537678207736, 0.06619144602851323, 0.043279022403258656, 0.07128309572301425, 0.03309572301425662, 0.0274949083503055, 0.05804480651731161, 0.016293279022403257, 0.022912423625254582
N:GTTGC, 0.0619074177356386, 0.002788622420524261, 0.05521472392638037, 0.051310652537646405, 0.03011712214166202, 0.029559397657557166, 0.04796430563301729, 0.11098717233686559, 0.06748466257668712, 0.03792526491912995, 0.03290574456218628, 0.047406581148912434, 0.049637479085331844, 0.09592861126603458, 0.04182933630786392, 0.0758505298382599, 0.03680981595092025, 0.0384829894032348, 0.046848856664807585, 0.018404907975460124, 0.02063580591187953
N:GTTGG, 0.05116279069767442, 0.0018604651162790699, 0.0758139534883721, 0.05581395348837209, 0.028837209302325577, 0.052558139534883724, 0.045116279069767444, 0.09255813953488372, 0.09813953488372093, 0.0413953488372093, 0.03488372093023256, 0.04046511627906977, 0.05581395348837209, 0.060930232558139535, 0.045116279069767444, 0.05767441860465117, 0.045581395348837206, 0.031162790697674417, 0.04697674418604651, 0.01813953488372093, 0.02
N:GTTGT, 0.06676003734827264, 0.00046685340802987864, 0.06302521008403361, 0.05695611577964519, 0.021942110177404293, 0.042483660130718956, 0.04295051353874883, 0.07469654528478056, 0.08123249299719888, 0.042483660130718956, 0.0350140056022409, 0.038748832866479926, 0.04435107376283847, 0.09757236227824462, 0.04108309990662932, 0.08636788048552754, 0.04201680672268908, 0.03081232492997199, 0.046218487394957986, 0.02100840336134454, 0.023809523809523808
N:GTTTA, 0.06771463119709795, 0.0006045949214026602, 0.08222490931076179, 0.060459492140266025, 0.02781136638452237, 0.032648125755743655, 0.045949214026602174, 0.13422007255139057, 0.09068923821039904, 0.02781136638452237, 0.033857315598548966, 0.04534461910519952, 0.042926239419588876, 0.05259975816203144, 0.04836759371221282, 0.05562273276904474, 0.030229746070133012, 0.03506650544135429, 0.03869407496977025, 0.017533252720677146, 0.02962515114873035
N:GTTTC, 0.056011416339636105, 0.0024973242953977882, 0.06814127720299679, 0.0624331073849447, 0.02425972172672137, 0.04816268283981449, 0.04031394933999286, 0.1177310024973243, 0.07991437745272922, 0.04209775240813414, 0.03210845522654299, 0.033892258294684265, 0.045665358544416695, 0.06278986799857296, 0.04138423118087763, 0.06849803781662504, 0.029254370317516945, 0.02425972172672137, 0.06635747413485552, 0.02425972172672137, 0.029967891544773455
N:GTTTG, 0.056232795910342116, 0.0027526543452615023, 0.07471490365709792, 0.05230043255996854, 0.030279197797876523, 0.04286276051907196, 0.04640188753440818, 0.09476995674400314, 0.08454581203303185, 0.03539127015336217, 0.034998033818324815, 0.04482894219425875, 0.057805741250491545, 0.05741250491545419, 0.040503342508847816, 0.08572552103814393, 0.03303185214313802, 0.0342115611482501, 0.05230043255996854, 0.01651592607156901, 0.022414471097129376
N:GTTTT, 0.06358911647814124, 0.004280036686028737, 0.06389483338428616, 0.05808621216753287, 0.02996025680220116, 0.043411800672577196, 0.04860898807704066, 0.08682360134515439, 0.09202078874961786, 0.037297462549679, 0.03301742586365026, 0.04310608376643228, 0.04066034851727301, 0.0651177010088658, 0.05564047691837359, 0.07642922653622745, 0.03362885967594008, 0.0342402934882299, 0.04769183735860593, 0.019871598899419137, 0.022623051054723325
N:TACAA, 0.0647419072615923, 0.003499562554680665, 0.06080489938757655, 0.06430446194225722, 0.024496937882764653, 0.03062117235345582, 0.043744531933508315, 0.11067366579177601, 0.07567804024496938, 0.0363079615048119, 0.033245844269466314, 0.03849518810148731, 0.0336832895888014, 0.09667541557305336, 0.05336832895888014, 0.08092738407699038, 0.0363079615048119, 0.024059492563429572, 0.052930883639545054, 0.013123359580052493, 0.02230971128608924
N:TACAC, 0.05770340450086555, 0.004039238315060588, 0.055395268320830936, 0.060588574725908825, 0.021350259665320257, 0.044431621465666475, 0.04385458742065782, 0.11771494518176573, 0.0894402769763416, 0.031736872475476054, 0.03462204270051933, 0.03866128101557992, 0.03462204270051933, 0.10040392383150606, 0.05020196191575303, 0.08136180034622043, 0.030582804385458743, 0.024812463935372186, 0.04962492787074437, 0.010963646855164455, 0.01788805539526832
N:TACAG, 0.0508598609586535, 0.003293084522502744, 0.06476399560922064, 0.05890962312477131, 0.022685693377241124, 0.045371386754482254, 0.03988291255031101, 0.10062202707647273, 0.09001097694840833, 0.036223929747530186, 0.03000365898280278, 0.034394438346139776, 0.04281009879253567, 0.09001097694840836, 0.043907793633369926, 0.0761068422978412, 0.042810098792535674, 0.03293084522502744, 0.05598243688254665, 0.01646542261251372, 0.021953896816684963
N:TACAT, 0.06133575647432985, 0.00590640617900954, 0.0745115856428896, 0.062244434348023625, 0.023625624716038164, 0.044525215810995, 0.03816447069513857, 0.093139482053612, 0.10131758291685597, 0.03271240345297592, 0.043162199000454336, 0.050431621990004546, 0.03771013175829169, 0.0854157201272149, 0.048614266242616985, 0.04906860517946388, 0.03044070876874148, 0.026351658337119492, 0.05406633348477965, 0.009995456610631531, 0.02726033621081327
N:TACCA, 0.0585429314830876, 0.004336513443191674, 0.07068516912402428, 0.035993061578490894, 0.026019080659150044, 0.040763226366001735, 0.04683434518647008, 0.1474414570685169, 0.07588898525585429, 0.026886383347788378, 0.026886383347788374, 0.030355594102341718, 0.03686036426712923, 0.09106678230702515, 0.03642671292281006, 0.09323503902862099, 0.035993061578490894, 0.027753686036426712, 0.053772766695576756, 0.016045099739809193, 0.01821335646140503
N:TACCC, 0.055517941773865945, 0.0006770480704129993, 0.07853757616790791, 0.06025727826675694, 0.02234258632362898, 0.04942450914014895, 0.05484089370345294, 0.10629654705484089, 0.08124576844955991, 0.037914691943127965, 0.031144211238997972, 0.03588354773188896, 0.040622884224779957, 0.06093432633716994, 0.04129993229519296, 0.056194989844278946, 0.05077860528097495, 0.02911306702775897, 0.06228842247799594, 0.014895057549085985, 0.02979011509817197
N:TACCG, 0.045871559633027525, 0.0, 0.08486238532110092, 0.05504587155963303, 0.02522935779816514, 0.05045871559633028, 0.08256880733944955, 0.06422018348623854, 0.05963302752293578, 0.03211009174311927, 0.04128440366972477, 0.03669724770642202, 0.045871559633027525, 0.0963302752293578, 0.05045871559633028, 0.06880733944954127, 0.0481651376146789, 0.03669724770642202, 0.03211009174311927, 0.020642201834862386, 0.022935779816513763
N:TACCT, 0.06118052563550194, 0.0025850926324859974, 0.07798362774666093, 0.04825506247307195, 0.02843601895734597, 0.043515725980180955, 0.04566996984058595, 0.1098664368806549, 0.07712193020249893, 0.027574321413183972, 0.03059026281775097, 0.03662214562688496, 0.04006893580353296, 0.0986643688065489, 0.04739336492890995, 0.05471779405428694, 0.03877638948728996, 0.03015941404566997, 0.05945713054717794, 0.02068074105988798, 0.02068074105988798
N:TACGA, 0.08814589665653497, 0.0060790273556231, 0.08510638297872339, 0.0364741641337386, 0.0364741641337386, 0.0486322188449848, 0.1094224924012158, 0.07294832826747721, 0.0668693009118541, 0.0182370820668693, 0.03951367781155016, 0.04559270516717325, 0.0364741641337386, 0.04559270516717326, 0.04559270516717325, 0.0729483282674772, 0.0364741641337386, 0.02735562310030395, 0.03343465045592705, 0.015197568389057751, 0.03343465045592705
N:TACGC, 0.04, 0.004, 0.08, 0.032, 0.036, 0.04, 0.060000000000000005, 0.068, 0.06, 0.048, 0.012, 0.07200000000000001, 0.088, 0.092, 0.06, 0.052, 0.028, 0.028, 0.048, 0.024, 0.028
N:TACGG, 0.03816793893129771, 0.0, 0.06615776081424937, 0.058524173027989825, 0.022900763358778626, 0.07633587786259542, 0.08142493638676845, 0.05089058524173027, 0.08396946564885496, 0.02544529262086514, 0.03816793893129771, 0.058524173027989825, 0.04834605597964377, 0.04071246819338423, 0.043256997455470736, 0.0737913486005089, 0.04580152671755725, 0.04580152671755725, 0.043256997455470736, 0.03816793893129771, 0.020356234096692113
N:TACGT, 0.07425742574257425, 0.0049504950495049506, 0.08415841584158416, 0.04950495049504951, 0.04950495049504951, 0.04207920792079208, 0.034653465346534656, 0.06930693069306931, 0.0594059405940594, 0.024752475247524754, 0.03465346534653465, 0.0297029702970297, 0.027227722772277228, 0.07178217821782178, 0.05198019801980198, 0.11633663366336634, 0.0297029702970297, 0.027227722772277228, 0.08168316831683169, 0.017326732673267328, 0.019801980198019802
N:TACTA, 0.060109289617486336, 0.00546448087431694, 0.06869633099141297, 0.0624512099921936, 0.02263856362217018, 0.02966432474629196, 0.03669008587041374, 0.09836065573770492, 0.08665105386416862, 0.02966432474629196, 0.03669008587041374, 0.03669008587041374, 0.02966432474629196, 0.14597970335675253, 0.043715846994535526, 0.053864168618266976, 0.02810304449648712, 0.03356752537080406, 0.0429352068696331, 0.0234192037470726, 0.02498048399687744
N:TACTC, 0.06928104575163399, 0.0032679738562091504, 0.07908496732026143, 0.05816993464052288, 0.023529411764705882, 0.043137254901960784, 0.05032679738562092, 0.10261437908496732, 0.08627450980392157, 0.034640522875816995, 0.02875816993464052, 0.03725490196078431, 0.040522875816993466, 0.06797385620915034, 0.043137254901960784, 0.07908496732026143, 0.03202614379084967, 0.029411764705882353, 0.05359477124183006, 0.02287581699346405, 0.015032679738562092
N:TACTG, 0.06521739130434782, 0.004025764895330112, 0.06843800322061191, 0.0430756843800322, 0.024959742351046695, 0.041062801932367145, 0.04428341384863124, 0.13365539452495975, 0.0680354267310789, 0.03140096618357488, 0.02938808373590982, 0.027777777777777776, 0.035829307568438, 0.1247987117552335, 0.036231884057971016, 0.06964573268921095, 0.03663446054750403, 0.023349436392914653, 0.04388083735909823, 0.026570048309178744, 0.021739130434782608
N:TACTT, 0.06525496974935177, 0.0025929127052722557, 0.06352636127917027, 0.06266205704407951, 0.027657735522904063, 0.04148660328435609, 0.03932584269662921, 0.1132238547968885, 0.09075194468452895, 0.031547104580812446, 0.035868625756266204, 0.03802938634399308, 0.037165082108902334, 0.06136560069144339, 0.05445116681071737, 0.10112359550561797, 0.0341400172860847, 0.021607605877268798, 0.04191875540190147, 0.014261019878997408, 0.022039757994814176
N:TATAA, 0.07757255936675461, 0.006860158311345645, 0.06701846965699208, 0.09129287598944591, 0.03007915567282322, 0.04696569920844327, 0.031134564643799472, 0.10870712401055409, 0.09129287598944591, 0.029023746701846966, 0.050659630606860157, 0.04221635883905013, 0.035883905013192614, 0.05118733509234828, 0.04432717678100264, 0.056464379947229554, 0.021108179419525065, 0.02849604221635884, 0.04063324538258575, 0.017414248021108178, 0.0316622691292876
N:TATAC, 0.07161345987920621, 0.004314063848144953, 0.06816220880069025, 0.07679033649698015, 0.03192407247627266, 0.04745470232959448, 0.04055220017256255, 0.10612597066436583, 0.0811044003451251, 0.027610008628127698, 0.03278688524590164, 0.04745470232959448, 0.03796376186367558, 0.06902502157031924, 0.055220017256255395, 0.04918032786885246, 0.027610008628127698, 0.031061259706643658, 0.057808455565142365, 0.012079378774805867, 0.024158757549611734
N:TATAG, 0.06818181818181818, 0.007305194805194805, 0.06737012987012987, 0.07142857142857142, 0.02922077922077922, 0.04707792207792208, 0.03571428571428571, 0.10227272727272728, 0.08441558441558442, 0.04707792207792208, 0.040584415584415584, 0.041396103896103896, 0.032467532467532464, 0.07061688311688312, 0.060064935064935064, 0.049512987012987016, 0.033279220779220776, 0.026785714285714284, 0.05194805194805195, 0.016233766233766232, 0.017045454545454544
N:TATAT, 0.08193163320672817, 0.007053716766142158, 0.06511123168746608, 0.08301682040151927, 0.02224633749321758, 0.049376017362995114, 0.02875746066196419, 0.10309278350515463, 0.10743353228431904, 0.04774823657080846, 0.04666304937601736, 0.03689636462289745, 0.030927835051546393, 0.060770482908301685, 0.04774823657080846, 0.03798155181768855, 0.020075963103635377, 0.033098209441128595, 0.04503526858383071, 0.015735214324470972, 0.02930005425935974
N:TATCA, 0.08132691278758694, 0.002140181915462814, 0.07918673087212413, 0.060460139111824504, 0.021401819154628143, 0.0299625468164794, 0.03638309256286784, 0.13536650615302298, 0.10379882289994649, 0.028892455858747997, 0.038523274478330656, 0.03317281968967362, 0.0449438202247191, 0.06902086677367576, 0.034777956126270736, 0.05939004815409311, 0.024612092027822365, 0.0299625468164794, 0.04066345639379347, 0.021401819154628143, 0.024612092027822365
N:TATCC, 0.06132989025177534, 0.003873466752743706, 0.08198837959974177, 0.046481601032924466, 0.036152356358941255, 0.04777275661717237, 0.036152356358941255, 0.09425435765009683, 0.08005164622336991, 0.0316333118140736, 0.03227888960619755, 0.03357004519044545, 0.04131697869593286, 0.11943189154293092, 0.0342156229825694, 0.07230471271788251, 0.03744351194318916, 0.023886378308586184, 0.04131697869593286, 0.014848289218850872, 0.029696578437701744
N:TATCG, 0.056179775280898875, 0.0, 0.13108614232209737, 0.0449438202247191, 0.052434456928838954, 0.04119850187265917, 0.07116104868913857, 0.09737827715355805, 0.0749063670411985, 0.018726591760299626, 0.033707865168539325, 0.04868913857677903, 0.03745318352059925, 0.033707865168539325, 0.0449438202247191, 0.07116104868913857, 0.033707865168539325, 0.0149812734082397, 0.026217228464419477, 0.04119850187265917, 0.026217228464419477
N:TATCT, 0.07153214113098115, 0.008216529724504592, 0.07878202029966168, 0.05654905751570807, 0.03141614306428226, 0.04204929917834703, 0.03624939584340261, 0.11068148864185595, 0.09908168197196714, 0.030932817786370227, 0.03479942000966651, 0.0333494441759304, 0.029482841952634124, 0.0666988883518608, 0.054132431126147906, 0.06911551474142098, 0.02996616723054616, 0.027549540840985983, 0.05026582890285162, 0.016916384726921217, 0.022232962783953602
N:TATGA, 0.0745829244357213, 0.004906771344455349, 0.08390578999018646, 0.07311089303238469, 0.02404317958783121, 0.0436702649656526, 0.03876349362119725, 0.11040235525024533, 0.10402355250245339, 0.021099116781157997, 0.04121687929342493, 0.03434739941118744, 0.028949950932286556, 0.05937193326790972, 0.04661432777232581, 0.07212953876349362, 0.02649656526005888, 0.019627085377821395, 0.049558390578999016, 0.019136408243375858, 0.02404317958783121
N:TATGC, 0.08108108108108109, 0.003088803088803089, 0.07413127413127414, 0.05637065637065637, 0.036293436293436294, 0.044787644787644784, 0.040926640926640924, 0.0918918918918919, 0.08030888030888031, 0.03088803088803089, 0.037065637065637064, 0.032432432432432434, 0.03552123552123552, 0.07567567567567568, 0.04169884169884169, 0.06486486486486487, 0.030115830115830116, 0.03474903474903475, 0.061776061776061764, 0.02084942084942085, 0.025482625482625483
N:TATGG, 0.06809001731102135, 0.0051933064050779, 0.06405077899596076, 0.06809001731102135, 0.024235429890363532, 0.048470859780727064, 0.04270051933064051, 0.10040392383150606, 0.09521061742642815, 0.029428736295441432, 0.042123485285631854, 0.03693017888055395, 0.03866128101557992, 0.07039815349105598, 0.0363531448355453, 0.058280438545874204, 0.03519907674552799, 0.040392383150605886, 0.05366416618580496, 0.01673398730525101, 0.025389497980380843
N:TATGT, 0.05960896518836433, 0.003814973772055317, 0.05913209346685741, 0.07105388650453028, 0.02479732951835956, 0.046256556986170726, 0.03481163567000477, 0.10395803528850739, 0.11301859799713877, 0.03242727706247019, 0.045779685264663805, 0.04625655698617072, 0.03814973772055317, 0.05579399141630901, 0.05674773485932284, 0.05960896518836433, 0.02861230329041488, 0.02575107296137339, 0.05627086313781593, 0.012398664759179778, 0.02575107296137339
N:TATTA, 0.06809445359692476, 0.004942339373970346, 0.06205381658429435, 0.07193849533223504, 0.02800658978583196, 0.04612850082372323, 0.040087863811092805, 0.128500823723229, 0.08676551345414607, 0.02416254805052169, 0.04612850082372323, 0.03789126853377265, 0.03789126853377265, 0.09060955518945635, 0.043931905546403076, 0.04557935200439319, 0.015925315760571115, 0.02416254805052169, 0.04503020318506315, 0.023064250411861612, 0.02910488742449204
N:TATTC, 0.0720250521920668, 0.004697286012526096, 0.0662839248434238, 0.081419624217119, 0.02661795407098121, 0.0407098121085595, 0.04123173277661795, 0.09394572025052193, 0.10177453027139875, 0.0360125260960334, 0.03444676409185804, 0.029749478079331943, 0.042275574112734866, 0.05427974947807934, 0.048538622129436326, 0.07881002087682672, 0.026096033402922755, 0.030793319415448852, 0.043319415448851775, 0.02139874739039666, 0.0255741127348643
N:TATTG, 0.07286288009179576, 0.004589787722317842, 0.05220883534136546, 0.06483075157773953, 0.026391279403327597, 0.045324153757888695, 0.04589787722317843, 0.10097532989099256, 0.09236947791164658, 0.0321285140562249, 0.04876649454962708, 0.0378657487091222, 0.04417670682730924, 0.05909351692484223, 0.04647160068846816, 0.0699942627653471, 0.03442340791738382, 0.03384968445209409, 0.05220883534136546, 0.01663798049340218, 0.0189328743545611
N:TATTT, 0.06544943820224719, 0.003932584269662922, 0.07050561797752809, 0.08117977528089888, 0.033707865168539325, 0.050280898876404495, 0.04157303370786517, 0.10758426966292135, 0.10533707865168539, 0.032303370786516857, 0.04241573033707865, 0.037921348314606744, 0.033707865168539325, 0.04241573033707865, 0.049719101123595504, 0.058146067415730335, 0.017977528089887642, 0.03314606741573034, 0.050280898876404495, 0.01741573033707865, 0.025
N:TCCAA, 0.057655349135169766, 0.0016015374759769379, 0.06342088404868675, 0.05957719410634209, 0.023702754644458684, 0.05028827674567585, 0.04612427930813581, 0.09897501601537476, 0.09449071108263933, 0.031069827033952595, 0.029788597053171044, 0.037475976937860346, 0.05124919923126201, 0.08968609865470852, 0.038757206918641894, 0.0592568866111467, 0.042921204356181936, 0.028187059577194105, 0.05477258167841127, 0.014734144778987828, 0.02626521460602178
N:TCCAC, 0.049042367962855486, 0.0008705745792222867, 0.06964596633778293, 0.04381892048752176, 0.022344747533372025, 0.0481717933836332, 0.0330818340104469, 0.11114335461404527, 0.07661056297156123, 0.03366221706326175, 0.03772489843296576, 0.03192106790481718, 0.04410911201392919, 0.10969239698200813, 0.03337202553685433, 0.07515960533952408, 0.042948345908299476, 0.027278003482298318, 0.0702263493905978, 0.01596053395240859, 0.023215322112594312
N:TCCAG, 0.047908473364318915, 0.0012513407222023596, 0.06417590275294958, 0.042724347515194855, 0.03003217733285663, 0.04915981408652127, 0.04504826599928495, 0.11154808723632462, 0.07114765820521989, 0.03825527350732928, 0.02735073292813729, 0.03539506614229532, 0.04969610296746514, 0.122273864855202, 0.03432248838040758, 0.06524848051483732, 0.045942080800858064, 0.02860207365033965, 0.051126206649982124, 0.019842688594923132, 0.01894887379335002
N:TCCAT, 0.05609167671893848, 0.0039203860072376355, 0.06513872135102534, 0.051568154402895056, 0.028347406513872134, 0.047044632086851626, 0.045536791314837156, 0.11278648974668275, 0.09378769601930036, 0.033775633293124246, 0.02774427020506635, 0.031061519903498192, 0.047044632086851626, 0.08624849215922799, 0.035886610373944514, 0.07086851628468034, 0.037997587454764774, 0.022919179734620022, 0.061218335343787705, 0.02141133896260555, 0.019601930036188178
N:TCCCA, 0.05037037037037037, 0.0012345679012345679, 0.06320987654320986, 0.054814814814814816, 0.0345679012345679, 0.05333333333333334, 0.04148148148148148, 0.10666666666666667, 0.08296296296296296, 0.04148148148148148, 0.030864197530864196, 0.034074074074074076, 0.050617283950617285, 0.07012345679012345, 0.03777777777777778, 0.07234567901234568, 0.03925925925925926, 0.02666666666666667, 0.06617283950617284, 0.01925925925925926, 0.02271604938271605
N:TCCCC, 0.04899415963659961, 0.0, 0.055807916937053864, 0.06164828033744322, 0.03244646333549643, 0.05256327060350422, 0.04899415963659961, 0.08436080467229072, 0.08208955223880596, 0.04250486696950032, 0.03277092796885139, 0.04153147306943543, 0.04931862426995458, 0.056132381570408826, 0.0317975340687865, 0.07981829980532122, 0.04769630110317975, 0.025308241401687217, 0.07332900713822194, 0.01719662556781311, 0.035691109669046074
N:TCCCG, 0.03365384615384615, 0.0, 0.058493589743589744, 0.05929487179487179, 0.04326923076923077, 0.057692307692307696, 0.06490384615384616, 0.040865384615384616, 0.05929487179487179, 0.041666666666666664, 0.044871794871794865, 0.04567307692307692, 0.06490384615384616, 0.07371794871794872, 0.035256410256410256, 0.0641025641025641, 0.052083333333333336, 0.03125, 0.07131410256410255, 0.019230769230769232, 0.038461538461538464
N:TCCCT, 0.04156862745098039, 0.00026143790849673205, 0.06352941176470589, 0.048366013071895426, 0.03058823529411765, 0.05124183006535948, 0.04366013071895425, 0.10875816993464052, 0.07738562091503268, 0.03790849673202614, 0.02875816993464052, 0.03372549019607843, 0.05150326797385621, 0.07032679738562092, 0.03372549019607843, 0.08235294117647059, 0.04549019607843137, 0.02875816993464052, 0.07058823529411765, 0.023529411764705882, 0.027973856209150327
N:TCCGA, 0.054474708171206226, 0.0012970168612191958, 0.09727626459143969, 0.05188067444876784, 0.04928664072632944, 0.04409857328145266, 0.05058365758754864, 0.05836575875486382, 0.08560311284046693, 0.054474708171206226, 0.03631647211413748, 0.04539559014267185, 0.038910505836575876, 0.057068741893644616, 0.028534370946822308, 0.06355382619974059, 0.03501945525291829, 0.03372243839169909, 0.06744487678339818, 0.02464332036316472, 0.02204928664072633
N:TCCGC, 0.03711558854718982, 0.0, 0.05620360551431601, 0.07635206786850478, 0.043478260869565216, 0.043478260869565216, 0.05726405090137859, 0.05726405090137858, 0.06998939554612937, 0.05620360551431601, 0.04878048780487806, 0.04878048780487805, 0.04878048780487805, 0.07423117709437964, 0.030752916224814426, 0.06786850477200425, 0.041357370095440084, 0.024390243902439025, 0.05938494167550371, 0.02757158006362672, 0.030752916224814422
N:TCCGG, 0.047829937998228524, 0.001771479185119575, 0.05225863596102746, 0.06023029229406555, 0.043401240035429584, 0.05225863596102745, 0.05580159433126661, 0.03897254207263065, 0.0637732506643047, 0.050487156775907885, 0.03720106288751107, 0.03277236492471213, 0.046058458813108945, 0.08680248007085917, 0.03897254207263064, 0.05845881310894597, 0.054030115146147036, 0.024800708591674048, 0.07351638618246235, 0.03897254207263064, 0.04162976085031001
N:TCCGT, 0.04918032786885246, 0.00273224043715847, 0.0737704918032787, 0.0546448087431694, 0.030054644808743168, 0.04098360655737705, 0.05874316939890711, 0.053278688524590154, 0.07650273224043716, 0.040983606557377046, 0.045081967213114756, 0.050546448087431695, 0.04371584699453552, 0.06557377049180328, 0.03825136612021859, 0.060109289617486336, 0.050546448087431695, 0.02459016393442623, 0.07377049180327869, 0.02459016393442623, 0.04234972677595628
N:TCCTA, 0.06359539308963445, 0.004506760140210316, 0.061091637456184275, 0.05558337506259389, 0.02754131196795193, 0.04256384576865298, 0.0485728592889334, 0.11917876815222835, 0.09414121181772658, 0.04056084126189284, 0.041061592388582875, 0.02754131196795193, 0.04256384576865298, 0.04807210816224337, 0.04406609914872309, 0.06860290435653481, 0.031046569854782175, 0.02904356534802203, 0.06309464196294441, 0.021031547320981468, 0.02653980971457186
N:TCCTC, 0.05031712473572938, 0.0016913319238900633, 0.06109936575052854, 0.04947145877378435, 0.030232558139534883, 0.04439746300211417, 0.046511627906976744, 0.10549682875264271, 0.07843551797040169, 0.03382663847780127, 0.03298097251585624, 0.03742071881606766, 0.0412262156448203, 0.1, 0.03446088794926004, 0.07653276955602537, 0.037209302325581395, 0.026004228329809725, 0.07209302325581396, 0.01966173361522199, 0.020930232558139538
N:TCCTG, 0.04809256915566805, 0.0018079913216416561, 0.06852287109021878, 0.05225094919544386, 0.02386548544566986, 0.04538058217320557, 0.04646537696619056, 0.09871632616163442, 0.08768757909962033, 0.043934189115892246, 0.03182064726089315, 0.031639848128728984, 0.04881576568432471, 0.0893147712890978, 0.035617429036340624, 0.06996926414753209, 0.040860603869101425, 0.02928945941059483, 0.06436449105044295, 0.02006870367022238, 0.021515096727535706
N:TCCTT, 0.059864896342883764, 0.002562310738411367, 0.06522245515956208, 0.05380852550663871, 0.03004891684136967, 0.055439086885627764, 0.04775215467039367, 0.07686932215234102, 0.07989750757046354, 0.037502911716748195, 0.03261122757978104, 0.03843466107617051, 0.04728627999068251, 0.059864896342883764, 0.0440251572327044, 0.09643605870020965, 0.03494060097833683, 0.023526671325413463, 0.06615420451898439, 0.02166317260656883, 0.02608898206382483
N:TCTAA, 0.07083825265643448, 0.006493506493506494, 0.07851239669421488, 0.06316410861865407, 0.03955135773317592, 0.0448642266824085, 0.043683589138134596, 0.07615112160566706, 0.09386068476977567, 0.03187721369539552, 0.043683589138134596, 0.03364817001180637, 0.053128689492325853, 0.05076741440377804, 0.046635182998819365, 0.05962219598583235, 0.03659976387249115, 0.02715466351829988, 0.04309327036599764, 0.026564344746162927, 0.03010625737898465
N:TCTAC, 0.06320081549439346, 0.0020387359836901123, 0.07084607543323139, 0.06676860346585117, 0.027522935779816515, 0.03363914373088685, 0.042303771661569824, 0.09378185524974517, 0.08256880733944955, 0.024974515800203875, 0.0326197757390418, 0.034658511722731905, 0.046381243628950054, 0.09072375127421, 0.042303771661569824, 0.07951070336391437, 0.0417940876656473, 0.03160040774719674, 0.052497451580020386, 0.019367991845056064, 0.02089704383282365
N:TCTAG, 0.05830388692579505, 0.002944640753828033, 0.07243816254416961, 0.06949352179034157, 0.032391048292108364, 0.06065959952885748, 0.04240282685512368, 0.10954063604240283, 0.0895170789163722, 0.04240282685512368, 0.02709069493521791, 0.034746760895170786, 0.035924617196702, 0.0636042402826855, 0.04711425206124853, 0.048292108362779744, 0.02944640753828033, 0.024734982332155476, 0.061837455830388695, 0.02061248527679623, 0.026501766784452298
N:TCTAT, 0.06570098292809105, 0.004138644593895499, 0.06518365235385411, 0.07035695809622348, 0.02431453698913606, 0.05431971029487843, 0.03362648732540093, 0.1024314536989136, 0.0941541645111226, 0.03362648732540093, 0.04345576823590274, 0.03569580962234868, 0.03931712364200724, 0.07501293326435593, 0.03673047077082255, 0.0677703052250388, 0.031039834454216243, 0.031039834454216243, 0.0512157268494568, 0.019141231246766685, 0.02172788411795137
N:TCTCA, 0.05802758261774654, 0.00156128024980484, 0.06427270361696591, 0.06167056986729118, 0.03200624512099922, 0.05230288836846214, 0.04787926099401509, 0.1111111111111111, 0.09029404111371324, 0.03044496487119438, 0.026281550871714805, 0.03304709862086911, 0.0429352068696331, 0.06843611761644548, 0.04605776736924278, 0.0712984647410877, 0.036950299245381214, 0.025240697371844912, 0.058287795992714025, 0.018214936247723135, 0.023679417122040074
N:TCTCC, 0.05028049033866612, 0.00249324745480989, 0.06877207562850612, 0.0513193434448369, 0.026179098275503843, 0.04757947226262207, 0.045709536671514645, 0.1207147309370455, 0.07832952420527738, 0.03407438188240183, 0.03199667567006025, 0.03054228132142115, 0.0459173072927488, 0.0762518179929358, 0.03552877623104093, 0.08227716600872637, 0.04072304176189487, 0.02576355703303553, 0.06378558071888635, 0.017452732183669228, 0.024309162684396427
N:TCTCG, 0.05182567726737338, 0.001177856301531213, 0.07067137809187278, 0.05418138987043581, 0.04240282685512368, 0.03651354534746761, 0.07656065959952886, 0.07420494699646643, 0.07656065959952886, 0.04004711425206125, 0.02709069493521791, 0.0353356890459364, 0.0636042402826855, 0.06949352179034157, 0.038869257950530034, 0.05535924617196702, 0.06007067137809187, 0.03297997644287397, 0.04240282685512368, 0.020023557126030624, 0.03062426383981154
N:TCTCT, 0.047214353163361665, 0.0013220018885741266, 0.06610009442870633, 0.0562795089707271, 0.026628895184135977, 0.05760151085930123, 0.04173748819641171, 0.10651558073654391, 0.0817752596789424, 0.03418319169027385, 0.03323890462700661, 0.032483474976392826, 0.04060434372049103, 0.08290840415486307, 0.037960339943342775, 0.08158640226628895, 0.04154863078375826, 0.026062322946175637, 0.05986779981114259, 0.02020774315391879, 0.02417374881964117
N:TCTGA, 0.058310490904560176, 0.00299028158484924, 0.05905806130077249, 0.061549962621480186, 0.03015200598056317, 0.05357587839521555, 0.04211313231996013, 0.10142038375280339, 0.08148517318714178, 0.03189633690505856, 0.03339147769748318, 0.03065038624470471, 0.04435584350859706, 0.0946922501868926, 0.03513580862197857, 0.08048841265885871, 0.03264390730127087, 0.02442063294293546, 0.05930725143284326, 0.016446548716670818, 0.025915773735360075
N:TCTGC, 0.04146397961547371, 0.0025480657864257587, 0.06717627982395181, 0.05675237433402826, 0.025480657864257586, 0.04794996525364837, 0.05814222839935141, 0.10725040537410238, 0.07088255733148019, 0.0384526291406069, 0.03381978225619643, 0.03497799397729905, 0.04887653463053046, 0.07922168172341904, 0.037526059763724806, 0.08593930970581422, 0.04076905258281214, 0.025943942552698634, 0.05443595089182302, 0.021542738012508687, 0.020847810979847115
N:TCTGG, 0.045894216917061116, 0.0026754476229676884, 0.06174109899156205, 0.04465939493722988, 0.02531385058654044, 0.051039308499691294, 0.043424572957398634, 0.12595184194278658, 0.07635315908623173, 0.032105371475612265, 0.031487960485696645, 0.030253138505865404, 0.04589421691706112, 0.09713932908005762, 0.03683885573163202, 0.0782053920559786, 0.04424778761061947, 0.02593126157645606, 0.057419222062152706, 0.023050010290183165, 0.02037456266721548
N:TCTGT, 0.04732334047109208, 0.002569593147751606, 0.06252676659528908, 0.0563169164882227, 0.029122055674518203, 0.045610278372591, 0.0436830835117773, 0.11156316916488222, 0.0880085653104925, 0.033832976445396144, 0.031049250535331904, 0.029122055674518203, 0.042184154175588864, 0.07815845824411134, 0.040899357601713066, 0.09550321199143469, 0.036616702355460384, 0.032762312633832974, 0.05417558886509636, 0.01734475374732334, 0.021627408993576017
N:TCTTA, 0.07652823145123658, 0.006066262249183387, 0.07232851143257116, 0.0751283247783481, 0.03033131124591694, 0.04339710685954269, 0.045730284647690154, 0.10825944937004199, 0.09239384041063929, 0.028464769015398975, 0.041997200186654225, 0.03499766682221185, 0.03966402239850677, 0.04293047130191321, 0.04759682687820812, 0.06672888474101726, 0.025664955669622024, 0.03126458236117592, 0.0485300979934671, 0.015398973401773215, 0.026598226784881007
N:TCTTC, 0.06839492553778267, 0.0034932892075749218, 0.06986578415149844, 0.05956977385548814, 0.028497885640742782, 0.042103327817613535, 0.043574186431329286, 0.08052950910093767, 0.08788380216951645, 0.03695532266960838, 0.037874609303180734, 0.03272660415517559, 0.04725133296561868, 0.08126493840779554, 0.04504504504504504, 0.07482993197278912, 0.035852178709321565, 0.027946313660599374, 0.0525831954403383, 0.01709873138444567, 0.026659312373598087
N:TCTTG, 0.06533222129552405, 0.0030581039755351682, 0.06644425910480957, 0.053655824298026136, 0.02863497358910203, 0.04670558798999166, 0.04420350291909925, 0.09452321378926884, 0.08423686405337781, 0.036419238254100636, 0.024742841256602723, 0.035585209897136504, 0.040589380038921326, 0.08256880733944955, 0.04309146510981374, 0.08117876007784265, 0.039755351681957186, 0.026132888518209618, 0.05893800389213233, 0.01751459549624687, 0.026688907422852376
N:TCTTT, 0.06233230134158927, 0.003302373581011352, 0.07347781217750259, 0.05985552115583075, 0.035500515995872034, 0.041073271413828695, 0.04478844169246646, 0.0889576883384933, 0.08875128998968008, 0.043343653250773995, 0.034055727554179564, 0.033023735810113516, 0.03859649122807018, 0.0652218782249742, 0.05675954592363261, 0.07368421052631578, 0.027657378740970073, 0.027450980392156862, 0.056140350877192984, 0.019814241486068113, 0.026212590299277607
N:TGCAA, 0.0708494888967219, 0.0017624250969333803, 0.04476559746210786, 0.04723299259781459, 0.026436376454000706, 0.03560098695805428, 0.03877335213253437, 0.10997532604864291, 0.07825167430384208, 0.04265068734578781, 0.02784631653154741, 0.035953471977440955, 0.040535777229467745, 0.12689460697920338, 0.04406062742333451, 0.08212900951709554, 0.032781106802960876, 0.025026436376454, 0.04194571730701445, 0.022559041240747268, 0.02396898131829397
N:TGCAC, 0.04815650865312265, 0.002257336343115124, 0.04853273137697517, 0.046275395033860044, 0.025583145221971408, 0.04477050413844996, 0.04401805869074492, 0.09029345372460497, 0.0726109857035365, 0.03423626787057938, 0.030850263355906696, 0.03611738148984198, 0.04138449962377728, 0.11851015801354402, 0.0398796087283672, 0.13544018058690746, 0.035364936042136946, 0.01730624529721595, 0.045522949586155007, 0.023702031602708805, 0.019187358916478554
N:TGCAG, 0.038517441860465115, 0.001816860465116279, 0.05541424418604651, 0.04215116279069767, 0.02616279069767442, 0.044149709302325583, 0.05159883720930233, 0.09811046511627906, 0.06758720930232558, 0.0390625, 0.02943313953488372, 0.029796511627906978, 0.04269622093023256, 0.12681686046511628, 0.036337209302325583, 0.11010174418604651, 0.039607558139534885, 0.028888081395348836, 0.053052325581395346, 0.016715116279069766, 0.021984011627906978
N:TGCAT, 0.05686653771760155, 0.0027079303675048355, 0.06034816247582205, 0.06150870406189555, 0.02243713733075435, 0.042166344294003864, 0.043326885880077375, 0.10986460348162476, 0.09168278529980657, 0.04177949709864604, 0.033268858800773696, 0.031334622823984526, 0.04719535783365571, 0.0781431334622824, 0.048355899419729204, 0.06692456479690523, 0.03442940038684719, 0.03288201160541586, 0.051837524177949706, 0.023984526112185683, 0.018955512572533847
N:TGCCA, 0.05713465403387884, 0.0022968705139247776, 0.07522250933103647, 0.04679873672121734, 0.01837496411139822, 0.04593741027849555, 0.04794717197817973, 0.12345679012345678, 0.0821131208728108, 0.03588860178007465, 0.037324145851277635, 0.04249210450760838, 0.04823428079242033, 0.06833189778926213, 0.03789836347975883, 0.04966982486362331, 0.04823428079242033, 0.03531438415159346, 0.05196669537754809, 0.023255813953488372, 0.022107378696525983
N:TGCCC, 0.043478260869565216, 0.0, 0.06822742474916388, 0.05384615384615385, 0.023076923076923078, 0.04882943143812709, 0.053177257525083614, 0.08160535117056857, 0.06755852842809365, 0.046822742474916385, 0.032441471571906355, 0.03946488294314381, 0.05451505016722408, 0.07926421404682274, 0.03511705685618729, 0.05719063545150502, 0.06254180602006688, 0.03177257525083612, 0.07157190635451505, 0.024080267558528427, 0.025418060200668897
N:TGCCG, 0.04777777777777778, 0.0011111111111111111, 0.05, 0.056666666666666664, 0.02666666666666667, 0.05, 0.06444444444444446, 0.07, 0.04888888888888889, 0.05444444444444444, 0.04111111111111111, 0.043333333333333335, 0.05444444444444444, 0.06555555555555556, 0.04555555555555556, 0.05333333333333334, 0.058888888888888886, 0.05, 0.05555555555555555, 0.027777777777777776, 0.034444444444444444
N:TGCCT, 0.05301956336830167, 0.001701162461015027, 0.06776297136376525, 0.05188545506095832, 0.03317266798979303, 0.04819960306209243, 0.05897363198185428, 0.09526509781684149, 0.08137227105188545, 0.04026084491068897, 0.02721859937624043, 0.03402324922030054, 0.04905018429259994, 0.06577828182591437, 0.03827615537283811, 0.07711936489934788, 0.04536433229373405, 0.030904451375106324, 0.05075134675361497, 0.021831584916359514, 0.02806918060674795
N:TGCGA, 0.047038327526132406, 0.003484320557491289, 0.078397212543554, 0.050522648083623695, 0.047038327526132406, 0.04529616724738677, 0.04355400696864112, 0.05574912891986063, 0.06097560975609756, 0.036585365853658534, 0.033101045296167246, 0.05226480836236934, 0.04355400696864112, 0.08710801393728224, 0.04006968641114982, 0.07491289198606271, 0.04878048780487805, 0.029616724738675958, 0.07142857142857142, 0.024390243902439025, 0.026132404181184673
N:TGCGC, 0.031007751937984496, 0.0, 0.06782945736434108, 0.050387596899224806, 0.04748062015503876, 0.05135658914728682, 0.045542635658914726, 0.04651162790697675, 0.05910852713178294, 0.040697674418604654, 0.05813953488372093, 0.044573643410852716, 0.05717054263565891, 0.05426356589147287, 0.044573643410852716, 0.06686046511627906, 0.05910852713178295, 0.041666666666666664, 0.06976744186046512, 0.031007751937984496, 0.03294573643410853
N:TGCGG, 0.04718875502008032, 0.0, 0.06024096385542168, 0.06626506024096386, 0.03815261044176707, 0.045180722891566265, 0.05622489959839358, 0.05321285140562249, 0.05923694779116466, 0.04718875502008032, 0.04317269076305221, 0.03614457831325302, 0.05823293172690763, 0.09337349397590361, 0.03313253012048193, 0.05622489959839357, 0.04919678714859438, 0.02710843373493976, 0.06927710843373494, 0.02710843373493976, 0.03413654618473896
N:TGCGT, 0.04912836767036449, 0.001584786053882726, 0.061806656101426306, 0.061806656101426306, 0.03169572107765452, 0.05071315372424723, 0.05705229793977813, 0.05705229793977813, 0.07606973058637084, 0.0491283676703645, 0.03169572107765452, 0.044374009508716325, 0.05705229793977813, 0.06497622820919176, 0.03803486529318542, 0.06497622820919176, 0.05705229793977813, 0.022187004754358162, 0.07606973058637084, 0.020602218700475433, 0.02694136291600634
N:TGCTA, 0.06681270536692223, 0.00547645125958379, 0.06900328587075576, 0.054764512595837894, 0.03285870755750274, 0.049835706462212484, 0.049835706462212484, 0.10788608981380066, 0.07447973713033954, 0.033953997809419496, 0.02573932092004381, 0.03888280394304491, 0.040525739320920046, 0.07447973713033954, 0.04381161007667032, 0.07447973713033954, 0.033406352683461114, 0.030120481927710843, 0.04271631982475356, 0.025191675794085433, 0.02573932092004381
N:TGCTC, 0.054372842347525895, 0.0017261219792865361, 0.059838895281933265, 0.05466052934407365, 0.03164556962025317, 0.05005753739930955, 0.05638665132336018, 0.08745684695051784, 0.08084004602991945, 0.039700805523590336, 0.03452243958573072, 0.029344073647871116, 0.03855005753739931, 0.06588032220943614, 0.04487917146144994, 0.09982738780207134, 0.041714614499424624, 0.03135788262370541, 0.056962025316455694, 0.019562715765247412, 0.020713463751438434
N:TGCTG, 0.052977777777777776, 0.0014222222222222223, 0.06222222222222222, 0.05315555555555555, 0.027911111111111112, 0.04391111111111111, 0.05084444444444444, 0.12284444444444445, 0.0736, 0.03164444444444445, 0.030044444444444443, 0.038755555555555564, 0.04426666666666667, 0.08017777777777778, 0.03431111111111111, 0.088, 0.041777777777777775, 0.02897777777777778, 0.05315555555555555, 0.017955555555555554, 0.022044444444444443
N:TGCTT, 0.05981465880370682, 0.003089019938219601, 0.06009547879809042, 0.05812973883740522, 0.033136759337264815, 0.04296545914069082, 0.05054759898904802, 0.09042403819151923, 0.08003369839932603, 0.034260039314799214, 0.03482167930356641, 0.04465037910699242, 0.04549283909014322, 0.05812973883740523, 0.05279415894411682, 0.08059533838809323, 0.03538331929233361, 0.03454085930918281, 0.055883178882336425, 0.017972479640550407, 0.02723953945520921
N:TGTAA, 0.06791969243912858, 0.0051260145237078175, 0.060657838530542504, 0.06578385305425032, 0.02050405809483127, 0.037590773173857325, 0.03972661255873558, 0.11149081589064502, 0.09696710807347288, 0.038017941050832976, 0.03246475865014951, 0.04100811618966254, 0.04015378043571124, 0.06492951730029901, 0.05852199914566424, 0.06749252456215292, 0.03673643741990602, 0.025202904741563434, 0.04955147372917556, 0.0149508756941478, 0.02520290474156343
N:TGTAC, 0.04787812840043525, 0.006528835690968444, 0.05984766050054407, 0.06039173014145811, 0.022306855277475515, 0.0397170837867247, 0.051686615886833515, 0.0941240478781284, 0.09249183895538629, 0.04026115342763873, 0.031011969532100107, 0.044069640914037, 0.03917301414581066, 0.08596300326441784, 0.03917301414581066, 0.08650707290533188, 0.04461371055495103, 0.029379760609358, 0.05930359085963003, 0.009249183895538629, 0.01632208922742111
N:TGTAG, 0.052982731554160126, 0.0019623233908948193, 0.07260596546310832, 0.05886970172684458, 0.02315541601255887, 0.041601255886970175, 0.040031397174254316, 0.09262166405023547, 0.08124018838304553, 0.029827315541601257, 0.03139717425431711, 0.034929356357927786, 0.041601255886970175, 0.13736263736263737, 0.03728414442700157, 0.07496075353218211, 0.033751962323390894, 0.029042386185243328, 0.04748822605965463, 0.015306122448979591, 0.02197802197802198
N:TGTAT, 0.06336456938866578, 0.0035698348951361, 0.0606871932173137, 0.06381079875055778, 0.02766622043730477, 0.04506916555109326, 0.037037037037037035, 0.12226684515841142, 0.08433734939759036, 0.031236055332440876, 0.04373047746541723, 0.041499330655957165, 0.02989736724676484, 0.07541276215975011, 0.05979473449352968, 0.058902275769745646, 0.029451137884872823, 0.027666220437304774, 0.060240963855421686, 0.011601963409192324, 0.022757697456492636
N:TGTCA, 0.056759840273816316, 0.002567027952082145, 0.061608670849971486, 0.06332002281802625, 0.02338847689674843, 0.0419281232173417, 0.048203080433542496, 0.09897318881916714, 0.08128921848260126, 0.03280091272104963, 0.03536794067313177, 0.025955504848830576, 0.05476326297775243, 0.09469480889903023, 0.04107244723331432, 0.07986309184255562, 0.031660011409013124, 0.02481460353679407, 0.06217912150598973, 0.019680547632629778, 0.019110096976611524
N:TGTCC, 0.04047890535917902, 0.0011402508551881414, 0.05843785632839224, 0.05216647662485747, 0.029646522234891677, 0.04133409350057012, 0.03848346636259977, 0.11031927023945268, 0.08124287343215507, 0.03563283922462942, 0.03192702394526795, 0.029646522234891677, 0.0419042189281642, 0.12286202964652224, 0.030786773090079815, 0.07810718358038768, 0.039908779931584946, 0.023660205245153935, 0.06499429874572406, 0.022519954389965794, 0.024800456100342077
N:TGTCG, 0.036585365853658534, 0.006968641114982578, 0.07317073170731707, 0.04878048780487805, 0.02264808362369338, 0.04355400696864112, 0.06968641114982578, 0.0818815331010453, 0.078397212543554, 0.03484320557491289, 0.04529616724738677, 0.02264808362369338, 0.05749128919860627, 0.06620209059233449, 0.04529616724738676, 0.06097560975609756, 0.04529616724738676, 0.0313588850174216, 0.06445993031358885, 0.03832752613240418, 0.026132404181184673
N:TGTCT, 0.04899673355109659, 0.0027998133457769483, 0.0648623425104993, 0.05272981801213252, 0.026831544563695752, 0.052029864675688285, 0.04503033131124592, 0.11362575828278115, 0.07652823145123658, 0.03336444237050863, 0.031031264582361176, 0.032664489034064395, 0.0459636024265049, 0.0996266915538964, 0.043630424638357444, 0.07629491367242183, 0.03453103126458236, 0.02636490900606626, 0.05296313579094727, 0.01679888007466169, 0.02333177788147457
N:TGTGA, 0.05196518069111052, 0.005011870218939594, 0.05935109469796887, 0.06172513848588763, 0.03059878659984173, 0.04537061461355843, 0.03719335267739383, 0.11210762331838567, 0.08230018464785017, 0.0311263518860459, 0.03244526510155632, 0.03244526510155632, 0.04167765761012925, 0.09759957794777104, 0.04563439725666051, 0.07807966235821683, 0.02980743867053548, 0.030862569242943814, 0.05671326826694804, 0.01556317594302295, 0.02242152466367713
N:TGTGC, 0.04722222222222222, 0.001851851851851852, 0.05277777777777778, 0.05154320987654321, 0.024382716049382715, 0.04938271604938271, 0.0441358024691358, 0.08641975308641975, 0.06759259259259259, 0.035493827160493825, 0.026234567901234566, 0.03950617283950617, 0.03580246913580247, 0.11666666666666667, 0.043827160493827164, 0.1169753086419753, 0.043209876543209874, 0.026851851851851852, 0.047839506172839504, 0.019753086419753086, 0.022530864197530864
N:TGTGG, 0.04899882214369847, 0.0021201413427561835, 0.0690223792697291, 0.05206124852767962, 0.02120141342756184, 0.04475853945818609, 0.04122497055359246, 0.09917550058892816, 0.0895170789163722, 0.03674911660777385, 0.032273262661955245, 0.02850412249705536, 0.0464075382803298, 0.08833922261484099, 0.03486454652532391, 0.07962308598351, 0.048292108362779744, 0.032273262661955245, 0.0657243816254417, 0.0160188457008245, 0.022850412249705535
N:TGTGT, 0.046836298131051564, 0.0024769196126998424, 0.05764467462283269, 0.05854537266381445, 0.024994370637243864, 0.04931321774375141, 0.04638594911056068, 0.09547399234406666, 0.09637469038504841, 0.03467687457779779, 0.029272686331907227, 0.03152443143436163, 0.04413420400810628, 0.10943481197928394, 0.03760414321098852, 0.08534113938302185, 0.035127223598288675, 0.027696464760189148, 0.050213915784733165, 0.01283494708399009, 0.024093672596262102
N:TGTTA, 0.07764317180616741, 0.003303964757709251, 0.06112334801762115, 0.07433920704845814, 0.0302863436123348, 0.039647577092511016, 0.04515418502202643, 0.09361233480176212, 0.09966960352422907, 0.0302863436123348, 0.037995594713656385, 0.03909691629955947, 0.037995594713656385, 0.061123348017621135, 0.051211453744493395, 0.05286343612334802, 0.026982378854625552, 0.03634361233480176, 0.045704845814977975, 0.024229074889867842, 0.03138766519823789
N:TGTTC, 0.05864386072083079, 0.003970678069639584, 0.05986560781918143, 0.06139279169211973, 0.03451435552840562, 0.03817959682345754, 0.049175320708613315, 0.09987782529016494, 0.10201588271227856, 0.03329260843005498, 0.03329260843005498, 0.03512522907758094, 0.04337202199144777, 0.07116676847892488, 0.03909590714722053, 0.08032987171655467, 0.033598045204642636, 0.028711056811240074, 0.054062309102015885, 0.01710445937690898, 0.023213194868662187
N:TGTTG, 0.061553335481791815, 0.003867225265871737, 0.06219787302610377, 0.053496616177892364, 0.02191427650660651, 0.04350628424105704, 0.045117628101836935, 0.10473735095069288, 0.08604576216564615, 0.03867225265871737, 0.03512729616500161, 0.03512729616500162, 0.048340315823396714, 0.09506928778601353, 0.03867225265871737, 0.07863358040605867, 0.03577183370931357, 0.03061553335481792, 0.04447309055752498, 0.01675797615211086, 0.02030293264582662
N:TGTTT, 0.06541834557952121, 0.0033183218772220905, 0.07489926522872718, 0.05830765584261673, 0.030812988859919413, 0.04456032235126807, 0.04503436833372837, 0.0907798056411472, 0.09315003555344868, 0.03697558663190329, 0.03744963261436359, 0.039819862526665084, 0.04456032235126807, 0.058544678833846876, 0.04456032235126807, 0.06944773643043375, 0.030812988859919413, 0.03673856364067315, 0.051671012088172555, 0.01990993126333254, 0.023228253140554635
N:TTCAA, 0.08007749434937035, 0.004843396835647401, 0.07652567000322893, 0.06328705198579271, 0.027445915402001936, 0.03939296092993219, 0.044559250887956085, 0.08524378430739425, 0.08524378430739425, 0.033580884727155313, 0.03132063287051986, 0.04972554084597998, 0.04036164029706168, 0.07491120439134646, 0.046173716499838556, 0.06587019696480464, 0.025508556667742977, 0.025185663545366485, 0.05489183080400387, 0.020342266709719083, 0.025508556667742977
N:TTCAC, 0.05485789821546596, 0.002974223397224058, 0.05717118307997356, 0.05584930601454065, 0.026768010575016522, 0.04560475875743556, 0.03767349636483807, 0.08889623265036352, 0.08955717118307997, 0.028089887640449437, 0.03205551883674818, 0.03139458030403172, 0.040647719762062134, 0.1520158625247852, 0.04758757435558493, 0.0690680766688698, 0.028750826173165895, 0.030733641771315268, 0.04560475875743556, 0.014540647719762063, 0.02015862524785195
N:TTCAG, 0.053851397409679626, 0.0027266530334014998, 0.05589638718473074, 0.05657805044308112, 0.024994319472847082, 0.04521699613724154, 0.04226312201772325, 0.1281526925698705, 0.08588957055214724, 0.03317427857305158, 0.029765962281299706, 0.031129288798000455, 0.041127016587139284, 0.1088389002499432, 0.03635537377868666, 0.0736196319018405, 0.030220404453533287, 0.024539877300613498, 0.05521472392638037, 0.017496023630992955, 0.022949329697795954
N:TTCAT, 0.07435968052877995, 0.004957312035251997, 0.07215643073533462, 0.06499586890663729, 0.027540622418066648, 0.0418617460754613, 0.036353621591847976, 0.0837234921509226, 0.1019003029468466, 0.029468465987331313, 0.042137152299641975, 0.04131093362709997, 0.04048471495455797, 0.0633434315615533, 0.054530432387771964, 0.07463508675296061, 0.03442577802258331, 0.025337372624621317, 0.04571743321399064, 0.015147342329936657, 0.025612778848801983
N:TTCCA, 0.05375586854460094, 0.0014084507042253522, 0.06596244131455399, 0.05070422535211268, 0.029577464788732393, 0.052112676056338035, 0.045539906103286384, 0.10328638497652583, 0.08732394366197183, 0.038262910798122066, 0.03215962441314554, 0.03192488262910798, 0.048826291079812206, 0.07488262910798123, 0.036854460093896715, 0.07676056338028169, 0.036854460093896715, 0.026056338028169014, 0.058685446009389665, 0.020187793427230045, 0.028873239436619718
N:TTCCC, 0.04772234273318872, 0.0008134490238611713, 0.057483731019522775, 0.05802603036876356, 0.0368763557483731, 0.054501084598698485, 0.04853579175704989, 0.08622559652928416, 0.08432754880694143, 0.04148590021691974, 0.03172451193058569, 0.03768980477223427, 0.050433839479392624, 0.05558568329718004, 0.04013015184381779, 0.08324295010845988, 0.0398590021691974, 0.027114967462039046, 0.06860086767895879, 0.020065075921908895, 0.02955531453362256
N:TTCCG, 0.05247225025227043, 0.004036326942482341, 0.06559031281533804, 0.06458123107971746, 0.033299697275479316, 0.04742684157416751, 0.05146316851664985, 0.047426841574167516, 0.06559031281533804, 0.056508577194752774, 0.04238143289606458, 0.038345105953582245, 0.05146316851664985, 0.06357214934409688, 0.04036326942482341, 0.06559031281533804, 0.045408678102926335, 0.025227043390514632, 0.06559031281533804, 0.029263370332996974, 0.044399596367305755
N:TTCCT, 0.05910852713178295, 0.002325581395348837, 0.06492248062015504, 0.062209302325581396, 0.02616279069767442, 0.04806201550387597, 0.04825581395348837, 0.08953488372093023, 0.09205426356589147, 0.03875968992248061, 0.03682170542635659, 0.03682170542635659, 0.04844961240310078, 0.06027131782945736, 0.044573643410852716, 0.07732558139534884, 0.029069767441860465, 0.028294573643410852, 0.06356589147286822, 0.021899224806201552, 0.021511627906976742
N:TTCGA, 0.07924528301886792, 0.0, 0.06415094339622641, 0.045283018867924525, 0.035849056603773584, 0.020754716981132074, 0.06415094339622641, 0.05849056603773585, 0.07358490566037736, 0.050943396226415104, 0.043396226415094344, 0.03207547169811321, 0.06037735849056604, 0.07735849056603773, 0.04339622641509434, 0.09433962264150944, 0.033962264150943396, 0.020754716981132074, 0.04905660377358491, 0.026415094339622643, 0.026415094339622643
N:TTCGC, 0.05113636363636364, 0.0, 0.07575757575757576, 0.058712121212121215, 0.03409090909090909, 0.043560606060606064, 0.05492424242424243, 0.08143939393939395, 0.06439393939393939, 0.04924242424242424, 0.03787878787878788, 0.04734848484848485, 0.045454545454545456, 0.10984848484848485, 0.032196969696969696, 0.03977272727272727, 0.03977272727272727, 0.03409090909090909, 0.05113636363636364, 0.024621212121212117, 0.024621212121212117
N:TTCGG, 0.0594059405940594, 0.002828854314002829, 0.08203677510608202, 0.05374823196605375, 0.03536067892503536, 0.04526166902404526, 0.04950495049504951, 0.0876944837340877, 0.055162659123055166, 0.05091937765205092, 0.04809052333804809, 0.04384724186704385, 0.0594059405940594, 0.06364922206506365, 0.0297029702970297, 0.05799151343705799, 0.04101838755304102, 0.03253182461103253, 0.055162659123055166, 0.009900990099009901, 0.03677510608203677
N:TTCGT, 0.08333333333333333, 0.0016666666666666668, 0.09166666666666666, 0.043333333333333335, 0.04666666666666667, 0.025, 0.07166666666666667, 0.06166666666666667, 0.07166666666666667, 0.03166666666666667, 0.045, 0.03333333333333333, 0.03833333333333333, 0.06833333333333333, 0.06, 0.056666666666666664, 0.025, 0.02666666666666667, 0.065, 0.021666666666666664, 0.03166666666666667
N:TTCTA, 0.0648508430609598, 0.0038910505836575876, 0.07133592736705577, 0.07738867271941202, 0.03415477734543882, 0.044098573281452655, 0.03674881106787722, 0.09035884133160398, 0.09770860354517942, 0.03718115002161695, 0.03458711629917856, 0.03372243839169909, 0.04539559014267185, 0.05058365758754863, 0.050151318633808915, 0.06355382619974059, 0.029399048854301772, 0.02680501513186338, 0.057933419801124084, 0.02291396454820579, 0.027237354085603113
N:TTCTC, 0.05070603337612324, 0.0023534445870774497, 0.07124518613607189, 0.05626872058194266, 0.029097133076593923, 0.04878048780487805, 0.0410783055198973, 0.10740265297389816, 0.08451005562687205, 0.03337612323491656, 0.03316217372700043, 0.02995293110825845, 0.044929396662387676, 0.07980316645271716, 0.0410783055198973, 0.08108686350021395, 0.038510911424903725, 0.02717158750534874, 0.05712451861360719, 0.020325203252032523, 0.022036799315361573
N:TTCTG, 0.05312383090160868, 0.0037411148522259632, 0.060793116348671905, 0.05518144407033296, 0.0306771417882529, 0.04900860456416012, 0.044519266741488955, 0.11036288814066592, 0.08473625140291807, 0.03423120089786756, 0.03292181069958848, 0.031612420501309385, 0.04433221099887767, 0.07164234942012719, 0.04115226337448559, 0.09726898615787505, 0.03385708941264497, 0.023943135054246164, 0.05443322109988777, 0.01926674148896371, 0.02319491208380097
N:TTCTT, 0.06716282446905064, 0.005082592121982211, 0.07260845888546016, 0.060991105463786534, 0.032129243056816116, 0.036304229442730075, 0.044472681067344345, 0.08005082592121983, 0.0940279542566709, 0.04229442730078054, 0.04193138500635324, 0.03721183517879833, 0.0442911599201307, 0.05409330186966781, 0.05245961154474496, 0.07151933200217825, 0.03521510255944817, 0.02940642584861136, 0.05409330186966783, 0.016699945543655836, 0.02795425667090216
N:TTTAA, 0.06754921928038017, 0.0033944331296673455, 0.06754921928038017, 0.06958587915818058, 0.04005431093007468, 0.04480651731160896, 0.055668703326544465, 0.09572301425661914, 0.09063136456211812, 0.038357094365241, 0.03665987780040733, 0.04752206381534284, 0.03937542430414121, 0.05227427019687712, 0.059402579769178544, 0.048879837067209775, 0.025797691785471828, 0.027834351663272233, 0.04107264086897488, 0.016632722335369995, 0.031228784792939578
N:TTTAC, 0.07303921568627451, 0.0029411764705882353, 0.07647058823529412, 0.060784313725490195, 0.02696078431372549, 0.04215686274509804, 0.04607843137254902, 0.09901960784313725, 0.09166666666666666, 0.031862745098039214, 0.03872549019607843, 0.039705882352941174, 0.03431372549019608, 0.058333333333333334, 0.058333333333333334, 0.06715686274509804, 0.030882352941176472, 0.023529411764705882, 0.05196078431372549, 0.020588235294117643, 0.02549019607843137
N:TTTAG, 0.06401766004415012, 0.004966887417218543, 0.076158940397351, 0.057947019867549666, 0.0347682119205298, 0.04249448123620309, 0.03642384105960265, 0.09878587196467992, 0.09381898454746136, 0.03642384105960265, 0.0347682119205298, 0.04194260485651215, 0.04194260485651214, 0.05684326710816777, 0.05077262693156733, 0.05849889624724062, 0.037527593818984545, 0.0336644591611479, 0.052428256070640174, 0.02041942604856512, 0.025386313465783666
N:TTTAT, 0.07550588945937783, 0.0045303533675626695, 0.0640289942615524, 0.08124433705829055, 0.02778616732105104, 0.04288734521292661, 0.041679250981576564, 0.11325883418906675, 0.09302325581395349, 0.02627604953186348, 0.04500151011778919, 0.04409543944427665, 0.03443068559347629, 0.04922983992751435, 0.04922983992751435, 0.06100875868317729, 0.021141649048625793, 0.031108426457263666, 0.04137722742373905, 0.022047719722138325, 0.031108426457263666
N:TTTCA, 0.06814777833250125, 0.003494757863205192, 0.06989515726410385, 0.06465302046929605, 0.025961058412381426, 0.04343484772840739, 0.038442336495257114, 0.11283075386919621, 0.09710434348477284, 0.03320019970044932, 0.03344982526210684, 0.04018971542685971, 0.03719420868696954, 0.07289066400399401, 0.05441837244133799, 0.06015976035946081, 0.026210683974038942, 0.024213679480778832, 0.04942586120818772, 0.01797304043934099, 0.02670993509735397
N:TTTCC, 0.052988144205177834, 0.0016936849745947254, 0.060004839099927404, 0.054923784176143235, 0.033631744495523835, 0.05032663924510042, 0.04766513428502299, 0.09533026857004596, 0.08686184369707234, 0.03895475441567869, 0.03822888942656666, 0.03266392451004113, 0.05250423421243649, 0.06145656907815146, 0.04379385434309219, 0.07065085894023712, 0.03193805952092911, 0.025647229615291554, 0.07016694894749577, 0.022743769658843453, 0.02782482458262763
N:TTTCG, 0.07509157509157509, 0.003663003663003663, 0.07509157509157509, 0.056776556776556776, 0.0347985347985348, 0.029304029304029304, 0.08241758241758242, 0.08241758241758243, 0.06593406593406594, 0.04395604395604396, 0.029304029304029304, 0.032967032967032975, 0.06227106227106227, 0.05494505494505495, 0.05311355311355312, 0.053113553113553105, 0.029304029304029304, 0.02564102564102564, 0.054945054945054944, 0.023809523809523805, 0.031135531135531136
N:TTTCT, 0.061078838174273856, 0.003817427385892116, 0.07136929460580912, 0.06157676348547718, 0.028215767634854772, 0.042157676348547723, 0.04049792531120332, 0.10141078838174274, 0.08846473029045643, 0.03535269709543568, 0.0350207468879668, 0.03369294605809128, 0.04116182572614108, 0.06473029045643154, 0.05161825726141079, 0.07734439834024898, 0.029211618257261412, 0.028713692946058092, 0.05858921161825726, 0.02058091286307054, 0.025394190871369293
N:TTTGA, 0.07558700546799614, 0.0032164683177870698, 0.07816018012222581, 0.0646510131875201, 0.02991315535541975, 0.047282084271469925, 0.037954326149887425, 0.0971373431971695, 0.0971373431971695, 0.033451270504985524, 0.03473785783210035, 0.04374396912190415, 0.04470890961724027, 0.058861370215503375, 0.045030556449018974, 0.06561595368285622, 0.02894821486008363, 0.02991315535541975, 0.04406561595368286, 0.018012222579607592, 0.021871984560952074
N:TTTGC, 0.06760251200591061, 0.0014776505356483192, 0.06353897303287773, 0.05356483191725157, 0.03176948651643886, 0.0421130402659771, 0.05245659401551533, 0.09198374584410786, 0.07462135205024012, 0.04432951606944958, 0.03398596231991135, 0.04359069080162541, 0.04950129294421869, 0.06243073513114149, 0.046545991872922056, 0.0712966383450314, 0.03620243812338382, 0.0384189139268563, 0.04839305504248245, 0.021056520132988546, 0.025120059106021424
N:TTTGG, 0.06242350061199511, 0.0027539779681762548, 0.07068543451652387, 0.06334149326805386, 0.026621787025703794, 0.05599755201958384, 0.04528763769889841, 0.09791921664626681, 0.0850673194614443, 0.039473684210526314, 0.03243574051407589, 0.039473684210526314, 0.05018359853121175, 0.052937576499388, 0.040085679314565484, 0.07527539779681762, 0.03763769889840881, 0.028457772337821298, 0.051407588739290085, 0.016829865361077112, 0.025703794369645042
N:TTTGT, 0.0600450337753315, 0.0040030022516887665, 0.0668001000750563, 0.06304728546409807, 0.03002251688766575, 0.0355266449837378, 0.044033024768576436, 0.10357768326244683, 0.09231923942957218, 0.03402551913935452, 0.03452589442081561, 0.04303227420565424, 0.041531148361270954, 0.05854390793094821, 0.048286214660995745, 0.08181135851888917, 0.03352514385789342, 0.030773079809857395, 0.05328996747560671, 0.02001501125844383, 0.021265949462096572
N:TTTTA, 0.06441363373772385, 0.004910456383593298, 0.07250144425187753, 0.06759098786828423, 0.03148469093009821, 0.04246100519930676, 0.04448295782784518, 0.09589832466782207, 0.09560947429231657, 0.03495089543616407, 0.040439052570768345, 0.04390525707683421, 0.03264009243212016, 0.055170421721548235, 0.06036972848064703, 0.05545927209705372, 0.030618139803581745, 0.02975158867706528, 0.045060658578856154, 0.019064124783362217, 0.03321779318313114
N:TTTTC, 0.06382978723404255, 0.0031598904571308196, 0.07141352433115652, 0.05856330313882452, 0.02949231093322098, 0.04676637876553613, 0.04592374131030124, 0.10511902254055193, 0.09711396671582052, 0.037918685485569835, 0.03496945439224774, 0.03518011375605646, 0.043395828944596586, 0.05729934695597219, 0.053296819043606496, 0.06298714977880766, 0.02759637665894249, 0.02759637665894249, 0.056035390773119864, 0.018538024015167475, 0.02380450811038551
N:TTTTG, 0.06756393001345895, 0.0051144010767160165, 0.06971736204576043, 0.058681022880215344, 0.026110363391655452, 0.046029609690444145, 0.04360699865410498, 0.10928667563930014, 0.08882907133243607, 0.03472409152086137, 0.03149394347240916, 0.04576043068640646, 0.04306864064602961, 0.05464333781965007, 0.052489905787348586, 0.07240915208613728, 0.03095558546433378, 0.03230148048452221, 0.04576043068640646, 0.02072678331090175, 0.02072678331090175
N:TTTTT, 0.060397433891409794, 0.004381161007667032, 0.07103739633860116, 0.05898920356751682, 0.032232827413550304, 0.045219840400563295, 0.05726803317164763, 0.08558910968549523, 0.09372555155687685, 0.039586919104991396, 0.04443749022062275, 0.0434986700046941, 0.03426693788139571, 0.04866218119230167, 0.05053982162415897, 0.05726803317164763, 0.02722578626193084, 0.033953997809419496, 0.059615083711469265, 0.02550461586606165, 0.026599906117978408
T:AACAA, 0.04556445113105153, 0.002023892679956298, 0.07538552468969964, 0.09506922429387638, 0.048054018232944674, 0.05829885551555532, 0.06182723478946143, 0.05195851915533823, 0.0676660756183619, 0.03723604320025791, 0.06096752816434725, 0.04812566045170419, 0.06696756398545663, 0.030501674636863502, 0.045474898357602135, 0.039385309763043365, 0.037307685419017425, 0.034316622785807674, 0.04019128472408791, 0.023606111081260192, 0.030071821324306414
T:AACAC, 0.03566740093006698, 0.0009790178670760741, 0.06775248648287831, 0.09118216407449437, 0.047259862492490486, 0.060966112631555526, 0.06116636628618472, 0.05046392096655764, 0.07760941637184879, 0.041741761787152616, 0.058340564715306055, 0.048060877111007275, 0.07376009612175423, 0.03123957012215473, 0.04174176178715261, 0.03918296508911287, 0.04051798945330752, 0.03237434083172018, 0.04483456823087022, 0.022984669470217833, 0.032174087177090985
T:AACAG, 0.03691191580782763, 0.0012765824952517362, 0.06817261886228478, 0.08928293427156958, 0.04670423763116107, 0.06270822305943892, 0.06178970638602609, 0.050331600087181246, 0.07738892175483389, 0.03913815113491297, 0.05964131145499268, 0.046657533393529904, 0.07768471525983124, 0.030855932994987078, 0.043170283650403214, 0.038655540679390976, 0.04088177600647632, 0.03191456238129339, 0.04285892206619547, 0.0236323442413675, 0.030342186381044304
T:AACAT, 0.04604902333038012, 0.002172720752647344, 0.07252246551069484, 0.09435514491836476, 0.046323250221490954, 0.057461080875838504, 0.0594228578660929, 0.05176559929122896, 0.07475846939206007, 0.0386870860228663, 0.05887440408387124, 0.047525629667130746, 0.06598320887651352, 0.030502468042019996, 0.04739906340969498, 0.04149263806269249, 0.03784331097329452, 0.03375100198287136, 0.04062776863688141, 0.022275661308695103, 0.030207146774669874
T:AACCA, 0.040053118574366005, 0.001092357779300891, 0.06770476353666896, 0.09721984235777931, 0.0459432830705963, 0.06033670322138451, 0.057145305003427, 0.05080534612748458, 0.07976353666895133, 0.039817511994516795, 0.05819482522275531, 0.04637165867032214, 0.07792152159013023, 0.029772104180945853, 0.039817511994516795, 0.03885366689513365, 0.04003169979437971, 0.03264222069910898, 0.042302090472926664, 0.02206134338588074, 0.032149588759424266
T:AACCC, 0.03381121362668559, 0.00056777856635912, 0.06080908445706175, 0.08874378992193045, 0.04397444996451384, 0.06546486870120653, 0.059276082327892124, 0.04687012065294536, 0.08738112136266855, 0.04343506032647268, 0.05709013484740951, 0.047097232079489, 0.08300922640170333, 0.027139815471965936, 0.03596877217885025, 0.03943222143364088, 0.04550745209368346, 0.03119943222143364, 0.047721788502484035, 0.02185947480482612, 0.03364088005677786
T:AACCG, 0.029492124718739954, 0.00024108003857280618, 0.06340405014464803, 0.08389585342333655, 0.043796207007393124, 0.06436837029893926, 0.061636129861780777, 0.04845708775313404, 0.07634201221472195, 0.04186756669881067, 0.05930568948891032, 0.04990356798457088, 0.08269045323047251, 0.03045644487303118, 0.03648344583735134, 0.04042108646737383, 0.047412407585985215, 0.03407264545162327, 0.044599807135969144, 0.025313404050144647, 0.035840565734490515
T:AACCT, 0.03589932530453405, 0.001266493195477468, 0.06850576830082668, 0.09213162318373362, 0.044672669076841594, 0.06316346973081263, 0.060929836276970545, 0.04851820296129136, 0.0787758767586985, 0.041103460980496005, 0.05731457388260759, 0.04577797222925829, 0.080618048679393, 0.0301885923503811, 0.039583669145923046, 0.03926128905980151, 0.04310682294425127, 0.03311304027448361, 0.04232389987795611, 0.021161949938978054, 0.03258341584728395
T:AACGA, 0.03462732919254658, 0.0010093167701863352, 0.06599378881987578, 0.08827639751552795, 0.04922360248447205, 0.06288819875776397, 0.06684782608695652, 0.04798136645962733, 0.06653726708074534, 0.04355590062111801, 0.05434782608695652, 0.053338509316770186, 0.07437888198757764, 0.03361801242236025, 0.042391304347826085, 0.03850931677018634, 0.04386645962732919, 0.0312888198757764, 0.04588509316770186, 0.022437888198757763, 0.03299689440993789
T:AACGC, 0.026783436782586514, 0.0005101607006206955, 0.06513051611257545, 0.08213587279993198, 0.04642462375648329, 0.061729444775104156, 0.062069551908851286, 0.0527166057308052, 0.07754442649434572, 0.043108579202448774, 0.05212141824674772, 0.05169628432956382, 0.0805203639146331, 0.031714990221919905, 0.041578097100586686, 0.04021766856559817, 0.04387382025337982, 0.03282033840659808, 0.04676473089023042, 0.02525295468072443, 0.035286115126264776
T:AACGG, 0.02688134406720336, 0.000840042002100105, 0.06356317815890795, 0.08778438921946097, 0.04599229961498075, 0.06496324816240812, 0.06468323416170808, 0.04655232761638082, 0.07021351067553377, 0.04403220161008051, 0.057472873643682185, 0.05467273363668183, 0.08533426671333566, 0.030381519075953798, 0.03696184809240462, 0.039691984599229964, 0.04809240462023101, 0.02968148407420371, 0.04277213860693035, 0.025831291564578227, 0.0336016800840042
T:AACGT, 0.03103448275862069, 0.00039184952978056425, 0.0706896551724138, 0.08832288401253918, 0.05274294670846395, 0.059639498432601884, 0.06512539184952978, 0.05070532915360502, 0.06324451410658308, 0.044200626959247646, 0.056818181818181816, 0.052586206896551725, 0.075, 0.032993730407523514, 0.04333855799373041, 0.04036050156739812, 0.04247648902821317, 0.03369905956112853, 0.046238244514106575, 0.022178683385579937, 0.02821316614420063
T:AACTA, 0.04888287068381855, 0.0022568269013766647, 0.07289550891446626, 0.09298126833671858, 0.04888287068381855, 0.062378695554051004, 0.055788761002031145, 0.048521778379598285, 0.070503272399007, 0.03949447077409163, 0.05948995712028887, 0.04585872263597382, 0.07248928007221846, 0.0332204919882645, 0.04635522455427669, 0.04089370345294516, 0.03773414579101783, 0.030151207402392237, 0.038817422703678627, 0.02252313247573911, 0.029880388174227036
T:AACTC, 0.03681306767533187, 0.0010841544799672345, 0.0697231792227817, 0.09147854578745754, 0.044281687426217256, 0.062423205724335656, 0.06097766641771268, 0.04999156768737803, 0.07743272219143758, 0.040185992724118824, 0.05835160334401426, 0.045100826366636954, 0.07784229166164744, 0.03083817187462356, 0.04317344062447299, 0.037222637145541713, 0.041342424169417205, 0.031199556701279302, 0.04454670296576481, 0.02245404389621028, 0.033536511913653116
T:AACTG, 0.038984587488667274, 0.001529918404351768, 0.06722197038380175, 0.09281504986400725, 0.04618087035358114, 0.060063463281958294, 0.05944016319129646, 0.049184043517679056, 0.07528709579933515, 0.04119446962828649, 0.061498942278634026, 0.04703082502266546, 0.07579706860078574, 0.03090057419159867, 0.04393321245089151, 0.03775687518887882, 0.042176639468117255, 0.03375264430341493, 0.041912209126624356, 0.02268434572378362, 0.030655031731640976
T:AACTT, 0.044793320141773035, 0.002022222705429559, 0.07253908543347322, 0.09278305681793472, 0.048446367609645796, 0.057644219269825395, 0.06271064819848225, 0.05007719237208898, 0.06764661114614365, 0.040009567505273, 0.058166083193807214, 0.04785927069516623, 0.0708430276805323, 0.03118136945791385, 0.043662614973145754, 0.041357715975559366, 0.040400965448259364, 0.03383417773815477, 0.040400965448259364, 0.02254887038204788, 0.031072647807084304
T:AATAA, 0.053272136558197104, 0.0033520705481924606, 0.08063018926306018, 0.09981434686194626, 0.05048733948739106, 0.05407147645815069, 0.05801660564179258, 0.052936929503377854, 0.060208344077149194, 0.03697591666236914, 0.05930586354494353, 0.04873394873910577, 0.058454953328863905, 0.03187045536589139, 0.05017791759063483, 0.04293228817492651, 0.03434583053994121, 0.0355577329689031, 0.03648599865917178, 0.022897220359960807, 0.02947243566603063
T:AATAC, 0.04859642726941305, 0.0023332118118847976, 0.07499088589135983, 0.0989427633977397, 0.04998177178271965, 0.05690849434925265, 0.060444768501640544, 0.05169522420707255, 0.06430915056507473, 0.038899015676266864, 0.057200145825738236, 0.04637258476121035, 0.06609551585854903, 0.03277433467006927, 0.04640904119577105, 0.04061246810061976, 0.03776886620488516, 0.031279620853080566, 0.04083120670798396, 0.023332118118847976, 0.03022238425082027
T:AATAG, 0.05123528436411872, 0.0018239097993699221, 0.07266622450671531, 0.10006632399270436, 0.048996849610346546, 0.05438567401757586, 0.056997181230310064, 0.052603216713646164, 0.0721687945614326, 0.0375559608688443, 0.06081081081081082, 0.04655115237937324, 0.06781628254020892, 0.03200132647985409, 0.04302769026695407, 0.04070635052230144, 0.03482009616978942, 0.03411540374730559, 0.038509368263969494, 0.02250870502404245, 0.030633394130326647
T:AATAT, 0.056079170593779454, 0.0031878915562454954, 0.07917059377945335, 0.10021067805067362, 0.052808116649110164, 0.054887176359705046, 0.058241392692798134, 0.0526972334645451, 0.07140877085989909, 0.036757775683317624, 0.058075067915950546, 0.04554526806009868, 0.05887897100404724, 0.028995952763763374, 0.04912125076232189, 0.03855962743249986, 0.030437434163109164, 0.03268281865055164, 0.03933580972445529, 0.022758773631978712, 0.030160226201696512
T:AATCA, 0.04936340094950367, 0.0021849374190763917, 0.07331678895123003, 0.09702740612861459, 0.04787980146741476, 0.0589663357790246, 0.05680837289598619, 0.05260034527406129, 0.07183318946914113, 0.03868148467846353, 0.05899331031506258, 0.0476909797151489, 0.06317436340094951, 0.030427276650841606, 0.0471514889943893, 0.04081247302546396, 0.03560638757013379, 0.03347539922313336, 0.03854661199827363, 0.024627751402675875, 0.03083189469141131
T:AATCC, 0.04449280619030347, 0.0015415306492564383, 0.06936887921653971, 0.08898561238060694, 0.04648772820698827, 0.061358965058638616, 0.05927336476846814, 0.05271430298633781, 0.0794341675734494, 0.03793374440817313, 0.05915246040382058, 0.045550719380969655, 0.0720892274211099, 0.029833151976786362, 0.04156087534760005, 0.04056341433925765, 0.039384596783943904, 0.032251239269737636, 0.044704388828436706, 0.022095272639342276, 0.031223552170233346
T:AATCG, 0.03918056643904623, 0.0005597223777006605, 0.06392029553341542, 0.08944363595656554, 0.04936751371319825, 0.06380835105787529, 0.05742751595208776, 0.050486958468599574, 0.06660696294637859, 0.04410612336281205, 0.05809918280532856, 0.055188626441285124, 0.07455502070972797, 0.02876973021381395, 0.041419455949848874, 0.0394044553901265, 0.0450016791671331, 0.032351953431098174, 0.0453375125937535, 0.02462778461882906, 0.0303369528713758
T:AATCT, 0.046845721424109935, 0.0020299812617114305, 0.0717520299812617, 0.09410784926087862, 0.045700603789298355, 0.060326879033937124, 0.05899958359358734, 0.05004684572142411, 0.0760722465125963, 0.03776285654799083, 0.0595981678117843, 0.048355194669997915, 0.0711013949614824, 0.030657922132000835, 0.0429419113054341, 0.03914220278992297, 0.03896002498438476, 0.032557776389756404, 0.03942848219862586, 0.022355819279616905, 0.03125650635019779
T:AATGA, 0.04550143481441191, 0.0016317497233527768, 0.07104675806965884, 0.09891779357428213, 0.04825852917455971, 0.058236584954142204, 0.059099349175685045, 0.05274115197779321, 0.07459159367556313, 0.0373801976855412, 0.05896805896805897, 0.0459703284130765, 0.06682671568167751, 0.030234259241892828, 0.04568899225387775, 0.04006226906990266, 0.03762402235684678, 0.03135960387868785, 0.04175028602509519, 0.023763527580321474, 0.03034679370557233
T:AATGC, 0.041995327744949844, 0.0014566442215198571, 0.06972653566029957, 0.09822729146626356, 0.048014291603682833, 0.0595575099628968, 0.059007832898172324, 0.05035041912876185, 0.07689982135495396, 0.03702075030919335, 0.05661673766662086, 0.04625532499656452, 0.07027621272502405, 0.030094819293664973, 0.04191287618524117, 0.043561907379414594, 0.04045623196372131, 0.03344784938848427, 0.042105263157894736, 0.023031469011955477, 0.029984883880720077
T:AATGG, 0.044178892074587195, 0.0011928928698491095, 0.069083146725823, 0.09505472657639746, 0.04761107506853902, 0.05989577883347634, 0.05734256953309755, 0.049557373961450726, 0.07770546010087269, 0.039951447167402634, 0.05719607391750204, 0.04782035451938974, 0.07324780779775233, 0.028880564217399495, 0.04032815017893394, 0.039470104430445976, 0.039072473473829604, 0.03354749597137057, 0.04463930686645878, 0.02264403658204801, 0.03158026913337379
T:AATGT, 0.043905381533025985, 0.002391313714507303, 0.07436770218449738, 0.09875479339911242, 0.04730923348700935, 0.05857641432203025, 0.060041363264250934, 0.04950665690034039, 0.0738937481149554, 0.03823947606531949, 0.05853332758843552, 0.049075789564393124, 0.06639665646947306, 0.02996682321513206, 0.046167435046749104, 0.03860571330087466, 0.03668835365590935, 0.03197035632728683, 0.044250075401783794, 0.02210349433409453, 0.029255892110819078
T:AATTA, 0.05171915631320428, 0.004406240970817684, 0.08043195608205721, 0.10022392372146778, 0.053452759318116154, 0.05655879803524993, 0.05753394972551286, 0.05312770875469518, 0.056161514013290954, 0.033010690551863626, 0.058653568332851784, 0.04727679861311759, 0.06024270442068766, 0.03626119618607339, 0.0542112106327651, 0.04315949147645189, 0.03308292401040162, 0.03387749205431956, 0.035611095059231435, 0.023800924588269292, 0.02719589713955504
T:AATTC, 0.048718450401095674, 0.0015093495821337732, 0.07516001900662436, 0.09385918327417056, 0.051317885792548285, 0.05961930849428404, 0.057467087793834026, 0.0502557509014171, 0.06820024037789642, 0.0367834083349638, 0.06001062134891131, 0.04729295357352489, 0.06713810548676524, 0.03175224306118456, 0.04905386141934762, 0.041087849735863824, 0.03560946977108198, 0.031891997652122875, 0.04103194789948849, 0.02222097995919166, 0.030019286133549487
T:AATTG, 0.055594392729681, 0.0026491040877147797, 0.07399094889436697, 0.096250781853637, 0.04959711541999338, 0.058648221053018874, 0.05736046212149086, 0.05283490930497811, 0.07251922440119209, 0.03859597483351117, 0.0553368409433754, 0.04672725265830237, 0.06696346443945693, 0.0306854556826962, 0.04341587254865889, 0.03981014754038044, 0.036645939880054455, 0.03204680083888296, 0.03793369881158247, 0.023069281430516207, 0.02932411052650944
T:AATTT, 0.05385088498599057, 0.0033941547643454293, 0.07833891432606666, 0.09870384291213923, 0.05180072439007722, 0.05706280325292148, 0.057609512745165035, 0.051595708330485886, 0.06476229526868493, 0.03612838561242853, 0.05781452880475637, 0.04683477983553156, 0.05963689377890157, 0.034442698011344225, 0.05120845577348004, 0.04018314767990159, 0.03291646734549762, 0.03403266589216155, 0.03747237978086061, 0.023394610355588964, 0.028816146153670927
T:ACCAA, 0.0420200216795256, 0.001360283959276499, 0.06833301451678038, 0.09604880018703904, 0.04544198601458054, 0.06384832833854066, 0.05723819847393143, 0.04901273140768135, 0.07808880103721652, 0.039554507003336944, 0.05742948840570469, 0.04737613976917682, 0.07674977151480372, 0.03045760802567536, 0.03951199812960956, 0.03900189164488086, 0.041786222874024954, 0.03122276775276839, 0.04314650683330145, 0.022062105464515716, 0.03030882696762949
T:ACCAC, 0.03278086742653672, 0.0006056935190793458, 0.06099150193638382, 0.09336857368353431, 0.04056311142925316, 0.062019345483912414, 0.06137694326670705, 0.04895104895104896, 0.09021162564469651, 0.042508672429932275, 0.0565681038121983, 0.04654662922379458, 0.08576987317144798, 0.027770130132334855, 0.03476313712534185, 0.03683717856946203, 0.04515169869500578, 0.029770754180203, 0.05095167299891709, 0.020079657874933467, 0.032413780445276506
T:ACCAG, 0.031739756586564256, 0.0007059554400926215, 0.062067602292943266, 0.08803264337954989, 0.039928839691638664, 0.062067602292943266, 0.061629909920085844, 0.050052240702566864, 0.08865388416683138, 0.04287973343122582, 0.058086013610820886, 0.04556236410357778, 0.08632423121452575, 0.029537175613475276, 0.03488831784937735, 0.03775449693615339, 0.045872984497218536, 0.029974867986332702, 0.04875328269279643, 0.021221020529184197, 0.03426707706209584
T:ACCAT, 0.03960682876357993, 0.0009932747025349197, 0.0642731505431971, 0.09473357475426798, 0.04527677185721676, 0.06292809105018107, 0.06145887221934816, 0.04889808587687532, 0.08513191929643042, 0.03929643041903776, 0.05669943093636834, 0.04521469218830833, 0.08053802379720641, 0.027894464562855666, 0.04004138644593896, 0.03656492498706673, 0.04055871702017589, 0.032198654940506985, 0.044904293843766166, 0.021852043455768237, 0.030936368339368858
T:ACCCA, 0.03125845493407406, 0.0005771901661225446, 0.05815190923684638, 0.08951858732706841, 0.0406919067116394, 0.0654389350841435, 0.0605508558647932, 0.04781659782471456, 0.09352284410454356, 0.04247758878808102, 0.058242095200303025, 0.045074944535632475, 0.08578488843996321, 0.025504590465539944, 0.03365740156202089, 0.03887015024981512, 0.04684258941938277, 0.02974333074800238, 0.05227178441947295, 0.020544362475424325, 0.03345899244241626
T:ACCCC, 0.02596322241681261, 0.00024080560420315238, 0.05492556917688266, 0.08461033274956217, 0.03776269702276708, 0.06641856392294221, 0.0617338003502627, 0.04623467600700525, 0.09658493870402803, 0.04503064798598949, 0.056895796847635724, 0.05120402802101575, 0.0949430823117338, 0.025262697022767074, 0.028809106830122593, 0.0361646234676007, 0.04954028021015762, 0.027911558669001753, 0.05304290718038529, 0.020337127845884415, 0.03638353765323993
T:ACCCG, 0.024533097579843077, 0.00022101889711570338, 0.05326555420488452, 0.07940103878881645, 0.042380373521936125, 0.06658194275610564, 0.06801856558735772, 0.04657973256713449, 0.08774450215493425, 0.050502817990938226, 0.05470217703613659, 0.050392308542380373, 0.0927726820643165, 0.028400928279367885, 0.03061111725052492, 0.0374074483368328, 0.051276384130843185, 0.02878771134932037, 0.05088960106089071, 0.019891700740413305, 0.03563929715990717
T:ACCCT, 0.030781996276208208, 0.0004654739739334575, 0.056625920828948434, 0.08435197927628917, 0.03879624382741034, 0.06538897433821744, 0.06231279851048329, 0.04543430745567878, 0.09153646887395775, 0.04357241155994495, 0.05739496478588197, 0.04755929733667935, 0.09103051890229094, 0.025236784586740064, 0.033595078118675625, 0.03873552983081033, 0.05189022909414717, 0.028252246417874202, 0.05304379502954748, 0.018558244960738282, 0.035436736015542786
T:ACCGA, 0.026653128569615433, 0.00019037948978296737, 0.062317552988958, 0.08649574819139484, 0.04531031856834623, 0.06593476329483437, 0.06644244193425562, 0.04867368955451199, 0.07151922832846808, 0.044231501459576085, 0.05946186064221348, 0.05006980581292042, 0.08776494478994797, 0.030714557684985405, 0.036870161187968015, 0.03445868765071709, 0.04784871176545247, 0.030079959385708847, 0.04486609975885265, 0.0235435969031603, 0.03655286203832974
T:ACCGC, 0.022406125091482296, 0.00011259359342453415, 0.054776783201035864, 0.08726003490401396, 0.03963294488543602, 0.06834431120869222, 0.0644598322355458, 0.046838934864606205, 0.08382593030456567, 0.04757079322186568, 0.059111636547880424, 0.05134267860158757, 0.08883634521195743, 0.02961211507065248, 0.036818105049822664, 0.03529809153859145, 0.050779710634464896, 0.02690986882846366, 0.0506108202443281, 0.022349828294770023, 0.03310251646681304
T:ACCGG, 0.024367333407006298, 0.00011050944855785169, 0.05757542269864074, 0.08006409548016355, 0.039451873135153054, 0.06608465023759531, 0.06558735771908498, 0.0459719306000663, 0.08437396397391977, 0.046966515637086974, 0.05475743176041552, 0.05497845065753122, 0.08923637971046525, 0.029837551110619958, 0.03635760857553321, 0.03635760857553321, 0.05481268648469445, 0.027185324345231517, 0.04779533650127086, 0.021715106641617857, 0.03641286329981214
T:ACCGT, 0.02534775888717156, 0.0002472952086553323, 0.05576506955177744, 0.0861823802163833, 0.04414219474497682, 0.06380216383307573, 0.0648531684698609, 0.05051004636785163, 0.07523956723338485, 0.04327666151468315, 0.06003091190108192, 0.05230293663060278, 0.08760432766615146, 0.028500772797527052, 0.03653786707882535, 0.03795981452859351, 0.04945904173106646, 0.03183925811437403, 0.05100463678516229, 0.022256568778979906, 0.03313755795981453
T:ACCTA, 0.04131612719235705, 0.0012476828746613433, 0.06662626550691572, 0.08840724369028946, 0.04306288321688293, 0.06288321688293169, 0.05924711250534721, 0.04862398402965921, 0.07689291316127192, 0.04028233281049479, 0.05821331812348496, 0.04652074718380151, 0.08177670041351776, 0.02965920433480679, 0.038713817196634824, 0.03996150007129617, 0.044096677598745186, 0.033616141451589907, 0.045486952801939255, 0.02245829174390418, 0.030906887209468128
T:ACCTC, 0.029627979505457785, 0.0004798053361207739, 0.06186061654985692, 0.08564525249755814, 0.04146888976472403, 0.06520211799784087, 0.061757801120688176, 0.048940144284318934, 0.08566238840241959, 0.041383210240416746, 0.05819353290950529, 0.04643830217454633, 0.08994636461778364, 0.02757167092208304, 0.03619103106739551, 0.03739054440769745, 0.0460955840773172, 0.030878900560344088, 0.04914577514265641, 0.02056308583374745, 0.03555700258752163
T:ACCTG, 0.02967246844241784, 0.0006784185063671246, 0.06025690930323083, 0.08845020296947116, 0.04019351609853751, 0.06686314852916643, 0.06338208307846299, 0.04607685035867208, 0.0866040149029639, 0.04209531223933715, 0.05702051937941389, 0.04702218762164266, 0.0899071345159317, 0.02813768559194795, 0.03385419562920536, 0.037413112383918146, 0.04821220041149975, 0.02967246844241784, 0.048512484012678644, 0.021498081521436913, 0.0344770060612801
T:ACCTT, 0.03650011650743983, 0.0010485669584900635, 0.06665889950401119, 0.0900436070703372, 0.042774874338404184, 0.06316367630904429, 0.06203188975067408, 0.04785126993109417, 0.07899204420625146, 0.04114377018075297, 0.057671182716953505, 0.046469824573083456, 0.08122232948303984, 0.030441729636163907, 0.03823108418494724, 0.03926300722346127, 0.043873373056822346, 0.029925768116906892, 0.046103658333610735, 0.022219633168003728, 0.03436969475050764
T:ACTAA, 0.04791552522787269, 0.0023409871992827614, 0.075857946904418, 0.09368929620959307, 0.05095382776311202, 0.057777556407829854, 0.05932161179459083, 0.0517009513373512, 0.06704188872839567, 0.03660905513771978, 0.05812621407580814, 0.04766648403645963, 0.06689246401354784, 0.03411864322358918, 0.04771629227474224, 0.04074313891517657, 0.0375056034268068, 0.032126313692284705, 0.039746974149524335, 0.022712556656871042, 0.02943666882502366
T:ACTAC, 0.042153896475590806, 0.001512797448687546, 0.06631776923705945, 0.09510180717965491, 0.04538392346062638, 0.05871289557608962, 0.05973505601439202, 0.04824597268787309, 0.07985117344018317, 0.04133616812494889, 0.06022569302477717, 0.044443535857388174, 0.08181372148172378, 0.028579605854934992, 0.03671600294382206, 0.03855589173276638, 0.04194946438793033, 0.030215062556218825, 0.04403467168206722, 0.022323983972524327, 0.03279090686074087
T:ACTAG, 0.04942426926483614, 0.0012400354295837024, 0.0686152937702982, 0.08733392382639504, 0.044227930321818716, 0.06660761736049602, 0.055565397106584, 0.04824328314142309, 0.08243283141423088, 0.03672866843814585, 0.05727782698553292, 0.04718039563035134, 0.0757012105107765, 0.03218187186300561, 0.04080307056392087, 0.039622084440507827, 0.04050782403306761, 0.02863891349276646, 0.0438736344847948, 0.02202539120165338, 0.03176852671981104
T:ACTAT, 0.05047332373598569, 0.0026174584478471405, 0.07237272608297343, 0.10042315578240195, 0.046765257601535576, 0.05836932338699123, 0.05492300309732583, 0.04833573267024386, 0.07769489159359595, 0.037473280111678234, 0.06028879291541247, 0.04432229638354491, 0.06783579810670505, 0.028748418618854427, 0.04209745670287484, 0.041355843475984824, 0.036731666884788204, 0.03568468350564935, 0.040919600401343625, 0.022510142651485408, 0.030057147842777996
T:ACTCA, 0.03474805392752808, 0.0007802435085554607, 0.06434287165901545, 0.09261308994574585, 0.041443631942806335, 0.0640525484930413, 0.06363520894195351, 0.05006260093266317, 0.08386710457077534, 0.04251419861733592, 0.05478035237974271, 0.047449692438896046, 0.07891346555134184, 0.027852878735642614, 0.037905318357496685, 0.037161365244687994, 0.042260165847108566, 0.03164522509117962, 0.04812106476021121, 0.022118996207653646, 0.03373192284661865
T:ACTCC, 0.030480158139732608, 0.00046761748889408465, 0.06429740472293663, 0.08823091801815205, 0.04102280698025379, 0.0663166620613429, 0.06223563670372181, 0.04905732565307033, 0.08553148978680894, 0.04144791378833932, 0.057814525899632284, 0.04644291878334431, 0.08661551214742705, 0.028312113418496397, 0.03743065445193105, 0.03777073989839947, 0.04353093714795842, 0.029289859077093118, 0.04701681297425978, 0.02085148893659532, 0.03583650392161031
T:ACTCG, 0.027060422587421227, 0.00037069072037563324, 0.05900160632645496, 0.09329049796120104, 0.04207339676263438, 0.062399604596564934, 0.06042258742122821, 0.04726306684789324, 0.07908068701346843, 0.04608921290003707, 0.05702458915111825, 0.05010502903743976, 0.08482639317929075, 0.033176819473619175, 0.037192635611021874, 0.036451254170270606, 0.05016681082416904, 0.02885209440257012, 0.046707030767329794, 0.024218460397874706, 0.0342271098480168
T:ACTCT, 0.03599795533186537, 0.000825731362063542, 0.06763133060710916, 0.09279647687952186, 0.04537590437244417, 0.0636402956904687, 0.05772255426234665, 0.05145092796476879, 0.08198332809059453, 0.03853413022963196, 0.057506291286568104, 0.047145328719723184, 0.07936851211072665, 0.02947074551745832, 0.04126690783265178, 0.03784602076124567, 0.040421516200062915, 0.031535073922617174, 0.04529726329034287, 0.023199119219880465, 0.030984586347908148
T:ACTGA, 0.03951535966418623, 0.0013356229727151307, 0.06630414043121542, 0.09376073268460218, 0.044514405647777144, 0.06332760923487885, 0.05953062392673153, 0.04873115817592063, 0.07807670291929023, 0.038904789162373596, 0.06096164854035489, 0.04583094829231063, 0.07540545697385995, 0.03012783819881702, 0.04296889906506392, 0.037187559626025574, 0.0442854417095974, 0.03346689563060485, 0.0433886662850601, 0.02079755771799275, 0.031577943140622025
T:ACTGC, 0.031896644151388445, 0.0006611629319895644, 0.06277474000214431, 0.08959651191880204, 0.04151031056788535, 0.06484757514027376, 0.06281047853900862, 0.04872949501447411, 0.08309209820949931, 0.04301132911618598, 0.05911153997355349, 0.045798934991601446, 0.07832100353811515, 0.029877416818555443, 0.03818662663950538, 0.03686430077552625, 0.04565598084414424, 0.03200385976198134, 0.04939065794646367, 0.02258675529823809, 0.03327257782066402
T:ACTGG, 0.03478568101883823, 0.000722694203992484, 0.06234441999775161, 0.09006375768866334, 0.043554370693947034, 0.0633561918833411, 0.0601442176433745, 0.050460115309875216, 0.08539033516951194, 0.04172354537716608, 0.057108901986606064, 0.04578669279072382, 0.08455522186712063, 0.02823325356930637, 0.036664685949218685, 0.03817431384200299, 0.04639696789631747, 0.030754653347680152, 0.04580275266192365, 0.021247209597379024, 0.032730017505259605
T:ACTGT, 0.034485121545920205, 0.0014047590495605848, 0.06482449077484453, 0.09925821869700033, 0.04510647045723194, 0.059702259606324845, 0.06314563239854042, 0.048018775803881926, 0.08087643259726243, 0.04013842016000548, 0.0590855361211519, 0.047453445942473395, 0.07568567659705686, 0.029808301783358748, 0.04010415774416254, 0.037722919843078136, 0.04075514364517842, 0.03272060713000874, 0.04526065132852517, 0.02405221592174464, 0.030390762852688744
T:ACTTA, 0.0457141148682991, 0.002690824289173917, 0.07594104105001943, 0.09181690435614555, 0.05106586539898945, 0.05695578078751457, 0.06158997817442521, 0.053906179926450803, 0.06365294346279188, 0.03797052052500972, 0.05880945974227883, 0.048315245014500546, 0.0675695877059228, 0.03103417346847251, 0.04574401291595659, 0.039644811193829045, 0.041378897957963345, 0.03330642509044159, 0.03812001076329716, 0.023141088886895686, 0.03163213442162227
T:ACTTC, 0.038051532953591774, 0.0012142206667499955, 0.06729996607324608, 0.09195935932003643, 0.04385479349320572, 0.06065746477867257, 0.0603181972394336, 0.05003303394461011, 0.07612092209345928, 0.0411049408067425, 0.058621859543238765, 0.047283181258146886, 0.07728157420138207, 0.029516275913790333, 0.0411585093655697, 0.040158562934128526, 0.04381908112065425, 0.033498205453279285, 0.04314054604217631, 0.02182025962894845, 0.03308751316893738
T:ACTTG, 0.04156772137004471, 0.0012836146588794044, 0.06685493014996897, 0.09661339665832318, 0.04565389470081082, 0.06124981280619558, 0.05970947521554029, 0.04700169009263419, 0.07763729328455597, 0.04026271313351732, 0.05727060736366943, 0.04511905525961107, 0.07855721712341955, 0.02922362706715444, 0.0403055002888133, 0.039364182872301735, 0.042059773655948485, 0.03161970776372933, 0.044199131420747495, 0.021907023511541834, 0.0325396316025929
T:ACTTT, 0.04541199434341825, 0.001872248889597068, 0.07210149979086582, 0.09779512816937877, 0.04957476049156492, 0.060648913498117796, 0.06054932579122433, 0.04983368852948792, 0.06781922839444698, 0.03901846356085805, 0.05684466309478757, 0.04565100483996255, 0.06821757922202083, 0.03260501523691915, 0.04571075746409863, 0.04184675443663234, 0.03796283386778736, 0.03270460294381262, 0.04007409325392874, 0.02310434799928297, 0.030653096181807317
T:AGCAA, 0.039600665557404324, 0.0011148086522462563, 0.06950083194675541, 0.0940765391014975, 0.04657237936772047, 0.061747088186356075, 0.05970049916805324, 0.05066555740432612, 0.07549084858569051, 0.03861896838602329, 0.05898502495840266, 0.04668885191347754, 0.07732113144758736, 0.03, 0.04038269550748752, 0.03901830282861897, 0.04212978369384359, 0.03224625623960067, 0.04173044925124792, 0.022645590682196338, 0.03176372712146423
T:AGCAC, 0.03060784347556031, 0.0005866215773219, 0.06049103676737004, 0.08804499732569575, 0.04330647526699909, 0.06330336962335444, 0.0648734450214807, 0.04825825152262807, 0.08566400386480098, 0.04190893562690868, 0.05736813954692109, 0.04834451940164599, 0.0822305422798875, 0.030400800565917287, 0.036974412947083285, 0.03687089149226177, 0.045808243758518954, 0.030331786262702946, 0.04936248037405752, 0.022222605635017857, 0.033040597663865835
T:AGCAG, 0.02947725294360196, 0.0005589407614422505, 0.059861639254134784, 0.08729555138131671, 0.04321253493379759, 0.06587254318046457, 0.0639941357034865, 0.04707930544738168, 0.08330049938149997, 0.04138910523663353, 0.05643469097906263, 0.04544829797956659, 0.0907866403995052, 0.03016447519127686, 0.03572639391579237, 0.03773308287900307, 0.0487469647684061, 0.030292756677509507, 0.04750080175928895, 0.021899482292573418, 0.03322490493425574
T:AGCAT, 0.03799003353733634, 0.000985277677776304, 0.06612729029690964, 0.09170661462379445, 0.04520908729181272, 0.06237565606229987, 0.059912461867859104, 0.049225988593516116, 0.07768535536313166, 0.03780055706084089, 0.06097353013623358, 0.048108077382193, 0.07732535005779033, 0.03035413153456998, 0.0416090342383993, 0.0394679500540008, 0.04115429069481024, 0.03257100630956667, 0.04668700380847718, 0.02220664304526593, 0.030524660363415883
T:AGCCA, 0.03148397458607903, 0.0005550438130329011, 0.06132643661872033, 0.09113347032287017, 0.04054181723706275, 0.06439689175464701, 0.06123196107607643, 0.04779281513498193, 0.09022414322492264, 0.04151019154916272, 0.05763008101277782, 0.04710786745081366, 0.08573655494933749, 0.027055433524646306, 0.035711755119393465, 0.03597156286166419, 0.04531283214057961, 0.03138949904343513, 0.04866671390443799, 0.0213160443090295, 0.033904910366328915
T:AGCCC, 0.02594094327962257, 0.00018087816348371342, 0.05414286360279155, 0.08386717513528179, 0.04045641589919057, 0.06748262815971542, 0.06217686869752649, 0.045038662707444645, 0.09630254887478709, 0.0440136864477036, 0.05626818202372519, 0.04555115083731517, 0.09464449904285305, 0.02759899311155661, 0.03127684910239211, 0.03649216948283918, 0.05046500761195605, 0.028216993503459294, 0.052213496525631946, 0.02123811102904602, 0.036431876761677945
T:AGCCG, 0.021839080459770115, 0.00028735632183908046, 0.058189655172413784, 0.08480603448275863, 0.03976293103448276, 0.06788793103448276, 0.0675287356321839, 0.04572557471264368, 0.08469827586206896, 0.045186781609195405, 0.05599856321839081, 0.05211925287356321, 0.08908045977011494, 0.030890804597701146, 0.03214798850574713, 0.03473419540229885, 0.05219109195402299, 0.0295617816091954, 0.04788074712643679, 0.023096264367816092, 0.03638649425287356
T:AGCCT, 0.029795819775785392, 0.0005115162193267878, 0.05824180508390287, 0.08951533838218786, 0.04011139686554228, 0.0651614828286847, 0.06108356185794058, 0.04545389960073317, 0.0872419329629577, 0.04175961579448415, 0.05657937737109081, 0.04622117392972336, 0.09046732690149051, 0.02766450219525711, 0.03567825629804345, 0.038761562397874365, 0.04921922732633314, 0.03037837991446312, 0.049460776652126344, 0.02108583526335981, 0.03560721237869251
T:AGCGA, 0.028043239855867146, 0.00041777638518982716, 0.06104757428586349, 0.08783748498616116, 0.040680975507859415, 0.06407645307848973, 0.0619875711525406, 0.0503942764635229, 0.07744529740456421, 0.047939840200532664, 0.05222204814872839, 0.05091649694501019, 0.08433860776019636, 0.031646561178129404, 0.03451877382630947, 0.03504099430779675, 0.05342315525614915, 0.03232544780406287, 0.046895399237558096, 0.023238811426184135, 0.03556321478928404
T:AGCGC, 0.02094586236754216, 0.00020616006267265905, 0.04898363089102379, 0.0830825052570816, 0.03826330763204552, 0.06741434049395952, 0.06568259596750918, 0.0495196470539727, 0.09042180348822826, 0.04960211107904178, 0.05685894528511937, 0.05063291139240506, 0.08963839525007215, 0.03096524141343339, 0.03558322681730095, 0.033810250278316085, 0.052694512019131654, 0.026718344122376614, 0.051333855605492106, 0.022017894693439986, 0.03562445882983548
T:AGCGG, 0.022045113881475523, 7.311812232661866e-05, 0.054473001133330895, 0.08565788030563375, 0.03955690417870069, 0.0685847987423683, 0.06511168793185391, 0.04752677951230212, 0.08675465214053303, 0.04891602383650788, 0.05538697766241363, 0.04759989763462874, 0.09084926699082367, 0.029393485175300698, 0.03235476912952875, 0.036083793368186304, 0.05436332394984097, 0.0266515555880525, 0.05030526816071363, 0.021862318575658977, 0.0364493839798194
T:AGCGT, 0.022484642452436334, 0.0005964096141229797, 0.057851732569929024, 0.08397447366851554, 0.04449215721357428, 0.06381582871115882, 0.06423331544104491, 0.04926343412655812, 0.08027673406095306, 0.042702928371205345, 0.05999880718077175, 0.05218584123576072, 0.08820898192878869, 0.030715095127333454, 0.037335241844098525, 0.03632134550008946, 0.049800202779268804, 0.029402993976262896, 0.04836881970537365, 0.022782847259497828, 0.0351881672332558
T:AGCTA, 0.04028044628712037, 0.0010112245929821014, 0.06508915630161459, 0.0953921866046449, 0.04712306603296592, 0.061886945090504596, 0.05790946169144167, 0.0469208211143695, 0.07863956584757474, 0.03879731688407995, 0.061583577712609965, 0.04537027673846361, 0.07884181076617117, 0.030808642599521353, 0.03846024201975259, 0.039033269289109114, 0.04206694306805542, 0.03283109178548556, 0.042774800283142886, 0.023022213233559175, 0.03215694205683082
T:AGCTC, 0.02849990648692975, 0.00046037203815333267, 0.05869743486454992, 0.08745630062294091, 0.04074292537656994, 0.06705606468227136, 0.0649268440058122, 0.047519026313139305, 0.08234904832467738, 0.041116977657569526, 0.05721561236674388, 0.04551928527241077, 0.0924772331640507, 0.030816153303888705, 0.0344415831043462, 0.0371894287070739, 0.048252744248946176, 0.030211915003812456, 0.046886014760678475, 0.02245752348616726, 0.03570760620926786
T:AGCTG, 0.027608951707891637, 0.0004994110718492344, 0.05695170789163721, 0.08806595995288574, 0.04033922261484099, 0.06641224970553593, 0.06355712603062426, 0.04674676089517079, 0.08408951707891638, 0.042459363957597175, 0.058308598351001176, 0.04707656065959954, 0.09420965842167256, 0.030982332155477032, 0.034534746760895164, 0.03639104829210837, 0.049941107184923436, 0.030190812720848056, 0.046501766784452295, 0.020711425206124852, 0.03442167255594818
T:AGCTT, 0.03677709639872835, 0.0011291975748310547, 0.06459010128033633, 0.09302850789569689, 0.043778121362680895, 0.06330455327206713, 0.05878776297274291, 0.047009363653735904, 0.07616003335475913, 0.03967826555252506, 0.05896148567656307, 0.04740892587252228, 0.08314368604832965, 0.031426437121067345, 0.03990410506749127, 0.038184250299671665, 0.04447301217796154, 0.031461181661831386, 0.04350016503656863, 0.023730521341834163, 0.033563226378055346
T:AGTAA, 0.046426545660805445, 0.0029211571185479295, 0.07507090187180941, 0.09838343732274532, 0.05096426545660805, 0.05604083947816222, 0.0608621667612025, 0.05161656267725468, 0.06664775950085082, 0.036358479863868406, 0.060493477027793535, 0.04585933068633012, 0.0659954622802042, 0.03102665910380034, 0.045604083947816225, 0.040612592172433355, 0.036585365853658534, 0.034288145207033466, 0.03987521270561543, 0.02351106069200227, 0.030856494611457744
T:AGTAC, 0.0387703812676229, 0.001440480568836582, 0.06739610150790731, 0.0981059212945936, 0.04462424911119284, 0.06007110457275958, 0.05945813411793552, 0.048608557067549345, 0.0791038371950472, 0.04128356013240162, 0.056209390707367905, 0.04630991786195905, 0.07643741571656246, 0.028962853990437656, 0.04201912467819051, 0.0388010297903641, 0.04413387274733358, 0.032180948878264067, 0.04211107024641412, 0.022097584896407993, 0.03187446365085203
T:AGTAG, 0.042454626221601725, 0.001269196598553116, 0.0684731564919406, 0.09604645259550705, 0.044168041629648436, 0.06063586749587511, 0.05765325548927529, 0.04914963827896941, 0.0840525447391801, 0.0369653509328595, 0.05850996319329864, 0.043850742480010155, 0.08002284553877395, 0.029128061936794014, 0.03731437999746161, 0.03886914583068917, 0.04223251681685493, 0.031444345729153445, 0.04391420230993781, 0.021195583195837035, 0.032650082497778905
T:AGTAT, 0.05070460072625512, 0.0021321251290935136, 0.07322517240230536, 0.09591231635406602, 0.04733984075690442, 0.060465736082886364, 0.057400806209814435, 0.051704034380517704, 0.06872772095812373, 0.03954425825365626, 0.0558017123629943, 0.04597394809607889, 0.06739514275244028, 0.03024952526901423, 0.04600726255122097, 0.04064363527334511, 0.037345504214278576, 0.03358097078322284, 0.04084352200419762, 0.023686577606023253, 0.03131558783356098
T:AGTCA, 0.03742081801829984, 0.0010166575428169234, 0.06598498475013687, 0.09757957300383202, 0.04350121216860874, 0.06240713224368499, 0.05906389301634472, 0.04889731758817549, 0.07988582153749903, 0.039278173144599984, 0.05982638617345742, 0.04670759364980058, 0.07775475091890202, 0.028270900132947526, 0.039063110972081025, 0.03857433330726519, 0.042640963478532884, 0.03122311722843513, 0.043266598889497146, 0.023461327911159773, 0.03417533432392273
T:AGTCC, 0.030986807387862796, 0.0005277044854881267, 0.06148812664907652, 0.08776781002638523, 0.040928759894459106, 0.06727176781002639, 0.061192612137203166, 0.04956200527704485, 0.08441160949868073, 0.043905013192612134, 0.055641160949868075, 0.04624802110817942, 0.08601583113456465, 0.03012137203166227, 0.03674934036939313, 0.03799472295514512, 0.04464379947229551, 0.03050131926121372, 0.047387862796833775, 0.022480211081794196, 0.034174142480211084
T:AGTCG, 0.029365079365079365, 0.000505050505050505, 0.05707070707070707, 0.08737373737373737, 0.0424963924963925, 0.06291486291486291, 0.06385281385281384, 0.04848484848484848, 0.08001443001443001, 0.04632034632034632, 0.05721500721500721, 0.05389610389610389, 0.08441558441558442, 0.02784992784992785, 0.03643578643578643, 0.03585858585858586, 0.05173160173160173, 0.02813852813852814, 0.049927849927849925, 0.024170274170274172, 0.03196248196248196
T:AGTCT, 0.03648917207891987, 0.0009014730889794915, 0.06670900858448237, 0.09024974902169682, 0.04464340592923436, 0.06363580487205228, 0.061730418570345634, 0.04999078038886271, 0.07873547911245876, 0.03890675899936487, 0.05888258313016041, 0.045811223339957796, 0.0819520989981356, 0.030178860456063432, 0.03982872011309389, 0.0387428548013686, 0.04220533098403983, 0.03300620787149911, 0.04347558851851093, 0.022454875125489153, 0.03146960601528407
T:AGTGA, 0.036695338512763596, 0.001005826859045505, 0.0654134295227525, 0.09596975582685904, 0.04337194783573807, 0.06274278579356271, 0.06012416759156492, 0.051470588235294115, 0.08239109322974472, 0.0392272475027747, 0.05691592674805771, 0.046337402885682576, 0.07607866259711432, 0.029446448390677026, 0.039140538290788014, 0.03910585460599334, 0.04092674805771365, 0.03277608213096559, 0.046042591564927855, 0.021469200887902332, 0.033348362930077695
T:AGTGC, 0.033109551418980775, 0.0006103143118706134, 0.061925105715157594, 0.0924190243689786, 0.04361567635903919, 0.06360347007280177, 0.06325471903744714, 0.046863420375779244, 0.0862286934914338, 0.0424386416147173, 0.05715157591874101, 0.04651466934042461, 0.07790226252234186, 0.030188761497885696, 0.03611752909891451, 0.03688042198875278, 0.045838964209424994, 0.032194079951174855, 0.049108505165874713, 0.021208422337503814, 0.03282619120275513
T:AGTGG, 0.03420425242057121, 0.0006325110689437065, 0.061515756012909706, 0.09036799169626494, 0.04221605929385815, 0.06370521740540716, 0.06156441071052076, 0.04935208161014613, 0.08642696118976954, 0.04207009520102499, 0.05846672829595031, 0.04636792682333479, 0.08527546667964125, 0.02770074117322694, 0.03529087400055142, 0.03694513371932727, 0.04586516161468723, 0.02969558377528017, 0.04871957054120242, 0.02098639290290144, 0.03263108386448045
T:AGTGT, 0.034643557619181045, 0.0009606532442060601, 0.06548452948004643, 0.09256294280110475, 0.0443701717167674, 0.06374334547492295, 0.06182203898651083, 0.04839290717688028, 0.08213585237961814, 0.04142817115638634, 0.056298282832325984, 0.047672417243725736, 0.07497098026658128, 0.02913981507425049, 0.04144818476564063, 0.03838610254973382, 0.04330945042628988, 0.030740903814593924, 0.048352879958371696, 0.021974942961213627, 0.032161870071648724
T:AGTTA, 0.042353664629693685, 0.0025366078634843766, 0.07579076828471501, 0.09585303047772781, 0.052000461201429725, 0.05603597371151851, 0.062300626465275365, 0.048426150121065374, 0.06660517314270341, 0.04039355855336485, 0.05872631538491102, 0.047196279641800225, 0.06572120373573158, 0.03205349936584803, 0.04654291094969061, 0.040508858910795954, 0.04035512510088781, 0.032207233175756175, 0.03827971866712787, 0.024904877205119337, 0.031207963411353245
T:AGTTC, 0.036659962261803555, 0.001161175275260746, 0.06560640305223216, 0.08922387874012483, 0.04478818918862878, 0.06340846413834574, 0.060422584859103824, 0.04978538992680449, 0.07591183362017127, 0.04122172227175649, 0.06000787940365355, 0.04659215791983744, 0.0809297696311195, 0.03166276152362784, 0.04163642772720676, 0.0378211375370643, 0.0421755448192921, 0.03145540879590271, 0.04495407137080888, 0.022186741866589255, 0.03238849607066581
T:AGTTG, 0.04246733754890141, 0.001279433112713136, 0.0689909701547622, 0.0929803410181335, 0.043672957212804175, 0.06151120734197771, 0.0606992594050636, 0.04881529414659351, 0.0791772260905937, 0.039637822011170436, 0.05971508008759196, 0.04615800998942008, 0.07720886745565042, 0.029673006421770048, 0.04074502374332603, 0.04020372511871663, 0.04182762099254484, 0.03137071574440863, 0.042196688236596704, 0.019831213247053614, 0.031838200920207664
T:AGTTT, 0.0445537271714688, 0.001933463631969401, 0.07315637937919005, 0.09328962024252359, 0.04829455898114873, 0.058634386230376395, 0.05873946577559212, 0.050396149885463294, 0.06849084757161171, 0.04016140218145136, 0.058781497593678414, 0.046718365802912803, 0.07059243847592628, 0.032028245381753986, 0.047727129436983796, 0.038501145367042855, 0.03881638400269004, 0.035096568102053256, 0.03988819536389047, 0.02402118403631549, 0.03017884538595717
T:ATCAA, 0.04814344204433149, 0.0016941973739940702, 0.0696973975245894, 0.09626335356957974, 0.044496211586427595, 0.06249705868511459, 0.05896748082262695, 0.05040237187632359, 0.07426231822674008, 0.03802531883853358, 0.057932137982963906, 0.048731705021412774, 0.07094451503600169, 0.03035436961739376, 0.04426090639559509, 0.038637112334698104, 0.041107816838439455, 0.03287213515930162, 0.03724881170878629, 0.022612828839004187, 0.030848510518142032
T:ATCAC, 0.038718123001787376, 0.0012587166125418525, 0.06671198046471817, 0.0951338015759132, 0.04367746645520228, 0.0598645620924905, 0.056994688215895074, 0.05077662814993832, 0.08010472522216348, 0.04161317121063364, 0.06072048938901896, 0.04800745160234625, 0.07373561916270172, 0.028094554791934144, 0.042821539158673816, 0.04040480326259346, 0.040203408604586766, 0.03413639453213504, 0.04413060443571734, 0.02112126475845228, 0.031770007300556354
T:ATCAG, 0.039551560448439556, 0.0014341985658014342, 0.06702353297646703, 0.09154630845369155, 0.045672154327845674, 0.06023633976366024, 0.060317139682860316, 0.04767195232804767, 0.08104231895768103, 0.039995960004039995, 0.060741339258660744, 0.04530855469144531, 0.07528532471467529, 0.029512170487829514, 0.042743157256842745, 0.0407029592970407, 0.041531158468841534, 0.03274416725583274, 0.043126956873043125, 0.022704777295222706, 0.03110796889203111
T:ATCAT, 0.04627606752730884, 0.0017874875868917578, 0.0674390378461878, 0.1000551693699658, 0.04620986428334988, 0.058523667659715325, 0.05658170583691934, 0.05135164956416198, 0.07913494427893633, 0.036522122917356285, 0.05914156460333223, 0.04700430321085733, 0.07410349773805583, 0.029548714553679797, 0.042149398653867375, 0.04025157232704402, 0.03656625841332892, 0.031755489352311594, 0.04331898929714223, 0.02167052852256427, 0.030607966457023062
T:ATCCA, 0.03931208421668251, 0.0012062285254770086, 0.06570290225893706, 0.0867753490752248, 0.04667738869800424, 0.06117040719350829, 0.05972658820089188, 0.04951019811389721, 0.0833028730170334, 0.039549674683821916, 0.05753344542729731, 0.04731705534030265, 0.07942832078368302, 0.029643979823086482, 0.040646246070619195, 0.03878207471306382, 0.04340595072739235, 0.03170918926822136, 0.04647635061042474, 0.021364865852767013, 0.030758827399663718
T:ATCCC, 0.031651456872061744, 0.0005028031274354526, 0.060612917012343816, 0.08605475526057772, 0.041908640671744976, 0.0642079593735073, 0.061895064987304224, 0.05110993790381376, 0.0926917565427257, 0.04153153832616839, 0.057168715589410966, 0.04711265304070191, 0.08240943258667069, 0.02596978153204113, 0.035347059858712324, 0.03911808331447822, 0.04366845161776906, 0.03036930889710134, 0.04982778992885336, 0.021092591195917238, 0.035749302360660686
T:ATCCG, 0.029185577407967726, 0.0002521432173474534, 0.0644856278366112, 0.08421583459404942, 0.04399899142713061, 0.06442259203227434, 0.06171205244578921, 0.049167927382753406, 0.077029752899647, 0.046016137165910236, 0.057677760968229956, 0.049357034795764, 0.08724155320221887, 0.029374684820978318, 0.036497730711043876, 0.038073625819465454, 0.04563792233988906, 0.03195915279878971, 0.04475542107917297, 0.02326021180030257, 0.03567826525466465
T:ATCCT, 0.03724765944997074, 0.0009325629022820363, 0.06326799297834992, 0.08923346986541837, 0.04258703920421299, 0.06290228203627853, 0.06138458162668227, 0.04887726740784084, 0.08775234055002926, 0.0392407840842598, 0.05873317729666472, 0.04547615564657695, 0.08135239906377999, 0.02847059684025746, 0.03761337039204213, 0.038820216500877705, 0.04362931538911644, 0.03187170860152136, 0.04653671737858397, 0.022253510825043885, 0.03181685196021065
T:ATCGA, 0.0332469116974226, 0.0007625438462711606, 0.05818209547048955, 0.08258349855116669, 0.04857404300747293, 0.05955467439377765, 0.06306237608662497, 0.05261552539271008, 0.07404300747292969, 0.04300747292969346, 0.05970718316303188, 0.051929235931066034, 0.08113466524325148, 0.03439072746682934, 0.038432209852066496, 0.037822174775049566, 0.04659142900716791, 0.03347567485130395, 0.04232118346804941, 0.022952569772761933, 0.035610797620863194
T:ATCGC, 0.028820886666101553, 0.00042383656861914046, 0.06018479274391794, 0.08485208103755192, 0.043739933881495295, 0.06196490633211833, 0.06476222768500466, 0.049588878528439434, 0.07993557684156989, 0.04399423582266678, 0.06120200050860388, 0.05535305586165974, 0.07730779011613122, 0.03026193099940663, 0.039925404763923034, 0.03848436043061795, 0.0473849283716199, 0.028820886666101553, 0.043655166567771464, 0.02356531321522421, 0.035771806391455455
T:ATCGG, 0.027055067837190742, 0.0005586592178770949, 0.06368715083798882, 0.08802873104549082, 0.0470071827613727, 0.06145251396648044, 0.06089385474860335, 0.04860335195530726, 0.07549880287310455, 0.043974461292897046, 0.06241021548284118, 0.0490023942537909, 0.0825219473264166, 0.03120510774142059, 0.036312849162011177, 0.04054269752593775, 0.04724660814046289, 0.030407023144453312, 0.047406225059856345, 0.02450119712689545, 0.031683958499600956
T:ATCGT, 0.03151909017059301, 0.0009748172217709179, 0.05954508529650691, 0.09130787977254265, 0.04800974817221771, 0.05857026807473599, 0.05962632006498782, 0.05320877335499595, 0.07311129163281885, 0.04281072298943948, 0.06230706742485784, 0.054670999187652315, 0.07636068237205523, 0.03151909017059301, 0.03980503655564581, 0.03809910641754671, 0.04199837530463038, 0.03330625507717303, 0.04622258326563769, 0.022420796100731114, 0.03460601137286758
T:ATCTA, 0.04754038918657588, 0.00181298094355586, 0.07296241086177027, 0.09612827847387292, 0.04516336972724709, 0.060150678860642195, 0.0585391402441481, 0.048547600821884695, 0.07368760323919261, 0.03742798436807542, 0.061399621288425126, 0.04745981225575118, 0.07066596833326619, 0.03017606059385198, 0.041416542443898315, 0.04012731155070303, 0.03831433060714717, 0.03223077232988195, 0.042020869425083596, 0.02195721364973208, 0.0322710607952943
T:ATCTC, 0.037649442755825734, 0.0008105369807497467, 0.06480243161094223, 0.08834853090172239, 0.043991894630192506, 0.0639918946301925, 0.05900709219858156, 0.049604863221884496, 0.08462006079027355, 0.03981762917933131, 0.057264437689969604, 0.04589665653495441, 0.08462006079027355, 0.028308004052684903, 0.038703140830800405, 0.03951367781155015, 0.04437689969604863, 0.031408308004052685, 0.043525835866261395, 0.021418439716312056, 0.03232016210739615
T:ATCTG, 0.03770630830452084, 0.0011905538521756148, 0.06476286776697764, 0.09286320046969795, 0.04320242677278361, 0.062398069019505516, 0.058418683541000715, 0.04979124535194729, 0.08134907691304064, 0.04036466827581708, 0.058337138756605136, 0.04615434796790397, 0.0800443603627112, 0.02968230151999478, 0.03945136669058647, 0.0392067323373997, 0.04315349990214626, 0.03190031965555483, 0.04429512688368452, 0.02279992171700698, 0.03292778393893926
T:ATCTT, 0.04385627989804113, 0.0020077516673068195, 0.06894444638430113, 0.09478333740703238, 0.04403086699954607, 0.0607737700338699, 0.06012779775830163, 0.05124131429170012, 0.07673103111142149, 0.03696008938859597, 0.06040713712070953, 0.04736548063829044, 0.07351862844373058, 0.030308320821257725, 0.04273892244840951, 0.0406962533608017, 0.03858374943259192, 0.03254303572052097, 0.041970739201787774, 0.021613883166311673, 0.030797164705471558
T:ATTAA, 0.05182658837593615, 0.0041841004184100415, 0.08136141485883056, 0.09813297704018846, 0.05231883548398439, 0.05724130656446679, 0.05762807214936184, 0.052459477514855316, 0.05696002250272494, 0.035723075841215146, 0.058471924334587394, 0.04904890826623536, 0.06117928342885271, 0.034668260609683206, 0.052002390914524806, 0.042087127738124536, 0.03396505045532858, 0.03217186456172427, 0.03431665553250589, 0.024928799971871595, 0.029323863436588025
T:ATTAC, 0.04960516556869247, 0.002617686837398019, 0.07757078661489464, 0.09742157846516294, 0.053444439596876225, 0.05488416735744514, 0.05623663889010078, 0.050652240303651674, 0.062213690502159594, 0.03795645914227128, 0.058679813271672265, 0.04628942890798831, 0.06439509619999127, 0.03416081322804415, 0.04851446271977662, 0.041359452030888706, 0.03472797870948039, 0.03376816020243445, 0.041490336372758604, 0.024562628157584747, 0.029448976920727718
T:ATTAG, 0.05054957317413379, 0.002845505774702896, 0.07599174245383028, 0.09485019249009652, 0.0517770462534174, 0.057691234726329296, 0.05534787702951516, 0.05038219048150421, 0.06784578474585728, 0.036210455838866264, 0.05741226357194666, 0.046699771243653404, 0.06617195781956146, 0.032304859677509346, 0.0480946270155666, 0.041008759694247617, 0.03531774814484182, 0.033643921218546, 0.04022764046197623, 0.026502259666350496, 0.029124588517547286
T:ATTAT, 0.05325401631460834, 0.003918355715456132, 0.07704912193210559, 0.10162789869269405, 0.05065365297616927, 0.05396644462650946, 0.05745734335482492, 0.05036868165140883, 0.06860684643607737, 0.03444590888041891, 0.05873971431624694, 0.04730523991023403, 0.06034267801802443, 0.032557973853880956, 0.049478146261532435, 0.04292380579204218, 0.03465963737398925, 0.033306023581377124, 0.038471128842660206, 0.022512734656075232, 0.028354646813664373
T:ATTCA, 0.048580381275862894, 0.002033152342909082, 0.07273901499748846, 0.09766307077762097, 0.04702561771952066, 0.0607314564546607, 0.05776544597794628, 0.05099624464802545, 0.075083120051666, 0.03628578946109503, 0.05819599588585644, 0.04671466500825221, 0.06546750544167244, 0.028703327194010572, 0.04726481211280407, 0.04193077714258378, 0.03674025880833353, 0.03248259860788863, 0.041117516205420146, 0.022077642500059797, 0.030401607386322863
T:ATTCC, 0.04278289688417987, 0.0011298300233498204, 0.06889452409048683, 0.09051193853724673, 0.04690049963594366, 0.062040221948831256, 0.06043335258228929, 0.049084837681086645, 0.08029325365939391, 0.039569158151095934, 0.059177985889678375, 0.04690049963594366, 0.0743428155364182, 0.028798111928494314, 0.04162795952697783, 0.04022194883125361, 0.038414220793893894, 0.0315348113183861, 0.04346079489818976, 0.021692736448316555, 0.03218760199854377
T:ATTCG, 0.04001633319722336, 0.0008166598611678236, 0.06962025316455696, 0.0889138423846468, 0.04563086974275214, 0.0615557370355247, 0.057472437729685584, 0.05298080849326255, 0.06706819109840752, 0.042568395263372805, 0.05941200489995917, 0.05053082890975909, 0.07727643936300531, 0.03144140465496121, 0.04185381788485096, 0.035218456512862394, 0.04297672519395672, 0.03511637403021641, 0.042057982850142915, 0.024601878317680684, 0.0328705594120049
T:ATTCT, 0.04566148385354373, 0.0016397237547744897, 0.0717813187237162, 0.09531617732165593, 0.048439368802808754, 0.057467494887920065, 0.05793047571279756, 0.05166094370924804, 0.07563949226436205, 0.03806088197847139, 0.06038041591110768, 0.04546857517651144, 0.06956286893784483, 0.029746517998379567, 0.04515992129325977, 0.04053011304448474, 0.037597901153593884, 0.03289092943400594, 0.04249778155021413, 0.021682935298429722, 0.030884679192870097
T:ATTGA, 0.05007793107429429, 0.002078161981181089, 0.06996478669976332, 0.09813542688910697, 0.046672054494025283, 0.0630664434566761, 0.05732263464757836, 0.053743577902210925, 0.0704843271950586, 0.03700282860936328, 0.05683195751313282, 0.04802863245396294, 0.07039773711250938, 0.030393118974773422, 0.043699128326502336, 0.03844599665185014, 0.0376378225480575, 0.031230156439415804, 0.0415055129019223, 0.022340241297696704, 0.030941522830918434
T:ATTGC, 0.041546646785726386, 0.0012538547561760818, 0.06919922735436647, 0.09912230167067675, 0.049476430919380525, 0.06086278762411467, 0.05903283743942526, 0.05110305330577111, 0.07845064217696296, 0.040496119827849134, 0.05960893286793859, 0.046731505642346405, 0.07021586634586058, 0.02853366769460165, 0.040496119827849134, 0.039174489138906775, 0.041716086617642076, 0.031210817038869496, 0.04113999118912874, 0.020773323392863193, 0.029855298383544004
T:ATTGG, 0.045104510451045104, 0.0014144271570014145, 0.06795536696526795, 0.09646393210749646, 0.045324532453245324, 0.05978312116925978, 0.05777149143485777, 0.05082508250825083, 0.08404840484048405, 0.04051548011944051, 0.05689140342605689, 0.04677039132484677, 0.07361307559327361, 0.028194247996228196, 0.03796951123683797, 0.0369008329404369, 0.04293572214364293, 0.030205877730630205, 0.04365865157944366, 0.022725129655822726, 0.030928807166430927
T:ATTGT, 0.0487055603652917, 0.001899070014243025, 0.07261150054458626, 0.0976624682324685, 0.04652721534895411, 0.056162202921216514, 0.056218057921635436, 0.05370458290278437, 0.08015192560113944, 0.03806518278548887, 0.05649733292373, 0.04809115536068367, 0.06775211550814086, 0.029938280224537102, 0.04197503281481275, 0.041444410310833076, 0.03320579774904348, 0.03418326025637445, 0.04275700282067752, 0.022006870165051526, 0.030440975228307313
T:ATTTA, 0.05027269126473904, 0.0036561957283446573, 0.08400109685871851, 0.09786417232869199, 0.054934340818378474, 0.055086682307059515, 0.05977880015843514, 0.05359373571798544, 0.057981170591999025, 0.03576978154230522, 0.05828585356936107, 0.04981566679869596, 0.05700618506444045, 0.032692483470948476, 0.051704701258340695, 0.04076658237104293, 0.0328448249596295, 0.033911215380396695, 0.03762834770421376, 0.024009018616129918, 0.028396453490143504
T:ATTTC, 0.04831010855339133, 0.0019824466856570946, 0.07323504503810918, 0.0974093463700054, 0.048714296712602974, 0.05756794210485796, 0.05864577719608899, 0.05142813149588113, 0.06952036338440219, 0.03712756948186927, 0.057741165601662946, 0.04719377935175918, 0.06640234044191239, 0.030564323658480254, 0.04809839094618523, 0.040649780583570716, 0.03608822850103934, 0.035183616906613285, 0.03976441604434521, 0.02400107783509123, 0.030371853106474708
T:ATTTG, 0.05069447805255771, 0.002105212215070416, 0.07331945990417656, 0.09778347771378793, 0.047960121957121425, 0.0577602477858975, 0.059962251367178046, 0.051081643517398245, 0.07474713255577603, 0.038547161593185886, 0.05749407152881963, 0.044257852199583794, 0.06429366500508155, 0.030803852296375164, 0.045080578812369945, 0.04103953927309684, 0.037022697575376275, 0.03283647098678798, 0.040942747906886706, 0.023375114939747376, 0.028892222813725017
T:ATTTT, 0.053136186770428015, 0.0028638132295719845, 0.07807003891050583, 0.09894163424124514, 0.05192217898832685, 0.056482490272373544, 0.05886381322957199, 0.05147081712062257, 0.06107392996108949, 0.03677821011673152, 0.05947081712062256, 0.04826459143968872, 0.05903501945525291, 0.034365758754863814, 0.05011673151750973, 0.04056031128404669, 0.034241245136186774, 0.03357198443579767, 0.03808560311284047, 0.023206225680933848, 0.029478599221789883
T:CACAA, 0.037822804926499795, 0.0013905442987683751, 0.06507747318235996, 0.09723877632101709, 0.04435836313071116, 0.05856177989670242, 0.061899086213746526, 0.05180770758839889, 0.08285657528804131, 0.04084227254668256, 0.05780691299165673, 0.045887961859356376, 0.07574493444576877, 0.028943186332936036, 0.04064362336114422, 0.04050456893126738, 0.0386968613428685, 0.03285657528804132, 0.04509336511720302, 0.020282081843464445, 0.031684545093365116
T:CACAC, 0.026386196510677837, 0.0006248097534404588, 0.059965715567375316, 0.08840256973037056, 0.03985965811691953, 0.06494817283199025, 0.06643810378250212, 0.045771319630240795, 0.0863198705522357, 0.04420128486518528, 0.057770871048879346, 0.049327928995978786, 0.08465371120972781, 0.02814848043063811, 0.037792979701693395, 0.03678367163844342, 0.047229209054935196, 0.03146477835274516, 0.04992069722360179, 0.02068280491517006, 0.033307166087249075
T:CACAG, 0.027520522983863392, 0.0006574868972254053, 0.059511956868859545, 0.09305318129731557, 0.04022880544023444, 0.06371048034114177, 0.06285574737474874, 0.048043506847256404, 0.09100557924595645, 0.04230458550147465, 0.057022899329363365, 0.04745176863975353, 0.08438374692390059, 0.02776473240283283, 0.03612420866755584, 0.03649052279600999, 0.04542295192831514, 0.03085492081979223, 0.05143426070294742, 0.02069205192267954, 0.033466083068773134
T:CACAT, 0.03644840008476372, 0.0011366044423895664, 0.06673216590571962, 0.0949353676626404, 0.04147642990618197, 0.060105184072126214, 0.061819722976747774, 0.0502225047679593, 0.0881542699724518, 0.03956924618081643, 0.05835211620335588, 0.04658151765589782, 0.07345547014968502, 0.02907010345026874, 0.04134157853166118, 0.038278525881831664, 0.041861719547669964, 0.031246989924675873, 0.04538711976728506, 0.022192683349708142, 0.031632279566163865
T:CACCA, 0.03246602605584791, 0.0007325917876460605, 0.05959634192500702, 0.09004774056482827, 0.04168447271706084, 0.06333256004200193, 0.06263659784373816, 0.04879061305722763, 0.09054834495305307, 0.0423804349153246, 0.056458407101256394, 0.04550615987594779, 0.08695864519358738, 0.02764313012051135, 0.03565280033210828, 0.03645865129851894, 0.04553057960220266, 0.029914164662214138, 0.05021916704313745, 0.020378261559687916, 0.0330643093490922
T:CACCC, 0.024579888873831144, 0.0003049193657677192, 0.05259859059493156, 0.08256538826399241, 0.03814880065049465, 0.06560848353435425, 0.0648800650494647, 0.04633080363192845, 0.09872611464968153, 0.04512806613362245, 0.05654560238514704, 0.04939693725437051, 0.09594796042824232, 0.02410556986041469, 0.030170077246239328, 0.036319284455888334, 0.051785472286217646, 0.026951483940913405, 0.05474996612007047, 0.01915910014907169, 0.03599742512535574
T:CACCG, 0.02203072311727239, 3.746721618583739e-05, 0.055376545522667665, 0.0827650805545148, 0.040127388535031845, 0.06646684151367553, 0.0649306856500562, 0.05013113525665043, 0.07980517047583364, 0.048070438366429366, 0.05680029973772949, 0.05189209441738478, 0.08786062195578868, 0.030011240164855752, 0.03742974896965156, 0.03469464218808543, 0.05466466841513676, 0.02791307605844886, 0.05121768452603972, 0.02255526414387411, 0.03521918321468715
T:CACCT, 0.029656284898870826, 0.00042188857178309964, 0.05886586425114779, 0.08687182032510236, 0.038081647847127434, 0.06639781610621666, 0.06324606030524879, 0.04531579600446706, 0.09060677503412334, 0.042573520287876906, 0.056818463829259216, 0.04821938205732721, 0.09303883856557886, 0.026876783720064523, 0.03192703809405634, 0.035711626752698844, 0.04888944037721802, 0.028303759771683833, 0.051495222732348925, 0.02062290606775034, 0.036059064400049634
T:CACGA, 0.02470115007648292, 0.0006798481672426491, 0.059203444564047365, 0.08356467055690896, 0.041527392215738486, 0.06260268540026061, 0.06333918758144015, 0.05059203444564048, 0.07903234944195796, 0.04758937170698544, 0.061412951107585975, 0.053368081128547955, 0.08509432893320491, 0.030706475553792988, 0.03841142144920968, 0.03614526089173418, 0.045889751288878816, 0.028836893093875705, 0.04934564613902895, 0.024134609937114044, 0.033822446320321796
T:CACGC, 0.018026093018623644, 9.959167413604223e-05, 0.05233542475849019, 0.08564883975699632, 0.03884075291305647, 0.06802111343491685, 0.0641370381436112, 0.04770441191116423, 0.08375659794841152, 0.04899910367493278, 0.056966437605816156, 0.05631909172393188, 0.08953291504830196, 0.03186933572353351, 0.034707698436410715, 0.0339607608803904, 0.051389303854197786, 0.029379543870132457, 0.05248481226969425, 0.022955880888357733, 0.03286525246489393
T:CACGG, 0.02064353226191695, 0.00027297232743030673, 0.055583990172996214, 0.08274473675231174, 0.042583683079127854, 0.06797010953014639, 0.0676288941208585, 0.048657317364452175, 0.08434844917596479, 0.045995837172006684, 0.055720476336711365, 0.05340021155355376, 0.08741938785955573, 0.029037431330398884, 0.03494045791107926, 0.03500870099293684, 0.0518306206708295, 0.02801378510253523, 0.05114818985225373, 0.023919200191080632, 0.03313201624185348
T:CACGT, 0.022739091381837093, 0.0003781969460596606, 0.05866780125750484, 0.08395972202524464, 0.04268898028648419, 0.06221339762681417, 0.06377346002931027, 0.048409209095636556, 0.07861769016215193, 0.05086748924502435, 0.05587859878031485, 0.05800595660190044, 0.08594525599205786, 0.029452087174396065, 0.040750720937928434, 0.0377724199877086, 0.047132794402685196, 0.029688460265683354, 0.04921287760601333, 0.02316456294615421, 0.030681227249089962
T:CACTA, 0.045669353877923834, 0.0013502243755212262, 0.06786863111075812, 0.0956276557722092, 0.04459711687383345, 0.059727572375997774, 0.056391723918827685, 0.04888606489019498, 0.08426988602517771, 0.03951391922481236, 0.05885389778007229, 0.04626504110241849, 0.07604940232715143, 0.029228386481871253, 0.036932607918668835, 0.03911679440848259, 0.04094356856359954, 0.031928835232913705, 0.04455740439220047, 0.02017394066955244, 0.03204797267781264
T:CACTC, 0.02966309978447461, 0.0004537376640072598, 0.06085756418497372, 0.09148485650546376, 0.04085529549665368, 0.06613226452905811, 0.061783945248988545, 0.04919272507278708, 0.08706091428139298, 0.04181948803266911, 0.05558286384088933, 0.048909139032782545, 0.08292055809732674, 0.02822626384845162, 0.036393541800582296, 0.03798162362460771, 0.043558815744696944, 0.030211366128483384, 0.05078080689681249, 0.021647067720346354, 0.03448406246455175
T:CACTG, 0.03246529633192025, 0.0006412311638345624, 0.06177193544939617, 0.09175542968425303, 0.042178760998895656, 0.06468122498901595, 0.06386187405744956, 0.04862669659078765, 0.08642371130348046, 0.04130003681141867, 0.0588626459097764, 0.045052426584969066, 0.0799401517580421, 0.028855402372555305, 0.0369064158740337, 0.03587332122118913, 0.045907401470081814, 0.03142032702789355, 0.049541044731811, 0.02132687352309026, 0.03260779214610571
T:CACTT, 0.03828102912072378, 0.0011497502591650175, 0.06687399868061447, 0.09452454999528791, 0.046725096597870136, 0.060503251342946, 0.060314767693902566, 0.0503062859296956, 0.07805107906889078, 0.041409857694844975, 0.05569691829233814, 0.047158608990670065, 0.07471491848082179, 0.030119687117142586, 0.041636038073697104, 0.04020356234096692, 0.04280463669776647, 0.032004523607577044, 0.044237112430496654, 0.021732164734709264, 0.03155216284987277
T:CATAA, 0.04955320877335499, 0.002326268370135145, 0.07303744184329075, 0.09899564286241784, 0.050956354774388896, 0.05701203751569308, 0.059966029096817065, 0.05151022819584963, 0.0752160106343697, 0.03677719518499372, 0.05741821135809763, 0.0463038180341186, 0.06557861310095266, 0.030463038180341188, 0.04571301971789381, 0.039509637397533416, 0.034450926814858576, 0.03153386012849863, 0.04109740787238756, 0.021711838121261356, 0.030869212022745736
T:CATAC, 0.0418322799244152, 0.0014986642340522579, 0.06574574835472731, 0.09109272170456767, 0.04427575421906561, 0.06499641623770118, 0.056265068091483676, 0.05023783149801264, 0.07646445559392716, 0.04254903238417932, 0.05760083403922591, 0.046295692969309965, 0.07356486609760865, 0.02795334593080081, 0.04398253730370757, 0.04248387306965531, 0.04193001889620121, 0.03241675897569558, 0.044699289763471685, 0.021795790708281748, 0.03231902000390956
T:CATAG, 0.04043278577667578, 0.0011833986080978275, 0.06356541094925475, 0.09853202220281199, 0.04144712744075963, 0.05857823110084247, 0.05795835563945789, 0.0512524301935702, 0.08785325857259586, 0.03578371981629146, 0.05939533966357668, 0.04618072187315094, 0.07635738637964555, 0.027697162660956294, 0.03837592629117241, 0.03781240314445916, 0.041221718182074325, 0.03561466287227748, 0.0459834887718013, 0.0215265842044462, 0.03324786565608182
T:CATAT, 0.05264111953014538, 0.002465286589566037, 0.07207337853025415, 0.10056919116847333, 0.049305731791320744, 0.05536018562157851, 0.05887684443316535, 0.05264111953014538, 0.08077439002284016, 0.037450603632672295, 0.057209150563753045, 0.046042852481600983, 0.06137838523728383, 0.028568321067324078, 0.04495522604502773, 0.03937207700395171, 0.03386143639198057, 0.03382518217742812, 0.03984338179313345, 0.02273139252438096, 0.030054743863974186
T:CATCA, 0.03920163202293654, 0.0009373104703093124, 0.06452279869879253, 0.09435132601863594, 0.04370899266692397, 0.06111815625516899, 0.05866460825935932, 0.04947069526382533, 0.0824006175221922, 0.0390500082703865, 0.060456525334950655, 0.047265258863097535, 0.07881678337100954, 0.029029056624579587, 0.04187572365881899, 0.039353255775486574, 0.041655180018746206, 0.03181342008049843, 0.04464630313723328, 0.020951645806914047, 0.03071070188013453
T:CATCC, 0.030198524560666948, 0.0005248005757812032, 0.0601271516823607, 0.08704192406885383, 0.04199904036466143, 0.06287110897858814, 0.06272116595693636, 0.04772686379175913, 0.09047561926467942, 0.040499610148143704, 0.058177892400887665, 0.04763689797876807, 0.08659209500389851, 0.027424578660109156, 0.035821387872608405, 0.037485755412943085, 0.04655730822287531, 0.03072332513644815, 0.0510406045702633, 0.0211419660528999, 0.033212379295867574
T:CATCG, 0.024219758692845376, 0.0003561729219536085, 0.05792262143270558, 0.08628289034326166, 0.04461065847468946, 0.05845688081563599, 0.06504607987177775, 0.051556030452784826, 0.07639909175904902, 0.04438805039846846, 0.061261742576020656, 0.05378211121499488, 0.08196429366457415, 0.033302168202662394, 0.038065981033791906, 0.03917902141489693, 0.04737099861982993, 0.03152130359289435, 0.04590178531677129, 0.02266150215929834, 0.03575085704109345
T:CATCT, 0.036563836325831385, 0.0009284808222940015, 0.06420902587976828, 0.09276961906131896, 0.04166394225110829, 0.06328054505747427, 0.06018124991826753, 0.04979795734219095, 0.0841909793511096, 0.038904654173586684, 0.05933123226405471, 0.04575710418601002, 0.08152323163634936, 0.029057526579398186, 0.03907465770442924, 0.038956962952307474, 0.04217395284363598, 0.03124141809099112, 0.04565248662856844, 0.022126613398893668, 0.03261452353241183
T:CATGA, 0.03795726463055694, 0.001089407897251634, 0.0656702725430985, 0.0942051144833913, 0.039811169297809715, 0.060242345476090364, 0.06087305531134131, 0.04900424295707351, 0.08329192309162493, 0.03912312220480869, 0.05664921065708498, 0.04678720232407018, 0.07849470585986774, 0.029490462902794237, 0.040824127518061235, 0.0397347196208096, 0.04172241122281258, 0.03231910095179848, 0.046003593134819, 0.022992240357784487, 0.03371430755705057
T:CATGC, 0.03296382730455076, 0.0006283098465128804, 0.06424468180594202, 0.09049905753523023, 0.041849923705232925, 0.0652095862130868, 0.06081141728749664, 0.04894084911587829, 0.08257786554169284, 0.042747509200251325, 0.05894892738533345, 0.047998384346108966, 0.08026658289202046, 0.028722735840588817, 0.0387756933847949, 0.03790054752715196, 0.046046135894443944, 0.031168656314513956, 0.047145678125841486, 0.020173234000538554, 0.0323803967327888
T:CATGG, 0.03462006732077634, 0.0005442956384731075, 0.058855546802263126, 0.09142734369404856, 0.04042111294134498, 0.06472821026999928, 0.0612762300365251, 0.04901525460144668, 0.09172813865215211, 0.04053570149681301, 0.0582109861777555, 0.045992981450977584, 0.0855403566568789, 0.026384014896512212, 0.036926161999570294, 0.03735586908257538, 0.043858769605385664, 0.029334670199813794, 0.049717109503688316, 0.020869440664613624, 0.03265773830838645
T:CATGT, 0.03742877136858942, 0.0012596221133659902, 0.06777966610016994, 0.09401179646106168, 0.041587523742877136, 0.05984204738578427, 0.06078176547035889, 0.050304908527441766, 0.08569429171248626, 0.039908027591722475, 0.05862241327601719, 0.04806558032590223, 0.07243826851944417, 0.029071278616415074, 0.042407277816655, 0.03920823752874138, 0.042807157852644204, 0.03165050484854544, 0.043846845946216136, 0.022093371988403478, 0.031190642807157852
T:CATTA, 0.04734777417704247, 0.0027630905679686167, 0.07811700494627324, 0.09674228210813576, 0.05038376257888453, 0.05703564727954971, 0.05710387173801808, 0.05024731366194781, 0.06935016203308886, 0.038103360054579566, 0.05925294217977145, 0.04803001876172608, 0.06525669452498721, 0.031246801978509296, 0.0462561828415487, 0.04178748081187106, 0.035988401842060376, 0.03151969981238274, 0.04076411393484564, 0.023844448234692138, 0.028858945932116666
T:CATTC, 0.04127887879119676, 0.0013796123946129418, 0.06714113653782984, 0.0951494580094164, 0.045855688163801596, 0.059892696813752325, 0.0591481440928501, 0.05111135442899376, 0.08049928829519326, 0.039089017847366694, 0.057921821964305266, 0.047060111682908135, 0.07360122632212855, 0.028402496441475966, 0.04246140370086499, 0.04042483302310304, 0.039220409503996495, 0.0327384211102595, 0.04412569801817585, 0.02233658162706668, 0.03116172123070185
T:CATTG, 0.04029218179332435, 0.0010351360324993653, 0.06603386652604441, 0.09984179996484444, 0.045858479326575656, 0.06007695162203863, 0.05857307474463389, 0.05066307298685572, 0.08298666041678873, 0.038202378859787896, 0.05714732134138005, 0.046874084490537295, 0.07495947344778423, 0.02845647545946368, 0.038534403624929194, 0.03880783578445733, 0.0420499599617195, 0.03101501923790551, 0.045565516298509794, 0.021659733208335776, 0.03136657487158454
T:CATTT, 0.048114073843061836, 0.0019405027981357313, 0.07545437219536705, 0.09754491744200149, 0.04976003603790911, 0.05837101720463642, 0.05965313512483323, 0.050453072751529014, 0.06838539771644403, 0.03770119722092278, 0.05788589150510248, 0.047421037129441936, 0.06244260789715335, 0.03142921496266264, 0.047888836911135366, 0.04062927733596687, 0.03586464992983003, 0.033768213871129826, 0.041616854652875235, 0.02411767763397266, 0.02955801583588891
T:CCCAA, 0.03420766109076512, 0.000534494704543205, 0.06130852222112244, 0.09070573097099871, 0.04313570226665347, 0.06453528654854994, 0.059764426407997624, 0.04723349500148471, 0.09181431258042165, 0.041631198653865185, 0.05608235177669999, 0.045550826487182026, 0.08377709591210532, 0.024745125210333563, 0.035177669999010196, 0.03913689003266357, 0.04485796298129269, 0.030980896763337623, 0.048243096110066316, 0.02189448678610314, 0.03468276749480352
T:CCCAC, 0.024916106174297525, 0.00027364509671193814, 0.05341840335287255, 0.08405225181109847, 0.03684127144153356, 0.06796480059913874, 0.0627079342675673, 0.049025679431970386, 0.09721602120029381, 0.04412887243817781, 0.057854334394308184, 0.04826235363587919, 0.09445076548615212, 0.024858496680252907, 0.030446617602580904, 0.03666844295939971, 0.05006265032477352, 0.02735010729768266, 0.05428254576354183, 0.019443204240058763, 0.03577549580170812
T:CCCAG, 0.026181135937233497, 0.0002842685769515038, 0.05464589610931074, 0.08544165861239032, 0.03912483180775864, 0.0671537134951769, 0.06318342903708758, 0.047018022627778724, 0.09545738814031497, 0.043777360850531584, 0.055820872894043624, 0.045795667746887266, 0.09525840013644891, 0.026664392518051055, 0.02993348115299335, 0.03736236663065932, 0.050230257547330716, 0.02780146682585707, 0.052011673962893475, 0.019718763621202645, 0.03713495176909811
T:CCCAT, 0.033421373425436815, 0.00046728971962616824, 0.0592442096708655, 0.09258431531897603, 0.041060544494108085, 0.06576594880130028, 0.05963023161316538, 0.0467492889069484, 0.09579439252336448, 0.04171068671271841, 0.05812677773262901, 0.04624136529865908, 0.08439658675335229, 0.0252945956928078, 0.03390898008939455, 0.037078423405119874, 0.04502234863876473, 0.028687525396180413, 0.051239333604225924, 0.02037789516456725, 0.033197887037789524
T:CCCCA, 0.026915793460421663, 0.00020199469763918697, 0.05279636409544249, 0.08459790430501199, 0.03815174851660144, 0.06755460169170559, 0.06390607246559778, 0.04629465976518116, 0.09914152253503347, 0.04303749526574927, 0.05638176997853806, 0.048541850776417116, 0.09564448933215502, 0.02449185708875142, 0.027698522913773515, 0.03690190632495897, 0.0503850523923747, 0.026410806716323697, 0.05419770231031435, 0.019770231031435426, 0.03697765433657366
T:CCCCC, 0.024565795650133, 0.0001760287904866218, 0.049503207635737755, 0.07940854326396495, 0.03778751369112815, 0.06726255672038804, 0.06628461899546238, 0.04909247379126897, 0.09732436238460335, 0.04345955249569707, 0.05533171647629478, 0.04924894382725708, 0.10338757627914254, 0.023822562979189485, 0.02732358003442341, 0.03763104365514004, 0.051322171804099516, 0.02374432796119543, 0.055018776404318584, 0.020888749804412455, 0.03741589735565639
T:CCCCG, 0.018119459004724003, 6.471235358830001e-05, 0.050702129036433057, 0.07998446903513881, 0.038471494208244354, 0.06882158804115705, 0.06882158804115705, 0.046075195754869604, 0.09289458357600466, 0.048728402251989905, 0.053225910826376746, 0.05419659613020125, 0.0973920921503915, 0.028699928816411053, 0.031126642075972308, 0.032291464440561704, 0.050702129036433057, 0.02675855820876205, 0.053258267003170906, 0.023717077590111952, 0.03594771241830065
T:CCCCT, 0.02826556159889493, 0.0002072002072002072, 0.0548389881723215, 0.08222394889061556, 0.03921263921263921, 0.06658033324699991, 0.06169386169386169, 0.04836398169731503, 0.093671760338427, 0.043183976517309854, 0.05805059138392472, 0.04803591470258137, 0.09417249417249417, 0.026331692998359666, 0.030216696883363554, 0.03795217128550462, 0.04888198221531555, 0.026815160148493482, 0.05511525511525511, 0.02073728740395407, 0.035448502115168784
T:CCCGA, 0.02361296049711496, 0.0001775410563692854, 0.054860186418109184, 0.08428761651131825, 0.041588992454505105, 0.06946293830448291, 0.06449178872614292, 0.048513093652907235, 0.08743897026187304, 0.04505104305370617, 0.057123834886817576, 0.048202396804260986, 0.08965823346648913, 0.027341322680869952, 0.03364403018197958, 0.037150466045272966, 0.04940079893475366, 0.027873945849977808, 0.05184198845983134, 0.02330226364846871, 0.034975588104749225
T:CCCGC, 0.018756643692349896, 6.858005006343655e-05, 0.05023488667146727, 0.07931282789836437, 0.037273257209477766, 0.06772279943764359, 0.07087748174056167, 0.04742310461886637, 0.09244590748551247, 0.051297877447450534, 0.05369817919967081, 0.05218941809827521, 0.09628639028906491, 0.028357850701231008, 0.029866611802626616, 0.03518156568254295, 0.05119500737235538, 0.026917669649898845, 0.052875218598909576, 0.02105407536947502, 0.0369646469841923
T:CCCGG, 0.018575056352897537, 2.8533112677261963e-05, 0.05227266242474391, 0.079293520130111, 0.03851970211430365, 0.07121864924244586, 0.0669101492281793, 0.0459097782977145, 0.08939424201786172, 0.0491340200302451, 0.05426998031215225, 0.05230119553742118, 0.0974405797928496, 0.028162182212457556, 0.03164322195908351, 0.034410933888777924, 0.05096013924158987, 0.02733472194481696, 0.05255799355151654, 0.021285702057237423, 0.03837703655091734
T:CCCGT, 0.02123416868768526, 0.00010778765831312315, 0.053408784694152514, 0.08240366478038265, 0.04139046079223929, 0.069576933441121, 0.06709781729991916, 0.04688763136620857, 0.08299649690110482, 0.051253031527890056, 0.05534896254378874, 0.05157639450282943, 0.09329021827000808, 0.02867151711129076, 0.03443815683104284, 0.032983023443815686, 0.05179196981945566, 0.029372136890326056, 0.0490972783616276, 0.023821072487200216, 0.03325249258959849
T:CCCTA, 0.033756075334143376, 0.00037970838396111787, 0.056842345078979346, 0.08475091130012151, 0.03975546780072904, 0.06641099635479951, 0.059044653705953826, 0.045413122721749695, 0.09621810449574726, 0.041805893074119076, 0.05718408262454435, 0.04678007290400972, 0.0866874240583232, 0.026237849331713244, 0.03181956257594167, 0.04081865127582017, 0.04818499392466585, 0.02954131227217497, 0.05190613608748481, 0.0206181652490887, 0.035844471445929525
T:CCCTC, 0.025829105354778236, 0.0002678133043698204, 0.05447025040543958, 0.08196574965407448, 0.04005296752019759, 0.06806921486066268, 0.06342711758491913, 0.04713514156908839, 0.09577301334602967, 0.04198717471842407, 0.056940084212405706, 0.04662927199416762, 0.09615985478567496, 0.02617131124369523, 0.030590230765797265, 0.03733019892577108, 0.04956033982532621, 0.02637961048042731, 0.05408340896579429, 0.019803306006457272, 0.037374834476499384
T:CCCTG, 0.0250467780586285, 0.0002626136624757903, 0.05605707470264474, 0.08292026392673078, 0.03830876801365591, 0.06767772926719846, 0.0638698311612995, 0.046416964842595936, 0.09400474893039644, 0.043484445611616275, 0.057501449846261585, 0.04825526047992647, 0.09331538806639748, 0.02539692960859622, 0.03111971900338115, 0.036711201566928184, 0.051680180328048234, 0.02722428300999026, 0.055083215704297014, 0.019280219720097604, 0.03638293448883345
T:CCCTT, 0.03417976163364458, 0.0005693463903438852, 0.06054049950656646, 0.08534502391254839, 0.04256813178471115, 0.06352007894936612, 0.0625142336597586, 0.049741896303044104, 0.08500341607834207, 0.04156228649510362, 0.057333181507629234, 0.04691414256433614, 0.0859523267289152, 0.027157822819403325, 0.03586882259166477, 0.039569574128900026, 0.045528733014499355, 0.03080163971760419, 0.04936233204281484, 0.02144538070295301, 0.03452136946785091
T:CCTAA, 0.04011733597752438, 0.0014460419765328044, 0.07015369360436291, 0.09473640720542059, 0.046975706494794246, 0.05982482234341431, 0.061146917864815735, 0.048628325896546025, 0.07593786151049413, 0.04040654437283094, 0.057717732606180794, 0.049000165261940176, 0.0740373491984796, 0.028135845314823996, 0.04131548504379441, 0.039828127582217814, 0.04106759213353165, 0.03276317963972897, 0.04276152702032722, 0.023632457445050405, 0.030366881507188893
T:CCTAC, 0.031910967265707066, 0.0006813729665275531, 0.05979047781279278, 0.08710217755443886, 0.03968997530022996, 0.06731397098486784, 0.05998921159469665, 0.047923231979104565, 0.08758481673906254, 0.03991709962240581, 0.057604406211850215, 0.046049456321153794, 0.08795389376259831, 0.027595605144365896, 0.03440933480964143, 0.04139340771654885, 0.04834909008318428, 0.0309456888964597, 0.04823552792209636, 0.020356017375010648, 0.03520426993725691
T:CCTAG, 0.038334851776578596, 0.0004555329735790875, 0.06069100847992151, 0.08273179620155582, 0.04120821360992361, 0.06584203518116197, 0.06044572149414816, 0.04611395332539071, 0.09075618473614129, 0.04303034550423996, 0.05743219566893266, 0.04502768238839442, 0.08616581400238278, 0.02663115845539281, 0.03307870208143528, 0.03854509776438433, 0.046569486298969794, 0.02925923330296447, 0.05049407807134347, 0.022391197701310532, 0.03479571098184876
T:CCTAT, 0.04464210437568502, 0.0013489587724475171, 0.06496079588567574, 0.10150914762667566, 0.04194418683078999, 0.056319028749683836, 0.056192563864766884, 0.04986931961891915, 0.08675491105303094, 0.037770845628530475, 0.05889048140966192, 0.04548520360846472, 0.07756512941573224, 0.027864429643369024, 0.03646404181772195, 0.03899333951606104, 0.03945704409408987, 0.03389258915774387, 0.045653823455020656, 0.02052946631818565, 0.03389258915774387
T:CCTCA, 0.03000459253967444, 0.00059958156860744, 0.05720263305608001, 0.0856763790376078, 0.03841149155482982, 0.06520130632239629, 0.061348675817727204, 0.047264887482777976, 0.09284584375159463, 0.04051640557228147, 0.05878450783283155, 0.045466142776955654, 0.09262897382252386, 0.02779762208501301, 0.0352860131652804, 0.0371868143083125, 0.04752002857580242, 0.02953258151757922, 0.05060723580139817, 0.020602643261723733, 0.0355156401490024
T:CCTCC, 0.026317420314404347, 0.0003201883947199901, 0.05631184283914148, 0.08223677415356649, 0.0398066475242207, 0.06597946662810635, 0.06554566299655022, 0.04655126112912888, 0.0942593319424074, 0.040674254787332935, 0.05627052820756471, 0.04642731723439856, 0.09525088310024996, 0.027092069656468837, 0.031626350472019664, 0.03720382573488401, 0.051106199260468096, 0.028352165919560413, 0.05150901691834163, 0.02015121155157099, 0.03700758123489433
T:CCTCG, 0.02245544689406072, 0.00010222509966947218, 0.05434967799093604, 0.08055337853954407, 0.03911813814018469, 0.06849081677854635, 0.06716189048284321, 0.04750059631308141, 0.08474460762599244, 0.04579684465192353, 0.058574982110607555, 0.05077179950250452, 0.09166183937029339, 0.03148533069819743, 0.032269056462330054, 0.0347906089208437, 0.051657750366306605, 0.027771152076873275, 0.0520666507649845, 0.02238729682761441, 0.036289910382662625
T:CCTCT, 0.031451879096524735, 0.00044796529447823833, 0.061607016551138774, 0.08717640401754138, 0.041554675343047104, 0.06456594520677135, 0.06161880511151978, 0.04915829678879615, 0.08856745414250011, 0.04056443627104258, 0.05682086103645023, 0.043594096288961194, 0.0888975338331683, 0.02808035082755694, 0.036273400292356296, 0.0392912717498939, 0.04585749988211439, 0.02945961239213467, 0.047979440750695525, 0.021514122695336445, 0.0355189324279719
T:CCTGA, 0.032555943230410035, 0.0006820745559956976, 0.06151787822345812, 0.08817125318082845, 0.04122616018258611, 0.06659408693827225, 0.060901387759385084, 0.046210551168708515, 0.08924683228836014, 0.040504735171436816, 0.05638920223510585, 0.04697132663501141, 0.08646606679083921, 0.028109341798053463, 0.03722553057530365, 0.038183058317374535, 0.04635483617093838, 0.029604659093890186, 0.04907001757653664, 0.020081848946719483, 0.03393320916078596
T:CCTGC, 0.02362928461514629, 0.0003304795051069411, 0.05464272067252579, 0.08645137303906887, 0.039192803808776294, 0.06732487168100466, 0.06453645085666485, 0.04571977403463838, 0.09262720879075484, 0.04267316609693377, 0.05803013559987195, 0.04780592591062595, 0.09493023784196883, 0.02773962345991387, 0.031034091026448687, 0.03603259354119117, 0.05123465077611046, 0.028431564923731528, 0.05192659223992812, 0.019839097790951055, 0.0358673537886377
T:CCTGG, 0.027207284395501012, 0.00033599610244521163, 0.057144537123369366, 0.08404102512410856, 0.03768196288923049, 0.06652722828415189, 0.06309166813664961, 0.04678745726549572, 0.09445690429991012, 0.04426748649715663, 0.05757293215398701, 0.046283463111827905, 0.09370931297196952, 0.02712328536988971, 0.030197649707263397, 0.03615318062310477, 0.05132340464850608, 0.028618468025770897, 0.05203739636620215, 0.019722971213533922, 0.035716385689925995
T:CCTGT, 0.03037118914194643, 0.0005269651945915378, 0.061217932239987664, 0.0874376638733227, 0.04100046270114647, 0.06439257621716107, 0.06367281887820678, 0.04746542594211094, 0.08786180659092077, 0.04102616832039484, 0.05569122410158861, 0.0479795383270783, 0.08477713228111665, 0.0280062721710966, 0.036000719757338956, 0.03830137268006786, 0.04794097989820575, 0.0300755745205902, 0.05106421263688242, 0.020410261683203944, 0.034779702843041486
T:CCTTA, 0.03885721368368865, 0.0009915716410510659, 0.06578458106098166, 0.0920612295488349, 0.04316435299950421, 0.06302677243430838, 0.05893653941497273, 0.049020823004462075, 0.077373574615766, 0.03941497273177987, 0.0602689638076351, 0.047998264749628164, 0.08124690133862171, 0.02875557759048091, 0.041398116013882005, 0.04111923648983639, 0.04056147744174517, 0.032164105106593954, 0.0429474467030243, 0.022837134357957364, 0.03207114526524541
T:CCTTC, 0.03182792192667816, 0.000582289094889831, 0.06105883449014767, 0.08656309684632227, 0.041063026971630875, 0.06613639539758699, 0.06388875949131224, 0.049168491172497324, 0.08581776680486328, 0.04117948479060884, 0.05668002049657614, 0.046862626356733585, 0.0860856197885126, 0.0289281222341268, 0.036579400940979175, 0.038920203102436296, 0.046024130060092226, 0.0299645968230307, 0.0465016071179019, 0.021719383239390693, 0.034448222853682396
T:CCTTG, 0.033165579190683796, 0.0005120402609942358, 0.061839833806361, 0.08824648155192089, 0.043230827749656205, 0.06363928958071217, 0.062205576849928314, 0.046888258185329316, 0.08371126781168622, 0.040026918688006556, 0.05772888199666442, 0.047078444567984316, 0.08463294028147585, 0.02863036545044913, 0.036705971852415364, 0.038973578722532695, 0.046990666237528164, 0.03022500512040261, 0.04906808672499049, 0.020788834596365977, 0.03571115077391228
T:CCTTT, 0.03990952650218744, 0.001086277194131127, 0.06865867087289068, 0.09072646647421208, 0.044924258206600995, 0.060489271152644276, 0.06151602630874081, 0.050906223029076506, 0.076203089193774, 0.041635665605190324, 0.05645665307580131, 0.046605755781077944, 0.07493824588553911, 0.029612213922204696, 0.04190351477634594, 0.04165054611469897, 0.0401922561828517, 0.0321270200291658, 0.045831969286628374, 0.022767179548227733, 0.031859170858010176
T:CGCAA, 0.032687540170783215, 0.0, 0.057111376365806626, 0.09429804425672574, 0.039941235882839043, 0.06161050408594252, 0.0628041502157745, 0.05132678358277477, 0.07529152511247819, 0.04875585345698283, 0.058855936094022586, 0.047194931594894865, 0.08226976402534203, 0.027821136718391332, 0.03874758975300707, 0.035901202828023136, 0.04875585345698283, 0.030116610044991277, 0.04682765586263887, 0.023964741529703425, 0.03571756496189514
T:CGCAC, 0.018791323512353554, 0.00023199164830066117, 0.052140122955573596, 0.08224103932258439, 0.037466651200556776, 0.06455167613965897, 0.06779955921586824, 0.049356223175965656, 0.08879480338707807, 0.05277809998840042, 0.05585198932838418, 0.05411205196612922, 0.0887368054750029, 0.031028882960213434, 0.032594826586242895, 0.03265282449831806, 0.05376406449367823, 0.029984920542860456, 0.05225611877972393, 0.022097204500637978, 0.03276882032246839
T:CGCAG, 0.019623979236563904, 6.33031588276255e-05, 0.05187693865923909, 0.08403494334367285, 0.03934291321136925, 0.06814585047793885, 0.06368297778059125, 0.04662277647654618, 0.09065012344115972, 0.049819585997341265, 0.05526365765651705, 0.05257327340634298, 0.09046021396467684, 0.030069000443122107, 0.033803886813952015, 0.03481673735519403, 0.0508957396974109, 0.028296511995948598, 0.05288978920048111, 0.021364816104323607, 0.03570298157878078
T:CGCAT, 0.023857177167560643, 0.0005604034905131695, 0.06180449923945241, 0.08293971659594908, 0.03898807141141622, 0.06164438395644863, 0.06468657433352014, 0.05091665999519654, 0.08390040829397166, 0.04571291329757425, 0.05748138659835082, 0.050516371787687135, 0.0863021375390281, 0.03074213433672244, 0.038347610279401166, 0.03778720678888799, 0.04987591065567208, 0.02721959811063966, 0.048995276599151386, 0.024657753582579458, 0.033063805940277
T:CGCCA, 0.023854411142318496, 0.00026932399676811203, 0.053326151360086185, 0.08025855103689739, 0.04016775037512985, 0.06675387634181064, 0.06421453580085414, 0.049324766265245665, 0.08214381901427417, 0.04944019083528914, 0.055788542187680354, 0.05282597822323112, 0.09272440460159286, 0.031857181331999544, 0.035743141856796584, 0.035396868146666156, 0.04905544226847755, 0.028894617367550307, 0.04905544226847755, 0.023892885998999653, 0.03501211957985457
T:CGCCC, 0.01767188671058341, 0.00023667705415959922, 0.049623289022129306, 0.0790895822649994, 0.037986667192615675, 0.0701353003826279, 0.07005640803124137, 0.04615202556112185, 0.0915940199597649, 0.04978107372490237, 0.05490907656502702, 0.05226618279357816, 0.09904934716579228, 0.027060076525580845, 0.03242475641986509, 0.03494931166423416, 0.049741627549209105, 0.02690229182280778, 0.05277898307759063, 0.021379827225750464, 0.036211589286418676
T:CGCCG, 0.019879647539222008, 0.0001074575542660649, 0.05050505050505051, 0.08123791102514506, 0.035192349022136256, 0.07022351171287342, 0.07258757790672685, 0.04873200085966044, 0.08618095852138405, 0.0509886094992478, 0.05292284547603696, 0.0508274231678487, 0.08988824414356329, 0.03169997850848914, 0.03637438211906297, 0.034977433913604125, 0.05012894906511928, 0.026004728132387706, 0.05179454115624328, 0.02460777992692886, 0.03513862024500322
T:CGCCT, 0.022905201147197893, 0.00038756685528253625, 0.05232152546314239, 0.0849934113634602, 0.03755522827687776, 0.06859933338500891, 0.0635997209518642, 0.04836834353926051, 0.09096194093481126, 0.046624292690489115, 0.05720486783970235, 0.04941477404852337, 0.09103945430586777, 0.03127664522130067, 0.0341833966359197, 0.03418339663591969, 0.05049996124331447, 0.026664599643438494, 0.049841097589334166, 0.022633904348500117, 0.03674133788078444
T:CGCGA, 0.02268704746580853, 0.0004827031375703942, 0.051005631536604985, 0.07851971037811746, 0.03893805309734513, 0.06596942880128721, 0.0658085277554304, 0.051005631536604985, 0.08656476267095736, 0.058567980691874494, 0.05486725663716814, 0.05181013676588898, 0.0825422365245374, 0.031053901850362026, 0.041190667739340305, 0.03443282381335479, 0.04617860016090104, 0.027996781979082865, 0.049718423169750614, 0.0251005631536605, 0.03555913113435237
T:CGCGC, 0.013422818791946308, 0.0, 0.04964999639171538, 0.0803204156743884, 0.032907555747997405, 0.06963989319477522, 0.07050588150393303, 0.05239229270404849, 0.08854730461138774, 0.06610377426571408, 0.056577902864978, 0.052464458396478314, 0.08710399076279136, 0.03341271559500613, 0.03875297683481273, 0.02929927112650646, 0.047052031464241896, 0.029371436818936277, 0.0508768131630223, 0.021216713574366747, 0.030381756512953738
T:CGCGG, 0.015249948710934826, 6.83854202284073e-05, 0.049374273404910074, 0.08315667099774328, 0.03952677289201942, 0.0683170348081789, 0.07194146208028449, 0.047185939957601036, 0.08021609792792177, 0.05887984681665869, 0.05169937769267593, 0.056691513369349654, 0.08548177528550913, 0.034534637215345686, 0.04335635642481023, 0.03303015797032073, 0.04486083566983519, 0.026738699309307255, 0.05224646105450318, 0.023661355399028926, 0.033782397592833205
T:CGCGT, 0.016148325358851676, 0.0, 0.05936004784688995, 0.08522727272727272, 0.03917464114832536, 0.06683612440191387, 0.06220095693779905, 0.05203349282296651, 0.07760167464114832, 0.053229665071770335, 0.05248205741626794, 0.0569677033492823, 0.08178827751196172, 0.033642344497607654, 0.042464114832535885, 0.034988038277511964, 0.04814593301435407, 0.03095095693779904, 0.05322966507177033, 0.02437200956937799, 0.0291566985645933
T:CGCTA, 0.02931963413106127, 0.0005011903270266884, 0.061145219897255985, 0.09109134193710061, 0.046861295576995365, 0.06101992231549931, 0.05738629244455582, 0.049743139957398826, 0.08407467735872698, 0.04610951008645533, 0.05964164891617592, 0.04636010524996868, 0.08119283297832351, 0.030322014785114648, 0.035459215637138206, 0.03871695276281168, 0.048114271394562085, 0.02881844380403458, 0.04823956897631876, 0.018293446936474125, 0.03758927452700163
T:CGCTC, 0.02167435405526756, 0.00012245397771337607, 0.05330829829788971, 0.08396261071880486, 0.03881791093514021, 0.06837013755663497, 0.06461488224009143, 0.047716233315645534, 0.08624841830278787, 0.051593942609902445, 0.05579819584472836, 0.049512224988775055, 0.09028939956732927, 0.031144128331768644, 0.03551165353687906, 0.03440956773745867, 0.05094085472876444, 0.027062329074656107, 0.05028776684762643, 0.022776439854687948, 0.035838197477448056
T:CGCTG, 0.02041422515054141, 0.00013501471660410985, 0.05241271298571544, 0.08338508897469825, 0.03915426781519186, 0.06753436124537575, 0.06761537007533822, 0.04874031269408365, 0.08622039802338455, 0.04655307428509708, 0.05619312505063052, 0.05046850106661626, 0.09113493370777415, 0.030756352442416222, 0.03205249372181568, 0.034590770393972944, 0.05497799260119353, 0.029217184673129372, 0.05003645397348311, 0.02260146355952799, 0.03580590284340993
T:CGCTT, 0.027947210823999116, 0.0007208605966507707, 0.05966507707663302, 0.08838859931240989, 0.042198070311633584, 0.06399024065653765, 0.06094044582455362, 0.050515692580680935, 0.078629255850061, 0.04574692247976045, 0.05434179882444272, 0.0515692580680936, 0.0836752800266164, 0.029666186092935566, 0.038815570588887655, 0.03587667738715759, 0.05290007763114118, 0.02855716979039592, 0.04779860263945881, 0.02323389153820561, 0.03482311189974493
T:CGTAA, 0.03550453817405232, 0.000800854244527496, 0.06647090229578216, 0.09316604378003203, 0.04991991457554725, 0.05752802989855846, 0.05779498131340096, 0.053123331553657234, 0.05646022423918847, 0.04551521623064602, 0.05779498131340096, 0.050587293112653496, 0.07901761879337961, 0.03363587827015484, 0.04351308061932728, 0.04297917778964228, 0.04671649759743727, 0.034703683929524824, 0.03990923651895355, 0.022957821676454885, 0.03190069407367859
T:CGTAC, 0.024448605909280066, 0.0006242197253433209, 0.057324178110694964, 0.08739076154806492, 0.04203079483978361, 0.06679151061173533, 0.07074490220557636, 0.04733666250520183, 0.06856013316687475, 0.04535996670828132, 0.061277569704535996, 0.05347482313774449, 0.08166874739908447, 0.0344361215147732, 0.04099042863087807, 0.038493549729504785, 0.05056179775280899, 0.027777777777777776, 0.04379941739492301, 0.023200166458593425, 0.033707865168539325
T:CGTAG, 0.02673841755654587, 0.00016816614815437652, 0.05490624737240393, 0.08467165559572858, 0.042546035483057264, 0.06398721937274027, 0.062221474817119315, 0.05070209366854452, 0.07861767426217102, 0.04918859833515513, 0.05995123181703524, 0.050954342890776085, 0.08349449255864795, 0.030606238964096526, 0.03371731270495249, 0.03666022029765408, 0.05499033044648112, 0.028420079038089633, 0.047086521483225424, 0.023627343815689903, 0.03674430337173127
T:CGTAT, 0.03686228251253318, 0.001474491300501327, 0.0667944559127101, 0.09318785019168387, 0.0468888233559422, 0.06251843114125627, 0.06222353288115599, 0.04718372161604246, 0.06605721026245945, 0.04349749336478915, 0.058832202890002946, 0.05028015334709525, 0.07372456502506636, 0.03538779121203185, 0.04128575641403716, 0.03671483338248304, 0.04305514597463875, 0.0319964612208788, 0.045119433795340606, 0.02477145384842229, 0.03214391035092893
T:CGTCA, 0.022498883430102725, 0.0005582849486377847, 0.05778249218401072, 0.09055381866904869, 0.04566770879857079, 0.0650960250111657, 0.062081286288521664, 0.049799017418490396, 0.07464269763287182, 0.0453885663242519, 0.05984814649397052, 0.05532603841000447, 0.08257034390352837, 0.03355292541313086, 0.03673514962036623, 0.03796337650736936, 0.04684010719071014, 0.033385439928539526, 0.04527690933452434, 0.021214828048235823, 0.03321795444394819
T:CGTCC, 0.01977738499020685, 0.0002866287679740123, 0.05379066545645631, 0.08403000047771461, 0.03912482682845268, 0.06654564563129986, 0.06869536139110495, 0.04562174556919696, 0.07853628242487938, 0.04973009124349114, 0.05775569674676349, 0.053742893995127314, 0.08871160368795682, 0.03133807863182535, 0.03883819806047867, 0.036115224764725555, 0.04987340562747814, 0.02813739072278221, 0.05140209239000621, 0.02350355897386901, 0.03444322361821048
T:CGTCG, 0.018854415274463007, 0.00035799522673031026, 0.04916467780429594, 0.08532219570405727, 0.04116945107398568, 0.06682577565632458, 0.06467780429594272, 0.049403341288782814, 0.07684964200477327, 0.05178997613365155, 0.059427207637231506, 0.05513126491646778, 0.08866348448687351, 0.03448687350835322, 0.03651551312649165, 0.03400954653937947, 0.04988066825775656, 0.026014319809069212, 0.049403341288782814, 0.02505966587112172, 0.03699284009546539
T:CGTCT, 0.023291540710639776, 0.0003964517567768472, 0.0596164329253184, 0.0839486594974974, 0.043361910897467666, 0.06878437980078299, 0.06318449873631002, 0.04752465434362456, 0.07691164081470836, 0.045790177907725854, 0.056147480053520986, 0.05332276128648595, 0.08672382179493533, 0.029832994697457753, 0.03910005451211656, 0.03919916745131077, 0.046037960255711385, 0.031716140542147775, 0.04529461321175479, 0.02586847712968928, 0.03394618167401754
T:CGTGA, 0.024858757062146894, 0.0003228410008071025, 0.05601291364003228, 0.08361581920903954, 0.041861716437987626, 0.06559052999730966, 0.06672047350013452, 0.051116491794457895, 0.07742803336023675, 0.04735001345170837, 0.05940274414850686, 0.055044390637610977, 0.08619854721549637, 0.02684960990045736, 0.0384180790960452, 0.03518966908797417, 0.04756524078557977, 0.03142319074522464, 0.046811945117029866, 0.024966370729082595, 0.03325262308313156
T:CGTGC, 0.02033373301358913, 0.00034972022382094326, 0.05435651478816946, 0.08583133493205436, 0.04021782573940847, 0.06185051958433253, 0.0666466826538769, 0.049910071942446045, 0.0856814548361311, 0.047062350119904076, 0.056704636290967225, 0.05295763389288569, 0.08638089528377298, 0.03177458033573141, 0.03771982414068745, 0.03352318145483613, 0.05160871302957634, 0.027328137490007995, 0.051458832933653074, 0.02483013589128697, 0.03347322142286171
T:CGTGG, 0.019058222542406182, 0.00029471478158360075, 0.05520990241666122, 0.08219267797498199, 0.04148929202960246, 0.06762066933001507, 0.06382212325627087, 0.04748182592180235, 0.08445215796712292, 0.05039622765079573, 0.05638876154299561, 0.055864824153513654, 0.09001899273036872, 0.030748575545222347, 0.035071059008448494, 0.03559499639793045, 0.04967581374025804, 0.02740847468727487, 0.05216451634029733, 0.02239832340035366, 0.03264784858209444
T:CGTGT, 0.022820270695624804, 0.00041968313922988144, 0.05996222851746931, 0.08451369216241737, 0.04275521980904417, 0.066362396390725, 0.0635295352009233, 0.04789633826461022, 0.07732661840310566, 0.046742209631728045, 0.056657223796033995, 0.0559227783023817, 0.08451369216241737, 0.03005980484734026, 0.03808624488511174, 0.03834854684713042, 0.048788164935473714, 0.030531948378973876, 0.05104396180883433, 0.022505508341202393, 0.03121393348022243
T:CGTTA, 0.030507435229189025, 0.0007665184730952016, 0.07266595124942511, 0.08845623179518626, 0.05564924114671164, 0.05978844090142572, 0.06469415912923501, 0.051203434002759465, 0.059481833512187644, 0.04231181971485513, 0.05810210026061628, 0.05472941897899739, 0.07557872144718687, 0.03418672390004599, 0.04307833818795033, 0.040318871684807606, 0.04077878276866472, 0.028054576115284377, 0.04139199754714089, 0.027747968726046297, 0.030507435229189018
T:CGTTC, 0.027360040439782636, 0.0005686844433211172, 0.06381903197270315, 0.08365980032857323, 0.04543156830532035, 0.06571464678377353, 0.06678882851004676, 0.048274990521925944, 0.07304435738657905, 0.04492607102236826, 0.05497282952104133, 0.05231896878554278, 0.0839757361304183, 0.03228863894856566, 0.03765954757993176, 0.04012384683432327, 0.046379375710855555, 0.0320358903070896, 0.04669531151270062, 0.02179957032730949, 0.032162264627827626
T:CGTTG, 0.026356278011907153, 0.0004013646397752358, 0.06067295471268982, 0.08843400896381029, 0.04575556893437689, 0.06548933038999265, 0.06421834236403774, 0.05190982674426383, 0.07378419961201418, 0.04455147501505118, 0.054318014582915256, 0.053314602983477156, 0.08595892701852967, 0.029098936383704598, 0.03853100541842264, 0.03746069971235534, 0.04649140410729815, 0.03050371262291792, 0.045354204294601644, 0.02307846678707606, 0.03431667670078266
T:CGTTT, 0.035696957094337005, 0.0011090316767172663, 0.07174048658764816, 0.08782144590004852, 0.05156997296735288, 0.056699244472170236, 0.06307617661329452, 0.047203160740278645, 0.06529423996672905, 0.042489776114230264, 0.055382269356068485, 0.053094891522839124, 0.0677895612393429, 0.034033409579261105, 0.046371386982740695, 0.041242115477923336, 0.042420461634435434, 0.03451861093782491, 0.045262355306023426, 0.025438414084702293, 0.031746031746031744
T:CTCAA, 0.03938599609027901, 0.0010885018660031988, 0.06513239736982407, 0.09041229784965346, 0.04245157277412476, 0.06324417984716545, 0.0582903856406611, 0.04942687044606362, 0.07999377998933713, 0.03894170961435934, 0.05853474320241692, 0.046761151590545585, 0.08161542562644393, 0.03054469521947752, 0.04076328416563, 0.04087435578460992, 0.043006930869024344, 0.02998933712457793, 0.044939577039274925, 0.021059178958592502, 0.03354362893193531
T:CTCAC, 0.027021471930281312, 0.000520697734964853, 0.05834555146000904, 0.08702503459899423, 0.039682648433110895, 0.06582715575713562, 0.06416914454843174, 0.04891818194275065, 0.09153318077803203, 0.04284794255881829, 0.05641348881184998, 0.04893188451472341, 0.08886117924334398, 0.026487071623343697, 0.03363981419312405, 0.03584592828073829, 0.045958426396634645, 0.029241288589868318, 0.05164499376532975, 0.020937529974376194, 0.036147384864139
T:CTCAG, 0.0302937263330263, 0.00042074619906980974, 0.058733895086366686, 0.08914133660833078, 0.04110804080100979, 0.06700098932214375, 0.06211123619781894, 0.046259338859891516, 0.08860687522032318, 0.04024380536508262, 0.057085024846768785, 0.0445649825447185, 0.09106312330137936, 0.0276327909118821, 0.03675274906469257, 0.03647983261124188, 0.04815838251515255, 0.030339212408601417, 0.048374441374134346, 0.020775765018933582, 0.034853705409431536
T:CTCAT, 0.03750477680927338, 0.0009280658016850763, 0.06432769821483812, 0.09109602751442142, 0.03910614525139665, 0.06099757974996815, 0.060888395538005194, 0.05037031645224101, 0.08525467217440358, 0.03950648736192747, 0.05728531654322784, 0.04543882954524776, 0.0799592378942005, 0.02998926355249031, 0.040252579477007625, 0.04001601368442123, 0.042636434771532034, 0.03259148727094062, 0.046639855876840206, 0.022764908194275107, 0.03244590832165669
T:CTCCA, 0.030976625550485224, 0.0005579578741804993, 0.0617838710320228, 0.08511846641292868, 0.04213578303409521, 0.06529103481258594, 0.06276029731183867, 0.04863200685491102, 0.08854592192575175, 0.040441982344618696, 0.056722396030528255, 0.045254369009425505, 0.08982125420959289, 0.028406033915867924, 0.03565948628021442, 0.03767212004065122, 0.04848255385289839, 0.029342606061813766, 0.04709762270091465, 0.021013092082976307, 0.03428451866169819
T:CTCCC, 0.02521967052815993, 0.0001901321418385778, 0.05706680428612171, 0.08367172327624842, 0.03926228728966632, 0.06801298330911412, 0.06344981190498825, 0.04874173264704684, 0.09192889057895237, 0.04288837885187348, 0.057148289489766815, 0.047614520663289556, 0.0947265492374343, 0.0258443904227724, 0.031684163350671576, 0.03668192250757133, 0.04806268928333764, 0.027867939646625834, 0.05249005201472166, 0.02065649912403406, 0.03679056944576481
T:CTCCG, 0.021264105407344597, 0.00022829561020155242, 0.05769356206379231, 0.0813384645489531, 0.04438718935490183, 0.06871697867066727, 0.06669493183745352, 0.04621355423651425, 0.08489335333637728, 0.04618094057791403, 0.05573674254777901, 0.051757876198551954, 0.08844824212380145, 0.030591611767008024, 0.03388559128563042, 0.03649468397364816, 0.04934446546213554, 0.02811297371339117, 0.0500293522927402, 0.023383993216359013, 0.0346030917748353
T:CTCCT, 0.029757198233467688, 0.0005110601122403719, 0.06125971496345438, 0.08511561529708984, 0.04152122345862341, 0.06492391954178156, 0.06405608161533566, 0.0478564403216786, 0.0882591171195495, 0.039978400478275125, 0.056428750506238794, 0.04521435596783214, 0.09040942664840992, 0.02917863961583708, 0.0352052918828226, 0.03789558945480493, 0.047808227103542704, 0.03023933041482653, 0.048637494455479914, 0.020374905984224635, 0.0353692168244846
T:CTCGA, 0.029110666285387474, 0.0004003431512725193, 0.05690591935945096, 0.08584501000857878, 0.042093222762367745, 0.061995996568487276, 0.06645696311123821, 0.04975693451529883, 0.079839862739491, 0.046153846153846156, 0.05879325135830712, 0.05124392336288247, 0.08458678867600801, 0.03494423791821561, 0.037231913068344294, 0.037003145553331424, 0.049928510151558476, 0.027738061195310266, 0.04180726336860166, 0.02402058907635116, 0.03414355161567058
T:CTCGC, 0.022713144933773254, 0.00014345144168698896, 0.054224644957681825, 0.0817195046143547, 0.040692392291875865, 0.06799598335963276, 0.06474441734806101, 0.050447090326591115, 0.08076316166977478, 0.051212164682255056, 0.052551044804666956, 0.0493951130875532, 0.09180892267967293, 0.030889877109931622, 0.032037488643427536, 0.03351982020752642, 0.055659159374551716, 0.029455362693061732, 0.051116530387797066, 0.022187156314254292, 0.036723569071869175
T:CTCGG, 0.022309343787921217, 6.222968978499642e-05, 0.058215874793864156, 0.08304552101807773, 0.03973365692772021, 0.07075515728554094, 0.06661688291483867, 0.04626777435514485, 0.08447680388313264, 0.044805376645197424, 0.05622452472074426, 0.04807243535890974, 0.09157098851862223, 0.03080369644357323, 0.03416409969196304, 0.03459970752045801, 0.0504060487258471, 0.027754441644108403, 0.05068608232987958, 0.02330501882448116, 0.036124334920190425
T:CTCGT, 0.025348887919755782, 0.0005451373746184038, 0.0575119930222416, 0.08569559529001308, 0.041812036633231575, 0.06416266899258613, 0.06590710859136502, 0.04677278674225905, 0.07473833406018317, 0.0448102921936328, 0.06078281726995203, 0.05336894897514174, 0.0867858700392499, 0.035815525512429135, 0.03614260793720017, 0.03854121238552115, 0.049116877453118185, 0.02878325337985172, 0.04611862189271696, 0.023877017008286087, 0.03336240732664632
T:CTCTA, 0.03847568393357286, 0.0008487283220641072, 0.06450335247687215, 0.0918606953914052, 0.0435397629218887, 0.06546524457521148, 0.056921379466432796, 0.04999009816957592, 0.08365632161145217, 0.03686310012165106, 0.058364217613941775, 0.044162163691402384, 0.08020482643505814, 0.029479163719693325, 0.038503974877641664, 0.03887175715053611, 0.04515234673381051, 0.03140294791637197, 0.04549183806263615, 0.023226865080487737, 0.03301553172829377
T:CTCTC, 0.03006778360404144, 0.000396470136846144, 0.06430489832459393, 0.08643048983245939, 0.04358613633456964, 0.06595472566824402, 0.06325617086583962, 0.050198235068423074, 0.08423072004092595, 0.040120219976979156, 0.0576416421537281, 0.04719273564394423, 0.08662233022125591, 0.028699322163959585, 0.03749840133009336, 0.03717866734876583, 0.04396981711216268, 0.029594577311676685, 0.04694973781813531, 0.02235579997442128, 0.033751119068934646
T:CTCTG, 0.029388106328450906, 0.000420899040350188, 0.06033821576220139, 0.09083936621957835, 0.04173447817872308, 0.06509905157416242, 0.061853452307462066, 0.04748676506350899, 0.08700450829638776, 0.04233309014722113, 0.056559477711057474, 0.045896702022186056, 0.08804272592925155, 0.027938342967244702, 0.0374226013431356, 0.0372168284789644, 0.04521391024561797, 0.030033484856987855, 0.04932001421703426, 0.021643563986007447, 0.034214415324466396
T:CTCTT, 0.03817377464188588, 0.0007519456593936811, 0.06811374431341095, 0.09055932224631233, 0.04309901871091449, 0.06331382452094796, 0.06031857431102979, 0.050204905192184776, 0.07897935909164965, 0.03821137192485556, 0.05821312646472748, 0.04568069880816613, 0.07933026706603336, 0.03030341007356535, 0.040868246588046574, 0.04007870364568321, 0.0415074003985312, 0.03286002531550387, 0.0441016129234394, 0.023022069605103203, 0.032308598498615164
T:CTTAA, 0.0452147701582517, 0.002562170308967596, 0.0770158251695554, 0.09306706857573474, 0.050489826676714394, 0.06021100226073851, 0.05817633760361718, 0.0495101733232856, 0.06461944235116805, 0.03700075357950264, 0.059306706857573464, 0.048643556895252446, 0.06838733986435569, 0.0324415975885456, 0.04630746043707611, 0.042577241899020346, 0.037226827430293895, 0.03229088168801809, 0.03933685003767898, 0.025056518462697814, 0.030557648831951768
T:CTTAC, 0.03908949818934299, 0.001800310398344542, 0.06992240041386447, 0.09059493016037248, 0.04538023797206415, 0.06116916709777548, 0.062286601138127264, 0.05262286601138126, 0.06961200206932229, 0.039730988101396796, 0.05818934299017073, 0.0472633212622866, 0.07646145887221935, 0.029322296947749613, 0.04211070874288671, 0.03942058975685463, 0.043352302121055356, 0.033936885669943094, 0.04142783238489395, 0.02321779617175375, 0.033088463528194514
T:CTTAG, 0.03677030940405426, 0.001257430269775949, 0.06847279378143575, 0.09388812680993751, 0.04366712391403749, 0.06443377533912513, 0.061042524005486966, 0.04964944368236549, 0.0751028806584362, 0.036960829141899104, 0.06001371742112483, 0.04671543971955495, 0.07959914647157446, 0.03139765279682975, 0.043590916018899556, 0.04046639231824417, 0.04130467916476147, 0.031511964639536656, 0.041037951531778694, 0.02244322511812224, 0.03067367779301936
T:CTTAT, 0.04935688826902216, 0.0016658918332558498, 0.07252440725244072, 0.09883000154966683, 0.048272121493878814, 0.05602045560204556, 0.058383697505036414, 0.05559429722609639, 0.07271811560514489, 0.03812180381218038, 0.05795753912908724, 0.048853246551991324, 0.0669843483651015, 0.029637377963737797, 0.04246087091275376, 0.03916782891678289, 0.036184720285138694, 0.033124128312412834, 0.04234464590113126, 0.020455602045560205, 0.03134201146753448
T:CTTCA, 0.038425850117351674, 0.0010261448610883685, 0.06592434910758146, 0.08941651656568965, 0.04346924294525408, 0.06235467496315703, 0.060891872714371485, 0.0498881065444026, 0.07870749413241636, 0.039550242890671904, 0.05863217073303859, 0.046766006222367776, 0.08015937994650947, 0.030271273402106873, 0.04140603678838492, 0.03904808689482015, 0.04360024016156323, 0.031406582610119534, 0.043523825118716226, 0.02174553790731947, 0.03378636537306916
T:CTTCC, 0.031712052048900784, 0.00048271157983105094, 0.06242719974815048, 0.0872868461094496, 0.04224775696521328, 0.06486174510729839, 0.06303583608793746, 0.047935358623222624, 0.08647882889973241, 0.0406317225457789, 0.05707539745002361, 0.04719030379348339, 0.08604858596988299, 0.02753554751036256, 0.036528674117214964, 0.03973975549609108, 0.04571068786400126, 0.030872553649194605, 0.04671808594364867, 0.021554121412456058, 0.03392622907812582
T:CTTCG, 0.03193637970209543, 0.00033661533282841036, 0.05764537574686527, 0.0849112177059665, 0.0422452242699655, 0.06319952873853404, 0.06399899015400153, 0.05002945384162249, 0.07763191113355214, 0.0456113775982496, 0.05937052932761088, 0.04910376167634436, 0.08558444837162332, 0.029327610872675252, 0.03883699402507784, 0.03850037869224943, 0.04885130017672305, 0.02873853404022553, 0.04502230076579988, 0.02343684254817807, 0.0356812252798115
T:CTTCT, 0.037487555434880984, 0.0010408181735903702, 0.06470268802606571, 0.09058738347361753, 0.04229342021902434, 0.06389718526563488, 0.06085618608018825, 0.049850665218571816, 0.08033306181554892, 0.039180016291067064, 0.0572268983618427, 0.04589555615892841, 0.07910218119286813, 0.0301113222916101, 0.04039279572812019, 0.04069146529097656, 0.04339759254231152, 0.032672640057923794, 0.043714363290795547, 0.02320571997465834, 0.03336048511177482
T:CTTGA, 0.04040463563150658, 0.0012571204085641329, 0.06517383618149676, 0.08990375171871931, 0.04462777450402671, 0.06413278334315457, 0.05912394421528187, 0.047849145550972305, 0.07552543704576704, 0.03861716755057945, 0.059772146925947754, 0.047220585346690234, 0.0800628560204282, 0.030151247299155373, 0.04095462581025339, 0.04132783343154586, 0.04435277941465331, 0.03095659006089177, 0.04356707915930073, 0.02194067963072088, 0.03307798075034374
T:CTTGC, 0.035299537401385875, 0.0008445783826323972, 0.06071366873332438, 0.09342188609708812, 0.04361095648501833, 0.06326659884446321, 0.05981150546096704, 0.04817935773652993, 0.08067643050463558, 0.04113480622684607, 0.058218323511910475, 0.0456264276253911, 0.08357486995412404, 0.029848167840758586, 0.03802522218169952, 0.03862026604219052, 0.04556884273566616, 0.03078872103959921, 0.046432616081540215, 0.02213179261761714, 0.03420542449661209
T:CTTGG, 0.034526060332420914, 0.0005361627677286452, 0.06233597652171459, 0.09144397099077235, 0.04237096819708214, 0.06498857126731947, 0.05865338488020995, 0.04615232666422101, 0.08578604283658323, 0.041298642661624856, 0.05780681208905946, 0.04653328442023873, 0.08506645596410531, 0.02703389113073906, 0.0368964641476423, 0.038406185625194, 0.046208764850297714, 0.03085757823743545, 0.0470553376414482, 0.022307193046815475, 0.03373592572734712
T:CTTGT, 0.0377430147391265, 0.0011574283389094854, 0.06658829912288634, 0.09414956144316847, 0.04407270096753775, 0.05977032281399764, 0.06233836694095307, 0.05014919974681254, 0.07758386834252645, 0.040274889230491, 0.05705760014467854, 0.047129035174970614, 0.07552219911384393, 0.029568677095578262, 0.041179130120264036, 0.03918980016276336, 0.04324079934894656, 0.032914368387738493, 0.0467673388190614, 0.02112306718509811, 0.032480332760647435
T:CTTTA, 0.0454279586664067, 0.0018278416845388965, 0.07318678104893742, 0.0964612984987327, 0.049619808929615906, 0.05775979723142913, 0.06273152661337493, 0.04876681614349776, 0.06278026905829596, 0.03853090271007994, 0.058515305127705204, 0.04757262624293235, 0.0676788847728602, 0.033291089881068436, 0.04613472411776175, 0.04352700331448626, 0.03738545525443556, 0.032974263989081695, 0.042600896860986545, 0.02261649444336128, 0.030610255410411385
T:CTTTC, 0.04079754601226994, 0.0009899609592861126, 0.06932515337423313, 0.09192693809258226, 0.04655605131065254, 0.06019241494701617, 0.05960680423870608, 0.052593418851087564, 0.07419129949804797, 0.03835750139431121, 0.057278304517568324, 0.04655605131065254, 0.07529280535415504, 0.030814277746793083, 0.04196876742889013, 0.0401840490797546, 0.04155047406581149, 0.03342163970998327, 0.04318181818181818, 0.02341048522030117, 0.031804238706079194
T:CTTTG, 0.039371858628300935, 0.0010770417253942505, 0.0661117464032125, 0.09680078717123634, 0.0439858521926442, 0.062401936015743426, 0.06152434646171848, 0.04955721617956014, 0.07775975321117996, 0.04074143020503683, 0.05744222535436003, 0.04629949738052815, 0.07468818977209266, 0.029080126585644763, 0.041180224982049304, 0.03995691833098423, 0.041898252798978804, 0.03161981756774725, 0.04430497566683509, 0.022099300587719067, 0.03209850277903359
T:CTTTT, 0.04736613461511512, 0.001961910901217786, 0.07540744685323506, 0.09495648761894085, 0.048291035468546364, 0.0604128421082134, 0.059123586373127424, 0.05070138314718536, 0.06599027452738968, 0.03755658010902619, 0.057750248742274975, 0.04845919926007932, 0.06664891604422708, 0.03310023963340294, 0.047884639639008394, 0.03963060020459928, 0.036407460866884345, 0.033955072240362115, 0.0394203954651831, 0.02459395451169439, 0.03038159167028686
T:GACAA, 0.038320717459272666, 0.0008022050353792989, 0.06413526411058089, 0.09402254401843015, 0.045005759420766824, 0.061378969886457135, 0.0617492183643245, 0.05082688826723712, 0.07882178706598651, 0.04076847128517361, 0.05670972519335198, 0.04852311996050683, 0.07485190060885305, 0.029496462070100378, 0.040295376007898634, 0.039143491854533495, 0.04208491031759092, 0.03204706269540892, 0.045232022379463555, 0.022544018430146452, 0.03324008556853711
T:GACAC, 0.02731357809943882, 0.0005591103932409766, 0.060611708185790314, 0.09003748110413949, 0.04160195481559711, 0.06481539003126877, 0.06394566275289391, 0.047524383425483006, 0.08960261746495206, 0.04216106520883808, 0.055724669193017336, 0.047876415895301394, 0.08504690314965521, 0.02741711706115011, 0.03723261063138059, 0.03650783789940155, 0.04764863017953656, 0.030481870327804354, 0.0507133834461908, 0.020687084549916135, 0.032490526185003414
T:GACAG, 0.02759258755340281, 0.0004081743720917576, 0.061389425562600346, 0.0897575444229775, 0.04208277776266021, 0.0651854472230537, 0.06469563797654358, 0.04677678304171542, 0.08439685433617242, 0.04313042531769572, 0.05723965277966747, 0.04858635609132221, 0.0846961822090397, 0.028286483985958802, 0.03562001687120738, 0.038177909602982396, 0.046912841165746004, 0.03083077090533076, 0.04868159677814362, 0.02270810090070478, 0.03284443114098343
T:GACAT, 0.03552824612506113, 0.0010205600323177344, 0.06533710373567496, 0.09291348627559373, 0.04471328641592073, 0.060850891926944914, 0.061488741947143495, 0.048816788212531624, 0.07970999085748304, 0.040588522951969894, 0.05897986520102907, 0.048859311547211536, 0.07622307741373079, 0.029192269257755192, 0.04267216635128527, 0.038398571215954753, 0.04318244636744414, 0.030659324304211935, 0.04713711649267536, 0.021899517360151385, 0.03182871600790934
T:GACCA, 0.03259608768308267, 0.0007274157082473214, 0.06177135554900226, 0.09157573970313575, 0.040401061633736364, 0.06336380615354369, 0.06157475670893541, 0.04824535535240342, 0.08909859431829352, 0.041403715718077265, 0.05717094269143812, 0.048441954192470264, 0.08518627740096334, 0.02998132311019365, 0.03568268947213211, 0.036842622628526486, 0.04435269831907992, 0.030472820210360758, 0.04848127396048362, 0.020406959598938366, 0.032222549886955665
T:GACCC, 0.026501610838960236, 0.00039719316827750565, 0.05476852464804272, 0.08497727172425967, 0.037402356679465114, 0.06734630831016374, 0.0622931285581888, 0.0458758109360519, 0.09519396266384218, 0.04512555717374995, 0.05662209276667108, 0.04788384306456596, 0.09327419568383424, 0.02632508054194801, 0.030363211086102654, 0.03751268811509775, 0.05015667063859835, 0.028399311531841654, 0.05404033717286729, 0.019285934948585548, 0.03625490974888565
T:GACCG, 0.021502807310954487, 0.0002986501015410345, 0.053995938358619044, 0.08714609962967387, 0.04031776370803966, 0.06671843268426711, 0.06940628359813643, 0.044916975271771596, 0.08099390753792857, 0.044498865129614144, 0.06068570063313822, 0.05286106797276311, 0.09353721180265201, 0.028550949707322904, 0.036435312388006215, 0.03410584159598614, 0.05059132720105125, 0.027296619280850556, 0.05130808744474974, 0.021443077290646283, 0.03338908135228766
T:GACCT, 0.02942381612066106, 0.0004877953600905349, 0.05999882929113579, 0.085910518819145, 0.040311408557881796, 0.06522799555130632, 0.06362802677020937, 0.04920879592593316, 0.08624221966400655, 0.04146260560769546, 0.05715010438820705, 0.04602837017814287, 0.0903787243175743, 0.028545784472498097, 0.033892021619090364, 0.03773584905660377, 0.048369787906577436, 0.029794540594329868, 0.0493453786267585, 0.021677625802423366, 0.03517980136972937
T:GACGA, 0.025788131664348634, 0.0004056560037088549, 0.05708159480760315, 0.08854891052387576, 0.043636995827538244, 0.06177561427909133, 0.06426750115901715, 0.04937413073713491, 0.0737134909596662, 0.04415855354659249, 0.05899397311080204, 0.05511126564673157, 0.08269587389893371, 0.035871580899397314, 0.03853732035234121, 0.03923273064441354, 0.04641863699582754, 0.030018544274455262, 0.04630273528048215, 0.02381780250347705, 0.03424895688456189
T:GACGC, 0.018351516680330453, 0.0005045090496310778, 0.05455004099136029, 0.08526202938765214, 0.03985621492085514, 0.0701267578987198, 0.06621681276407895, 0.04931575960143785, 0.08368543860755502, 0.048180614239767924, 0.05782934981396229, 0.053225704736078704, 0.08589266569969099, 0.030775052027495742, 0.036955287885476445, 0.036324651573437595, 0.04849593239578735, 0.029009270353786972, 0.04799142334615627, 0.023585798070252885, 0.03386516995648609
T:GACGG, 0.01969533774426835, 0.00015386982612709647, 0.05611119659434785, 0.08339744576088629, 0.042416782069036256, 0.07021593065599836, 0.06559983587218546, 0.04580191824383238, 0.07790942196235318, 0.04985382366517926, 0.058419243986254296, 0.05159768169461968, 0.08924449915371596, 0.027850438529004463, 0.036467148792121866, 0.0349284505308509, 0.0508283325639842, 0.03159460429809714, 0.049135764476586144, 0.02410627275991178, 0.03467200082063907
T:GACGT, 0.021922998849719197, 0.0006089721902699777, 0.05609310508153461, 0.08613573313485351, 0.04357534339265173, 0.06488937005210095, 0.06306245348129103, 0.046552540767304966, 0.07152040056837404, 0.048785438798294875, 0.05704039515528791, 0.05758170376886122, 0.08755666824548346, 0.03403477907842208, 0.04066580959469517, 0.039515528790851885, 0.04546992354015833, 0.03051627309019555, 0.04682319507409162, 0.02341159753704581, 0.03423776980851208
T:GACTA, 0.04056774193548387, 0.0011870967741935484, 0.06668387096774193, 0.09326451612903226, 0.04350967741935484, 0.061367741935483874, 0.06105806451612903, 0.05063225806451613, 0.07907096774193548, 0.039174193548387096, 0.06023225806451613, 0.046812903225806446, 0.07695483870967743, 0.028490322580645162, 0.041393548387096774, 0.038503225806451616, 0.040722580645161294, 0.030916129032258065, 0.04423225806451613, 0.023483870967741936, 0.03174193548387097
T:GACTC, 0.02912054603830351, 0.00031433126024383126, 0.06324794000763376, 0.0871595680190395, 0.041716248680931316, 0.06652596600731943, 0.062349850692651386, 0.05071959406362963, 0.08873122432025866, 0.04200812770830059, 0.05586115539190373, 0.047261950200947485, 0.08590224297806417, 0.02871640584656144, 0.03623790385953883, 0.037899369092256226, 0.043265452749275915, 0.029906374188913086, 0.0467006443790835, 0.0229910864635488, 0.03336401805159523
T:GACTG, 0.03273861752949205, 0.0006824607585063859, 0.061557960417276014, 0.09281466315686848, 0.04297552890708784, 0.06465828214877645, 0.060524519840109196, 0.04847421273276786, 0.08234376523349908, 0.041766598420590814, 0.057736180169640244, 0.047577264307302324, 0.08290923271911865, 0.029111826070000974, 0.03673588768645803, 0.03817880471872867, 0.045958857365701475, 0.031861167982840985, 0.04576386857755679, 0.022501706151896266, 0.033128595105781415
T:GACTT, 0.039420529082142386, 0.0012162807871074236, 0.06661309239390122, 0.09369705920681118, 0.043959862734025454, 0.06311628513096738, 0.06009730246296859, 0.048651231484296946, 0.0724555840319708, 0.040267581773163634, 0.059554319968724206, 0.04608835411146345, 0.07960123365622693, 0.03060249337561357, 0.04113635376395465, 0.03831284479388384, 0.04319968724208331, 0.03212284435949785, 0.04337344164024152, 0.0231527735545806, 0.03336084444637505
T:GATAA, 0.04738604172031934, 0.001949891468305066, 0.07361760052978183, 0.09856149516206174, 0.0468709760494463, 0.05628931974541039, 0.05720907987196939, 0.0508075493911188, 0.06806224936536551, 0.036422501011736136, 0.06029947389720762, 0.04819543063169125, 0.06795187815017843, 0.03053603620175858, 0.04620874875832383, 0.03999117030278503, 0.03936573341672492, 0.03498767521430411, 0.041462786505279424, 0.023288326404473713, 0.03053603620175858
T:GATAC, 0.04176947479732112, 0.0017183644695100459, 0.07005639760310187, 0.0934525907648925, 0.04586711314769122, 0.062037363412054986, 0.05882093761015157, 0.05066972153683468, 0.07833979555868875, 0.03969862530842439, 0.05613323933732817, 0.04824638702855129, 0.0727881565033486, 0.028286922805780754, 0.04071201973916109, 0.03969862530842439, 0.03961050405357772, 0.0338385618611209, 0.04176947479732111, 0.02357243567148396, 0.03291328868523088
T:GATAG, 0.046126142764798234, 0.0015698587127158557, 0.06528765352294764, 0.09566903684550743, 0.042801736079047005, 0.061224489795918366, 0.055868501246652505, 0.04972758334102872, 0.08255609936282206, 0.03850771077661834, 0.062332625357835444, 0.04612614276479823, 0.07664604303259766, 0.028349801459045157, 0.0379536429956598, 0.04016991411949395, 0.039754363283775046, 0.03222827592575492, 0.04127804968141103, 0.021747160402622586, 0.03407516852895004
T:GATAT, 0.049796747967479675, 0.002188868042526579, 0.07356160100062539, 0.0975609756097561, 0.05077392120075047, 0.05784865540963102, 0.05976391494684177, 0.050852095059412135, 0.07793933708567855, 0.038617886178861784, 0.059607567229518446, 0.044480925578486555, 0.06429799874921827, 0.030331457160725453, 0.04323014383989994, 0.039165103189493435, 0.03263758599124453, 0.03517823639774859, 0.04002501563477173, 0.02227954971857411, 0.029862414008755472
T:GATCA, 0.04027969796873338, 0.0014357120068063385, 0.06458045304689992, 0.09140699776667022, 0.044055088801446346, 0.06205466340529618, 0.060432840582792725, 0.04857492289694778, 0.08250026587259385, 0.039934063596724446, 0.05668403700946507, 0.046899925555673724, 0.0778209082207806, 0.028767414654897374, 0.04089120493459534, 0.042061044347548655, 0.043177709241731366, 0.03222375837498671, 0.04309794746357546, 0.021296394767627354, 0.031824949484207166
T:GATCC, 0.033085001810750685, 0.0006984324072636971, 0.06084122303274872, 0.08538982875472088, 0.04449273112939107, 0.06371255626261059, 0.061436183972269645, 0.04878679704071602, 0.08883025505716799, 0.0430182627140566, 0.057478400331108695, 0.04658802835118216, 0.08564850742407781, 0.02894614310103989, 0.03644782451239071, 0.038750064669667336, 0.045035956335040615, 0.029618707641367894, 0.04550157793988307, 0.022479176367116768, 0.03321434114542915
T:GATCG, 0.029498269896193773, 0.0008650519031141869, 0.057698961937716266, 0.08010380622837371, 0.04757785467128028, 0.06314878892733564, 0.058996539792387545, 0.05060553633217993, 0.0809688581314879, 0.04411764705882353, 0.06150519031141868, 0.051643598615916955, 0.08555363321799309, 0.031314878892733565, 0.03659169550173011, 0.03918685121107266, 0.04662629757785467, 0.030622837370242215, 0.045588235294117645, 0.02179930795847751, 0.03598615916955017
T:GATCT, 0.03754390766844578, 0.0012088864559098582, 0.06363760777336801, 0.08692577893344282, 0.043063728844487024, 0.06391131791432872, 0.05859677934400803, 0.05013457415263902, 0.07839514620683363, 0.0413530404634825, 0.05768441220747229, 0.046439487249669266, 0.08578532001277314, 0.02937822179645089, 0.03907212262214315, 0.041147757857761966, 0.04678162492587017, 0.03261712513115277, 0.04263035445463254, 0.020847589069841705, 0.03284521691528671
T:GATGA, 0.03793970583935203, 0.0010526623585484956, 0.06352524927629463, 0.09101143308283868, 0.04228193806836457, 0.060250299716365974, 0.060133337232082806, 0.05131728997923916, 0.08337963098336208, 0.03840755577648469, 0.057911050030702654, 0.047062779613438986, 0.08182987806661013, 0.030234802187198456, 0.03915319161378988, 0.039884207140559666, 0.04143396005731162, 0.03217930348840609, 0.046331764086669204, 0.021930465803093657, 0.03274949559928653
T:GATGC, 0.030969210494788547, 0.0005590831037099157, 0.06177868295994569, 0.09047162653248672, 0.042709955672696774, 0.06285691465995767, 0.05998163012659239, 0.04959865820055109, 0.08450141767501299, 0.0406932630486003, 0.06149914140809073, 0.04850045924683519, 0.08270436484165967, 0.02897248512439599, 0.03847689788746456, 0.03652010702447986, 0.04706281698015255, 0.031108981270716027, 0.04746216205423106, 0.0221836188650613, 0.03138852282257098
T:GATGG, 0.033001409940077546, 0.0005140406532722359, 0.06117083773939608, 0.0906914581130302, 0.04165197979085889, 0.06479849606391729, 0.06186112090236165, 0.04708612383973681, 0.08823874985313124, 0.04018329221008107, 0.06011338268123605, 0.047056750088121255, 0.08474327341088003, 0.027376336505698512, 0.036878745153330984, 0.03811244272118435, 0.04502996122664787, 0.029432499118787453, 0.04861355892374574, 0.02035600986958054, 0.033089531194924214
T:GATGT, 0.03523460666317809, 0.0009109056728104347, 0.06399596875787351, 0.09213713975618737, 0.04440180630656821, 0.06025544120782216, 0.06110820396534682, 0.04930519216233502, 0.08213655832703452, 0.040738802643564546, 0.058976297071535164, 0.04769657150609532, 0.07804717328526851, 0.029594743880458164, 0.0418241370622323, 0.03992480182956373, 0.04184351803399423, 0.0327538422776518, 0.04494447351590208, 0.02178421226040274, 0.03238560381417524
T:GATTA, 0.04936854190585533, 0.002842928216062544, 0.07298671477775956, 0.0976983215789186, 0.05139139467497676, 0.05603848887430977, 0.05401563610518834, 0.04991525887048275, 0.07003444316877153, 0.038598217702695316, 0.05828002842928216, 0.046798972172106504, 0.06412989995079547, 0.03160024055546443, 0.04914985512000438, 0.03958230823902466, 0.0380515007380679, 0.03132688207315073, 0.040949100650593186, 0.0265157727844295, 0.030725493412060576
T:GATTC, 0.04330368173956017, 0.0015134667655053126, 0.06955769705955028, 0.08876945885841364, 0.045002470966147755, 0.06365826538176426, 0.058778107239930814, 0.04935754880158142, 0.0808932542624166, 0.03931924882629107, 0.05958117123795404, 0.04682480850012355, 0.07165801828514949, 0.029095626389918458, 0.042346182357301705, 0.040770941438102296, 0.03975166790214974, 0.032647640227328883, 0.042902149740548554, 0.02168272794662713, 0.03258586607363479
T:GATTG, 0.04312913305719061, 0.0012353753360947605, 0.06667393358040839, 0.09287115761935906, 0.04454618123682872, 0.061405421117651335, 0.05780829881549307, 0.054211176513334784, 0.0816437758883802, 0.040222367560497053, 0.061369086548942665, 0.04901533318799506, 0.07245113000508685, 0.02924932781047889, 0.040513044110166416, 0.03978635273599302, 0.03804229343797689, 0.03168374391395974, 0.04193009228980452, 0.022055083206162344, 0.030157692028195626
T:GATTT, 0.05018715147811474, 0.0021134112494589157, 0.074376798309271, 0.09558729916227433, 0.04794642629796552, 0.05922644055712576, 0.05983754742443918, 0.05235148829984977, 0.06727268097675247, 0.03681918875563364, 0.057418582741323554, 0.048455682020726705, 0.06711990425992412, 0.0310391363022942, 0.04481450360298423, 0.04010388816744328, 0.038015939704122426, 0.0343492985002419, 0.03913630229419703, 0.02334937488860031, 0.030478955007256895
T:GCCAA, 0.03553489471507081, 0.0007485177379006047, 0.06454980597632319, 0.09198889042094274, 0.04175941064077058, 0.06354521638071976, 0.06088600862765183, 0.04723540882856974, 0.08663107924439103, 0.041720014970354755, 0.05680855673961431, 0.04634900624421376, 0.0822975554986507, 0.027695156302322374, 0.037938030610435915, 0.0371895128725353, 0.046467193255461225, 0.02936947229499478, 0.045364114483818226, 0.02184489924557291, 0.034077254909685425
T:GCCAC, 0.027382776585963838, 0.0004903463070793749, 0.05579221575237511, 0.0889825314128103, 0.03927367453263868, 0.06513944223107569, 0.06435795280416795, 0.046199816120134844, 0.09155684952497702, 0.044805393809377876, 0.05668096843395649, 0.048130554704259886, 0.08861477168250077, 0.028256205945448976, 0.033925835121054244, 0.035136377566656454, 0.04878945755439779, 0.0284707324547962, 0.0519613852283175, 0.02090101133925835, 0.035151700888752684
T:GCCAG, 0.02833073682995788, 0.00025388033004442907, 0.055034331544631006, 0.08839651491546939, 0.03861289019675725, 0.06683976689169696, 0.06193526051583867, 0.04652934048814263, 0.09312792106629739, 0.04356355663262362, 0.05760775489008136, 0.046921700998211295, 0.09259708037620448, 0.027476775719808437, 0.03223126190064047, 0.03474698517108072, 0.04895274363856673, 0.029980958975246667, 0.050556805723847444, 0.02107206739368761, 0.03523166580116554
T:GCCAT, 0.03444946377461292, 0.0005000172419738611, 0.05926066416083313, 0.09339977240594503, 0.03998413738404773, 0.0643815303975999, 0.05936411600400013, 0.04877754405324322, 0.08867547156798511, 0.04088072002482844, 0.05839856546777475, 0.04727749232732163, 0.0821752474223249, 0.027656126073312873, 0.03738059933101141, 0.03912203869098935, 0.043535983999448254, 0.031863167695437775, 0.04853615641918687, 0.021242111796958514, 0.03313907376116418
T:GCCCA, 0.025371725277318857, 0.00019176303988671227, 0.05407717724805286, 0.08710467311777201, 0.03845586499881992, 0.06840040122728346, 0.061275666745338686, 0.04631814963417513, 0.09554224687278735, 0.043854732121784284, 0.05602430965305641, 0.04633290063724333, 0.09381637951380693, 0.026138777436865705, 0.03187691763039887, 0.03656773660608922, 0.0519087797970262, 0.028439933915506255, 0.051967783809299034, 0.020548147274014633, 0.03578593344347416
T:GCCCC, 0.02508978876236191, 8.510783162266592e-05, 0.04992425402985583, 0.08231629474544247, 0.03807724386798073, 0.06859691228786872, 0.06481812456382235, 0.045992272208888664, 0.09971233552911539, 0.04389861955097108, 0.05572860814652164, 0.0485795502902177, 0.09816337299358287, 0.02599193177756217, 0.027677066843690958, 0.03508144819486289, 0.05177960475922994, 0.025123831895010978, 0.05686905309026537, 0.01988118946705476, 0.03661338916407088
T:GCCCG, 0.018615194394834455, 0.0, 0.050865503503228465, 0.07999038329440858, 0.036509135870311855, 0.0715757659019096, 0.06618354169528781, 0.04767138343179008, 0.09159912075834592, 0.05004121445253469, 0.05550212941338096, 0.049972523698310206, 0.09699134496496771, 0.02771671932957824, 0.032215963731281765, 0.03407061409534277, 0.052411045473279294, 0.026961121033108944, 0.053235334523973075, 0.02091633466135458, 0.036955625772770985
T:GCCCT, 0.02501867658512549, 0.0003655842194776914, 0.05410646448269833, 0.08328962217665666, 0.03967383529636164, 0.06783971516220813, 0.06335733473209035, 0.04574571233290417, 0.09540158631761321, 0.04347273218571678, 0.05628407483350023, 0.046731200228887514, 0.09524263665697073, 0.026322063802393787, 0.029946116065042203, 0.03697169106543958, 0.052008328962217666, 0.02702144230922067, 0.05355014067044967, 0.01991639247850206, 0.03773464943652345
T:GCCGA, 0.02375971309025702, 0.00019924287706714485, 0.0574317593146045, 0.08393106196453477, 0.040346682606096834, 0.06834030683403068, 0.06669655309822674, 0.0473201833034469, 0.0827356047021319, 0.04562661884837617, 0.05643554492926878, 0.04971109782825264, 0.09000796971508268, 0.031081888822474597, 0.03407053197848177, 0.03840406455469217, 0.051902769475991234, 0.026200438334329546, 0.04941223351265192, 0.0227634987049213, 0.03362223550508069
T:GCCGC, 0.020422917043195373, 9.036688957166094e-05, 0.05132839327670341, 0.08301704921983252, 0.036146755828664376, 0.06943189348755949, 0.07018495090065667, 0.04608711368154708, 0.08735465991927224, 0.04903909874088801, 0.053256220254232184, 0.04918971022350744, 0.09238508343876137, 0.03295379239713236, 0.036297367311283815, 0.03343574914151455, 0.050846436532321224, 0.027772757395023797, 0.05193083920718116, 0.02286282306163022, 0.035966022049521054
T:GCCGG, 0.01787610013355707, 6.849080510941406e-05, 0.053080373959795896, 0.08116160405465567, 0.03784116982295127, 0.07126468271634533, 0.06992911201671176, 0.044964213554330335, 0.08896955583712887, 0.046642238279510966, 0.054004999828772986, 0.05352556419300709, 0.0954761823225232, 0.02965651861237629, 0.032704359439745215, 0.03575220026711414, 0.051470840039724665, 0.026916886407999725, 0.048936680250676344, 0.022670456491216056, 0.037087770966747716
T:GCCGT, 0.01966023088168574, 0.000554519332560367, 0.05923274688713011, 0.08101023340222815, 0.04078237636739426, 0.0706760094772395, 0.06770176942077935, 0.04663003478348541, 0.07818722589101175, 0.048495236174824825, 0.057266723798961534, 0.05419166204567223, 0.08610172909210062, 0.030498563290820183, 0.03432978777032818, 0.035186772193376015, 0.05146947623128498, 0.026667338811312193, 0.04970509653677471, 0.023743509603266624, 0.03790895800776327
T:GCCTA, 0.03725193407332661, 0.0008409014463504877, 0.05898923646148671, 0.09359233097880928, 0.04154053144971409, 0.06424487050117726, 0.05915741675075681, 0.04898250924991591, 0.08333333333333333, 0.04069963000336361, 0.0562142616885301, 0.04574503868146653, 0.08366969391187352, 0.026992936427850656, 0.033678102926337036, 0.0396485031954255, 0.04835183316515304, 0.031701984527413386, 0.049318869828456104, 0.021022536158762196, 0.03502354524049782
T:GCCTC, 0.027143065056032603, 0.00029107844564110026, 0.053893174210449715, 0.08614466598748363, 0.03590452626982972, 0.06636588560617086, 0.06402270411876, 0.04644156600203754, 0.09382913695240867, 0.04299228642119051, 0.056498326298937564, 0.04422936981516519, 0.0974094018337942, 0.028525687672827826, 0.0322223839324698, 0.03727259496434289, 0.05125891427739776, 0.028438364139135495, 0.0496288749818076, 0.020826662785620727, 0.03666133022849658
T:GCCTG, 0.027266178412774643, 0.00033617481090166885, 0.05490455036619042, 0.0881138191859767, 0.037891703685916676, 0.06818345539680634, 0.062936727098091, 0.045575699363669106, 0.09356465361988234, 0.04287429463320927, 0.05556489374474727, 0.04718453595869852, 0.0911634049705847, 0.027806459358866612, 0.03203265698163045, 0.03592267979349262, 0.05127866490575099, 0.02814263416976828, 0.05304358266298475, 0.019954376275663346, 0.036258854604394285
T:GCCTT, 0.03196809948634766, 0.0004899972965666397, 0.06099621519329548, 0.08862192484455259, 0.0430014868883482, 0.06471343606380103, 0.06163828061638281, 0.04675250067585834, 0.08586780210867802, 0.04063598269802649, 0.05792105974587727, 0.04844214652608812, 0.08400919167342526, 0.028707082995404164, 0.03751013787510138, 0.04009529602595296, 0.04676939713436064, 0.029923628007569612, 0.04641457150581238, 0.02157677750743444, 0.03394498513111652
T:GCTAA, 0.03622785044994897, 0.0016699137211244085, 0.07087856016328045, 0.09537062807310512, 0.048705816866128585, 0.060859077836534, 0.059606642545690695, 0.04824195194359403, 0.06874478151962149, 0.038871880508395955, 0.059281937099916505, 0.0492160682809166, 0.07152797105482883, 0.03172836070136376, 0.044206327117543374, 0.041515910566842944, 0.0408201131830411, 0.03390852583727619, 0.042721959365432785, 0.023610724557008998, 0.03228499860840523
T:GCTAC, 0.03460374243258118, 0.0007223445239405614, 0.06078013208585581, 0.09411117226197029, 0.04426940011007155, 0.060780132085855816, 0.05957622454595487, 0.048706659328563565, 0.08355118326912493, 0.042136763896532745, 0.060160979636763895, 0.04475096312603192, 0.08238167308750688, 0.02954733076499725, 0.036598789212988446, 0.036770776004402865, 0.046711612548156305, 0.03109521188772702, 0.04722757292239956, 0.022495872317006053, 0.033021463951568526
T:GCTAG, 0.039332025455763434, 0.0007177376907986028, 0.06067275946217522, 0.08684626058663093, 0.04387769749748792, 0.06521843150389971, 0.05832814967223312, 0.0428250155509833, 0.09096129001387626, 0.04033685822288148, 0.0605292119240155, 0.045169625340925404, 0.08478874587300828, 0.026843389635867746, 0.032537441982869994, 0.04062395329920092, 0.04823197282166611, 0.030384228910474185, 0.044116943394420786, 0.022345566773529835, 0.03531269438729126
T:GCTAT, 0.04350333690368295, 0.0012770865947103896, 0.0657081651149378, 0.09821207876740545, 0.046510669852517096, 0.05586223943313834, 0.05862239433138337, 0.05137183818076955, 0.08231029084617286, 0.037900634423663176, 0.05899316140726703, 0.04688143692840076, 0.07489494932849963, 0.030361703880695395, 0.039507291752492374, 0.037777045398368625, 0.03987805882837604, 0.03509928318365329, 0.044162478371920576, 0.02121611600889841, 0.02994974046304688
T:GCTCA, 0.029705639789380192, 0.0005392374547992134, 0.05925268032734886, 0.08848252236249445, 0.039253314724354504, 0.06608830806318594, 0.06228192602930914, 0.04581932373279198, 0.08705512909979064, 0.041029626340163675, 0.05633445410137665, 0.04685021886696695, 0.09171794709128973, 0.028405125927805617, 0.036144769396688446, 0.03812726003933262, 0.04830933197995305, 0.0299752585167798, 0.04908646831186956, 0.021014400812028166, 0.03452705703229081
T:GCTCC, 0.02632976912075189, 0.0002860450861540557, 0.05823060682421848, 0.08450589116665531, 0.04153102227065314, 0.06607641490158687, 0.0641422052714023, 0.046884151740107606, 0.0893959000204318, 0.0434652319008377, 0.055342913573520405, 0.046012395287066674, 0.09224272968739358, 0.030061976435333378, 0.03245930668119594, 0.03613702921746237, 0.05013961724443234, 0.028536402642511748, 0.05003064768780222, 0.022025471633862294, 0.0361642716066199
T:GCTCG, 0.022478680014831297, 0.00013904338153503893, 0.054505005561735265, 0.08166481275491287, 0.040229885057471264, 0.06882647385984428, 0.06803856136447906, 0.04699666295884316, 0.07944011865035225, 0.04838709677419355, 0.05603448275862069, 0.04885057471264368, 0.09051724137931033, 0.03489988876529477, 0.03605858361142009, 0.035038932146829814, 0.05204857248794957, 0.028921023359288096, 0.04625509825732295, 0.02442528735632184, 0.03624397478680015
T:GCTCT, 0.029095517981002256, 0.00041783893701774423, 0.06023844675339146, 0.0919663500376055, 0.04131034290648765, 0.06672887824173375, 0.06248084904872002, 0.04615727457589348, 0.08356778740354885, 0.042132092815955875, 0.05897100197777097, 0.045140533162483634, 0.08791331234853339, 0.028886598512493384, 0.03625449176857294, 0.03611521212290036, 0.04753614306805203, 0.030599738154266136, 0.04839967687122204, 0.0223265272013148, 0.033761386111033735
T:GCTGA, 0.029594037511261568, 0.0006142673837669606, 0.06119468180949521, 0.08738977313057959, 0.04207049059488383, 0.06407491332004696, 0.06258702121270032, 0.047953807092740726, 0.08445494007480411, 0.04086925659996178, 0.058450954162002786, 0.04718938545960851, 0.08893226678314996, 0.03060416609790057, 0.03523164705561167, 0.03736110731933714, 0.048185863659941576, 0.030849873051407354, 0.04657511807584155, 0.021895219634715666, 0.03392120997024216
T:GCTGC, 0.025711990000892776, 0.0002777529784047059, 0.05468757749804085, 0.0855181581009632, 0.040561854596315804, 0.06632344334335229, 0.06458748722832287, 0.047069210090368914, 0.08700612048527413, 0.04380561259411362, 0.05644337311152774, 0.047466000059518496, 0.09512047535438305, 0.030840500352151096, 0.0324474997272069, 0.03577061571883462, 0.05101727028340724, 0.029878284676963365, 0.04874564771002589, 0.02145641758176353, 0.035264708508168915
T:GCTGG, 0.024437379818144922, 0.00031887446975040825, 0.054073379779493475, 0.08509116910976046, 0.038941336760428644, 0.06722453594101789, 0.06519533476987892, 0.04629477529012745, 0.09128506411309414, 0.043077042004464244, 0.05675965561557267, 0.04765723893360647, 0.0964160442172598, 0.028708365140256452, 0.03210002995487443, 0.03649663249234218, 0.04983138304554107, 0.028495782160422853, 0.050807332180231715, 0.02052392041666264, 0.03626472378706916
T:GCTGT, 0.027835078465676164, 0.0006005692351881348, 0.061231950283312006, 0.08870146486669975, 0.04269263911011306, 0.06598428075306159, 0.06286393190067108, 0.0478497010209677, 0.08504582604381544, 0.04271875081599081, 0.05936496331305324, 0.04800637125623417, 0.0860641825730475, 0.029271222288952136, 0.036804449434681565, 0.036778337728803824, 0.04564326187429825, 0.030785701229861347, 0.04800637125623418, 0.02159438076089511, 0.03215656578844296
T:GCTTA, 0.03847865668622294, 0.0015375278171151122, 0.07141412097916246, 0.09463888326926967, 0.0449929192797896, 0.06218895407647178, 0.0596398948007283, 0.051871333198462474, 0.07258749747117135, 0.03944972688650617, 0.05745498685009104, 0.048067974914019825, 0.07517701800525996, 0.029293951041877403, 0.041553712320453164, 0.03997572324499291, 0.04236293748735585, 0.03232854541776249, 0.0415941735787983, 0.0224964596398948, 0.032895003034594375
T:GCTTC, 0.032660071253175875, 0.0005961421089236796, 0.061260698621776216, 0.08916582686329894, 0.043220302896966774, 0.06584531531659404, 0.0615303819567655, 0.048188153804664104, 0.08162888734333527, 0.041176387094942736, 0.05707350999957418, 0.045789391509233106, 0.08631286105630705, 0.029807105446183983, 0.037812442337444824, 0.03767050374008204, 0.04706683888549813, 0.030474216853789052, 0.04584616694817821, 0.02171660539650547, 0.03515819056676082
T:GCTTG, 0.03451566065131716, 0.000705247873885086, 0.06104542626011201, 0.09193113461937358, 0.04246007052478739, 0.06535988384152665, 0.058431860609831986, 0.04835096453018046, 0.07880107861439535, 0.04221115951047501, 0.05836963285625389, 0.047832399917029665, 0.0823480605683468, 0.029081103505496784, 0.03891308857083592, 0.0387678904791537, 0.04760423148724331, 0.030885708359261563, 0.046172993154947106, 0.024144368388301182, 0.032068035677245386
T:GCTTT, 0.040997838489068426, 0.0011693419793770597, 0.06791042131745863, 0.09436235427518515, 0.0463130293044187, 0.06080578292760711, 0.06103610786293895, 0.049130080436554334, 0.07324332943552674, 0.03807448354062577, 0.057634385741114784, 0.048952907409375995, 0.07375713121434394, 0.031217887388823924, 0.04367315119946139, 0.03848198150313596, 0.042680982247262675, 0.032706140817122004, 0.043354239750540376, 0.023245101165798518, 0.03125332199425959
T:GGCAA, 0.036808348733558, 0.0005435373410153278, 0.06035438634634199, 0.09235786498532449, 0.04465702793781933, 0.06391999130340255, 0.05983259049896728, 0.0499184693988477, 0.08353081856723557, 0.04204804870094576, 0.05570170670725079, 0.044613544950538105, 0.08246548537884552, 0.029416240895749537, 0.03809109685835417, 0.03789542341558865, 0.045939776062615505, 0.03048157408413958, 0.04698336775736493, 0.021176214805957168, 0.03326448527013806
T:GGCAC, 0.0293098585874864, 0.0004431731195358769, 0.056282986181056364, 0.08853390274364449, 0.03958341726763627, 0.06508601587365537, 0.06305144837033158, 0.045183513959953264, 0.09215986463075622, 0.04365255227428387, 0.05676644776600459, 0.04903106240683292, 0.08649933524032069, 0.02781918536722936, 0.033681157084726646, 0.03486966681439104, 0.05128721646992466, 0.027899762298054066, 0.05316063011159905, 0.02040610773135651, 0.03529269570122074
T:GGCAG, 0.0263898470264884, 0.00021900287988787053, 0.05628374013118272, 0.08619953352386583, 0.03959572068372699, 0.06729958498954261, 0.062251568608127195, 0.04698706787994262, 0.09155415393712427, 0.042311356394336586, 0.058232865762184775, 0.04714036989586413, 0.09315287496030573, 0.02779146545777077, 0.03127361124798791, 0.035839821293650015, 0.05015165949432235, 0.028196620785563332, 0.05206793469334121, 0.020422018549543928, 0.036639181805240735
T:GGCAT, 0.03474747474747475, 0.0006509539842873176, 0.06251402918069585, 0.09187429854096521, 0.04314253647586981, 0.06282828282828283, 0.058787878787878785, 0.04940516273849607, 0.08911335578002244, 0.041728395061728395, 0.057777777777777775, 0.04718294051627385, 0.07941638608305275, 0.026936026936026935, 0.03679012345679012, 0.03892255892255892, 0.04810325476992144, 0.030617283950617285, 0.04556677890011223, 0.022132435465768797, 0.03176206509539843
T:GGCCA, 0.027367880305657226, 0.0002696975534579079, 0.05349001476915174, 0.09000192641109613, 0.03644769793874012, 0.06788672702754768, 0.06403390483529185, 0.04500096320554806, 0.09607654273421948, 0.04294612470301162, 0.05690618377961857, 0.04597701149425287, 0.09155589802863931, 0.02709818275219932, 0.03200410967700507, 0.03706414948950106, 0.05000963205548064, 0.02780453348744622, 0.0516791883387915, 0.02053554228472356, 0.03584408912862005
T:GGCCC, 0.024075974523123034, 0.00014660606949127694, 0.04950398279822118, 0.08374464480607274, 0.03552753750671944, 0.07115281239309974, 0.06491390965808205, 0.045757383244555215, 0.09700434931339491, 0.04422616429653521, 0.055156461255273743, 0.04836371336884458, 0.09974099594389875, 0.024776425744025804, 0.027724836697128146, 0.03614654091123817, 0.05409763964228119, 0.025395429148544528, 0.05595464985583737, 0.019009920344035577, 0.037580022479597325
T:GGCCG, 0.017839036755386565, 0.00019011406844106463, 0.05282002534854246, 0.0799746514575412, 0.0355830164765526, 0.07214828897338403, 0.07208491761723701, 0.04464512040557668, 0.08979721166032953, 0.04895437262357415, 0.053105196451204054, 0.05044359949302915, 0.09302915082382764, 0.031432192648922684, 0.035487959442332066, 0.035963244613434725, 0.05053865652724968, 0.025063371356147023, 0.05101394169835234, 0.021799746514575412, 0.03808618504435995
T:GGCCT, 0.028320510959500653, 0.00029031789809841774, 0.05318623893163013, 0.08650021773842358, 0.035534910727246335, 0.06834083321236754, 0.06298446799245173, 0.04527507620844825, 0.09634199448395994, 0.04227028596312963, 0.05600232254318479, 0.04604441863840906, 0.0965887646973436, 0.026535055886195383, 0.03057047466976339, 0.03698650021773842, 0.05192335607490202, 0.027841486427638264, 0.05270721439976775, 0.019131949484685735, 0.0366236028451154
T:GGCGA, 0.024147727272727272, 0.0004734848484848485, 0.05324074074074074, 0.07602062289562289, 0.03972011784511784, 0.06613005050505051, 0.06755050505050506, 0.05129419191919192, 0.08396464646464646, 0.04776936026936027, 0.05876473063973064, 0.05134680134680135, 0.0903303872053872, 0.029356060606060608, 0.034722222222222224, 0.03477483164983165, 0.05197811447811447, 0.026304713804713806, 0.050505050505050504, 0.023989898989898988, 0.03761574074074074
T:GGCGC, 0.01935917190154478, 0.0002765595985934969, 0.04820038718343803, 0.08672118841610367, 0.036821935127019874, 0.06941645924696772, 0.06321362253565645, 0.04839792975386196, 0.09138319307810833, 0.050649915056694715, 0.054679783493342814, 0.05053138951444036, 0.09616372328236734, 0.030421555845284658, 0.036821935127019874, 0.03283157520445656, 0.04918810003555766, 0.02599660226778871, 0.05088696614120343, 0.022243293429734107, 0.03579471376081546
T:GGCGG, 0.021602848986078817, 0.00011772669747181917, 0.051240545074609296, 0.08061335609382818, 0.03696618300615122, 0.06951761485710922, 0.07010624834446831, 0.04579568531653766, 0.09150307560997145, 0.047797039173558584, 0.05324189893163022, 0.05029873149483474, 0.09600612178826853, 0.029990876180945935, 0.032551431850958004, 0.0359360744032728, 0.04885657945080495, 0.027312593813462047, 0.05250610707243135, 0.02216205079906996, 0.035877211054536895
T:GGCGT, 0.020028776978417265, 0.00028776978417266187, 0.055079136690647484, 0.08143884892086331, 0.03953956834532374, 0.06992805755395684, 0.06710791366906475, 0.04869064748201439, 0.07965467625899281, 0.050359712230215826, 0.05709352517985611, 0.05461870503597122, 0.08684892086330935, 0.032, 0.035107913669064746, 0.03585611510791367, 0.0501294964028777, 0.02981294964028777, 0.04748201438848921, 0.024920863309352517, 0.03401438848920863
T:GGCTA, 0.03554372789909227, 0.0009842878495133244, 0.05876563012649921, 0.09044511683861325, 0.04312638985089862, 0.059093726076336985, 0.060223834348000445, 0.04567824723852575, 0.08734643286792315, 0.043017024534286026, 0.05752615653822318, 0.04852174547045314, 0.08348219168094492, 0.027778790419598264, 0.035507272793554735, 0.038788232291932484, 0.04626152892712625, 0.03313769093361525, 0.04888629652582844, 0.022893806277569175, 0.032991870511465134
T:GGCTC, 0.02714711046644782, 0.0002442934575158409, 0.05879838155584396, 0.08834262157416596, 0.03983510191617681, 0.06724177418123521, 0.06128712115428658, 0.044156042445988246, 0.09211390182456676, 0.04319413695701962, 0.056324910298496074, 0.04560653484998855, 0.09165585159172455, 0.028261699366363843, 0.03246049316741736, 0.035605771432933815, 0.04998854874417895, 0.02902511642110085, 0.05159172455912665, 0.021039774028551797, 0.036079090006870755
T:GGCTG, 0.023821674253403827, 0.0002653656943395456, 0.0560533997427994, 0.08543754720447447, 0.03865153401784074, 0.06704566331217211, 0.06360611565861723, 0.04621445630651779, 0.09432729796484925, 0.04322398905876829, 0.05686990957153647, 0.047275919083875975, 0.09414358325338341, 0.028067525362836555, 0.031721406846434916, 0.03632448100594011, 0.04899058972422381, 0.02926167098736451, 0.050511339280246585, 0.021464002122925555, 0.03672252954744943
T:GGCTT, 0.034412920721555704, 0.0005835607503904708, 0.061153733930624926, 0.09124143967869831, 0.04223950019738084, 0.06513567787446578, 0.06137686009989187, 0.048607177797229804, 0.08332904244546281, 0.040969397387707454, 0.056914336714552975, 0.04723409367866399, 0.08298577141582136, 0.02679230386351544, 0.039476168408767144, 0.03767399550314951, 0.047216930127181915, 0.03130631790330055, 0.046839331994576315, 0.021094004771467313, 0.03341743473559549
T:GGTAA, 0.03985185506053583, 0.0014511273310086417, 0.07240475623226701, 0.08893028091226095, 0.046890905546771784, 0.06151047194126183, 0.06116393407117021, 0.050941066903467544, 0.06770483636914947, 0.04138961685906738, 0.06064412726603279, 0.04561304715080895, 0.07459227653722034, 0.0314916289445756, 0.041909423664204803, 0.040111758463104545, 0.04206103398236989, 0.03311602521063005, 0.043382209612094165, 0.023997747503844404, 0.03084187043815382
T:GGTAC, 0.03392463263847898, 0.0005591972412936097, 0.06272329056509988, 0.08962689117400355, 0.0406349995340023, 0.06523967815092112, 0.06272329056509988, 0.04585417378607599, 0.08633384075305228, 0.04181552704339992, 0.05666532045108578, 0.04802882972444003, 0.08468731554257666, 0.02839479325235329, 0.036938084438783436, 0.03920593991736308, 0.04560564167883439, 0.028891857466836496, 0.04833949485849203, 0.021715492870235175, 0.032091708347572155
T:GGTAG, 0.03420269654488434, 0.0005360924223336103, 0.059613477363497466, 0.08875010051732919, 0.0394832069048704, 0.0647867692390168, 0.059881523574664274, 0.04693489157530758, 0.0868201677969282, 0.041279116519688, 0.05886294797223041, 0.04607714369957381, 0.08816039885276222, 0.028252070656981265, 0.033130511700217115, 0.04026054091725413, 0.04792666255662476, 0.029404669364998526, 0.05041949232047605, 0.02085399522877744, 0.03436352427158442
T:GGTAT, 0.04455336893701076, 0.0011705318604140758, 0.06869558855805105, 0.09455702684907455, 0.04576047991806277, 0.06584241714829175, 0.05614895017923769, 0.04952812934377058, 0.07626746653010462, 0.04085887775257883, 0.057319482039651766, 0.044882581022752215, 0.07747457751115663, 0.027726973443558418, 0.04071256127002707, 0.040127295339820034, 0.041992830492354964, 0.030580144853317726, 0.04235862169873436, 0.02143536469383276, 0.03200673055819738
T:GGTCA, 0.0305872444682643, 0.000555087665569252, 0.059987749789449506, 0.08929255034070899, 0.03969833856519409, 0.06467728351581042, 0.06197840900390476, 0.0484074726284358, 0.08707219967843197, 0.04128703774596126, 0.05721231146160326, 0.049192251741826815, 0.08998162468417426, 0.028558303345838757, 0.03246305795880867, 0.037439705994946795, 0.0484074726284358, 0.029745042492917848, 0.050072735625143555, 0.020002296914478218, 0.033381823750095706
T:GGTCC, 0.02654453877086803, 0.0004264998578333807, 0.05826800438685568, 0.08704659003208903, 0.037816320727893094, 0.06340631219789594, 0.06436085949876111, 0.04567610382225111, 0.09338315934847069, 0.04317803322636988, 0.05767902839270482, 0.04819448393517202, 0.09078354116739104, 0.027174133799098256, 0.03127665624111459, 0.03663836873959138, 0.04971769771314838, 0.029245704537146106, 0.05199236362159307, 0.020614159795280067, 0.03657744018847232
T:GGTCG, 0.02245015062401377, 0.00028690288337397793, 0.05372256491177736, 0.08112179027399226, 0.04310715822694018, 0.06584421173432792, 0.06684837182613686, 0.049132118777793714, 0.0830583847367666, 0.048486587290202256, 0.055659159374551716, 0.052718404819968444, 0.08972887677521159, 0.03263520298378999, 0.03607803758427772, 0.03421316884234687, 0.048916941615263235, 0.027112322478840913, 0.04963419882369818, 0.024745373691005594, 0.034500071725720845
T:GGTCT, 0.030974632843791722, 0.0006367464311389545, 0.05847797062750334, 0.0879737085344562, 0.03999178391701756, 0.06804970730204375, 0.062462770873985815, 0.04826948752182397, 0.08856937455068296, 0.04212796549245147, 0.05761528191434734, 0.044859813084112146, 0.08887747766252439, 0.02832494608195543, 0.03689021259114717, 0.03777344151175927, 0.044941973913936534, 0.02980384101879429, 0.05013864640032864, 0.02008832289206121, 0.03315189483413783
T:GGTGA, 0.02960258390675467, 0.0004915040022468755, 0.058741749754248, 0.08686982165426205, 0.040640359500070215, 0.06434489537986238, 0.06257548097177362, 0.04898188456677433, 0.08897626737817722, 0.04315405139727566, 0.05736553854795674, 0.048111220334222715, 0.08852689229040865, 0.025993540233113326, 0.03557084679118101, 0.037143659598371015, 0.047689931189439684, 0.0284089313298694, 0.050344052801572815, 0.02068529700884707, 0.03578149136357253
T:GGTGC, 0.0269248937175248, 0.0004107535273459161, 0.05732065474112259, 0.08558049742252162, 0.03935018791973876, 0.0660697048735906, 0.06473475590971639, 0.04489536053890863, 0.08995502248875563, 0.04495697356801052, 0.057505493828428254, 0.04996816660163069, 0.09083814257254934, 0.027828551477685814, 0.0323057649257563, 0.034811361442566385, 0.05068698527448604, 0.0278901645067877, 0.05259698917664456, 0.02119488201104927, 0.034174693475180214
T:GGTGG, 0.02790346907993967, 0.0004450708404421037, 0.0543604579284425, 0.08509507207674999, 0.03753430754395075, 0.06673589990851321, 0.06349677323640679, 0.047931656899834335, 0.09445392280493534, 0.043468585416512134, 0.054793165689983436, 0.047115693692357144, 0.09665455084934353, 0.026605345795316867, 0.030536804885888783, 0.03551912568306011, 0.05031773112776006, 0.027928195237742006, 0.053668125509977, 0.01986746779417946, 0.03556857799866479
T:GGTGT, 0.029930099555178988, 0.00046600296547341663, 0.060156746452022875, 0.08894302054649439, 0.04136835416225376, 0.06291040033891125, 0.06390595212878628, 0.04613429358186825, 0.09087057826731625, 0.043656005083668716, 0.05784791357763186, 0.04708748146579115, 0.08614700275365389, 0.027515356915907646, 0.035945774200381274, 0.03645414107180682, 0.04734166490150392, 0.029993645414107182, 0.05007413683541623, 0.020038127515356916, 0.033213302266468965
T:GGTTA, 0.040811315194971026, 0.001276888321382968, 0.06674197033690207, 0.09537373538945094, 0.048325311855416955, 0.05863864060504862, 0.057410863372949615, 0.0487673116589726, 0.07543463314016305, 0.03977998232000786, 0.06109419506924663, 0.046851979176898144, 0.0706708574796189, 0.029908653373931834, 0.039337982516452215, 0.042824869855613394, 0.04316864748060112, 0.03496709557017975, 0.045967979569786856, 0.021461546017090657, 0.031185541695314803
T:GGTTC, 0.03286648947045594, 0.000741157227560826, 0.06396953588223267, 0.09164792475976283, 0.04222040482518912, 0.06491515027601717, 0.05982927826620323, 0.04863524841545696, 0.08533530975260682, 0.04252709057452464, 0.057912492332856266, 0.04528726231854426, 0.0867409527703946, 0.028777346145982416, 0.03529441831936209, 0.03902576160294418, 0.04464833367409528, 0.030873032099775096, 0.044418319362093645, 0.02118687384992844, 0.033147618074013493
T:GGTTG, 0.03281670093310138, 0.0006853286941852496, 0.06112604776213822, 0.0911487163266382, 0.042780325794717695, 0.06465812641678528, 0.057804839474932784, 0.04744583267436343, 0.08798566081501397, 0.04177869154937002, 0.057093151984817334, 0.046760503980178184, 0.08537614001792398, 0.027861247298223417, 0.03613790922030682, 0.03832568928251358, 0.04502082344878486, 0.03244767779007855, 0.04599609889820233, 0.022141388581369607, 0.034609099056355105
T:GGTTT, 0.03992352955781215, 0.0011917471509794672, 0.07172828164957668, 0.09265834098865357, 0.04744643344837004, 0.061499118603669585, 0.06122600988157013, 0.05062442585098195, 0.07329244978523723, 0.040444918936365676, 0.05640936514636145, 0.04786851056434193, 0.07470764952702535, 0.030935769794175335, 0.04315117809171488, 0.038607642078605654, 0.03984904536087593, 0.03312063957097103, 0.040295950542493235, 0.02306527298458177, 0.031953720485636966
T:GTCAA, 0.040765130134838505, 0.0011117762764046865, 0.06838849454089341, 0.09720915647538414, 0.045354770660509136, 0.06103366686621625, 0.058296986801220106, 0.04849054990165056, 0.07568630804754982, 0.038769634254112145, 0.059665326833718176, 0.047293252373214745, 0.07751076142421391, 0.030901679067248212, 0.03865560591807064, 0.04025200262265173, 0.0424755551754611, 0.03058810114313407, 0.04350181019983466, 0.02217851136007298, 0.03187091992360101
T:GTCAC, 0.03050211168465509, 0.0006185742929055928, 0.05980973507956145, 0.09666823087752228, 0.04133782688451858, 0.06339319994880764, 0.0642890661661192, 0.05014717802141547, 0.08387014205878589, 0.04140181732861226, 0.05652489228275244, 0.048419436030886054, 0.0818437779958193, 0.026620024742971718, 0.03551469647199352, 0.03717844801842925, 0.04549720575060791, 0.032101872786997145, 0.04869672795529201, 0.021436798771383474, 0.03412823684996374
T:GTCAG, 0.029761480954076183, 0.0005161979352082592, 0.060448558205767174, 0.09118903524385902, 0.042613029547881806, 0.06600213599145603, 0.062228551085795655, 0.04631541473834105, 0.0838376646493414, 0.04118903524385902, 0.0590067639729441, 0.04957280170879316, 0.0871128515485938, 0.028657885368458525, 0.036400854396582416, 0.03656105375578498, 0.045799216803132786, 0.030242079031683872, 0.04724101103595585, 0.021057315770736915, 0.03424706301174795
T:GTCAT, 0.03530619532226388, 0.0008926977325477593, 0.06458668094983039, 0.09513926084627745, 0.044121585431173005, 0.06016782717371898, 0.05996697018389573, 0.05052669166220318, 0.08206123906445277, 0.039100160685591856, 0.05891805034815212, 0.049120692733440455, 0.076794322442421, 0.03008391358685949, 0.03918943045884664, 0.0397027316550616, 0.04213533297625424, 0.03173540439207284, 0.044456347080878415, 0.022696839850026778, 0.033297625424031425
T:GTCCA, 0.029391107029012913, 0.0007383795270769176, 0.060691195274371036, 0.09065859851963909, 0.04082698507032615, 0.06438309290975562, 0.06202388027446108, 0.04639184540853999, 0.08651646946530517, 0.043906567975939635, 0.056765177301132785, 0.048606983989770744, 0.08502170115439336, 0.028670736758693968, 0.03727916148900535, 0.03655879121868641, 0.047472400814018406, 0.03041763466421741, 0.04990365047634484, 0.020638608244637743, 0.03313703243467142
T:GTCCC, 0.023881528886113983, 0.0002731547421614345, 0.05449437106120617, 0.08616081009892104, 0.03870992917487756, 0.06891303923672762, 0.06694242288256297, 0.046885060386709074, 0.09018008701929643, 0.04670946090960529, 0.05441632684916005, 0.04854349989268921, 0.09263847969874935, 0.026730142625797513, 0.03139328429555343, 0.03736366651708193, 0.04889469884689677, 0.027315474216143446, 0.052582287866076126, 0.020486605662107586, 0.03648566913156303
T:GTCCG, 0.021427689267629987, 6.175126590095097e-05, 0.056440657033469184, 0.08040014820303816, 0.04205261207854761, 0.06872915894775843, 0.06539459058910707, 0.04791898233913795, 0.0824996912436705, 0.047424972211930344, 0.05582314437445968, 0.05180931209089787, 0.09028035074719032, 0.029825861430159317, 0.0347659627022354, 0.03624799308385822, 0.047980733605038905, 0.029455353834753614, 0.049833271582067434, 0.02612078547610226, 0.035506977893046805
T:GTCCT, 0.029315803854128155, 0.0004178787830084057, 0.06027097831852006, 0.08548835564698887, 0.040711036821549695, 0.061765698580819366, 0.0631961297995789, 0.04831321622012569, 0.0877063276491104, 0.04291293656278629, 0.058422668316752115, 0.047702470306498004, 0.08650090808274, 0.029637249071826938, 0.03653224899146563, 0.03821983638438419, 0.047445314132338996, 0.03092302994262203, 0.0490686124817178, 0.021649335412012412, 0.03379996464102605
T:GTCGA, 0.02917720287881735, 0.0010698307722233028, 0.05582571484147053, 0.09200544641120405, 0.044057576347014196, 0.06068858198794009, 0.06477339039097452, 0.048628671464695586, 0.07556895545613694, 0.04668352460610776, 0.05854892044349348, 0.05203267846722427, 0.08762886597938144, 0.030538805679828827, 0.03977825325812099, 0.0319004084808403, 0.05096284769500097, 0.030636063022758217, 0.045127407119237496, 0.022369188873759972, 0.03199766582376969
T:GTCGC, 0.025244913338357197, 0.00037678975131876413, 0.05199698568198945, 0.08206480783722683, 0.03760361718161266, 0.0640542577241899, 0.06533534287867371, 0.050791258477769406, 0.08485305199698569, 0.05327807083647325, 0.054182366239638284, 0.053278070836473256, 0.0883195177091183, 0.03255463451394122, 0.03602110022607385, 0.032328560663149965, 0.048982667671439335, 0.027128862094951016, 0.05169555388093444, 0.025998492840994723, 0.03391107761868877
T:GTCGG, 0.020522153884774696, 0.0, 0.055918162419982424, 0.083971381950546, 0.040793272248023094, 0.06815614409438936, 0.06451612903225806, 0.051148487510982804, 0.0813355089745199, 0.04650433036274633, 0.05729885778837705, 0.0562319568218903, 0.08886657462030878, 0.03012426258315552, 0.034203589807957825, 0.03640015062131292, 0.048638132295719845, 0.026170453119116355, 0.05033262206602234, 0.023534580143090247, 0.035333249654826156
T:GTCGT, 0.025093902341564774, 0.000639335091504835, 0.06049708303364502, 0.0858307360345241, 0.044353871973147926, 0.062175337648845204, 0.06505234556061695, 0.050347638456005754, 0.07080636138416048, 0.045792375929033804, 0.05594182050667306, 0.05442339966434908, 0.08191480859905698, 0.032845840326060895, 0.04107727962918565, 0.03596259889714696, 0.05098697354751059, 0.027651242707584112, 0.05058738911532007, 0.023655398385678893, 0.03436426116838488
T:GTCTA, 0.03900692733274443, 0.0012552884838904644, 0.06815751545864522, 0.0902412943419034, 0.04333069877725603, 0.06411269701055372, 0.05950997256962202, 0.04909572736993816, 0.08322097726533079, 0.04035520014877493, 0.055790599284020644, 0.04556232274861686, 0.0808033846296899, 0.028964619461620718, 0.03900692733274443, 0.040448184480914966, 0.04207541029336557, 0.032916453577572176, 0.04263331628620577, 0.02306011437072853, 0.030452368775861268
T:GTCTC, 0.030264578322380258, 0.0003787807049108918, 0.06212003560538625, 0.08693017177704968, 0.0414954262229882, 0.06653283081759816, 0.06444953694058825, 0.04857862540482188, 0.08308554762220413, 0.041192401659059484, 0.057461032934982295, 0.04725289293763376, 0.08658926914262988, 0.029507016912558474, 0.03723414329274067, 0.03659021609439215, 0.046457453457320885, 0.030586541921554515, 0.04787788110073673, 0.021476865968447566, 0.033938751160015906
T:GTCTG, 0.028159127638387828, 0.0006039928826784636, 0.06085636396284628, 0.08766058864819863, 0.043601756476599356, 0.06627597577498817, 0.06258672195106026, 0.048401051274098494, 0.08353058326123508, 0.042638632690706675, 0.05888114399516806, 0.046784962209634504, 0.08395501069230643, 0.028959010104637684, 0.0373006415383862, 0.038933054734814475, 0.04531579033284905, 0.03109747139195873, 0.048662237385527024, 0.023082322597495878, 0.03271356045642273
T:GTCTT, 0.03736067278399037, 0.0010033383804294287, 0.06642100078442818, 0.09250779867559333, 0.04359961325866064, 0.06410420125143661, 0.06010909024572669, 0.04879873032088585, 0.08041301056241677, 0.03947680464089607, 0.05804768593684441, 0.046792053560027, 0.07747596548515971, 0.029443420836601786, 0.04192130178594232, 0.03933086451283361, 0.04237736468613751, 0.03294598391010088, 0.044840104347191566, 0.022547749785650436, 0.030483244249046828
T:GTTAA, 0.04440054559992474, 0.0030572409576219367, 0.07605474813037957, 0.09068247025069376, 0.05394854428295941, 0.055077371713465974, 0.06015709515074549, 0.0524904755185551, 0.06203847420158976, 0.03889751187620526, 0.05855792295752787, 0.05018578618127087, 0.06302619820328301, 0.031654202530454825, 0.050420958562626406, 0.04237806312026716, 0.037486477588072054, 0.0343351676779079, 0.04012040825925403, 0.02539861718639763, 0.029631720050797235
T:GTTAC, 0.04064814814814815, 0.0016666666666666668, 0.07277777777777777, 0.10064814814814815, 0.05023148148148148, 0.05824074074074074, 0.06060185185185185, 0.04717592592592593, 0.06875, 0.040046296296296295, 0.060648148148148145, 0.047824074074074074, 0.06805555555555555, 0.03111111111111111, 0.04148148148148149, 0.03925925925925926, 0.03986111111111111, 0.034027777777777775, 0.042638888888888886, 0.023703703703703703, 0.030601851851851852
T:GTTAG, 0.03700149285561954, 0.0013329068031563236, 0.0690978886756238, 0.09111750906376626, 0.04819791000213265, 0.06280656856472595, 0.06216677329921092, 0.04851780763489017, 0.07405630198336532, 0.04025378545532097, 0.06030070377479207, 0.04729153337598635, 0.07474941352100661, 0.030656856472595435, 0.041160162081467264, 0.041799957346982296, 0.04030710172744722, 0.030656856472595435, 0.04265301770100235, 0.024312220089571335, 0.03156323309874173
T:GTTAT, 0.04891694161526323, 0.002247405919762827, 0.07469038397169225, 0.10084636350595323, 0.05173815330177402, 0.05479845072442978, 0.05871945679720748, 0.04714770716779037, 0.07234734375747143, 0.03940132931669297, 0.05948453115287142, 0.04609572992875245, 0.06340553722564912, 0.029311911251374743, 0.046095729928752445, 0.0402142208195859, 0.03787118060536508, 0.03361545450198441, 0.040596757997417875, 0.022904413522689238, 0.029550996987519725
T:GTTCA, 0.037914154920001816, 0.0018129900738793456, 0.06737524362054118, 0.09071749082173775, 0.043421112269410325, 0.06096179123419299, 0.06200426052667362, 0.05121696958709151, 0.07793591080088837, 0.040656302406744324, 0.057222499206816844, 0.04582332411730046, 0.07843448307120518, 0.03152336490957712, 0.04169877169922495, 0.03979513212165164, 0.042537279608394145, 0.03143271540588315, 0.04523410234328967, 0.02241308978833341, 0.029869011467162216
T:GTTCC, 0.03290661414738224, 0.0005949450188741178, 0.06230510421795503, 0.08899556868537666, 0.042569341867717055, 0.06714672575086164, 0.061012637452814704, 0.04855982274741507, 0.08649269653700968, 0.04088708353848679, 0.05935089446906286, 0.04605695059904809, 0.08485146889873625, 0.02812653865091088, 0.03567618578696865, 0.037543082225504676, 0.04427211554242574, 0.031039717708846216, 0.046980141145576894, 0.02065895289676678, 0.033973412112259974
T:GTTCG, 0.02900591382709096, 0.0007509621702806721, 0.06326856284614663, 0.080446822491317, 0.04759222754153759, 0.06420726555899746, 0.06495822772927813, 0.046747395099971834, 0.07659814136862855, 0.050126724866234866, 0.05941988172345818, 0.05097155730780062, 0.08176100628930817, 0.03182202196564348, 0.036421665258612596, 0.036327794987327515, 0.04609030320097625, 0.031446540880503145, 0.045433211301980664, 0.022622735379705248, 0.03398103820520041
T:GTTCT, 0.03485928834693947, 0.0009817092073989872, 0.06613619923530019, 0.08995556474113878, 0.0457614274396335, 0.061675450380627606, 0.060538734456270886, 0.050032723640246635, 0.07669387895697702, 0.03994006406944301, 0.060469842582067446, 0.04760428507457545, 0.07991457407598773, 0.03091522854879267, 0.04238572560366505, 0.039406152044366365, 0.04223071888670731, 0.03270641727808205, 0.04414246839585271, 0.021959284902345767, 0.031690262133581344
T:GTTGA, 0.042109427990052004, 0.0013848066922903008, 0.06839249378250056, 0.09218855980104002, 0.043720325570879494, 0.06005539226769161, 0.06104453990504183, 0.049287813701107845, 0.07842527696133846, 0.039594166855075746, 0.058585801492199864, 0.045896450373049964, 0.0772948225186525, 0.030804883563192404, 0.04160072349084332, 0.04041374632602306, 0.04151593940764187, 0.03196359936694551, 0.0406680985756274, 0.022298213881980555, 0.032754917476825685
T:GTTGC, 0.03635241475081006, 0.0008640641876253664, 0.06381731214318778, 0.09359666718099059, 0.04385125752198735, 0.06218176207375405, 0.05835519209998457, 0.05039345779972226, 0.08119117420151212, 0.04141336213547293, 0.058725505323252575, 0.0469372010492208, 0.08075914210769942, 0.030705138095972844, 0.03752507329115877, 0.03743249498534177, 0.04338836599290233, 0.03363678444684462, 0.04378953865144268, 0.021848480172812837, 0.033235611788304274
T:GTTGG, 0.03517830097755748, 0.0008949469916012667, 0.06319702602230483, 0.08937996236633164, 0.043393455413281934, 0.06581302492083162, 0.0600761852310799, 0.049153242461792646, 0.08763596310064711, 0.041144614254899264, 0.05546376612051953, 0.047225664326036074, 0.08316122814264078, 0.028339988067373444, 0.036968194960760016, 0.03866629950892652, 0.04394419202349809, 0.031093671118454267, 0.04550461241911056, 0.020423149295516085, 0.03334251227683693
T:GTTGT, 0.0371397627915577, 0.0009773621787252027, 0.0676228966901762, 0.09364186279948226, 0.045671870459888526, 0.06101909818527617, 0.06265684021449137, 0.04913226087645614, 0.07472858388144861, 0.03941146947724331, 0.05993607523047257, 0.04881527854822094, 0.07660406265684021, 0.02871331589930528, 0.04305676625194812, 0.03956996064136091, 0.042317140819399315, 0.03146049607734369, 0.04263412314763452, 0.022743482050875667, 0.03214729112185329
T:GTTTA, 0.04326808780410492, 0.001783025596323005, 0.07777953879071241, 0.09263808542673746, 0.05329265393454315, 0.05606624930660116, 0.059988905618511765, 0.05178698787542595, 0.06252476424439338, 0.03886995799984151, 0.058205880022188766, 0.047230366907044935, 0.06577383310880418, 0.03419446865837229, 0.04853791901101514, 0.039702036611458914, 0.037602028686900706, 0.0356208891354307, 0.03954354544734131, 0.02472462160234567, 0.030866154211902686
T:GTTTC, 0.040499884286044896, 0.0013254507584523783, 0.07102732953230524, 0.09183480254991479, 0.0466011655551114, 0.06000294544612989, 0.06029749005911931, 0.05308114704087859, 0.07277355830931392, 0.040121184069344215, 0.05756243293850329, 0.048073888620058486, 0.07289979171488081, 0.030485367444404703, 0.04586480402263786, 0.03927962803223159, 0.039595211546148826, 0.03330458016873199, 0.041909490648208536, 0.023900191453998444, 0.02955965580358082
T:GTTTG, 0.03848198856839027, 0.0009969427090256546, 0.06965306393725908, 0.09036731800256989, 0.048429261376224025, 0.06209845363108689, 0.06074704240329656, 0.0482077185519961, 0.07465993176481014, 0.04140635384819886, 0.0571580486508042, 0.0487837298949887, 0.07483716602419248, 0.03114892108644601, 0.04340023926625017, 0.03823829146173956, 0.040719571093092294, 0.03247817803181355, 0.04282422792325757, 0.02361646506269662, 0.031747086711861404
T:GTTTT, 0.0454925728308762, 0.0022867128966889143, 0.07720909479633382, 0.09319749391139452, 0.04850434103627137, 0.05761401029950361, 0.06127646916655822, 0.05212961757980256, 0.06341445276915354, 0.03998958894941345, 0.05965903809329045, 0.048876164271505325, 0.06456710479837885, 0.03299931212701482, 0.04826265593336928, 0.04024986521407723, 0.03712655003811188, 0.03489561062670806, 0.03699641190577999, 0.024800609790105784, 0.030452322965662124
T:TACAA, 0.044341423506953914, 0.002072538860103627, 0.07297518407417508, 0.09991818925552222, 0.04796836651213526, 0.05685846741205345, 0.05977638396509408, 0.048459230979001906, 0.07032997000272702, 0.0391873466048541, 0.056122170711753475, 0.04693209708208345, 0.06801199890919007, 0.030651758931006273, 0.04690482683392419, 0.040223616034905915, 0.03815107717480229, 0.0327242977911099, 0.0436323970548132, 0.0236433051540769, 0.031115353149713663
T:TACAC, 0.03769707705934455, 0.0014526129317980515, 0.06696191319751993, 0.09672276350752879, 0.04673162090345438, 0.05994685562444641, 0.05984056687333924, 0.04889282550930026, 0.08021257750221435, 0.04170062001771479, 0.05799822852081488, 0.04701505757307352, 0.07309123117803366, 0.029264836138175376, 0.040318866253321525, 0.03978742249778565, 0.0412400354295837, 0.03277236492471213, 0.04697962798937112, 0.02154118689105403, 0.029831709477413638
T:TACAG, 0.03888769886861527, 0.001518898603781668, 0.06517632854945184, 0.0945806476739431, 0.045528011995404356, 0.06071699803322104, 0.060210698498627147, 0.0475921562518256, 0.0795279730492863, 0.03869296827838685, 0.059217572488462204, 0.04607325764804394, 0.0761786068973575, 0.02924853465230853, 0.040445543590442626, 0.04093237006601367, 0.04231495725663544, 0.033474188460265224, 0.043755963624325746, 0.02346503612252449, 0.03246158939107745
T:TACAT, 0.04391078627570405, 0.0022912497462223382, 0.07384204878331738, 0.1020911279329447, 0.04733315931436526, 0.05591809507236288, 0.05794831636648395, 0.05150961454798573, 0.07607529220685055, 0.03900925200846892, 0.057020215203457174, 0.04968241538327677, 0.06763537225557585, 0.02900316134458656, 0.04391078627570405, 0.037907131877374635, 0.03610893587401027, 0.033991705095855446, 0.04266365033788682, 0.02175237100843992, 0.030395313089126713
T:TACCA, 0.042093232497629064, 0.0011185954332125574, 0.06979062811565304, 0.09357293971743307, 0.04262821292220898, 0.06273861342800865, 0.05884784670379106, 0.050044986990248765, 0.07980935243051333, 0.04073146414415291, 0.05768061668652579, 0.04391702939960606, 0.0781314592806945, 0.029059163971500133, 0.038032244729226956, 0.03895630182622863, 0.043430683559078864, 0.03022639398876541, 0.04532743233713494, 0.023125744717068308, 0.03073705712131897
T:TACCC, 0.03590527119938885, 0.0004861448711716091, 0.061427876935898316, 0.08865198972150844, 0.0402111257726231, 0.06406694909368706, 0.06038613792624488, 0.047051878602680744, 0.08590874366275436, 0.043058545732342524, 0.05944857281755678, 0.04680880616709494, 0.08396416417806792, 0.026529620112507812, 0.03364817001180637, 0.0399680533370373, 0.04889228418640183, 0.029550663240502813, 0.05132300854225988, 0.019793041183415516, 0.032918952705048965
T:TACCG, 0.02993105767613923, 0.00016815200941651252, 0.060366571380528, 0.08718681688246174, 0.046914410627207, 0.06625189171010594, 0.06423406759710779, 0.04683033462249874, 0.07802253236926181, 0.04573734656129141, 0.057087607196906004, 0.05380864301328401, 0.0886161089625021, 0.02993105767613923, 0.0349756179586346, 0.03657306204809147, 0.04598957457541618, 0.027997309567849335, 0.04346729443416849, 0.02068269715823104, 0.03522784597275938
T:TACCT, 0.03763826801970829, 0.001223610793878683, 0.06713544555747708, 0.08911149541553823, 0.04460469213952426, 0.06452507586386923, 0.0602995399223415, 0.048454987437595846, 0.07413449929846315, 0.0401018044180507, 0.059206447613143205, 0.04587724736515809, 0.07984468300323033, 0.030541325415211925, 0.04103174862139851, 0.0411296374849088, 0.04271217411165856, 0.03217280647371684, 0.0448167846771299, 0.023003882924919245, 0.03243384344307763
T:TACGA, 0.03241455347298787, 0.0008820286659316428, 0.05711135611907387, 0.09018743109151048, 0.04762954796030871, 0.06041896361631753, 0.06041896361631753, 0.04906284454244763, 0.06802646085997795, 0.04299889746416758, 0.06141124586549063, 0.053362734288864386, 0.08037486218302095, 0.0340683572216097, 0.040132304299889746, 0.038037486218302094, 0.050606394707828004, 0.030209481808158765, 0.04321940463065049, 0.024807056229327454, 0.03461962513781698
T:TACGC, 0.027340983142088115, 0.0005666525003541578, 0.06219011191386882, 0.08839779005524862, 0.04207394815129622, 0.06204844878878028, 0.06700665816687916, 0.05057373565660858, 0.0685649525428531, 0.047032157529395095, 0.060915143788071974, 0.04887377815554611, 0.08088964442555603, 0.03187420314492138, 0.037824054398640033, 0.040515653775322284, 0.05354866128346791, 0.02819096189261935, 0.04150729565094206, 0.024366057515228787, 0.035699107522311944
T:TACGG, 0.0265302066772655, 0.000397456279809221, 0.05812798092209857, 0.08465818759936407, 0.042726550079491256, 0.06806438791732909, 0.06091017488076311, 0.05037758346581876, 0.07412559618441972, 0.046303656597774245, 0.05852543720190779, 0.04978139904610493, 0.0851550079491256, 0.031399046104928455, 0.036069157392686804, 0.03994435612082671, 0.049185214626391104, 0.032492050874403815, 0.047396661367249605, 0.02176073131955485, 0.036069157392686804
T:TACGT, 0.03288100208768267, 0.0008350730688935282, 0.06440501043841336, 0.0918580375782881, 0.04634655532359081, 0.061064718162839246, 0.06764091858037578, 0.04853862212943633, 0.06409185803757829, 0.048434237995824636, 0.05835073068893528, 0.0535490605427975, 0.07400835073068894, 0.03517745302713988, 0.04248434237995825, 0.03622129436325679, 0.04665970772442589, 0.029123173277661795, 0.044154488517745304, 0.024217118997912318, 0.029958246346555324
T:TACTA, 0.05549880830779707, 0.003177845874475088, 0.07643854273067756, 0.09635682669390534, 0.05101577573487686, 0.056577006015208264, 0.0571444784927931, 0.04851889683350358, 0.0703665872205198, 0.034105095902848714, 0.05833617069572126, 0.04312790829644762, 0.06628078538190897, 0.03160821700147543, 0.042219952332311884, 0.0425036885711043, 0.03643173306094655, 0.034899557371467486, 0.040687776642832824, 0.024117580297355577, 0.03058676654182272
T:TACTC, 0.04059077331563226, 0.0009956853634251576, 0.06720876203119813, 0.09784268171257883, 0.04440756720876203, 0.06063723863259209, 0.0585131098572851, 0.0503484898771988, 0.07716561566544972, 0.041121805509459014, 0.05735147693328908, 0.0479920345170926, 0.07952207102555592, 0.028443411881845338, 0.040391636242947226, 0.036242947228675736, 0.04261533355459675, 0.031861931629605045, 0.04301360769996681, 0.021871888483239302, 0.03186193162960505
T:TACTG, 0.03858568436614513, 0.0016262165824812123, 0.0674633485277812, 0.09656276949611925, 0.044080325243316495, 0.05970186029321178, 0.059948256745102874, 0.050560551928052234, 0.08084267586546753, 0.03986694591597881, 0.05728717506467907, 0.04550942466428483, 0.07478132314894666, 0.029542934581742022, 0.04144388320808181, 0.03991622520635703, 0.041246766046568926, 0.032204016262165826, 0.04442528027596403, 0.022988788961438952, 0.03141554761611433
T:TACTT, 0.04810003642102707, 0.002476629840961515, 0.07527012261745782, 0.09775403666383392, 0.04962971955809154, 0.058880660434624255, 0.05880781838047833, 0.05079519242442637, 0.06815588199587229, 0.03685807939783902, 0.058516450163894625, 0.04489498603860629, 0.06733033871555177, 0.03027801383999029, 0.04613330095908705, 0.04144712880903242, 0.038606288697341264, 0.03353162559184169, 0.03804783294888916, 0.022362510622799564, 0.03212334587835377
T:TATAA, 0.05243979721166033, 0.002970532319391635, 0.07711501901140684, 0.10068124207858048, 0.051211977186311784, 0.05319233206590621, 0.058262040557667934, 0.04931083650190114, 0.06551013941698353, 0.03960709759188847, 0.05830164765525983, 0.04661755386565272, 0.05881653992395437, 0.032873891001267426, 0.04962769328263625, 0.04273605830164766, 0.03386406844106464, 0.0353691381495564, 0.039131812420785804, 0.022576045627376425, 0.029784537389100127
T:TATAC, 0.05366098294884653, 0.002117463501615959, 0.07634013150562799, 0.10581745235707121, 0.04803298785244623, 0.05850885991307255, 0.05494260559456146, 0.050986292209963216, 0.06664437757717598, 0.038337233923994206, 0.0543853783572941, 0.044912515323749035, 0.06937479103978603, 0.029087261785356068, 0.04340800178312716, 0.03805862030536052, 0.033600802407221665, 0.03343363423604146, 0.042349270032319176, 0.025409562019391506, 0.030591775325977934
T:TATAG, 0.050058802474817206, 0.0026588945134734363, 0.07465357672444649, 0.10528199621618858, 0.049854272127626935, 0.05634811065091783, 0.053689216137444394, 0.04949634402004397, 0.07409111826967327, 0.039423224420923456, 0.05399601165822979, 0.04295137290995552, 0.07015390908626068, 0.02945236999539807, 0.04244004704197985, 0.0411617323720407, 0.03553714782430843, 0.03400317022038145, 0.044280820166692235, 0.021015493173799662, 0.02945236999539807
T:TATAT, 0.059859299790183895, 0.0033323733903813718, 0.07866046817789114, 0.10684165055333854, 0.046776648702019995, 0.05767885794215658, 0.058213683301106676, 0.051919200230386306, 0.06668860821985437, 0.03719093265314518, 0.052947710536059574, 0.04451392602953882, 0.05981815937795697, 0.031472415353601846, 0.04846340560332415, 0.0393713745011725, 0.03204838112477887, 0.03361171678940223, 0.03945365532562637, 0.023738017854938908, 0.027399514543135724
T:TATCA, 0.04893538790654143, 0.0024066584216331853, 0.07199919778052612, 0.10234983454223351, 0.0463616004278504, 0.05735869238225759, 0.05669017615402614, 0.0495704783233613, 0.07336965604840058, 0.037938295952134236, 0.06217200922552395, 0.0462278971822041, 0.06858976501654578, 0.029581843099241233, 0.043152722532339476, 0.03837283150048468, 0.0366681151184945, 0.03513052779356219, 0.03870708961460039, 0.022662700137045827, 0.03175452084099342
T:TATCC, 0.04319776654342413, 0.0010940919037199124, 0.06889006262732966, 0.08805553459594054, 0.04500867728061571, 0.062476420433109484, 0.058665962423602204, 0.05157322870293518, 0.08118916471742248, 0.04006640006036369, 0.05572323247566589, 0.047045951859956234, 0.07470006790915265, 0.028106843733494303, 0.04123594657813325, 0.04010412736738852, 0.04025503659548781, 0.03527503206821097, 0.04282049347317588, 0.021919565381423076, 0.03259639326944843
T:TATCG, 0.039535567313345094, 0.0016166960611405056, 0.0681951793062904, 0.09509112286890065, 0.04982363315696649, 0.056878306878306875, 0.06319811875367431, 0.050705467372134036, 0.07539682539682539, 0.03791887125220458, 0.06628453850676073, 0.04805996472663139, 0.06746031746031746, 0.03159905937683715, 0.04071134626690182, 0.03571428571428571, 0.040123456790123455, 0.03233392122281011, 0.03997648442092887, 0.026601998824221047, 0.032774838330393886
T:TATCT, 0.047858571596658434, 0.002059065772443817, 0.07236145428873986, 0.09821743734557006, 0.047858571596658434, 0.05856571361336629, 0.05738910460054124, 0.05056477232615602, 0.07530297682080245, 0.036916107777385576, 0.05909518766913755, 0.046887869161077775, 0.06839039887045535, 0.029709377573832216, 0.042710907165548886, 0.041446052476761974, 0.03644546417225556, 0.032503823979291684, 0.0422696787857395, 0.022796799623485117, 0.030650664784092247
T:TATGA, 0.04777915413201203, 0.0024479443166401226, 0.0688668672211408, 0.09915649147643485, 0.04639296879608329, 0.05647967911284139, 0.05804282427888868, 0.051701763699640184, 0.07503096797027074, 0.03881318940600484, 0.060844688255765944, 0.047454727776794665, 0.06975166637173362, 0.028903438919365303, 0.04314870524390963, 0.041379106942724, 0.037662950510234175, 0.034153247212882674, 0.040700760927269514, 0.02094024656402996, 0.03034861086533357
T:TATGC, 0.046082550132097534, 0.001342630689938932, 0.06561566113733813, 0.09593312832950755, 0.04638572480401923, 0.060938109056260556, 0.058426090346052235, 0.05071679154575772, 0.07674650266360604, 0.03785352332279441, 0.05868595435055654, 0.04703538481528, 0.07215557191736324, 0.029191389839317423, 0.041404998051019964, 0.04036554203300274, 0.03573130061934254, 0.032266447225951754, 0.045476200788254144, 0.024600459093074626, 0.03304603923946468
T:TATGG, 0.04143779512383155, 0.0012206482284539525, 0.06472647842986091, 0.09402203591275578, 0.045163984452796256, 0.06434101056824387, 0.05801291317336417, 0.04811923805852687, 0.09257653143169188, 0.0372940156114484, 0.055507372072853424, 0.04262632103048408, 0.0736243615688542, 0.027207606565802577, 0.04179114066364717, 0.03870739777071087, 0.04153416208923581, 0.03440300664932061, 0.04452153801676786, 0.020718897561915774, 0.032443545019434
T:TATGT, 0.04724577563594217, 0.0019825535289452814, 0.07243945586530837, 0.09967669127066431, 0.04645275422436406, 0.055358994692856704, 0.05825657292746904, 0.05410846092844507, 0.0778686024522662, 0.038492039285060696, 0.056823034221923995, 0.04730677728298664, 0.06463124504361618, 0.029219788934301227, 0.044927713048252306, 0.03840053681449399, 0.03751601293234917, 0.03269688281583603, 0.04276215457817361, 0.022296101994753854, 0.031537851521991095
T:TATTA, 0.05834047737219691, 0.003925461354509769, 0.07950187249018635, 0.09858773631728557, 0.05274556693588413, 0.05301628840860894, 0.05838559761765104, 0.050218833190452554, 0.06010016694490818, 0.035238911699679645, 0.056896629517664575, 0.047376257726842036, 0.06104769209944502, 0.03474258899968416, 0.049451789017732256, 0.04250327121779542, 0.03140369083607815, 0.035284031945133784, 0.036412038081487165, 0.024725894508866128, 0.030095203717908227
T:TATTC, 0.05002391854028566, 0.0019476525661176792, 0.07407913619900225, 0.09929611152873642, 0.047802911228046197, 0.05661860179047359, 0.05860042369985649, 0.05272329665823823, 0.07366910407981958, 0.03755210824847947, 0.060377229549648054, 0.04517187179662407, 0.06751862229207954, 0.02798469213421718, 0.04479600902070662, 0.03949976081459714, 0.036322011890931455, 0.032802569534613545, 0.04042233308275814, 0.021526686257090137, 0.03126494908767854
T:TATTG, 0.0530823238947612, 0.0023917907568860425, 0.07734742689607282, 0.10084098449193735, 0.04872309235398503, 0.05890749170588689, 0.056014196435460226, 0.05389244657048067, 0.07117506365249594, 0.03907877478589615, 0.05589846462464316, 0.047642928786359076, 0.06303525962502893, 0.029743075379986113, 0.044055242651030016, 0.038114343029087255, 0.03398657510994522, 0.032713525190957486, 0.04089190648869686, 0.021603271352519094, 0.030861816217884423
T:TATTT, 0.051522914887560486, 0.0030295636615021754, 0.07868732463096255, 0.10032125574397137, 0.0529055345451588, 0.05286486926111179, 0.05951364320279777, 0.05300719775527631, 0.06262453743239396, 0.03755438981741288, 0.0601032898214794, 0.0470903989264365, 0.05888333130006913, 0.03232890081737221, 0.050648611280549795, 0.042027571062583875, 0.03389451425318206, 0.033609857264852994, 0.037188402260989795, 0.023260542474889186, 0.02893334959944695
T:TCCAA, 0.0427644987956272, 0.0012229016120066704, 0.06879748008152677, 0.0887715397443024, 0.04811932555123217, 0.06234945340003705, 0.058662219751713915, 0.049193996664813784, 0.0802112284602557, 0.040207522697795074, 0.05527144710024087, 0.04678525106540671, 0.07665369649805448, 0.030090791180285344, 0.04170835649434871, 0.03705762460626274, 0.041467481934408, 0.032666296090420606, 0.044561793589030944, 0.022382805262182694, 0.03105428942004818
T:TCCAC, 0.030743682958574572, 0.0007330610535134569, 0.061861376658737637, 0.08835629759286687, 0.04220337208084616, 0.063866074233652, 0.06338734048441871, 0.048965486288766215, 0.08666576904088685, 0.04238289723680864, 0.05599688823062998, 0.047304878596113285, 0.08689017548583995, 0.028933470969286237, 0.036802656972308244, 0.036862498690962406, 0.04616788594168424, 0.030055503194051734, 0.048815881992130813, 0.020794997232320513, 0.032209805065601484
T:TCCAG, 0.03053682873225331, 0.0006398545953615178, 0.06123130279959568, 0.08532321930320762, 0.04172037426857201, 0.06533935476691674, 0.06286339568051783, 0.04787781559205097, 0.08523976000816047, 0.04203566493875015, 0.05737362871741611, 0.046329182006175994, 0.08951473056557582, 0.028654357966189713, 0.03630479334551221, 0.03756595602622476, 0.04902769921270065, 0.029989706686944183, 0.047738716766972375, 0.021217207451987723, 0.03347645056891419
T:TCCAT, 0.04094573338576484, 0.0011141696159391794, 0.06753834054266614, 0.08928103290077337, 0.045910342115611485, 0.06178725914274479, 0.06032900773364793, 0.04908900249049679, 0.08235024249573994, 0.037685148774413424, 0.058985450255603616, 0.046074190588543715, 0.07692685804168305, 0.02832940096998296, 0.04168305151395989, 0.03983156376982566, 0.042322060558395595, 0.03111482500983091, 0.04543518154410801, 0.020857910604273167, 0.032409227945995545
T:TCCCA, 0.03182261888160647, 0.0005299121461441919, 0.06106540231487938, 0.08857899874494492, 0.04165388369822898, 0.0650536884674383, 0.060493654999302746, 0.04993724724585134, 0.09203737275135965, 0.042797378329382234, 0.05693766559754567, 0.04523776321294101, 0.08750522939617905, 0.026258541347092455, 0.03444428949937247, 0.03797238878817459, 0.04346674104030121, 0.0297029702970297, 0.048598521824013384, 0.02005299121461442, 0.03585274020359783
T:TCCCC, 0.026184400310662378, 0.00020605157629455863, 0.054587817596804616, 0.08226212930528919, 0.039466801921034696, 0.0673313150845604, 0.06500134726030654, 0.048390420186714425, 0.0924379071499897, 0.043809735144473845, 0.05672758396601734, 0.04891347418807754, 0.09323041321266108, 0.026390451886956934, 0.03087603620167694, 0.03792934015945222, 0.048739122854289836, 0.026865955524559764, 0.05292355486519472, 0.021936567814743783, 0.0357895737902395
T:TCCCG, 0.021315108976727004, 0.00011082379017362394, 0.05544883635020318, 0.08407831547838936, 0.04126339120797931, 0.07055781307720725, 0.0666420391577392, 0.04806058367196158, 0.08186183967491688, 0.04794975988178796, 0.05652013298854821, 0.05005541189508681, 0.09013668267454747, 0.027632065016623568, 0.03391207979312893, 0.037199852234946436, 0.04950129294421869, 0.028998891762098265, 0.04942741041743628, 0.02286664203915774, 0.03646102696712228
T:TCCCT, 0.029496059230952953, 0.00035825173155003585, 0.06087294005254359, 0.08389061380463339, 0.0415124193933604, 0.06666467637926916, 0.06357475519465011, 0.049140195844279914, 0.09013016479579651, 0.040034631000716504, 0.05748447575829951, 0.04708024838786721, 0.08701038930021496, 0.026525555290183904, 0.034720563649390974, 0.03839264389777884, 0.045423334129448295, 0.029839383807021735, 0.05122999761165512, 0.020674110341533318, 0.035944590398853594
T:TCCGA, 0.029215490515474753, 0.0003152750775051232, 0.06352792811728233, 0.08249697861384057, 0.0428248646944459, 0.06499921181230624, 0.06016499395722768, 0.04807944931953129, 0.07508801429247018, 0.043245231464452735, 0.05795806841469182, 0.05196784194209448, 0.0847564500026273, 0.03268351636803111, 0.03615154222058746, 0.036466817298092584, 0.047343807472019335, 0.032473332983027695, 0.04839472439703642, 0.026850927434186326, 0.03499553360306868
T:TCCGC, 0.020790828718546584, 9.71534052268532e-05, 0.05440590692703779, 0.08355192849509376, 0.04075585349266492, 0.0682988438744778, 0.06587000874380647, 0.047459438453317786, 0.08568930341008453, 0.050131157097056255, 0.05484309725055863, 0.0516856115806859, 0.08913824929563781, 0.029631788594190227, 0.0341494219372389, 0.036626833770523656, 0.0500340036918294, 0.0288545613523754, 0.050374040610123384, 0.022588166715243368, 0.03502380258428058
T:TCCGG, 0.023500842113509068, 0.00011750421056754534, 0.05792957580979985, 0.08248795581841682, 0.04292820492734323, 0.0696408287963652, 0.0653323410755552, 0.046962516156828955, 0.08413301476636247, 0.045513297559829226, 0.0567545337041244, 0.050291802122909415, 0.09137910775136109, 0.029532724922643062, 0.033527868081939596, 0.03583878422310133, 0.04735419685872077, 0.028906035799616155, 0.04719752457796404, 0.022756648779914613, 0.037914691943127965
T:TCCGT, 0.0238403451995685, 0.0005393743257820927, 0.06170442286947141, 0.08764832793959007, 0.04617044228694714, 0.0674217907227616, 0.06310679611650485, 0.04714131607335491, 0.07702265372168285, 0.04347357065803668, 0.05663430420711974, 0.052696871628910465, 0.08209277238403452, 0.02918015102481122, 0.038619201725997844, 0.040237324703344124, 0.048921251348435814, 0.03225458468176915, 0.04401294498381877, 0.025782092772384035, 0.03149946062567422
T:TCCTA, 0.039164724861086214, 0.0011352094162633685, 0.06859054788791301, 0.09523809523809523, 0.04343669713807732, 0.05932962896576447, 0.06061420804206249, 0.048754257035310986, 0.08657465495608532, 0.03889585947302385, 0.05956862042181993, 0.045826611698631774, 0.07853856724622095, 0.027125530262293127, 0.038716615880982255, 0.039134850929079285, 0.039075103065065425, 0.031307880743263426, 0.043227579614028795, 0.022166457549142617, 0.033578299575790164
T:TCCTC, 0.030509585103459937, 0.0005600997611650075, 0.06081837972650223, 0.08440597721556443, 0.04173271616680405, 0.06358717477226132, 0.0639887557330966, 0.04794665313972904, 0.08928835626571978, 0.03888994568089109, 0.05800731300065521, 0.04571682201509099, 0.08734385898167522, 0.0291780271806903, 0.03661784287616511, 0.03808678375922051, 0.04768245513917951, 0.030044596622492762, 0.048686407541267726, 0.02190729820556718, 0.035000951112801985
T:TCCTG, 0.02992263349514563, 0.0004930218446601941, 0.06112522754854369, 0.0856056583737864, 0.04129057949029126, 0.06343863774271843, 0.06247155643203885, 0.047661938713592235, 0.09186324332524272, 0.04115784283980582, 0.05782577366504854, 0.04636301577669903, 0.08863963895631068, 0.02900295813106796, 0.03496662621359223, 0.03780150182038835, 0.04751023968446602, 0.031031932645631064, 0.04862902002427184, 0.019417475728155338, 0.033781477548543694
T:TCCTT, 0.03761505093576809, 0.0008233284589011637, 0.06612433488577854, 0.09057841896358922, 0.04321859985008049, 0.06303992528601447, 0.062499231969721174, 0.05091119112279883, 0.07795814542192511, 0.0399990169212431, 0.056686778819568184, 0.046352163387689396, 0.07857256964498568, 0.029492362706907357, 0.04155965444781695, 0.040736325988915786, 0.041535077478894525, 0.032355579586369615, 0.04516018039495189, 0.02213156051464173, 0.03265050321343869
T:TCTAA, 0.04483860306268591, 0.0022033711578715435, 0.07443722228342697, 0.09077889170430758, 0.04759281701002534, 0.06136388674672249, 0.06022547831515553, 0.05159560794682531, 0.067570048841394, 0.03587822702067497, 0.059491021262531675, 0.0477764312731813, 0.0714259483676692, 0.03341779589438507, 0.046601299988983144, 0.04160699203114098, 0.03606184128383092, 0.03224266461018692, 0.0410194263890419, 0.025265322610260366, 0.028607102199698874
T:TCTAC, 0.03970575705075407, 0.0008520548723337783, 0.06705671845266835, 0.09483370729074952, 0.04317078019824477, 0.06214320202221023, 0.057740918515152374, 0.047516260047147034, 0.08634156039648953, 0.03868329120395353, 0.05913260813996422, 0.04629498139680195, 0.07532165071430601, 0.029424294924593145, 0.03814365645147547, 0.03791644181885313, 0.04407963872873413, 0.03223607600329461, 0.04609616859325741, 0.02132977363742225, 0.03198045954159448
T:TCTAG, 0.0413625304136253, 0.0009937973338816353, 0.06898324252081835, 0.08556937733456702, 0.04403550255303108, 0.06329460950618553, 0.057743051985881214, 0.049484253452589014, 0.08073746615948733, 0.038244062917651894, 0.05788012748020972, 0.04359000719646345, 0.07878414036530619, 0.029505500154209933, 0.04341866282855283, 0.0409513039306398, 0.042973167471985194, 0.033103731880333095, 0.044549535656762965, 0.02323429628868099, 0.03156163256913745
T:TCTAT, 0.04537369533845689, 0.0016109004262174044, 0.06983924556163372, 0.09880189280800081, 0.04540725576400309, 0.06017384300432929, 0.055643185555592854, 0.05346175789509011, 0.0757794408833104, 0.03681578682417693, 0.05896566768466624, 0.04554149746618787, 0.07272544215860657, 0.029801657885021978, 0.04225257576266067, 0.040440312783166094, 0.03721851193073128, 0.03275497533308722, 0.04087659831526664, 0.022284122562674095, 0.03423163405711984
T:TCTCA, 0.03613705219102352, 0.0007808351813099292, 0.06441890245806915, 0.0914826498422713, 0.043461286191710656, 0.06346628353687105, 0.06001499203548115, 0.051097854264921756, 0.08344004747477902, 0.038495174438579506, 0.05795358715682294, 0.046006808882781025, 0.08050410719305369, 0.029187619077365154, 0.04030671205921854, 0.03891682543648687, 0.04302401849017709, 0.03096792329075179, 0.044929256332573324, 0.021691601336789833, 0.03371646312896274
T:TCTCC, 0.030747659424130012, 0.0006072248719307543, 0.06338323617735382, 0.08468026850379791, 0.04341105811694047, 0.06634207737148913, 0.06224606959901077, 0.050510068892421836, 0.08437113584172408, 0.04055158099275746, 0.05737723017134782, 0.04689984101748808, 0.08813593004769474, 0.02809795089206854, 0.037195283518812926, 0.03843181416710829, 0.04596140257904964, 0.030416445857622328, 0.04714273096626038, 0.020954778307719486, 0.032536212683271504
T:TCTCG, 0.026738460122417047, 0.00046021445993833126, 0.060978415941828894, 0.08357494592480096, 0.042431773206314145, 0.0665470109070827, 0.0661328178931382, 0.050301440471259604, 0.07786828662156565, 0.04625155322380229, 0.05536379953058125, 0.05034746191725344, 0.08836117630815961, 0.03170877628975102, 0.03470017027935018, 0.036863178241060335, 0.05066961203921027, 0.028303189286207373, 0.045883381655851624, 0.022596529982972065, 0.03391780569745501
T:TCTCT, 0.03570108896472276, 0.0005977351272632425, 0.06697893798769752, 0.08902993022800879, 0.04353685308757362, 0.06432716760492968, 0.06189275545025757, 0.05052492012085118, 0.08035733692698938, 0.0385919533983959, 0.05718694981198513, 0.047873149738083334, 0.080172582433108, 0.029495511552589823, 0.040722064033734, 0.038831047449301194, 0.04114591257852066, 0.03190818788445236, 0.045623492077292584, 0.022822613950051078, 0.032679809594192186
T:TCTGA, 0.03828832028641652, 0.0010087089945586543, 0.06711466606049413, 0.09346896443945615, 0.04564763379601347, 0.06215636410132553, 0.06002528876070865, 0.04863113927287709, 0.07812522198701465, 0.03926861494310028, 0.05996846008495887, 0.04516459005214031, 0.07910551664369841, 0.028911588787702273, 0.04321820790771023, 0.03872874252347735, 0.0402631167687215, 0.033330018327247926, 0.04279199283958685, 0.022703055962038445, 0.0320797874607527
T:TCTGC, 0.029566001471181453, 0.0005932183280734643, 0.06116080962437415, 0.09072681109555561, 0.042438839190375624, 0.06540825285338016, 0.06294046460859455, 0.04730322948057803, 0.08242175450252712, 0.04288968511971147, 0.058170989250883896, 0.047445601879315666, 0.08479462781482097, 0.030040576133640223, 0.03708800987115298, 0.038938851054742186, 0.04582018366039437, 0.030669387561398097, 0.047362551313385376, 0.021771112640296134, 0.03244904254561849
T:TCTGG, 0.03276295515367772, 0.0006024305756687558, 0.06108877741348749, 0.08929874763951481, 0.04161405053465714, 0.06386922622426637, 0.060057694312823665, 0.048727365408899756, 0.08861522064019833, 0.04212379948329993, 0.056987615417588657, 0.044579862599487936, 0.0864835432186012, 0.027966680955084165, 0.03637753860769026, 0.03735069569146286, 0.04578472375082544, 0.030503840494919887, 0.04847249093457836, 0.022116153249070288, 0.034616587694196975
T:TCTGT, 0.0339775900206694, 0.0010757757068088141, 0.06471576555342012, 0.09322986546759982, 0.04361122191197979, 0.06254003940481802, 0.06154887527045485, 0.04926810989834524, 0.083161088346569, 0.04064981687638249, 0.058297373415043936, 0.04617374382033337, 0.07797560769240067, 0.02851409991417969, 0.040347632689076644, 0.039537779067096976, 0.0416530683782379, 0.03264797959652367, 0.04564189965067508, 0.02332861926001136, 0.03210404805937315
T:TCTTA, 0.04355721872162452, 0.0019260930578103074, 0.07308147373634538, 0.09594694989406488, 0.04694163938034835, 0.060699446936136256, 0.06100211870236359, 0.05274743416889085, 0.06876152216382797, 0.03689843986462318, 0.05819552596098286, 0.04705170184079465, 0.07068761522163829, 0.03219326968054371, 0.04419007786919077, 0.04036540736868173, 0.03736620532151996, 0.033514019205899345, 0.04163112566381422, 0.022755413697273203, 0.030487301543626007
T:TCTTC, 0.03935772620310986, 0.0009412633230286532, 0.06604530983251049, 0.08902320860056291, 0.04281825312600932, 0.06199418631476953, 0.06080376505329212, 0.04973930697180824, 0.0807087159138098, 0.038287269874959624, 0.05840446638674849, 0.04707239422322706, 0.07828173303188299, 0.02928067180362663, 0.04188621787477507, 0.04140635814146634, 0.0422830249619342, 0.03212291791630139, 0.04326120057214045, 0.023383933927005954, 0.03289807594703087
T:TCTTG, 0.03871782389095114, 0.0012170632264346132, 0.06467169719466927, 0.09371386843546523, 0.04319053124809834, 0.06255704983873912, 0.058845006998113555, 0.04948883344489746, 0.07988498752510192, 0.0394480618268119, 0.0592405525467048, 0.04624840260451531, 0.0789874033956064, 0.02910302440211769, 0.04081725795655084, 0.03984360737540315, 0.04294711860281142, 0.032602081178117207, 0.04446844763585468, 0.02152680581756222, 0.03248037485547374
T:TCTTT, 0.04494634065713509, 0.0015466169230587596, 0.07345840072726413, 0.09697642294660039, 0.04692978831418755, 0.06034167247139939, 0.059385367351034814, 0.05142796425071723, 0.0680629508506393, 0.03674100659968595, 0.059279111226549865, 0.047165913035265225, 0.0696567927179136, 0.03181780616521647, 0.045028984309512285, 0.03990507786212678, 0.03814594869009811, 0.0340373785433466, 0.04021203999952775, 0.023659697051982856, 0.03127471930673782
T:TGCAA, 0.04000086863992703, 0.0015201198723099308, 0.06671154639623011, 0.10008903559252101, 0.04684140806532172, 0.06045733892158353, 0.05926295902191144, 0.049968511802645006, 0.07583226563008968, 0.04141240852135768, 0.06043562292340767, 0.04847010792851093, 0.06975178614084997, 0.03059784142978132, 0.04069578058155443, 0.040109448630806316, 0.03991400464722361, 0.03372494516710461, 0.04104323655236813, 0.021824578166735435, 0.03133618536776043
T:TGCAC, 0.030334484292583726, 0.0008049653653059927, 0.061431567352299446, 0.09310059948736417, 0.04194293219225962, 0.06210943292308344, 0.06191878323130044, 0.046370241701442584, 0.08581354460143624, 0.04558645963522359, 0.058126972694727476, 0.04831910521744656, 0.08130150189590528, 0.029677802020886733, 0.03721905649585866, 0.038066388459338664, 0.0448662274662656, 0.03075815027432372, 0.04867922130192556, 0.0220729976486538, 0.031499565742368715
T:TGCAG, 0.027586858006042297, 0.0005853474320241692, 0.05808157099697886, 0.09066276435045317, 0.0398130664652568, 0.06476586102719034, 0.06501132930513594, 0.04719599697885196, 0.08519637462235649, 0.04382552870090634, 0.059242824773413895, 0.0475547583081571, 0.085470166163142, 0.030438066465256798, 0.0350547583081571, 0.03727341389728097, 0.04730929003021148, 0.03188255287009063, 0.04835725075528701, 0.02126132930513595, 0.03343089123867069
T:TGCAT, 0.039750039479324116, 0.001195659530308841, 0.06679901640083921, 0.09910438333295735, 0.04563809867575067, 0.06219685518983915, 0.05917386694339793, 0.050623773321000744, 0.07577774268504524, 0.03925372797617705, 0.059354343853633224, 0.04647280438558892, 0.07338642362442754, 0.029733570961265145, 0.0410359374647506, 0.039456764500191754, 0.03981771832066235, 0.03359126491754461, 0.044081485324971234, 0.021318835021544434, 0.032237688090779884
T:TGCCA, 0.036389092975865366, 0.0006654005572729667, 0.06077325089759763, 0.093377878203973, 0.042100447759125, 0.06294966522034462, 0.05899884941153638, 0.047673177426286094, 0.08786059858325132, 0.04208658524751514, 0.05830572383104371, 0.046356238823350014, 0.08248194407862816, 0.027766610754536507, 0.03688814339382009, 0.03604253018561903, 0.04598195100988397, 0.030691600704215588, 0.048158365332630966, 0.020821492437999918, 0.033630453165504524
T:TGCCC, 0.02554364471669219, 0.00021439509954058192, 0.05465543644716692, 0.08563552833078102, 0.03940275650842266, 0.06705972434915773, 0.06096477794793262, 0.04799387442572741, 0.0966156202143951, 0.043537519142419594, 0.05666156202143951, 0.04679938744257274, 0.0922052067381317, 0.026171516079632466, 0.030765696784073506, 0.035359877488514546, 0.05229709035222052, 0.027212863705972434, 0.05453292496171516, 0.019984686064318535, 0.036385911179173044
T:TGCCG, 0.021547824656632946, 0.00016448721111933547, 0.0559667735833539, 0.08351838144584259, 0.04264330948268772, 0.0690846286701209, 0.06373879430874249, 0.04667324615511144, 0.07854264330948268, 0.04593305370507443, 0.05748828028620775, 0.05288263837486634, 0.09429229377415906, 0.030553499465416564, 0.03441894892672095, 0.035693724812895795, 0.05234805493872852, 0.02734599884858952, 0.05008635578583765, 0.022822600542807797, 0.03425446171560162
T:TGCCT, 0.0326949756146398, 0.0004433701855003647, 0.059654743345871654, 0.08980391595989645, 0.04156237932464709, 0.06494658104377923, 0.06325891388606816, 0.04766944607331341, 0.08874554842031493, 0.04044680272887198, 0.05679429053619188, 0.04585305853916675, 0.0840973126045853, 0.02900499149015289, 0.03446845635664126, 0.0389021582116449, 0.04831304795549136, 0.02973440695662123, 0.047912584562136186, 0.021181653055678713, 0.03451136314878645
T:TGCGA, 0.028127143837182712, 0.0003049012882079427, 0.05945575120054882, 0.08689686713926366, 0.043982010823995735, 0.06303834133699215, 0.06044668038722464, 0.049317783367634725, 0.07927433493406509, 0.05030871255431054, 0.05755011814924918, 0.05206189496150621, 0.08369540361308027, 0.032014635261833985, 0.03613080265264121, 0.036664379907005114, 0.04977513529994664, 0.027974693193078742, 0.0473359249942831, 0.023858525802271515, 0.031785959295678026
T:TGCGC, 0.020177602368031573, 9.86679822397632e-05, 0.05125801677355698, 0.08194375925012333, 0.0375431672422299, 0.06364084854464726, 0.0635421805624075, 0.04869264923532314, 0.09215589541193883, 0.054366058214109524, 0.054908732116428216, 0.051110014800197334, 0.0897878638381845, 0.029205722742969908, 0.03616181549087321, 0.0327084361124815, 0.052442032560434136, 0.027725703009373458, 0.05579674395658609, 0.021460286137148493, 0.03527380365071534
T:TGCGG, 0.0199468085106383, 8.059316569954868e-05, 0.052869116698903935, 0.08264829142488717, 0.03687137330754352, 0.06765796260477111, 0.06826241134751772, 0.04722759509993552, 0.0882495164410058, 0.04754996776273372, 0.057986782720825275, 0.05226466795615732, 0.09211798839458414, 0.029215022566086397, 0.03247904577691812, 0.033405867182462926, 0.05303030303030303, 0.02953739522888459, 0.05153932946486138, 0.02184074790457769, 0.03521921341070277
T:TGCGT, 0.023240800516462233, 0.0003586543289577505, 0.057169500035865434, 0.09138512301843484, 0.04016928484326806, 0.06577720393085144, 0.06376873968868804, 0.05042679865145973, 0.08292088085503192, 0.045764292375008966, 0.05408507280682877, 0.051287569040958325, 0.08213184133132487, 0.03134638835090739, 0.036797934151065206, 0.03981063051431031, 0.04748583315400617, 0.029840040169284845, 0.04770102575138081, 0.023599454845419983, 0.034932931640484895
T:TGCTA, 0.04121531505155981, 0.0013337236914869395, 0.06945122149572233, 0.09625581470999642, 0.04632250089457077, 0.06040792427051819, 0.06011515565531375, 0.050323671969031585, 0.07862463810546176, 0.036693666438957745, 0.05991997657851079, 0.0455417845873589, 0.07312709410884487, 0.029992518135389223, 0.040824956897953874, 0.03848280797631827, 0.04264662828144823, 0.03288767444129989, 0.04215868058944081, 0.022087765524869067, 0.03158648059594678
T:TGCTC, 0.029822687459944458, 0.0005127109591967528, 0.060884426404614396, 0.08824325286619668, 0.04204229865413374, 0.06491490422274443, 0.06351919105604216, 0.046984262621946875, 0.08382824182866909, 0.0412874741864274, 0.057594531083101905, 0.046414583778394934, 0.08771629993591112, 0.029409670298369293, 0.03782667521184932, 0.03739941607918536, 0.048080894395784377, 0.030506302072206795, 0.04789574877162999, 0.022331410667236345, 0.032785017446414585
T:TGCTG, 0.030002295643574848, 0.0006003990888060887, 0.06022532624626957, 0.08688127990958697, 0.04389093927139805, 0.06421621430715711, 0.06355400942979746, 0.04789948612901517, 0.08479754189549524, 0.0412862667537834, 0.057965000264881945, 0.04747567500750498, 0.08908862950078582, 0.029949319253386075, 0.03558247541012555, 0.037410160871638204, 0.04588638330184181, 0.030408447968355436, 0.048976672729520214, 0.021367144042804924, 0.03253633297427113
T:TGCTT, 0.03965941171113742, 0.0010320857238260025, 0.06814801323498164, 0.09278147102571108, 0.04653492395956653, 0.06339738335913547, 0.06066539173724311, 0.050632911392405056, 0.072944176304526, 0.038961236074431596, 0.05785751145918708, 0.04655010169079926, 0.07450748262149774, 0.03155450323285675, 0.04152627265276387, 0.04002367726072307, 0.04254318064535713, 0.032298212063260785, 0.04293780165740825, 0.023495127948274293, 0.031949124244907874
T:TGTAA, 0.04400893474445567, 0.0026059671329043237, 0.07506780832845822, 0.10024996011274796, 0.05057703557942882, 0.05735786842525129, 0.05969792054459395, 0.04977929053874382, 0.06711694942296442, 0.037547199914907195, 0.05573578684252513, 0.04874222198585332, 0.0653087273307451, 0.03185661862468755, 0.04704036589905867, 0.03932883050577036, 0.037866297931181195, 0.03371802371961921, 0.04267935967664734, 0.02332074668935808, 0.030394086050098388
T:TGTAC, 0.0391414500839762, 0.0012809929118392212, 0.06487517435736856, 0.09772552591875658, 0.04386689060320533, 0.05761621452361297, 0.061032195621850895, 0.04731133821059524, 0.08090181900993482, 0.04124797176122292, 0.05943807110933986, 0.048250733012610666, 0.07555011528936206, 0.029007372825870365, 0.04022317743175154, 0.04124797176122292, 0.04073557459648723, 0.03248028694241225, 0.0450624839875886, 0.0222038771385465, 0.030800762902445274
T:TGTAG, 0.03754124460647454, 0.0011536952860010615, 0.06566833567918041, 0.09515678718936754, 0.044786451002561206, 0.061953436858256994, 0.05920764207757447, 0.04730150672604352, 0.08511963820115831, 0.03973326564987655, 0.059484528946214726, 0.045040263965481435, 0.07736680587923117, 0.028311682318466046, 0.039387157064076236, 0.03781813147511479, 0.04317127760215972, 0.0333648676711507, 0.04483259881400124, 0.021712545282539977, 0.03188813770506934
T:TGTAT, 0.044770525830258305, 0.0023062730627306273, 0.0725034594095941, 0.09916974169741698, 0.04788399446494465, 0.056676660516605165, 0.058319880073800734, 0.05189114391143911, 0.0719845479704797, 0.03937961254612546, 0.055869464944649457, 0.047653367158671585, 0.06722785977859778, 0.029289667896678962, 0.044770525830258305, 0.04151291512915129, 0.03643911439114391, 0.033354474169741695, 0.043559732472324725, 0.023985239852398522, 0.03145179889298893
T:TGTCA, 0.03574607181578394, 0.0007605547194847646, 0.06411314465103483, 0.09793355664514458, 0.04509927666391573, 0.061135653834328535, 0.06293185753353724, 0.04844895383271033, 0.08142790103079438, 0.0386588345712575, 0.05799634286454034, 0.04825476964901209, 0.07662184248426299, 0.028237616712785414, 0.0400990339336861, 0.03885301875495574, 0.041053772836869104, 0.0316034758968882, 0.04569801123031862, 0.022088450895674544, 0.033237859443015036
T:TGTCC, 0.02723879491660989, 0.0004443522824895577, 0.05797316112213763, 0.0866635068282134, 0.04215421986550938, 0.06457919838848239, 0.06431258701898865, 0.04729389459963859, 0.08848535118642059, 0.044775898332197764, 0.05626981070592766, 0.04867138667535622, 0.08719672956720087, 0.02763871197085049, 0.03588885268240661, 0.03772550878336345, 0.04819741090736736, 0.029682732470302457, 0.05104126551530053, 0.02078087507776165, 0.032985751103474834
T:TGTCG, 0.025138959070237495, 0.0006316321374431531, 0.06114199090449722, 0.08792319353208691, 0.03922435573521981, 0.06246841839312784, 0.06474229408792319, 0.053499242041435066, 0.07409044972208186, 0.04756189994946943, 0.05482566953006568, 0.055078322385042955, 0.08514401212733703, 0.03183425972713492, 0.04004547751389591, 0.03366599292572006, 0.04838302172814553, 0.02829711975745326, 0.04983577564426478, 0.022612430520464882, 0.033855482566953005
T:TGTCT, 0.03378508663195879, 0.0007850590860259483, 0.06595873619260116, 0.09079139465057984, 0.043618984656915404, 0.06422334242349118, 0.0618268462661488, 0.04823292840812053, 0.08215574470429442, 0.040506294245654634, 0.05802550753381263, 0.04682808583312674, 0.07734897942318816, 0.029060959149381595, 0.03919786243561138, 0.03853676004737901, 0.04517532986254579, 0.03228383329201443, 0.04692449659807729, 0.023124810621711706, 0.03160895793736055
T:TGTGA, 0.03434633484884741, 0.0011645529233468932, 0.0658052165589854, 0.0973917205072984, 0.04117412459121002, 0.06180106883624471, 0.0623913216878041, 0.049772672888250775, 0.08376804658211694, 0.03927574379835686, 0.05715880992262902, 0.047491425380872615, 0.07658929568477307, 0.028411900773709815, 0.04142936906756002, 0.03791975751774747, 0.040902927335088136, 0.03263938741325676, 0.046518305814788226, 0.021839355507697215, 0.03220866235941613
T:TGTGC, 0.03017429004231017, 0.0007486984834502811, 0.05892082948827329, 0.0902094614594397, 0.041282886145595735, 0.06198526979262793, 0.06271655668343984, 0.0478296449776261, 0.08810265875019588, 0.04471296989535633, 0.05731896296554246, 0.04911810283286612, 0.08202601291940174, 0.029408179966221516, 0.037400100987237304, 0.03802691832221893, 0.046001427750596346, 0.03015687844967179, 0.04972750857520938, 0.021329200982013824, 0.032803440530705344
T:TGTGG, 0.029095099204205825, 0.0005881435070157118, 0.05937848835115768, 0.092422551102469, 0.039081535894758324, 0.06315941089625869, 0.06330344604083396, 0.04798770900099624, 0.09503918956225318, 0.04209427100212452, 0.0577100812598274, 0.04600722576308619, 0.08445260643597037, 0.02693457203557668, 0.03558868363880787, 0.03699302629841681, 0.045647137901648004, 0.02970724856865075, 0.05146855832823209, 0.019516762089949947, 0.03382425311776073
T:TGTGT, 0.03044904957578266, 0.001079019717976764, 0.064209063765631, 0.09263310373370384, 0.04351553492772046, 0.062405770538327375, 0.06465249652644338, 0.04891063351760428, 0.08270020989150678, 0.04187483371271469, 0.05816359712655571, 0.04747686759097762, 0.0788275637804121, 0.029074408017264314, 0.039539421172436216, 0.038061311969728326, 0.04293907233866438, 0.03368610872971295, 0.04650131551719041, 0.02132911579507494, 0.03197150205457179
T:TGTTA, 0.047593457159171064, 0.0026534108084506096, 0.07570617673731234, 0.09820978739126054, 0.05105296745373325, 0.05777046317132973, 0.05981929936519666, 0.04856749403822255, 0.06858563127666005, 0.038356900547475904, 0.06018876162966445, 0.047761394552110974, 0.0643200214959863, 0.029288281328720654, 0.047056057501763345, 0.04017062439122695, 0.03442716555268196, 0.03409129076680214, 0.04117824874886642, 0.02448527189063917, 0.02871729419272495
T:TGTTC, 0.03631898890682419, 0.0013565958031390598, 0.06604389188446613, 0.08926056942679535, 0.04483634989868462, 0.061613490400796785, 0.06187107188240547, 0.05053748669162345, 0.0814300923858914, 0.0391523852045197, 0.060342755091527284, 0.04662224817117148, 0.0767421094206134, 0.029724902977641927, 0.04189992100834564, 0.039066524710650134, 0.04193426520589347, 0.032609815571659165, 0.04593536422021499, 0.02151663976371192, 0.031184531373424456
T:TGTTG, 0.04024245902227323, 0.0012374018148559951, 0.06805709981707972, 0.09303826978946236, 0.04508446612388365, 0.06102722283992683, 0.06120655643628276, 0.05037480721638392, 0.07897851583515655, 0.038789856891790105, 0.05862415264875722, 0.04675226856999389, 0.07530217710985976, 0.030701911696137157, 0.04192819482801908, 0.0391126573652308, 0.04115706036368853, 0.03233384742297622, 0.04153366091603601, 0.022542233061941825, 0.031975180230264334
T:TGTTT, 0.04264997754501862, 0.0017094760021440886, 0.07556463412867429, 0.0917901690642792, 0.04893737233256552, 0.05884653831109565, 0.06136729106001999, 0.05315311399887001, 0.06724904747417677, 0.03965115099888449, 0.059237689599721845, 0.04863314355252293, 0.06666956408361946, 0.03220478943022296, 0.047358280093296824, 0.039998841033218886, 0.03752154953858635, 0.03352311414374085, 0.039491793066481234, 0.024613557013922087, 0.02982890752893795
T:TTCAA, 0.04832389229456041, 0.0021533328160161405, 0.07065259563901606, 0.09404826569411034, 0.04836269108403818, 0.06201986498021262, 0.0594591448746799, 0.049604252347326766, 0.06859625979669434, 0.039264374951501514, 0.05761620237448591, 0.046112361294327615, 0.07102118413905487, 0.03239698921393652, 0.045627376425855515, 0.04145650655699542, 0.036703654845968804, 0.0324357880034143, 0.04066113137270117, 0.02296888337083883, 0.030515247924264768
T:TTCAC, 0.03768075639599555, 0.0010726203718417289, 0.06721754330208168, 0.09345701573176546, 0.04340139837915144, 0.06195375814396948, 0.06163594470046084, 0.05106864770379787, 0.07897664071190211, 0.038654060066740825, 0.05708723979024312, 0.046341172731606546, 0.07603686635944701, 0.030073097092006992, 0.045089782297791196, 0.0389122834895916, 0.041792467821388846, 0.0305100905768314, 0.043977435245510885, 0.023240108056570792, 0.03182107103130462
T:TTCAG, 0.039698575476853085, 0.0012961762799740765, 0.06965041363272464, 0.09057984827112958, 0.04434956095205419, 0.06215292338581577, 0.05874728374823682, 0.05063982819310485, 0.07716061149022149, 0.0387455046827545, 0.059014143570584425, 0.04685296023788647, 0.07643627768670656, 0.03176902646995285, 0.042138436709745465, 0.03872008946157854, 0.04279923246032048, 0.03337018540403848, 0.04326941405207579, 0.021425031451336205, 0.031184476382905724
T:TTCAT, 0.046069295101553165, 0.0020071684587813616, 0.06982078853046594, 0.09521306252489048, 0.046069295101553165, 0.05709279171644763, 0.06088410991636799, 0.05210673038630028, 0.07375547590601354, 0.038438868976503386, 0.058319394663480684, 0.04616487455197133, 0.07048984468339307, 0.02962962962962963, 0.04485862206292314, 0.040764635603345284, 0.038677817602548785, 0.032927120669056155, 0.04235762644364795, 0.022827558741537236, 0.031525288729589804
T:TTCCA, 0.0412354114016484, 0.0011429587391895153, 0.06850132710209161, 0.08885869220121154, 0.046086636272430564, 0.06307862286171469, 0.061351485211383866, 0.04978220286247666, 0.07694652223054747, 0.04027024624411059, 0.057338430082674016, 0.04623903077098917, 0.07815297867746974, 0.02933594097253089, 0.04161639764804491, 0.03822562005511601, 0.04211167976836036, 0.03225683552823743, 0.04456269128684454, 0.021982906417078344, 0.030923383665849662
T:TTCCC, 0.03351042092357989, 0.000455817170161265, 0.06250982364590865, 0.08460909748200308, 0.044245701172550375, 0.06519757316651473, 0.06089088680016347, 0.04962120021376254, 0.08776838200622426, 0.040787777812706295, 0.05873754361698783, 0.046540504856810536, 0.08418471597874949, 0.027584797711483453, 0.03611958127691679, 0.0392474301342303, 0.04350696300022005, 0.030398289899720224, 0.04735783219641006, 0.022067838169186758, 0.03465782276570997
T:TTCCG, 0.026758883854042452, 0.00042928690674934414, 0.05924159313140949, 0.08986405914619604, 0.04159313140949201, 0.06844741235392321, 0.05957548294777009, 0.04746005246839972, 0.07703315048891009, 0.04331027903648939, 0.05747674695921774, 0.05261149534939184, 0.08347245409015025, 0.030336274743620318, 0.037252563796804194, 0.03811113761030289, 0.049367994276174575, 0.033198187455282614, 0.04426424994037681, 0.024994037681850705, 0.03520152635344622
T:TTCCT, 0.036835447074957214, 0.0008504576525242646, 0.06713300094613414, 0.09068004720039971, 0.04356469325055545, 0.061594395484069864, 0.06171133341129195, 0.049602942583477735, 0.08454612138156846, 0.03838753229081399, 0.0584902250523563, 0.04633931134191587, 0.07830588835617167, 0.02866042289006772, 0.040641245070003294, 0.040120339757832184, 0.04141728767793169, 0.03171143971849852, 0.044702180360806656, 0.0212189184304804, 0.03348677006814292
T:TTCGA, 0.037366797532249016, 0.0007010656197420079, 0.06190409422321929, 0.0891054402692092, 0.04732192933258553, 0.06092260235558048, 0.06050196298373528, 0.04928491306786316, 0.07396242288278183, 0.045008412787436905, 0.06316601233875489, 0.05103757711721817, 0.07922041503084688, 0.03147784632641615, 0.03890914189568143, 0.03757711721817162, 0.04627033090297252, 0.031898485698261356, 0.03946999439147504, 0.02215367358384745, 0.032739764441951764
T:TTCGC, 0.03116837889604736, 0.0009576876197109525, 0.06460038307504788, 0.0829705728713216, 0.04231238028904754, 0.06242382030297754, 0.05963781995472749, 0.05119275639909455, 0.07800800975100122, 0.04753613094201637, 0.058854257356782166, 0.048842068605258575, 0.08192582274072785, 0.030297753787219224, 0.037349817168727144, 0.0383075047884381, 0.0502350687793836, 0.029862441232805154, 0.04501131812641477, 0.024464565558070694, 0.03404144175518022
T:TTCGG, 0.03594849171336592, 0.0004769285799451532, 0.060689161798020745, 0.08340288541790866, 0.045069750804816976, 0.06450459043758197, 0.06271610826278765, 0.048467866936926195, 0.07320853702158102, 0.04286395612257064, 0.057350661738404675, 0.04822940264695362, 0.08513175152020985, 0.02873494694169548, 0.036365804220817935, 0.03869083104805055, 0.049183259806843925, 0.03272922379873614, 0.045904375819721, 0.02557529509955884, 0.03475617026350304
T:TTCGT, 0.03338702591887538, 0.000732171621027969, 0.062307804949480156, 0.08668911992971153, 0.046566115097378825, 0.062381022111582946, 0.06421145116415287, 0.048689412798359935, 0.07233855615756334, 0.04605359496265925, 0.05710938644018158, 0.05330209401083614, 0.07695123737003953, 0.03265485429784742, 0.04268560550593059, 0.038585444428173965, 0.0423927368575194, 0.03038512227266071, 0.04414994874798653, 0.024893835114950948, 0.03353346024308098
T:TTCTA, 0.045204442200908634, 0.0016153457849570924, 0.07342251388187784, 0.0922766279656739, 0.04697122665320545, 0.05777385159010601, 0.05711761736496719, 0.052776375567895, 0.07324583543664816, 0.03677435638566381, 0.05949015648662292, 0.04644119131751641, 0.06862695608278647, 0.03238263503281171, 0.04803129732458354, 0.04124179707218577, 0.0364462392730944, 0.03366986370519939, 0.042478546188793535, 0.02309439676930843, 0.030918727915194347
T:TTCTC, 0.03603139141891505, 0.0009050810563097898, 0.06635733516640889, 0.08909892879647133, 0.044028183536690156, 0.06348169788623474, 0.060651887494987684, 0.052735292432834965, 0.07887953256573295, 0.03875809131007619, 0.05706593343644383, 0.047992209428882396, 0.07838689350976685, 0.029810391247064215, 0.04157644497909148, 0.04063699375608638, 0.04219510797960704, 0.03186114452655096, 0.045380076760038954, 0.02207710374061981, 0.032090278971186346
T:TTCTG, 0.03875474466524194, 0.0011376564277588168, 0.06749385984498102, 0.09408524980596047, 0.04481515741124685, 0.06088056733969145, 0.06126333024996544, 0.04899365251507129, 0.08028452042997034, 0.040126311760390415, 0.05944520642616397, 0.04481515741124685, 0.07615918684146172, 0.029196304211455245, 0.04180621564437073, 0.03958406430416892, 0.04048781006453808, 0.03381072374086951, 0.042529212252666045, 0.022933877707250166, 0.031397190945530715
T:TTCTT, 0.04449778974794344, 0.0014442265093630765, 0.07006450227856008, 0.09476272724611376, 0.04661533807586093, 0.059037637713828466, 0.059915883564116826, 0.051279799369614645, 0.06934238902387853, 0.03749133952008744, 0.05893029655434878, 0.04746430906447301, 0.0710110561394264, 0.030914253930150182, 0.045044253832567306, 0.04146296242083589, 0.04022365994320677, 0.03337334231095758, 0.040057769060374525, 0.023956595138421303, 0.03310986855587107
T:TTTAA, 0.049878289624764614, 0.003444633261378772, 0.08501354889082809, 0.09422220180958067, 0.0551600606255454, 0.056469021264869336, 0.061521150048224865, 0.049993110733477245, 0.04980939695953704, 0.03750057410554356, 0.059752904974050426, 0.05003903917696229, 0.05821430211730125, 0.03706425389243558, 0.051784320029394204, 0.04197859734533596, 0.03483672438341064, 0.033895191291967115, 0.03527304459651862, 0.024824323703669684, 0.02932531116520461
T:TTTAC, 0.044528121451198374, 0.0026896180742334587, 0.07674376905146135, 0.09670671209132747, 0.05170043631582093, 0.057498057498057496, 0.060456637379714295, 0.050893550893550896, 0.0639531408762178, 0.03861096168788477, 0.05902217440678979, 0.04667981591058514, 0.0646404877174108, 0.03376964915426454, 0.04703843165381627, 0.040912079373617835, 0.036847767616998386, 0.03326161018468711, 0.042346542346542344, 0.02336979260056183, 0.0283306437152591
T:TTTAG, 0.045209154439770805, 0.0022852979167356673, 0.07743516709171, 0.09449210081807041, 0.050640877024475874, 0.056238200907495116, 0.061007518298943464, 0.05113768091941841, 0.06431954426522704, 0.038287020170238134, 0.05666876428311198, 0.05127016195806976, 0.06508131023747227, 0.03252409498890471, 0.04636836352797006, 0.040804159904613654, 0.03762461497698142, 0.03414698771238366, 0.04176464743483589, 0.023581624879939058, 0.02911270824363263
T:TTTAT, 0.051548769518186224, 0.0028599764743870654, 0.07931821851142837, 0.09809258020619507, 0.04947298014161496, 0.0551929330903891, 0.05872177503056023, 0.05171021980303065, 0.05948289780196969, 0.03757178771593976, 0.05911386857946813, 0.04815831353645317, 0.06045159951103628, 0.032958922434670294, 0.05127199760131006, 0.04206933136517748, 0.034250524713425747, 0.03639550706921604, 0.03692598657656203, 0.023733191872131375, 0.03069861844684826
T:TTTCA, 0.04827187009703118, 0.0020868558546207863, 0.07319228015659035, 0.09736629651632164, 0.04875931088059224, 0.0586299867477037, 0.05911742753126475, 0.05209523374308824, 0.06723636308245365, 0.03812700878916663, 0.05815777848862892, 0.04616978171792411, 0.06635287666224923, 0.032947950463830374, 0.04766256911757986, 0.039909214154061755, 0.036192478179408676, 0.03457783058386266, 0.04042711998659537, 0.02364087800271139, 0.029078889244314465
T:TTTCC, 0.041862375898664844, 0.0011776788770968844, 0.07085244779185211, 0.08905169462512838, 0.04676480657309141, 0.060047928791509754, 0.0593632317699418, 0.05232454638822321, 0.07559055118110236, 0.03875385142074632, 0.057980143786374526, 0.04673741869222869, 0.07281068127353646, 0.030619650804519002, 0.04487504279356385, 0.03883601506333447, 0.04031496062992126, 0.03313933584388908, 0.043355015405682984, 0.02359465936323177, 0.03194796302636083
T:TTTCG, 0.04105694456058199, 0.001170666443682582, 0.0642194163391588, 0.08913788778325947, 0.04992056191989297, 0.06112551216656911, 0.05844970315243749, 0.04699389581068651, 0.07107617693787106, 0.041725896814114885, 0.05778075089890459, 0.051509323522033613, 0.07408646207876912, 0.03177523204281294, 0.03813027845137554, 0.042394849067647795, 0.04741199096914458, 0.03336399364495359, 0.040973325528890374, 0.027259804331465843, 0.030437327535747138
T:TTTCT, 0.044651671993978674, 0.001358708933266864, 0.07294018748228302, 0.09538332209221626, 0.047085618212564635, 0.05833651017076723, 0.06020351309345767, 0.0532144707388835, 0.07011524588721739, 0.03719343518762891, 0.058316960401943244, 0.04783828431228801, 0.0678181480503993, 0.03051718913423849, 0.04655777445431708, 0.041455284791257346, 0.037467131951164676, 0.033948173562847614, 0.04014545028005044, 0.024143964497619817, 0.031308954771609825
T:TTTGA, 0.04616079154283135, 0.0016176968511342686, 0.07089650502238441, 0.0975132613520936, 0.045897445543809486, 0.06173582634212407, 0.058105413641322746, 0.04868138896204056, 0.07277754787254054, 0.03946427899627553, 0.05763515292878372, 0.04757157368044844, 0.07189345773296715, 0.032579662164704114, 0.04411045483616117, 0.04057409427786765, 0.03833565328618186, 0.03184605545314322, 0.04017907527933486, 0.02230916820285166, 0.030115496030999587
T:TTTGC, 0.04151144225651942, 0.0010643959552953698, 0.06877635403447005, 0.09610267327138003, 0.04664919965611824, 0.061079952511565075, 0.06128464404142957, 0.05199164858558153, 0.07207188766528841, 0.04122487411470913, 0.05788676464567896, 0.04748843492856265, 0.07164203545257297, 0.030130593196053546, 0.04230973922299095, 0.03971015679371188, 0.040795021901993696, 0.03256642240144103, 0.04132721987964138, 0.023109673721701397, 0.03127686576329471
T:TTTGG, 0.04296610471540079, 0.0013187439854581745, 0.07065972841002245, 0.09115372277862922, 0.04818761806322843, 0.06205225077520761, 0.0598246426916634, 0.048312364115906906, 0.07978401112021956, 0.04004348290979078, 0.05515557614855473, 0.0456570552803222, 0.0742951848023666, 0.02960045621413551, 0.04239583704601347, 0.038029725202266815, 0.040595929714509746, 0.03175678083900631, 0.04408881918950708, 0.022739423316819333, 0.03138254268097088
T:TTTGT, 0.043267143661066, 0.002074121713964145, 0.07109896293914302, 0.09880215451402846, 0.04844440871452689, 0.058670311118257094, 0.06286678993488222, 0.0512259827960447, 0.06990915668462094, 0.03948870487981349, 0.05907227269073076, 0.04643460085215853, 0.06699895489991158, 0.030838491840180074, 0.04566283463300908, 0.03931184178792507, 0.03672320926119463, 0.033523595144304204, 0.04117694348420291, 0.02366749738724978, 0.0307420210627864
T:TTTTA, 0.05181256215752423, 0.003646574754782473, 0.08385171896023869, 0.09605896920886878, 0.050837542169614475, 0.05596614730601977, 0.0593982176634621, 0.05009652697880307, 0.053197090540356075, 0.0381622823267877, 0.05951522006201127, 0.050428033774692384, 0.058169692478695814, 0.0357832335562879, 0.05142255416236033, 0.0412823462880989, 0.03554922875918956, 0.03537372516136581, 0.03595873715411166, 0.02494101129073146, 0.028548585245997543
T:TTTTC, 0.04784801364613978, 0.0016934068379026476, 0.07432449135991694, 0.09442288200538923, 0.04816939012632568, 0.058169142913648615, 0.059837828483844654, 0.05207535042396974, 0.06795876492546538, 0.03726731106771155, 0.05952881263751205, 0.04767496477219351, 0.06342241230130281, 0.03239722132950978, 0.048490766606511575, 0.040987861857556054, 0.036439148599540186, 0.033868136758052954, 0.03970235593681244, 0.024572940100368347, 0.031148797310326073
T:TTTTG, 0.047783791189970545, 0.0021579776666438306, 0.07431321504418716, 0.09762279920531616, 0.050318558607933134, 0.060166472562855386, 0.05968692197026786, 0.05120915256559567, 0.06652051791463999, 0.03882647119271083, 0.05761457833801466, 0.04774953757621429, 0.06849010070562445, 0.03286634239912311, 0.04649928067411112, 0.03820990614509831, 0.03543536343084196, 0.033157498116051246, 0.038227032951976436, 0.02322395012673837, 0.029920531616085502
T:TTTTT, 0.05042922144158806, 0.0030601368465690937, 0.08108789584073534, 0.09454332901628634, 0.04809113935656898, 0.05654949513472625, 0.06014830775578504, 0.051013741962842835, 0.05622858190737069, 0.03860127677619741, 0.05845205212547707, 0.04982177854695075, 0.06206232593322713, 0.03318013547122669, 0.04801091104973009, 0.04033191596657919, 0.03689355995919818, 0.03391365141946798, 0.039002418310391855, 0.026269039896390872, 0.03230908528269017
U:AACAA, 0.04834963636055402, 0.0009154559479207283, 0.06574329937104785, 0.07913608083136962, 0.056198823469578045, 0.055724142607693226, 0.06433620967331785, 0.05318120941902453, 0.0671334361808534, 0.04511163476698256, 0.060623527217861566, 0.048875175886212215, 0.0667774255344398, 0.04148371675114856, 0.03578754640853069, 0.03483818468476105, 0.032854696797599475, 0.03285469679759947, 0.04180582162171325, 0.03707596589078949, 0.031193313781002593
U:AACAC, 0.03723761453978294, 0.0005848839980070619, 0.06494378614908043, 0.0816671360180231, 0.052141325303814746, 0.05851006217100275, 0.06459718822433551, 0.05081992071572471, 0.07378203323007604, 0.04988843879297273, 0.06065463683036198, 0.04683404458115807, 0.06877802569157117, 0.04024868401100448, 0.03383662240322336, 0.0328401533695817, 0.03728093928037606, 0.030652253969629357, 0.047267291987089226, 0.03487641617745814, 0.03255854255572645
U:AACAG, 0.04145956549313432, 0.0006637070249701332, 0.06353888585714075, 0.08224067491629918, 0.05200513266765977, 0.057904750667394284, 0.06544151266205513, 0.05260984351263256, 0.07409920207666554, 0.04715269686287813, 0.0616067609622277, 0.048362118552823706, 0.06991047329685403, 0.03777230424330025, 0.032610138493532545, 0.03379006209347945, 0.03563369271839648, 0.031725195793572365, 0.04527956814796242, 0.0345422633884456, 0.031651450568575684
U:AACAT, 0.04876861281291841, 0.0008520306731042318, 0.06572808049661215, 0.08171379883961537, 0.054286525743498196, 0.05410394774211871, 0.06260396802856331, 0.05231874061751937, 0.07096198320282388, 0.04550249523268552, 0.06098105246074572, 0.04698340568831907, 0.06438917515316266, 0.0411814825333712, 0.035907006937964045, 0.03539984582302106, 0.034953544041871225, 0.03187000446301781, 0.044934474783949366, 0.03335091491865136, 0.03320890980646732
U:AACCA, 0.044022667611150465, 0.000937539064127672, 0.06344014333930581, 0.08302429267886162, 0.05125213550564607, 0.05852327180299179, 0.06133588899537481, 0.05175215633984749, 0.07696154006416935, 0.04975207300304178, 0.058460769198716615, 0.04750197924913538, 0.07196133172215509, 0.036314013083878494, 0.03245968582024251, 0.033209717071544645, 0.035980665861077545, 0.03083461810908788, 0.04708529522063419, 0.03325138547439477, 0.031938830784616026
U:AACCC, 0.03414979470479966, 0.0003397989522865638, 0.0595497663882203, 0.08274104488177828, 0.04884609939119355, 0.06173014299872576, 0.062211524847798384, 0.04898768228797962, 0.08585586861107178, 0.05363160130256265, 0.06031431403086507, 0.04567464250318561, 0.07826702534333853, 0.034489593657086225, 0.02825994619849922, 0.032309217046580775, 0.03633017131530511, 0.02834489593657086, 0.05286705365991788, 0.03205436783236585, 0.03304544810986833
U:AACCG, 0.03238736572069906, 0.0005611672278338945, 0.06012506012506012, 0.08056758056758057, 0.046336379669713004, 0.06060606060606061, 0.07511624178290846, 0.04625621292287959, 0.0712682379349046, 0.05531505531505532, 0.0540323873657207, 0.05291005291005291, 0.07848324514991181, 0.03727753727753728, 0.0320666987333654, 0.031265031265031266, 0.040003206669873344, 0.027898027898027897, 0.04858104858104858, 0.03487253487253487, 0.03407086740420074
U:AACCT, 0.039523809523809524, 0.0007029478458049886, 0.06297052154195011, 0.08285714285714285, 0.0490249433106576, 0.061247165532879816, 0.06405895691609978, 0.048095238095238094, 0.07650793650793651, 0.05238095238095238, 0.061632653061224486, 0.046281179138322, 0.07541950113378684, 0.03691609977324263, 0.03149659863945578, 0.03260770975056689, 0.0353968253968254, 0.03072562358276644, 0.04773242630385487, 0.03140589569160998, 0.03301587301587302
U:AACGA, 0.03539367181751288, 0.00014716703458425313, 0.0626195732155997, 0.07770419426048565, 0.0551140544518028, 0.05717439293598234, 0.07115526122148638, 0.045033112582781455, 0.06467991169977926, 0.05526122148638705, 0.05496688741721854, 0.05504047093451067, 0.07041942604856512, 0.040323767476085355, 0.035172921265636495, 0.032303164091243564, 0.03826342899190582, 0.029506990434142753, 0.04562178072111847, 0.04113318616629875, 0.0329654157468727
U:AACGC, 0.031038233079561616, 0.0005019660336317242, 0.06333138124320255, 0.07462561699991634, 0.04592989207730277, 0.06190914414791266, 0.06927131264117795, 0.0417468417970384, 0.07086087174767841, 0.05981761900778047, 0.05605287375554254, 0.05245545051451518, 0.07370534593825817, 0.04191416380824897, 0.029365012967455868, 0.033046097214088514, 0.03572324939345771, 0.031456538107588056, 0.04843972224546139, 0.04157951978582783, 0.03722914749435288
U:AACGG, 0.02737150020894275, 0.00048753308260203373, 0.06198634907368714, 0.07675163671820588, 0.05133026883967126, 0.06024515949296559, 0.06860286948042903, 0.04624599526396434, 0.07236383897478757, 0.06010586432650787, 0.05850396991224404, 0.04931048892603428, 0.07473185680456888, 0.03851511352556066, 0.02960022287226633, 0.03168965036913219, 0.03879370385847611, 0.031132469703301295, 0.05362863908622371, 0.033988020615684636, 0.03461484886474439
U:AACGT, 0.035829883327060594, 0.0006774557771923222, 0.06533684606699285, 0.07745577719232216, 0.04697026721866767, 0.05502446368084306, 0.07098231087692886, 0.04945427173503951, 0.06639066616484757, 0.054949190816710576, 0.054121189311253294, 0.0560030109145653, 0.06864885208882197, 0.04659390289800527, 0.03409860745201355, 0.032442604441098984, 0.03793752352277004, 0.030334964245389538, 0.04508844561535567, 0.04042152803914189, 0.0312382386149793
U:AACTA, 0.05080771235018239, 0.001519888830988362, 0.0649643911759597, 0.08385443807538649, 0.0572780962306757, 0.0550199756817787, 0.06209831509466736, 0.051502518672919925, 0.06591974986972382, 0.04273058884835852, 0.059058537432690635, 0.05089456314052458, 0.06418273406287997, 0.039126281049157545, 0.03348097967691506, 0.039603960396039604, 0.03330727809623068, 0.0319610908459267, 0.039907938162237276, 0.03934340802501303, 0.03343755428174396
U:AACTC, 0.039511172855494596, 0.00075349078151122, 0.0670842261414208, 0.08121217829475617, 0.0500835903835739, 0.058984200240175186, 0.0641409027761426, 0.0521085968588853, 0.07614966210647767, 0.05102545386046293, 0.05891356047940851, 0.048553062233629235, 0.0723115684381549, 0.03828675033553886, 0.031387600367326754, 0.03289458193034919, 0.03543761331794956, 0.031222774258871176, 0.04542136617297323, 0.03338906025571593, 0.031128587911182275
U:AACTG, 0.042695596212190864, 0.0009009837271306426, 0.06294014893812633, 0.08184241978486716, 0.0521835064815666, 0.05716649811528914, 0.06461340443136894, 0.05093316171738531, 0.07240967178449939, 0.049094419417118694, 0.059170727222579746, 0.04957249241518802, 0.06869541233796084, 0.039477797186724284, 0.03122184425852717, 0.035138365358095065, 0.036627746621311026, 0.03173669210260182, 0.0477337501149214, 0.03388802059391376, 0.031957341178633816
U:AACTT, 0.0478597910347152, 0.0012217728345129762, 0.0625, 0.08036316144253455, 0.05693882709807887, 0.05468486686889114, 0.06258426019548366, 0.05104061341422312, 0.06624957869902258, 0.04514239973036738, 0.06163633299629255, 0.05057718233906303, 0.06791371755982474, 0.04307802494101786, 0.03477839568587799, 0.0358948432760364, 0.03452561509942703, 0.03265082574991574, 0.042256488035052234, 0.036274014155712846, 0.031829288843950115
U:AATAA, 0.057804023236833264, 0.001104229679773393, 0.0652935810648615, 0.08024869172787939, 0.06255701185846656, 0.0511306351721158, 0.060540592443228194, 0.052834989677852995, 0.06114071726919199, 0.04020836333957463, 0.06301310672619904, 0.05050650535311345, 0.057083873445676704, 0.04347304239281771, 0.03624753948821355, 0.03761582409141102, 0.033462960295741515, 0.03399107014258966, 0.0404244082769216, 0.03884007873637717, 0.03247875558116088
U:AATAC, 0.055486306492396456, 0.0014601659603262227, 0.06528010256775525, 0.07938316891627195, 0.0575519071191994, 0.051782470885715304, 0.06075714947113501, 0.05220983653264005, 0.06517326115602408, 0.04644040029915595, 0.060258556216389474, 0.051960539905267285, 0.0616831083728053, 0.04223797143772926, 0.03657537661597635, 0.03550696249866448, 0.03379749991096549, 0.03187435449980412, 0.04312831653548915, 0.036753445635528334, 0.030699098970761063
U:AATAG, 0.05681363527246539, 0.0014403456829639113, 0.06497559414259423, 0.08041930063215172, 0.05869408658077939, 0.05485316475954229, 0.06001440345682964, 0.05281267504201008, 0.0672161318716492, 0.043770504921181085, 0.057013683283988155, 0.04773145554933184, 0.06725614147395374, 0.03804913179163, 0.03252780667360167, 0.0375290069616708, 0.03256781627590622, 0.03288789309434264, 0.04257021685204449, 0.03904937184924382, 0.03180763383211971
U:AATAT, 0.060759155306067895, 0.001256348569901096, 0.0640737770649559, 0.07824111200213847, 0.06086607858861267, 0.05052125100240578, 0.06380646885859396, 0.053862603581929965, 0.06503608660785887, 0.03835872761293772, 0.06169473402833467, 0.04987971130713713, 0.057658380112269446, 0.04188719593691526, 0.037129109863672814, 0.034562951082598235, 0.031141406041165463, 0.03285217856188185, 0.045308740978348035, 0.03892007484629778, 0.03218390804597701
U:AATCA, 0.054187192118226604, 0.0010775862068965517, 0.06527093596059114, 0.081563013136289, 0.05626539408866995, 0.055623973727422005, 0.05967775041050903, 0.05505952380952381, 0.06955562397372742, 0.043539614121510674, 0.061140188834154355, 0.04672105911330049, 0.06329536124794745, 0.04069170771756979, 0.034097906403940885, 0.03686884236453202, 0.033482142857142856, 0.03263546798029557, 0.04123050082101806, 0.03579125615763547, 0.03222495894909688
U:AATCC, 0.04641512789353567, 0.0007706215359079995, 0.06496932333501289, 0.08094490056018258, 0.049319778298111974, 0.05993064406176829, 0.06369483387178043, 0.05275793591985536, 0.07498740330181689, 0.04863807463173182, 0.06147188713358428, 0.04611873499510952, 0.06742938439194997, 0.03696019443374137, 0.032929251015145676, 0.03497436201428614, 0.035626426390823675, 0.030202436349625068, 0.043955066836598604, 0.03648596579625952, 0.031417647233172294
U:AATCG, 0.04145756054985817, 0.0005454942177612917, 0.06480471307004146, 0.075169103207506, 0.05607680558586079, 0.06011346279729435, 0.06665939341042985, 0.050403665721143354, 0.0673139864717434, 0.04702160157102335, 0.061095352389264675, 0.05400392755836788, 0.06295003272965306, 0.039166484835260744, 0.033929740344752345, 0.031311368099498145, 0.040802967488544624, 0.03251145537857299, 0.044621427012873666, 0.03676631027711106, 0.0332751472834388
U:AATCT, 0.05197731530710416, 0.0010380272418856653, 0.06671223859435921, 0.07975087346194744, 0.057319357942174284, 0.0554458453592587, 0.06281330700288622, 0.05002784951136766, 0.07050989923540432, 0.041824902526710214, 0.06071193478150792, 0.048458149779735685, 0.06493999696187149, 0.040609651121575774, 0.03228011544888349, 0.03384981518051547, 0.034862524684794165, 0.032507975087346194, 0.04255911691731227, 0.03931844650362044, 0.03248265734973923
U:AATGA, 0.05069132796744127, 0.0005995748469267247, 0.06551717872781118, 0.082741328875888, 0.05497919656970512, 0.055233561656280086, 0.0612474790603027, 0.053416668180744566, 0.07033194643798034, 0.04473191736768473, 0.06281000744926324, 0.04743908864623267, 0.06146550627736696, 0.040080670070313774, 0.03459365177419648, 0.03386689438398227, 0.03384872544922691, 0.03203183197369138, 0.044768255237195444, 0.03804574937771398, 0.03155943967005215
U:AATGC, 0.047490368150684935, 0.0008829195205479452, 0.06557684075342465, 0.0801851455479452, 0.05249357876712329, 0.056640625, 0.05995826198630137, 0.05115582191780822, 0.0744595462328767, 0.044467037671232876, 0.05998501712328767, 0.047169306506849314, 0.06678082191780822, 0.03884845890410959, 0.03341716609589041, 0.0351027397260274, 0.034540881849315065, 0.031758347602739725, 0.04628638698630137, 0.039330051369863006, 0.03347067636986301
U:AATGG, 0.045902176360993384, 0.0008394242777880148, 0.0628749257826096, 0.08240689556333558, 0.05057019429600965, 0.05712179841533075, 0.06256781933951641, 0.05284278197489917, 0.07702229592776856, 0.04733533976209488, 0.06275208320537232, 0.04616833527834081, 0.06891468583010872, 0.03795835636631657, 0.03234854533914788, 0.03374076121450361, 0.034969186986876316, 0.029093217042360217, 0.04614786151546793, 0.035542452347316913, 0.03288086317384272
U:AATGT, 0.04730486742188472, 0.0008299099547699074, 0.0655213909290842, 0.07956761691356488, 0.05354993983152828, 0.05298975061205859, 0.06213950786339682, 0.05452508402838291, 0.07537657164197685, 0.04761608365492344, 0.059753516743433335, 0.04632972322503008, 0.06382007552180588, 0.04014689406199428, 0.03695174073613013, 0.034607245113905144, 0.03390182165235072, 0.031681812523341214, 0.04552056101912942, 0.034959956844682345, 0.032905929706626834
U:AATTA, 0.05802615933412604, 0.0015287922541192458, 0.062442670290470535, 0.07698318328520469, 0.06492271105826397, 0.053167997282147106, 0.06125360964837778, 0.05211482928486496, 0.0556820112111432, 0.03944284015627654, 0.05782232036691014, 0.05639544759639885, 0.054832682181076946, 0.04470868014268728, 0.04049600815355869, 0.03692882622728045, 0.03176490572447766, 0.03489043655512145, 0.038627484287412944, 0.044946492271105816, 0.03302191268897571
U:AATTC, 0.05274617603832127, 0.0010342387458494365, 0.06477600566109629, 0.0763975831473518, 0.05759076805835284, 0.05576724184856567, 0.06172772304175059, 0.052174623047193947, 0.06649066463447825, 0.04283925752544772, 0.061455554950737575, 0.051494202819661425, 0.061455554950737575, 0.04066191279734364, 0.035490719068096456, 0.03519133416798215, 0.03276903815796636, 0.03274182134886506, 0.044771650971640084, 0.039872625333405916, 0.03255130368515595
U:AATTG, 0.06132989025177534, 0.0012194247184563517, 0.06477297180976975, 0.07703894986012481, 0.060002869234631655, 0.056452191377949934, 0.061616813714941536, 0.05254285919231045, 0.0661358582598092, 0.04103005523276666, 0.05856825191880066, 0.050964780144896346, 0.05968008033856969, 0.041639767591994836, 0.035076393372068006, 0.037156588480022956, 0.03317552542859192, 0.03095186858905387, 0.04081486263539201, 0.038662936661645504, 0.03116706118642852
U:AATTT, 0.05953573450633683, 0.0011541309176429598, 0.0654588214799007, 0.08094159662035626, 0.0634554244153129, 0.05230608422978093, 0.06548059753495057, 0.05339488698227429, 0.05755411349679892, 0.039305779365010236, 0.05910021340533949, 0.050368015330342755, 0.05696616001045251, 0.042419755237141234, 0.03808632028221767, 0.03525543312573494, 0.03242454596925221, 0.0332955881712469, 0.04130917642959801, 0.04061234266800227, 0.031575279822307394
U:ACCAA, 0.04478928248955337, 0.0012178989143901055, 0.060768956176637336, 0.08036033009260231, 0.05047981017575541, 0.057934191462108646, 0.0633727400625748, 0.05041681540432144, 0.07700060894945719, 0.049219914747075995, 0.06125191609096445, 0.04554521974676102, 0.073829872120614, 0.036557965688847824, 0.032946265459966824, 0.03483610860298595, 0.037103920374608905, 0.03086743800264578, 0.045524221489616365, 0.033030258488545454, 0.032946265459966824
U:ACCAC, 0.036109321799944784, 0.0007913867672770773, 0.05944602926290605, 0.08350050611944419, 0.041759455231434615, 0.0610288027974602, 0.0653722278457716, 0.05096162694395877, 0.08725499217815405, 0.05604122572927211, 0.05959326401030644, 0.0452194717953437, 0.07794239440507959, 0.032410048771510075, 0.029612588570902734, 0.03073525351983068, 0.03662464341584614, 0.02865556271280022, 0.05224993098371215, 0.03296217907426153, 0.031729088064783285
U:ACCAG, 0.03569853954257371, 0.000606227610912097, 0.059740975475337556, 0.08128961146321301, 0.045219068613943245, 0.061352989804353816, 0.06332322953981813, 0.051253788922568204, 0.08469275282446954, 0.05653072471755304, 0.058487186552769355, 0.04592174152659134, 0.08011848994213282, 0.0331220721961973, 0.028602920914852576, 0.031923394874621105, 0.03704877376687793, 0.028919812620556627, 0.050482226508680075, 0.032984293193717276, 0.032681179388261226
U:ACCAT, 0.042916161387786984, 0.0006577189484718311, 0.0607567878650854, 0.08324255441596613, 0.047787392349906484, 0.057899821182660884, 0.0626888372762214, 0.05206256551497338, 0.08517460382710214, 0.050151069820977126, 0.06011962263375331, 0.04519762399029865, 0.07156804308059113, 0.03611288101453148, 0.03348200522064415, 0.031467740940949174, 0.03631841818592892, 0.028405237087127208, 0.04969888804390274, 0.032207674757979976, 0.03208435245514151
U:ACCCA, 0.03319843987475051, 0.0006225851934591932, 0.05663694127556719, 0.08338979326509312, 0.04226254783834758, 0.06346706707439893, 0.06242332130889381, 0.04901942832030177, 0.09173975938913406, 0.05705810184761312, 0.06104997161743971, 0.04550365311017927, 0.07992895204262877, 0.033344930508505614, 0.027924777059566756, 0.03189833550017396, 0.03654941312189852, 0.02748530515830144, 0.053908553221878375, 0.028986834154291263, 0.033601289117577045
U:ACCCC, 0.02843782163153891, 0.00033561551886159214, 0.05575692486687251, 0.07947375486642502, 0.04219805790486419, 0.06578064169687206, 0.0644381796214257, 0.04537521815008726, 0.0972390029981653, 0.05700988947062245, 0.06003042914037678, 0.04609119792365866, 0.08900523560209424, 0.030720007159797735, 0.024052445518414105, 0.029220924508882622, 0.0378798048955117, 0.025797646216494385, 0.06141763995167136, 0.025506779433481005, 0.0342327829238824
U:ACCCG, 0.02630856264074257, 0.00010984786071291261, 0.056626572197506456, 0.07870599220080189, 0.040753556324490584, 0.06684242324380733, 0.07277420772230461, 0.04086340418520349, 0.0809578733454166, 0.06343713956170703, 0.057615202943922667, 0.04811336299225573, 0.08645026638106224, 0.035480859010270774, 0.02812105234250563, 0.03037293348712034, 0.03987477343878728, 0.026693030153237766, 0.05607733289394189, 0.032075575328170486, 0.031746031746031744
U:ACCCT, 0.03310779609291867, 0.0004015499829341257, 0.05910815748790331, 0.08225751400405565, 0.044391350613367596, 0.06364567229505892, 0.06372598229164575, 0.04993274037785853, 0.09127231112092678, 0.05519304515429558, 0.06161784488124159, 0.044672435601421485, 0.08352239645029814, 0.032244463629610295, 0.025719276406930752, 0.029614311241391772, 0.03714337342140663, 0.02708454634890678, 0.054430100186720745, 0.027606561326721145, 0.03330857108438573
U:ACCGA, 0.031066118316988293, 0.00044289781714647265, 0.059791205314773804, 0.07719076241695666, 0.04903511546978804, 0.06168933881683013, 0.07231888642834546, 0.043593799430559944, 0.07130654856058209, 0.0566909205947485, 0.05801961404618792, 0.05207212907307814, 0.08041758937045239, 0.03910155014236001, 0.030559949383106612, 0.03302752293577982, 0.03834229674153749, 0.02821891806390383, 0.0518190446061373, 0.03366023410313192, 0.031635558367605184
U:ACCGC, 0.02703772837830194, 0.000509078567792296, 0.05560269245998078, 0.08071723513773403, 0.03982125685841959, 0.06386107811527801, 0.07070535663781888, 0.04287572826517337, 0.08495955653600316, 0.06306917812093445, 0.05452797103908593, 0.050568471067368066, 0.08399796368572883, 0.03710617116352735, 0.026868035522371176, 0.03014876407036597, 0.038746535437524744, 0.026189264098648114, 0.050398778211437296, 0.03654052831042481, 0.03574862831608123
U:ACCGG, 0.02744037102473498, 0.00016563604240282687, 0.056923586572438165, 0.07674469964664311, 0.04273409893992933, 0.06846289752650177, 0.07034010600706714, 0.04323100706713781, 0.07945008833922261, 0.06338339222614842, 0.05510159010600707, 0.04886263250883392, 0.08541298586572438, 0.03483878091872791, 0.027440371024734983, 0.031194787985865724, 0.04146422261484099, 0.02495583038869258, 0.05427340989399293, 0.031194787985865724, 0.036384717314487634
U:ACCGT, 0.027674262325126764, 0.0004276376076730405, 0.06023581159508828, 0.07905186633270206, 0.04667359032317185, 0.060907813550003055, 0.07111002504734559, 0.04343576272221883, 0.07715804264157859, 0.05907508094569002, 0.06359582136966217, 0.048445231840674445, 0.0759362209053699, 0.03885393121143625, 0.029629177103060667, 0.030362270144785878, 0.03830411143014234, 0.03127863644694239, 0.05314924552507789, 0.0320117294886676, 0.03268373144358238
U:ACCTA, 0.04345961401000715, 0.0011794138670478914, 0.06247319513938527, 0.07973552537526805, 0.048570407433881344, 0.0629735525375268, 0.06379556826304503, 0.0494639027877055, 0.07408863473909935, 0.05050035739814153, 0.060185847033595426, 0.0452108649035025, 0.07423159399571122, 0.03884917798427448, 0.031451036454610434, 0.03441744102930665, 0.03556111508220157, 0.03259471050750536, 0.04546104360257327, 0.03195139385275197, 0.033845604002859186
U:ACCTC, 0.033887199475815255, 0.0005880277549100317, 0.06122208968263302, 0.08111422859158952, 0.04327884276137834, 0.062347742813460796, 0.06723677357571277, 0.04865509652055577, 0.08496161018800087, 0.054736983585625246, 0.059777221484854086, 0.0455973521950236, 0.0825254952033736, 0.0331143629979335, 0.02733489020681776, 0.03193830748811344, 0.03664252952739369, 0.02810772668469952, 0.05225046622200568, 0.03128307656121369, 0.0333999764788898
U:ACCTG, 0.03243963694043003, 0.0005727881565033485, 0.059228498413817415, 0.08221713077194219, 0.04218805075784279, 0.06507754670426506, 0.06703824462460345, 0.04898440253789214, 0.08180956996827635, 0.05672805780754318, 0.0599114381388791, 0.04616452238279873, 0.07992597814592879, 0.034664698625308424, 0.028264892492069087, 0.03071025731406415, 0.03897162495593937, 0.028804635178004936, 0.054161526260133944, 0.029333362707084948, 0.03280313711667254
U:ACCTT, 0.040641605983074196, 0.0006232368956242209, 0.0640785934527324, 0.08098799448927377, 0.04790723610837762, 0.062094075969297384, 0.06430820704585712, 0.05059699534212425, 0.07682214787115398, 0.05195827592993505, 0.060650790526799184, 0.04484025454306895, 0.07542806534146822, 0.03741061470839074, 0.03194909138621006, 0.03185068556058519, 0.034868464213081415, 0.029702158367775372, 0.049580135144000524, 0.03175227973496031, 0.03194909138621006
U:ACTAA, 0.05351217460391644, 0.001215123615460111, 0.06729915408702154, 0.0766462588213301, 0.05884002430247231, 0.054914240314062716, 0.06173762677010796, 0.05267093517782867, 0.06402766743001355, 0.044305276440622515, 0.05907370192083002, 0.04939944852082068, 0.06370051876431275, 0.04136093844931533, 0.03682759265317568, 0.03495817170631397, 0.03430387437491237, 0.03332242837780997, 0.03953825302612516, 0.04042622797588447, 0.03192036266766369
U:ACTAC, 0.042191235059760954, 0.0011553784860557769, 0.06294820717131475, 0.08585657370517928, 0.04788844621513944, 0.05824701195219124, 0.06342629482071713, 0.05079681274900399, 0.07864541832669324, 0.0500398406374502, 0.061235059760956174, 0.04820717131474104, 0.07219123505976095, 0.034860557768924307, 0.03051792828685259, 0.03239043824701195, 0.03657370517928287, 0.030119521912350598, 0.04553784860557769, 0.03278884462151395, 0.03438247011952192
U:ACTAG, 0.04808799815710666, 0.000691085003455425, 0.05943331029716655, 0.08413959917069799, 0.05488366735775167, 0.05856945404284727, 0.05943331029716655, 0.050794747753973746, 0.07567380787836904, 0.043653536051601015, 0.05891499654457498, 0.04768486523842433, 0.06864777700990556, 0.04140750979037088, 0.029831835982492512, 0.0350149735084082, 0.03322967058281502, 0.032135452660677265, 0.04232895646164478, 0.04100437687168855, 0.03443906933886201
U:ACTAT, 0.05342453892111871, 0.0015585765001298814, 0.06303576067191964, 0.08360031171530002, 0.054636765087886396, 0.053554420296129536, 0.05978872629664906, 0.051043380379253614, 0.07537449129794788, 0.04532859987877738, 0.06186682829682224, 0.046194475712182874, 0.0668456143389038, 0.03991687591999308, 0.03195081825266257, 0.035414321586284526, 0.03225387479435449, 0.031691055502640925, 0.04143215862845268, 0.03844488700320374, 0.03264351891938696
U:ACTCA, 0.03750271365511253, 0.0007960054996743614, 0.06221506621318475, 0.08309211954555322, 0.04723568999203995, 0.06022505246399885, 0.06525435993921412, 0.05251827194442434, 0.08218756784137782, 0.05398364570518851, 0.060822056588754614, 0.045553223822273683, 0.0738114190607135, 0.0350061509515884, 0.030230117953542225, 0.032853317895650914, 0.03627252333743397, 0.029940661408206094, 0.04891815616180621, 0.030302482089876258, 0.0312793979303857
U:ACTCC, 0.03496918221676233, 0.0006565988181221273, 0.06229216529345731, 0.08205367165822973, 0.04494524813081143, 0.06286404168343465, 0.06529981149259738, 0.05252790544977019, 0.08540020756994895, 0.054815411009679536, 0.057441806282168044, 0.04670323851481584, 0.07760574418062821, 0.03422786097049541, 0.028170207358142886, 0.029652849850676722, 0.03727786838370788, 0.029779933492893908, 0.04979560714210069, 0.030733060809522803, 0.032787579692033976
U:ACTCG, 0.03143418467583497, 0.0003069744597249509, 0.06164047151277014, 0.07226178781925344, 0.04555500982318271, 0.06182465618860511, 0.07177062868369352, 0.047949410609037325, 0.07527013752455795, 0.061456286836935166, 0.0537819253438114, 0.05083497053045186, 0.07987475442043222, 0.03929273084479371, 0.028794204322200388, 0.03045186640471513, 0.03880157170923379, 0.03204813359528487, 0.05022102161100196, 0.033091846758349704, 0.03333742632612967
U:ACTCT, 0.03827869475926067, 0.000627519586217388, 0.06446337567505894, 0.08210998706929337, 0.0502776298775386, 0.06029892751197992, 0.06278999011181258, 0.051494637559899595, 0.07788849167110368, 0.04938388986080475, 0.05989959686620522, 0.048984559215030046, 0.07298242945158592, 0.037194797292157904, 0.030558302274283106, 0.032003498897086785, 0.03491290788773104, 0.03150908952612763, 0.049288811135620295, 0.03377196318551761, 0.03128090058568495
U:ACTGA, 0.04402887260241097, 0.0007199689859513744, 0.060698923738669724, 0.08122727020989864, 0.05145009138067899, 0.05840979157820895, 0.06276652698037623, 0.051985452934335145, 0.07735051413169894, 0.050379368273366684, 0.061585039413686794, 0.04641030847901936, 0.07098155771751372, 0.038102974025734274, 0.03154941017925382, 0.0356476951762078, 0.035407705514224, 0.031254038287581457, 0.046834905573298384, 0.031770939098008086, 0.03143864571987668
U:ACTGC, 0.035746662637538444, 0.00078212489112466, 0.060703556890698056, 0.08052331265442522, 0.04497218123966795, 0.061983397621629306, 0.06498746822617629, 0.04936274596939048, 0.08166094885969746, 0.05551309170414349, 0.060596903496453774, 0.04758518939865261, 0.07504843841655261, 0.03688429884281067, 0.029134152194393588, 0.03288479655865048, 0.037275361288373, 0.0307872798051798, 0.05041150434612582, 0.030947259896546207, 0.03220932506177009
U:ACTGG, 0.03810279187817259, 0.000666243654822335, 0.060485406091370555, 0.08029822335025381, 0.047430203045685286, 0.059771573604060914, 0.06391180203045686, 0.05160215736040609, 0.08393083756345178, 0.05436230964467005, 0.05856598984771574, 0.04614530456852792, 0.0756503807106599, 0.03445431472081218, 0.027950507614213197, 0.03335977157360406, 0.03680203045685279, 0.02972715736040609, 0.0514752538071066, 0.03248730964467005, 0.03282043147208122
U:ACTGT, 0.038639798488664986, 0.0007220822837951301, 0.06117548278757347, 0.08302267002518891, 0.04931989924433249, 0.060654911838790924, 0.06446683459277917, 0.05138539042821159, 0.07944584382871536, 0.049353484466834595, 0.06105793450881612, 0.04592779177162048, 0.07031066330814442, 0.037783375314861464, 0.03163727959697733, 0.033182199832073885, 0.03642317380352645, 0.031083123425692694, 0.049151973131822, 0.03469353484466835, 0.03056255247691016
U:ACTTA, 0.04568858377226727, 0.0010356868083091673, 0.06598804521512694, 0.078357104811505, 0.05719950287033202, 0.05799846126531336, 0.0645380836834941, 0.05083742676214713, 0.06462685683849204, 0.04693140794223827, 0.06036574539859146, 0.050393560987157485, 0.06782269041841747, 0.043587619103982955, 0.03562762620583536, 0.03559803515416938, 0.03302361365922945, 0.03367461679588093, 0.039770373439072026, 0.03695922353080428, 0.0299757353376339
U:ACTTC, 0.03970279325729563, 0.0009374511744179991, 0.06086488550943527, 0.08006527437807058, 0.05199381976633161, 0.05885110150512995, 0.06463205041404092, 0.05131677169591862, 0.07635019009426593, 0.05044876134923528, 0.0602746384736906, 0.04819193444785862, 0.0719927781539156, 0.03683835911324063, 0.031508775584604964, 0.03314063503636963, 0.03720292345884763, 0.031421974549936636, 0.04862593962120028, 0.032515667586757634, 0.033123274829435966
U:ACTTG, 0.04287106891582606, 0.0007205221666525388, 0.062113249131135036, 0.0796812749003984, 0.04937696024412985, 0.06113842502331101, 0.06416885648893786, 0.050267017038230055, 0.07408663219462575, 0.050733237263711116, 0.060163600915486976, 0.04662202254810545, 0.07247605323387302, 0.039925404763923034, 0.032677799440535726, 0.03386454183266932, 0.03598372467576502, 0.031618208018987876, 0.0473849283716199, 0.032635415783673814, 0.03149105704840214
U:ACTTT, 0.050381448749905584, 0.0012463176977113076, 0.06312787974922578, 0.07778155449807388, 0.05678298965178639, 0.05602764559256741, 0.06382657300400332, 0.051212327215046455, 0.06977490747035274, 0.044659717501321854, 0.061031799984893116, 0.04888964423294811, 0.06482740388246847, 0.04245033612810635, 0.035822192008459854, 0.03585995921142081, 0.033329556613037235, 0.032914117380466804, 0.041034066017070776, 0.037295112923936856, 0.031724450487196916
U:AGCAA, 0.04293990684993752, 0.0007140422907774947, 0.06450722967819413, 0.0835754044887295, 0.051232534363285245, 0.05866506548092372, 0.06481556612193895, 0.05123253436328525, 0.07213449960240827, 0.04806802875643043, 0.058583924311517176, 0.047305301764009024, 0.07109589263400465, 0.03956443420262573, 0.03365735706983009, 0.03451745346553935, 0.036026679216500865, 0.03226172895603772, 0.044676327875237336, 0.03278103244023953, 0.03164505606854806
U:AGCAC, 0.03289763299583488, 0.000558734888760963, 0.06044495614777691, 0.07957739324777352, 0.0440215366902577, 0.06164708272662626, 0.0673190884155633, 0.049659679658663775, 0.08431817412210897, 0.05607666519928211, 0.05951373133317531, 0.04617181944397413, 0.07671599336290677, 0.035962209203887444, 0.02995157630964072, 0.03115370288849006, 0.03856963868477194, 0.02910500829636653, 0.05001523822423894, 0.032812976194507466, 0.033507161965392294
U:AGCAG, 0.03280286398790275, 0.0006285469633894168, 0.06120589923207958, 0.08185685526112027, 0.044098490576350236, 0.06179800869034497, 0.06665330624812119, 0.04993760077247511, 0.08111899578235879, 0.05443763265529209, 0.05755303934339616, 0.046476037785692814, 0.08223944906492252, 0.03661969264964428, 0.02844858212558186, 0.03294861400839884, 0.037712817803365, 0.029468832269054532, 0.05064813212239358, 0.03006094172731993, 0.03328566093079607
U:AGCAT, 0.041367107468802386, 0.0005960141553361892, 0.06373626373626373, 0.08284596759173031, 0.04905941516111008, 0.05909852859005402, 0.06202272303967219, 0.053138387036692124, 0.07852486496554294, 0.049916185509405846, 0.061221829018439186, 0.0478673868504377, 0.07107468802384055, 0.038293909480350156, 0.031775004656360586, 0.033265040044701065, 0.034997206183646865, 0.03102998696219035, 0.04557645744086422, 0.0329111566399702, 0.03168187744458931
U:AGCCA, 0.03504065523176449, 0.000640987595703009, 0.0610243931390587, 0.08330464716006884, 0.04324292242863078, 0.061297406374265534, 0.06472787702534274, 0.05059053949789305, 0.08602290937147605, 0.05540981660632679, 0.05958810611905751, 0.04691079589293133, 0.07879399370882545, 0.033877381446970146, 0.027467505489940057, 0.03131343106415811, 0.03614457831325301, 0.029770312778206423, 0.05253724256632441, 0.02996023502878509, 0.03233426316101846
U:AGCCC, 0.0279879427279578, 0.00024114544084400904, 0.056217030896759605, 0.0811303692539563, 0.039306706857573474, 0.06601356443104747, 0.06506405425772419, 0.04733986435568952, 0.09297663903541824, 0.060633006782215525, 0.05795026375282592, 0.04532027128862095, 0.086706857573474, 0.03345892991710626, 0.025847776940467217, 0.03118311981914092, 0.03843255463451394, 0.027641296156744537, 0.054649585531273547, 0.027897513187641297, 0.034001507159005274
U:AGCCG, 0.02531600243491961, 0.0003580764135066423, 0.05790095606402406, 0.07981523257063057, 0.0411429799119132, 0.06685286640169011, 0.07347728005156301, 0.04221720915243313, 0.08110430765925448, 0.062054642460701116, 0.056074766355140186, 0.051742041751709815, 0.08547283990403552, 0.03480502739284563, 0.028216421384323415, 0.03004261109320729, 0.038600637376016045, 0.02810899846027142, 0.05321015504708705, 0.02785834497081677, 0.035628603143910906
U:AGCCT, 0.032264887961304695, 0.0005640714678549772, 0.05955184521878922, 0.08194548249263181, 0.04323607801108401, 0.06493872773680426, 0.06410672232171816, 0.04860885874240267, 0.0874733828776106, 0.0569148111065672, 0.060073611326555074, 0.04453344238715046, 0.08318643972191277, 0.03329431839014003, 0.02810486088587424, 0.03257512726862494, 0.038060722293514586, 0.028654830567032843, 0.051259994641321055, 0.02896506987435308, 0.03168671470675335
U:AGCGA, 0.030384041951570614, 0.0003598786694771477, 0.06071667266464449, 0.07408359467379569, 0.045807413500591226, 0.06112796257261838, 0.0724898462803969, 0.04560176854660429, 0.0754202868747108, 0.06045961647216081, 0.059585625417716316, 0.04981749010333659, 0.07557452059020102, 0.03778726029510051, 0.028790293558171816, 0.03187496786797594, 0.03778726029510051, 0.029715695851113052, 0.04878926533340188, 0.03896971878052542, 0.03485681970078659
U:AGCGC, 0.024271647959803883, 0.00016208112160136148, 0.05466185826005916, 0.07763685724705215, 0.03837270553912233, 0.0679525102313708, 0.06864135499817658, 0.039831435633534584, 0.0795007901454678, 0.06337371854613234, 0.05413509461485474, 0.049515782649215925, 0.08136472304388345, 0.04238421329875603, 0.030835933384659023, 0.030835933384659023, 0.038777908343125736, 0.027756392074233152, 0.052392722557640097, 0.03865634750192471, 0.0389399894647271
U:AGCGG, 0.026295293550420946, 0.0002596150280013352, 0.05681860327114934, 0.08281719393242591, 0.03794088194933798, 0.06486666913919074, 0.0725809442569447, 0.04354114898193821, 0.08274301821013982, 0.059377665690019656, 0.05422245299113599, 0.05047657901568817, 0.0856729592404406, 0.036716982531617405, 0.02640655713385009, 0.030226606831584023, 0.04057412009049438, 0.02818677446871639, 0.05459333160256648, 0.030745836887586694, 0.0349367651967511
U:AGCGT, 0.027885129912598845, 0.0002972828348891135, 0.058743088174088826, 0.07586657946370176, 0.04488970806825614, 0.06320233069742553, 0.06956418336405255, 0.04251144538914323, 0.07420179558832272, 0.06326178726440336, 0.05856471847315536, 0.04928949402461502, 0.08020690885308282, 0.04209524942029847, 0.02764730364468755, 0.031749806766157324, 0.038468398834651286, 0.02842023901539925, 0.05202449610559486, 0.03710089779416136, 0.034009156311314584
U:AGCTA, 0.0449132246317378, 0.0008529903874544797, 0.06292444473606508, 0.08421639709983268, 0.04888291066566058, 0.05751123650798858, 0.06174338112266658, 0.0513434598602408, 0.07483350283783341, 0.04862045208490535, 0.06318690331682031, 0.050063974279059086, 0.07437420032151176, 0.03815491617729077, 0.03054361733538926, 0.03251205669105344, 0.03677700862832584, 0.029985892851284408, 0.044716380696171384, 0.033725927627046355, 0.030117122141662015
U:AGCTC, 0.03283208732482447, 0.0005116688933738878, 0.0590124790357884, 0.08247818300690753, 0.04273856562153557, 0.06152818442821001, 0.06832201029022997, 0.04759942010858752, 0.0811279456493931, 0.05476278461582193, 0.058159697546831916, 0.04802581085306575, 0.08263452627988288, 0.03587367463543591, 0.029278831120839136, 0.03111231132209557, 0.037806646010403934, 0.03006054748571591, 0.05156485403223514, 0.03071434662724921, 0.033855425111572246
U:AGCTG, 0.03115747920484985, 0.0004887447718407819, 0.060284787818976455, 0.08451524977677523, 0.04228582170214766, 0.061666431693218664, 0.0681892946097091, 0.04777480144743644, 0.08210912166925137, 0.05511537196296819, 0.058029042718172844, 0.04863950373607782, 0.08494760092109592, 0.035105033131256166, 0.02845058508388552, 0.031477043094130366, 0.03742657079749988, 0.0296254523238874, 0.05066027538888105, 0.029409276751727054, 0.03264251139621223
U:AGCTT, 0.04016332973047163, 0.0007205723403160225, 0.06411378180383276, 0.07977765196355963, 0.04666563727760907, 0.06064817197659855, 0.06612109046614167, 0.04935920531164754, 0.07677526721224287, 0.050234186010602706, 0.059172714327380034, 0.0478322782095493, 0.0756772522174756, 0.03988882598177981, 0.0315336181309726, 0.034089934290665154, 0.03616586889014703, 0.031190488445107828, 0.04517302314409731, 0.031722339458198225, 0.03297476281160465
U:AGTAA, 0.05197619243533832, 0.0010422666556954387, 0.0657450835184728, 0.07827971145670479, 0.05770865904166324, 0.05581612221947942, 0.0650045256315313, 0.050440220521681886, 0.06607422035711347, 0.04484489426479059, 0.06053375023999561, 0.048794536328478556, 0.06379769055651553, 0.04199237499657149, 0.03499821717545736, 0.03497078910557064, 0.03406566279930881, 0.032611975095312544, 0.04015469431416111, 0.03968841712608684, 0.03145999616007022
U:AGTAC, 0.041068960221164186, 0.0010443864229765013, 0.0607894332667793, 0.08219935493779758, 0.04804177545691906, 0.0587620949162955, 0.06539702042696974, 0.04933189986177239, 0.07365996006757794, 0.05117493472584857, 0.06518199969282752, 0.0473967132544924, 0.0711104285056059, 0.03646137306097374, 0.032713868837352174, 0.034280448471816924, 0.036430655813239135, 0.032099523882660116, 0.04555367839041623, 0.03483335893103978, 0.03246813085547535
U:AGTAG, 0.04461196243203164, 0.0011122095897182402, 0.06302521008403361, 0.08276693030153237, 0.05060553633217993, 0.06092436974789916, 0.06092436974789916, 0.0514087988136431, 0.07939940682155215, 0.05103806228373702, 0.06009021255561048, 0.045168067226890755, 0.07325135936727632, 0.0379695996045477, 0.030029658922392483, 0.031296342066238256, 0.037197231833910036, 0.02999876421156698, 0.043901384083044975, 0.0328719723183391, 0.0324085516559565
U:AGTAT, 0.05458351048173464, 0.0012100598489060404, 0.06410046767177945, 0.08061614939333486, 0.05654576969617686, 0.05576086601039998, 0.061778460934689465, 0.05088792229453511, 0.0689734113876443, 0.046636360663243615, 0.062007391176374396, 0.04787912483239036, 0.06472184975635283, 0.03901625404715963, 0.033129476403832944, 0.0344376492134611, 0.03375085848840632, 0.03227916407757465, 0.045066553291689834, 0.03564770906236714, 0.030970991267946495
U:AGTCA, 0.04172409235939358, 0.0008118262314271149, 0.060320576963014697, 0.08046519531028754, 0.05059754186568996, 0.0589046009779674, 0.06330356637151435, 0.05269318632355995, 0.07929465516264844, 0.04980459531406348, 0.061925349746068295, 0.04859629580682311, 0.0722336549172126, 0.03762720184265675, 0.03137802782864803, 0.03279400381369532, 0.03504068570997036, 0.0313025091094455, 0.04697264334396889, 0.032737364774293426, 0.03147242622765118
U:AGTCC, 0.03355704697986577, 0.0003775167785234899, 0.05943791946308725, 0.08070469798657719, 0.0483011744966443, 0.06512164429530201, 0.06677852348993289, 0.049685402684563756, 0.08148070469798657, 0.0555998322147651, 0.056774328859060405, 0.04454697986577181, 0.07898489932885908, 0.035088087248322145, 0.029278523489932887, 0.031501677852348996, 0.03831795302013423, 0.03028523489932886, 0.05058724832214765, 0.03087248322147651, 0.03271812080536913
U:AGTCG, 0.03195898012221676, 0.0004916766172648732, 0.05998454730631454, 0.08028376764767858, 0.04628784153965021, 0.06082742150734003, 0.07199550467092787, 0.04670927864016296, 0.07747418697759359, 0.06110837957434853, 0.05612137388494767, 0.04839502704221395, 0.07852777972887547, 0.03666502774460912, 0.02992203413640514, 0.029500597035892393, 0.037788860012643116, 0.03048395027042214, 0.04846526655896608, 0.0340661656247805, 0.032942333356746505
U:AGTCT, 0.037457616917119754, 0.0007824569147121963, 0.0636197660654455, 0.08021186525690668, 0.04995686455470176, 0.06267680516822824, 0.0648837349276729, 0.05252492827478282, 0.07812531348434083, 0.05037818750877756, 0.059928174467828985, 0.04879321068154004, 0.07240735910759785, 0.03671528599803383, 0.03161928455349798, 0.033966655297634575, 0.03454848223421544, 0.03214092249663945, 0.04827157273839857, 0.031157835603795918, 0.029833677748129124
U:AGTGA, 0.04004637127708543, 0.0008183166544487444, 0.060129225838348364, 0.08068943178137307, 0.04952520585778338, 0.059464343556608755, 0.06290809281074723, 0.054060043984520176, 0.07968358422694649, 0.051741480130248735, 0.0588847025930409, 0.04505856078558399, 0.07182433469151167, 0.037318649095589615, 0.030891453705440098, 0.03298839013246501, 0.035000085241318174, 0.03119832245085838, 0.05092316347579999, 0.033619175886935915, 0.03322706582334589
U:AGTGC, 0.03707397450351227, 0.0006504206053247767, 0.060163905992541844, 0.08208308039198682, 0.043925071546266584, 0.06057583904258087, 0.06497701847194519, 0.04880322608620241, 0.08494493105541584, 0.054548608099904604, 0.05925331714508716, 0.044315323909461454, 0.07521030266238835, 0.03575145260601856, 0.028575145260601856, 0.03347498048738184, 0.03958893417743474, 0.030504726389732027, 0.0501907900442286, 0.032260862024108924, 0.033128089497875296
U:AGTGG, 0.03736677721608655, 0.0006117783430466562, 0.060034774768973176, 0.08135042019512509, 0.04256689313198313, 0.06230479441027788, 0.06309366648420647, 0.050664906462311234, 0.08862736259136426, 0.05422288051002994, 0.06040506166081721, 0.0449818076440094, 0.07917699713430144, 0.03483916669349905, 0.028206201500466883, 0.03126509321570017, 0.035789033068229385, 0.029671249637762822, 0.05082590076311298, 0.03173197668802524, 0.032263257880671026
U:AGTGT, 0.035787644177595196, 0.0006122610206983726, 0.0625098751777532, 0.07854716384894928, 0.04943513983251698, 0.06061384104913888, 0.06355664401959234, 0.05267419813556645, 0.08502528045504819, 0.051923684626323276, 0.06000158002844051, 0.04783536103649866, 0.07052851951335123, 0.03780218043924791, 0.031758571654289774, 0.032627587296571336, 0.035372886711960816, 0.03073155316795702, 0.04925738663295939, 0.031561068099225785, 0.03183757307631537
U:AGTTA, 0.04728668006577745, 0.0013520920884341312, 0.06318289786223279, 0.08108898227663074, 0.05905353553809611, 0.052000730860588346, 0.06226932212680431, 0.05368171021377672, 0.06438881783299835, 0.04330348985930934, 0.0621596930385529, 0.049223460624885806, 0.06511967842134113, 0.04286497350630367, 0.03610451306413301, 0.03603142700529874, 0.033692673122601866, 0.03431390462269322, 0.04045313356477252, 0.03957610085876119, 0.032852183446007675
U:AGTTC, 0.0392124959323137, 0.0009152294175073218, 0.06408639765701268, 0.08135372600065083, 0.049300357956394404, 0.059693296452977544, 0.06483891962251873, 0.05068337129840548, 0.0722624471200781, 0.050581679140904647, 0.05963228115847706, 0.048852912463390824, 0.07207940123657663, 0.03890741945981126, 0.03058900097624471, 0.03551090139928409, 0.03675154572079401, 0.03154490725675236, 0.04749023755287992, 0.03380247315327042, 0.031910999023755285
U:AGTTG, 0.044418638409057916, 0.0010161126433444621, 0.06200706440218706, 0.0827889872743988, 0.05216044902501572, 0.05748294382348672, 0.06183771229496299, 0.05208786955049112, 0.07691004983790584, 0.048676634247834714, 0.059345817002951565, 0.047587942129965644, 0.07127304398316156, 0.03788648570184352, 0.03145110562732859, 0.03394300091934001, 0.03515265882808342, 0.03133013983645425, 0.046402477379397115, 0.033362365123143174, 0.03287850195964581
U:AGTTT, 0.04824081946637516, 0.0009919429936434674, 0.06639944937041985, 0.08063079476901899, 0.05654075063767764, 0.055386857767520954, 0.06477995060528767, 0.0497590995586866, 0.06724968622211426, 0.046094983602575, 0.05899024251994007, 0.05269444107048867, 0.06565043119154622, 0.04160087452933317, 0.033523624438236366, 0.03621604113526863, 0.03506214826511195, 0.031620713389206044, 0.042208186566257744, 0.03570994777116483, 0.030649014130126724
U:ATCAA, 0.05040345365368533, 0.0009945076057229392, 0.06317383540899126, 0.08191126279863481, 0.05564722102931537, 0.05623488461451529, 0.06145604954456072, 0.053273964242931085, 0.07246344054426689, 0.04513708383247067, 0.0632642451913297, 0.047962389530547204, 0.06606694844382162, 0.04204054878737879, 0.031733833600795604, 0.03440092217977985, 0.03464954908121059, 0.0298804330628574, 0.041339872974255815, 0.03464954908121058, 0.033316004791718465
U:ATCAC, 0.04181893993279537, 0.0008829805499006647, 0.06028794976821761, 0.08292658997817076, 0.048539403007039315, 0.06036153148070933, 0.06259351009295823, 0.05469573961884673, 0.08020406661597704, 0.049912928306884805, 0.05977287778077555, 0.045645188982364915, 0.0708346618920311, 0.03544185818351279, 0.03215520835888254, 0.03296460719629148, 0.035319221996026585, 0.030560937921561896, 0.04768094969463589, 0.03446076868362316, 0.03294007995879424
U:ATCAG, 0.04392980548976977, 0.0008347245409015023, 0.06270140156074076, 0.08230772217261327, 0.04853049656404084, 0.05779011530845983, 0.06314788212912995, 0.052102341111154256, 0.07993943394028807, 0.04992817486508522, 0.06039134992429243, 0.04575455216057771, 0.07213573009279031, 0.03950382420312925, 0.032360135108902434, 0.03424311837558722, 0.03441782816321776, 0.029312419924680668, 0.04556043017432154, 0.033641340218193115, 0.031467173972124084
U:ATCAT, 0.05283141679323063, 0.0008678672163159037, 0.06324582338902147, 0.08084183119982642, 0.05283141679323063, 0.053851160772401825, 0.061661965719244954, 0.053395530483835975, 0.07697982208722065, 0.046257322629637665, 0.06476459101757431, 0.045910175743111306, 0.06563245823389022, 0.03855500108483402, 0.03356476459101757, 0.035192015621609896, 0.03386851811672814, 0.029876328921674983, 0.044217834671295295, 0.03376003471468865, 0.03189412019960946
U:ATCCA, 0.04426012785454282, 0.0007787174704359006, 0.06314855393976711, 0.08134881109762944, 0.048045056955033597, 0.060377768521704483, 0.06264148209855304, 0.052717361777649, 0.07948351111030623, 0.05188431518136873, 0.059236856878972816, 0.045545917166192794, 0.07209474999547258, 0.03594777160035495, 0.030605407558992374, 0.032488817254930365, 0.03535015121606693, 0.028359803690758616, 0.0480269472464188, 0.03629185606403593, 0.03136601532081349
U:ATCCC, 0.03507460827541539, 0.000672595471190494, 0.06180405051939317, 0.08233066786239195, 0.044715143362479136, 0.06133074259522208, 0.06404603542336149, 0.0514660090177615, 0.08726303465112224, 0.054056747129013774, 0.05849089505019555, 0.04615997807836983, 0.07737339013028423, 0.03288244525820193, 0.028249009790000747, 0.03211020601350173, 0.036768552425080335, 0.0275265924320554, 0.05420621278927833, 0.029195625638342923, 0.034277458087337766
U:ATCCG, 0.03143617695525415, 0.0002535175560907593, 0.0604005577386234, 0.08442134617822285, 0.04518950437317784, 0.06116111040689568, 0.07294967676511599, 0.043478260869565216, 0.07814678666497656, 0.059323108125237674, 0.05862593484598808, 0.04804157687919888, 0.07840030422106731, 0.03517556090759285, 0.02890100139434656, 0.030168589174800354, 0.03904170363797693, 0.02909113956141463, 0.04804157687919888, 0.035365699074660924, 0.0323868677905945
U:ATCCT, 0.04035113069864894, 0.0007586157069575897, 0.06202586518315151, 0.08388122245502493, 0.046510367747995086, 0.05935264793006286, 0.06247742215157864, 0.05147749440069358, 0.08359222599523156, 0.05261541796112998, 0.06072538111408135, 0.04506538544902825, 0.07383859547720541, 0.0360523083592226, 0.030380752835777767, 0.03451701466657033, 0.035131132143631234, 0.03034462827830359, 0.04777472725959107, 0.031175493100209523, 0.031952171085904195
U:ATCGA, 0.03590690801625415, 0.0005910602142593276, 0.06198743997044699, 0.07787218322866642, 0.04950129294421869, 0.05932766900628002, 0.07543405984484669, 0.046176579239009974, 0.07225711119320281, 0.05289988917620982, 0.052382711488732914, 0.05349094939046915, 0.07602512005910603, 0.0384189139268563, 0.032360546730698186, 0.03302548947173994, 0.03790173623937939, 0.03051348356113779, 0.04809752493535279, 0.0328777244181751, 0.032951606944957516
U:ATCGC, 0.031378471348267475, 0.00033559862404564144, 0.06091115026428392, 0.07785888077858881, 0.04446681768604749, 0.06284084235254635, 0.06930111586542496, 0.046312610118298514, 0.08054366977095394, 0.05738736471180468, 0.059233157144055706, 0.05050759291886903, 0.0713986072657102, 0.03582515311687222, 0.02844198338786811, 0.029197080291970802, 0.04043963419749979, 0.02860978269989093, 0.049500797046732097, 0.04119473110160248, 0.034314959308666834
U:ATCGG, 0.03029326458266194, 0.00016113438607798906, 0.058652916532388015, 0.07879471479213664, 0.04866258459555269, 0.06203673864002577, 0.0692072188204963, 0.04890428617466967, 0.07460522075410893, 0.05470512407347728, 0.058652916532388015, 0.0516435707379955, 0.07613599742184982, 0.03649693844666452, 0.029245891073155013, 0.03319368353206574, 0.04149210441508218, 0.030051563003544956, 0.050918466000644536, 0.03254914598775379, 0.03359651949726072
U:ATCGT, 0.03534270510682233, 0.0003176872369152569, 0.06004288777698355, 0.07727742037963625, 0.050988801524898736, 0.057183702644746245, 0.07020887935827178, 0.052338972281788576, 0.0709236756413311, 0.05670717178937336, 0.06393455642919546, 0.05114764514335637, 0.06536414899531412, 0.03613692319911047, 0.03240409816535621, 0.032165832737669764, 0.041378762608212216, 0.03002144388849178, 0.04797077277420379, 0.03526328329759352, 0.032880629020729094
U:ATCTA, 0.052053947520964566, 0.0008888201878115701, 0.06577269389805619, 0.08088263709085287, 0.05433396452448121, 0.055841094408161686, 0.062449279282760756, 0.051358349113112024, 0.07114425938091741, 0.044595586814545736, 0.06372454303049041, 0.04579356185029177, 0.06932797464930247, 0.04038335201143873, 0.03184294933724929, 0.034122966340765934, 0.03385245584882328, 0.029872087181667117, 0.04250879159098814, 0.036518916412258, 0.032731769525060864
U:ATCTC, 0.04043307086614173, 0.0009251968503937008, 0.06444881889763779, 0.08204724409448819, 0.048543307086614175, 0.058661417322834655, 0.061811023622047254, 0.05169291338582677, 0.08001968503937008, 0.05078740157480315, 0.058700787401574805, 0.046043307086614166, 0.07665354330708662, 0.035334645669291335, 0.03183070866141732, 0.03305118110236221, 0.03586614173228347, 0.029960629921259842, 0.0478740157480315, 0.03226377952755906, 0.03305118110236221
U:ATCTG, 0.04075626219648741, 0.0007357880930292076, 0.06346972072043251, 0.08301609136568668, 0.0493617838062638, 0.059102978342237426, 0.06151828273457245, 0.05225694999840046, 0.08039284686010428, 0.048833935826481975, 0.059630826322019256, 0.047154419527176174, 0.07257109952333728, 0.03690137240474743, 0.02983140855433635, 0.03287053328641351, 0.03518986531878819, 0.030535205860712115, 0.049409769986243954, 0.03363831216609616, 0.03282254710643335
U:ATCTT, 0.049300227276611014, 0.00093986568464943, 0.06373998188622498, 0.08118730668671713, 0.053657786359985644, 0.05740016063158974, 0.061774808181958005, 0.052564124472393586, 0.07378800047847707, 0.046138860882790206, 0.06107418103521933, 0.047557203643261166, 0.06826842563953588, 0.04029460517097011, 0.03284403356174918, 0.03354466070848785, 0.03506553427092055, 0.03082759445650131, 0.04272116748406501, 0.03445034945915002, 0.0328611220287428
U:ATTAA, 0.053979961489507525, 0.0011748963806664273, 0.06523938513756078, 0.07764106915570641, 0.06373812865115368, 0.05411050553180379, 0.06204105610130217, 0.04921510394569367, 0.05626448222969224, 0.04086028523873242, 0.06262850429163538, 0.052413432981952286, 0.059266995202506445, 0.04549459874024999, 0.03945693678404752, 0.03746614013902941, 0.032570738552919296, 0.03423517509219673, 0.036421787800659244, 0.04236154172513952, 0.03341927482784504
U:ATTAC, 0.05579873358548298, 0.001147422548977944, 0.06438315413709575, 0.07878968169648548, 0.06081339509583103, 0.054141345459181506, 0.05987845820407123, 0.052271471675661894, 0.06174833198759084, 0.04151969742042412, 0.062130806170583475, 0.052823934384429054, 0.06017593812417662, 0.04343206833538737, 0.03603756746419617, 0.03476265352088734, 0.032297819897156944, 0.03340274531469126, 0.04215715439207853, 0.04032977774000255, 0.031957842845607924
U:ATTAG, 0.05604203152364273, 0.0014937673843618009, 0.0662408571134233, 0.08066343875553725, 0.05717523436695168, 0.05609354074379314, 0.05794787266920779, 0.050736581848150816, 0.0662408571134233, 0.041052848459874315, 0.05784485422890698, 0.05202431235191099, 0.06376841454620377, 0.04120737612032554, 0.03682909240754095, 0.03389306685896776, 0.03203873493355311, 0.033790048418666944, 0.043113217265890603, 0.03904398887400845, 0.0327598640156588
U:ATTAT, 0.0598348679963304, 0.0011212666915837043, 0.06435391254119806, 0.07903231286738473, 0.06037851245285583, 0.050694845570996565, 0.06092215690938126, 0.05361693452482077, 0.062383201386293365, 0.03985593421902076, 0.06350446807787707, 0.05120451224898916, 0.056539023478644965, 0.04338962318643607, 0.03628826747307261, 0.03808908973531311, 0.03176922292820496, 0.03282253406272298, 0.0415208453671299, 0.040739356460874586, 0.03193911182086915
U:ATTCA, 0.05258367175465621, 0.0010035942678429724, 0.06738085235494562, 0.07711338281286467, 0.05449750268403118, 0.05732157027493815, 0.061966111188909115, 0.05454418148718667, 0.06959809550483126, 0.043084535312514584, 0.062222844606264295, 0.0470055547775755, 0.06233954161415301, 0.038860103626943004, 0.03475236894926014, 0.03454231433506045, 0.03442561732717173, 0.0325351257993745, 0.044951687438734074, 0.0376231153433226, 0.03164822853942025
U:ATTCC, 0.04779033915724563, 0.0008564576909900651, 0.06350022023197768, 0.07869622669211569, 0.05195027651348309, 0.05630597562766114, 0.06332892869377967, 0.051069348602750454, 0.07991973767924436, 0.04771692849801791, 0.05799442078989869, 0.046101893995008074, 0.06780697890667058, 0.03621592521900847, 0.032814564674790776, 0.03560416972544413, 0.03543287818724612, 0.03146870258894925, 0.0482797435520971, 0.03396466500269173, 0.03318161797092938
U:ATTCG, 0.043226250122801846, 0.0006876903428627567, 0.061204440514785345, 0.07525297180469594, 0.05128205128205128, 0.05452402004126142, 0.07142155418017487, 0.04676294331466745, 0.07456528146183318, 0.04921898025346301, 0.0579624717555752, 0.04902249729835937, 0.06945672462913842, 0.04027900579624718, 0.031437272816583164, 0.03340210236761961, 0.03801945181255526, 0.029472443265546714, 0.050103153551429414, 0.04185086943707633, 0.030847823951272228
U:ATTCT, 0.050016878586699676, 0.0009376992610929824, 0.06618281384794268, 0.07985446907467837, 0.05539927234537339, 0.05569933610892314, 0.058381155995649074, 0.05275496042909118, 0.07280297063125914, 0.04590975582311241, 0.06228198492179588, 0.04817898803495743, 0.06443869322230975, 0.038764487453583886, 0.03445107085255617, 0.0337384194141255, 0.03236937849292975, 0.03165672705449908, 0.04487828663591013, 0.038426915719590414, 0.03287573609391996
U:ATTGA, 0.05436442835322735, 0.0011031283588844262, 0.06299145782655428, 0.07956666855235617, 0.05490184986140182, 0.05487356451886633, 0.0612377665893534, 0.05456242575097584, 0.07074164168128076, 0.0448322679187645, 0.06369859138994173, 0.04833965039316626, 0.06361373536233524, 0.040476325168297786, 0.032471573230751824, 0.03337670419188776, 0.03416869378288171, 0.03193415172257736, 0.043842280930022064, 0.034988968716411155, 0.03391412570006223
U:ATTGC, 0.05016655562958028, 0.0007328447701532312, 0.06395736175882744, 0.08167888074616922, 0.05413057961359094, 0.05532978014656895, 0.06272485009993337, 0.05109926715522985, 0.07661558960692871, 0.044270486342438374, 0.058461025982678216, 0.04533644237175217, 0.06812125249833445, 0.04043970686209194, 0.03314457028647568, 0.035176548967355094, 0.035542971352431715, 0.03134576948700866, 0.04380413057961359, 0.035542971352431715, 0.032378414390406396
U:ATTGG, 0.049982914479202264, 0.001087260414401541, 0.06129042278897828, 0.08005343108322202, 0.05231275822434842, 0.05728309154732689, 0.058494610294802886, 0.05458047280295735, 0.0820415644124134, 0.049951849895933646, 0.0593022894597869, 0.04656581031965456, 0.06846634152402846, 0.03466807492777484, 0.02901432077288683, 0.03367400826317915, 0.03591065825851946, 0.029324966605572985, 0.048926718648069335, 0.033984654095865305, 0.03308378118107545
U:ATTGT, 0.047789009072827834, 0.0009536005231180013, 0.06413644661199357, 0.0801024439419121, 0.053074680543824755, 0.05539056752853991, 0.06070348472876876, 0.053864806691551095, 0.07563414434787347, 0.04419257281421137, 0.06064899327030488, 0.047407568863580635, 0.06386398931967414, 0.03808952946625616, 0.03522872789690216, 0.03520148216767022, 0.0346838133122633, 0.03005203934283301, 0.046372231152766806, 0.04029643353404354, 0.03231343486908427
U:ATTTA, 0.0551067512983266, 0.00103866128101558, 0.06543566070398153, 0.0811598384304674, 0.06165608770917484, 0.05126947489901905, 0.06508944027697634, 0.05268320830929025, 0.0583669936526255, 0.03981534910559723, 0.061194460473167914, 0.051644547028274666, 0.05778995960761685, 0.04547028274668206, 0.03796884016156953, 0.036555106751298326, 0.03392960184650894, 0.03234275822273514, 0.03897864974033468, 0.039930755914598964, 0.032573571840738606
U:ATTTC, 0.05197048497024089, 0.0011077523891778224, 0.06509453446236459, 0.0831940819736768, 0.059105161375115, 0.05621373988471865, 0.0636488237171664, 0.05255252436116484, 0.0658455530312987, 0.043070914928371604, 0.058485571055744354, 0.05048722329659601, 0.05998760819361259, 0.040761532828899195, 0.03511011809766996, 0.035166444490340024, 0.033119918889994555, 0.03313869435421791, 0.04218846810987402, 0.039165618369914196, 0.03058523121984191
U:ATTTG, 0.056726849155503786, 0.0009318578916715201, 0.06588235294117648, 0.08074548631333722, 0.05435061153174141, 0.056307513104251604, 0.06168899242865463, 0.05472335468841002, 0.06655794991263832, 0.04370413511939429, 0.061013395457192775, 0.047967384973791494, 0.061619103086779266, 0.03874199184624345, 0.03496796738497379, 0.0347582993593477, 0.03331391962725684, 0.03303436225975539, 0.04384391380314502, 0.03801980198019802, 0.031100757134536982
U:ATTTT, 0.05756340980895858, 0.0010925089319987007, 0.06649540850975877, 0.08069802462574187, 0.0628783181267901, 0.050048719992913465, 0.06436944518262616, 0.05316384681253137, 0.05862639147252487, 0.04003897599433076, 0.060442318481117314, 0.050137301798210646, 0.05788820976171494, 0.044468066259190364, 0.038621667109575694, 0.03686479463784805, 0.03298195883898781, 0.03268668615466383, 0.040142321433844164, 0.03915315794135885, 0.03163846812531373
U:CACAA, 0.040452192862980116, 0.0006031832509631475, 0.06566914425808461, 0.08337549130248667, 0.04724286881737168, 0.056504650348289685, 0.06284780324551503, 0.053313616375452386, 0.07862785539167996, 0.04977234696657197, 0.059170331167062294, 0.048040627310581, 0.06915204109429116, 0.03720278631746897, 0.03375880452971164, 0.03479005331361638, 0.03547106666147799, 0.0304121103630774, 0.04722341129314706, 0.03434253025645017, 0.03202708487372067
U:CACAC, 0.02994239412546686, 0.00045894790150028487, 0.059694878774450844, 0.0816610748876369, 0.0434576185351649, 0.06414192568209154, 0.06637336203076534, 0.05037348863708299, 0.08715262391593341, 0.05613407609039691, 0.06024878141419257, 0.04812622649870228, 0.07618535164904729, 0.03488004051402165, 0.029008672532759384, 0.03059125150345002, 0.03560802684053934, 0.02932518832689751, 0.05512122554915491, 0.03040134202696714, 0.031113502563777932
U:CACAG, 0.030953022378700755, 0.0005480877311954815, 0.0596393768521185, 0.08337436249965163, 0.042267782659990524, 0.06313227493566936, 0.06475795888413054, 0.05211478257638392, 0.08936616905255139, 0.05475303538417234, 0.06030822967662824, 0.04507324867390638, 0.07741971443700242, 0.03413007329512202, 0.028082529006846452, 0.032309307272845506, 0.03689838081878733, 0.028732802586230916, 0.053926258976097804, 0.030377065779817365, 0.031835536522151105
U:CACAT, 0.038812264903681754, 0.0009118887495725522, 0.06117253695049204, 0.08233595501348835, 0.04622136099395874, 0.0584748660663399, 0.06185645351267145, 0.05239560773585623, 0.08752232227668225, 0.05258558455868384, 0.06071659257570576, 0.04506250237471029, 0.07084235723241764, 0.035658649644743336, 0.033644895322770624, 0.03165013868308066, 0.03586762414985372, 0.030092328735894222, 0.04983092062768342, 0.0333599300885292, 0.03098521980318401
U:CACCA, 0.035541845493562235, 0.0006462153726102224, 0.058208154506437765, 0.08097200546234881, 0.04301599687865782, 0.06111002731174405, 0.06567011314865392, 0.05064865392118611, 0.08811695278969957, 0.05481857198595396, 0.05962251268045259, 0.0443815840811549, 0.07944791260241904, 0.03306671868903629, 0.029835641825985172, 0.030213616855247757, 0.03782188841201717, 0.028348127194693717, 0.05150214592274678, 0.034334763948497854, 0.03267655091689427
U:CACCC, 0.02769357949848443, 0.00041333700744006614, 0.05462937448332874, 0.08156516946817305, 0.03837145219068615, 0.06446335078534031, 0.06547947092863046, 0.047034306971617534, 0.09553251584458529, 0.06038164783686966, 0.06234499862220998, 0.046276522457977406, 0.08947023973546432, 0.029794709286304764, 0.02550633783411408, 0.029209148525764672, 0.038457564067236154, 0.025523560209424083, 0.05817718379718931, 0.0262468999724442, 0.033428630476715356
U:CACCG, 0.026112981668537222, 0.0003367003367003367, 0.05794986906098017, 0.07575757575757576, 0.04354657687991021, 0.06498316498316499, 0.07066965955854844, 0.0409652076318743, 0.08200523756079311, 0.06386083052749719, 0.05828656939768052, 0.05016835016835017, 0.08383838383838384, 0.0365132809577254, 0.029218106995884775, 0.030303030303030304, 0.039206883651328094, 0.027197904975682752, 0.0535727646838758, 0.03060231949120838, 0.034904601571268234
U:CACCT, 0.03263196751568845, 0.0005044912021656209, 0.05825027685492802, 0.08303186907838071, 0.040223944875107664, 0.06457487387719946, 0.06645748738771995, 0.04880029531192322, 0.08619416758951642, 0.05822566752799312, 0.058951642672572906, 0.0443213978097699, 0.08351175095361142, 0.03321028669865879, 0.027747016119109142, 0.0296911529469669, 0.03757844222960502, 0.027513227513227514, 0.054645010458963944, 0.030589393380091055, 0.033345637996800785
U:CACGA, 0.03165013025885483, 0.00033257579956765145, 0.058810487223546364, 0.07915304029710105, 0.04423258134249764, 0.058699628623690485, 0.07355468100437891, 0.047059475638822686, 0.07920846959702899, 0.058089906324483125, 0.05759104262513164, 0.04888864253644477, 0.07854331799789369, 0.03868965134970345, 0.03020896846072834, 0.030264397760656283, 0.03963194944847846, 0.02871237736267391, 0.04972008203536389, 0.03475417105481958, 0.03220442325813425
U:CACGC, 0.0224601593625498, 0.00039840637450199205, 0.053784860557768925, 0.07649402390438247, 0.037848605577689244, 0.0674800796812749, 0.07350597609561753, 0.042131474103585656, 0.08351593625498008, 0.06389442231075695, 0.05562749003984064, 0.052739043824701196, 0.08162350597609562, 0.03794820717131474, 0.02993027888446215, 0.02853585657370518, 0.04128486055776892, 0.025896414342629483, 0.05547808764940239, 0.035856573705179286, 0.033565737051792825
U:CACGG, 0.023862054920063814, 0.0003733749702997183, 0.057296086351447686, 0.07827297104646821, 0.040426326329724045, 0.06605342656393198, 0.07358881232816265, 0.045415973660093006, 0.07918943688265843, 0.0628627677268253, 0.06055463154679067, 0.04928549607956281, 0.07698313023997827, 0.03811819014968942, 0.028342554563660433, 0.028851702250432775, 0.04001900818030617, 0.028240725026305962, 0.05498795017141305, 0.033705576864329116, 0.033569804147856486
U:CACGT, 0.025036954915003694, 0.0007390983000739098, 0.057233924611973394, 0.07672764227642276, 0.041943828529194385, 0.06411677753141168, 0.07123059866962304, 0.046978935698447896, 0.07723577235772358, 0.06282335550628233, 0.05931263858093126, 0.05238359201773836, 0.07330931263858093, 0.03875646711012565, 0.03122690317812269, 0.031781226903178125, 0.038479305247597934, 0.030580192165558018, 0.050535846267553586, 0.03556910569105691, 0.03399852180339985
U:CACTA, 0.0464075932625355, 0.0006223985684832925, 0.0612284591745439, 0.08507410432956004, 0.05060878359979772, 0.05741626794258373, 0.059400163379624234, 0.05107558252616019, 0.080717314350177, 0.04823588905745517, 0.06006146185863773, 0.04613529388882406, 0.06881394172793402, 0.037460613840588165, 0.03123662815575524, 0.0329871241296145, 0.03454312055082273, 0.0309643287820438, 0.04535729567821994, 0.03714941455634652, 0.03450422064029253
U:CACTC, 0.03307422361420324, 0.000584883589298517, 0.060676955586581635, 0.08169503037621222, 0.04322478397041621, 0.06194105882796875, 0.06486547677446135, 0.052790460737330666, 0.08833628919663408, 0.05629976227312177, 0.05865816384287385, 0.04641334289272103, 0.07707256329949813, 0.03441379570582242, 0.028206482774234935, 0.030263008943058754, 0.036791064488132526, 0.030093204030036604, 0.05303573450058488, 0.029168710614693782, 0.032395003962114644
U:CACTG, 0.03518520694070793, 0.000622643061054264, 0.05997344956003806, 0.08053241855711282, 0.04399619365373997, 0.06202934645974554, 0.06296918504246896, 0.05077477943163262, 0.08745198012241398, 0.05492181717789969, 0.061019019983317865, 0.04418416137028466, 0.07662034045652659, 0.03533793071040049, 0.02907625615300572, 0.03253016294451428, 0.036935656301030295, 0.030039590700297224, 0.05165587810293582, 0.031778292078335546, 0.03236569119253768
U:CACTT, 0.04182587083132396, 0.0008903067848796231, 0.061301331750565714, 0.07756797863263716, 0.050747486738138524, 0.05926104536854991, 0.06541900063063397, 0.052175687205549576, 0.07801313202507698, 0.04924509403865415, 0.05853767110583523, 0.046741106206180216, 0.07083503357198502, 0.0396001038691249, 0.03206959231368476, 0.03455503208814037, 0.03563081945320325, 0.031234929702860112, 0.04807656638349965, 0.03398004228957228, 0.03229216900990466
U:CATAA, 0.05441713835351437, 0.001504621336963531, 0.06219101526115928, 0.08379307874184996, 0.054524611306154616, 0.051801963172601564, 0.06050727233646199, 0.053449881779752094, 0.06824532492656014, 0.04241599197535286, 0.06613169019130186, 0.05033316615318478, 0.06315827183492155, 0.03958587088915956, 0.037830479329368775, 0.036254209357311745, 0.03345991258866519, 0.030343196962097873, 0.043992261947409905, 0.034749588020348214, 0.03131045353586014
U:CATAC, 0.04329105473965287, 0.0009345794392523365, 0.06495327102803738, 0.08287716955941254, 0.05020026702269693, 0.05911214953271028, 0.06315086782376501, 0.051468624833110814, 0.07680240320427237, 0.05176902536715621, 0.06191588785046729, 0.04716288384512684, 0.06899198931909212, 0.03654873164218959, 0.03134178905206943, 0.033177570093457946, 0.03608144192256342, 0.029606141522029374, 0.04753004005340453, 0.032242990654205606, 0.03084112149532711
U:CATAG, 0.04285836007838905, 0.0007100457269448153, 0.06075151239739839, 0.08392740492487716, 0.045726944815246105, 0.05737169473714107, 0.05924621545627538, 0.05154931977619358, 0.08622795308017836, 0.05029963929677071, 0.06310886421085518, 0.04450566616490102, 0.07549206168877276, 0.03538867903092959, 0.031100002840182907, 0.033144934533783976, 0.035559090005396345, 0.03277571075577267, 0.04646539237126871, 0.030531966258627054, 0.03325854185009514
U:CATAT, 0.05640157924421884, 0.0011280315848843769, 0.06292301184433165, 0.08467287084038352, 0.052629723632261705, 0.05340524534686971, 0.05929216018048505, 0.05453327693175409, 0.07508460236886633, 0.04096164692611393, 0.06440355329949238, 0.04698956570783982, 0.06313451776649746, 0.038000564015792444, 0.0351804850535815, 0.03680203045685279, 0.03250141003948111, 0.029575578116187252, 0.04660180485053581, 0.034017202481669485, 0.031761139311900735
U:CATCA, 0.04390925240361797, 0.0007051516754132595, 0.06113122601467258, 0.08129585180966328, 0.04788251088238884, 0.058175013221593914, 0.06289410520320572, 0.053157587838845714, 0.08113312449995254, 0.051259102558886945, 0.06309751434034416, 0.0449534193075953, 0.07234584977557192, 0.03798326620831808, 0.032125083058731, 0.0329251589981422, 0.03562372021751217, 0.029236673311365147, 0.04620099534871106, 0.03232849219586944, 0.03163690112959874
U:CATCC, 0.03474508742651813, 0.0006464901598183813, 0.060228827447265945, 0.08356261182024567, 0.0430592515748801, 0.06098056019124081, 0.06573151113316193, 0.049133252146196994, 0.08647933486686814, 0.05624464390419918, 0.05968757987160405, 0.046111286515418036, 0.07863124501977058, 0.034233909160615215, 0.028776329439357724, 0.03182836437989566, 0.036639453941334776, 0.029167230466224648, 0.052004871228180954, 0.03070076526393337, 0.03140739404326974
U:CATCG, 0.026912556251654462, 0.0002205947233742169, 0.05872231536221654, 0.08069354981028853, 0.044516015176916966, 0.06132533309803229, 0.07420806494308656, 0.04764846024883085, 0.0799435277508162, 0.05731050913262155, 0.05889879114091591, 0.04906026647842584, 0.07663460690020295, 0.035206917850525016, 0.029956763434218655, 0.03203035383393629, 0.03948645548398482, 0.028633195093973354, 0.05201623577164034, 0.03335392217418159, 0.033221565340157064
U:CATCT, 0.0392372523691985, 0.000665038175749127, 0.06291005358672994, 0.08415290762363956, 0.04834315969868655, 0.05977670064329654, 0.060863782276732614, 0.053292578429742554, 0.08096839789745623, 0.05070916090087094, 0.059712754664859126, 0.047128186108375644, 0.07528999501221369, 0.037229348646263635, 0.0305533884973974, 0.03242061106776995, 0.03540049366295354, 0.029632566407898606, 0.04752465117468763, 0.030949853563709377, 0.033239119591768874
U:CATGA, 0.04222730910241378, 0.0006885898795898238, 0.06273612119181882, 0.07974615227141607, 0.046917164498539075, 0.058362644929559115, 0.06526715426274357, 0.05322613663856476, 0.08330076489308247, 0.04941097649489141, 0.061693931103790955, 0.046842722349394225, 0.07299052723652132, 0.035322799769229335, 0.0323265032661493, 0.034336441293060134, 0.03549029460480524, 0.028362458824186254, 0.04980179777790185, 0.03046544953752815, 0.03048406007481436
U:CATGC, 0.03720277851990382, 0.0006233858758571555, 0.061314453646807376, 0.08322201442693027, 0.04450529877994479, 0.061670674147297176, 0.06340724908718497, 0.05062783863211328, 0.08429067592839969, 0.055370024044883774, 0.06071333155223083, 0.04664262178288361, 0.07529610829103214, 0.03620090836227625, 0.029944785822424082, 0.03183720723127616, 0.03713598717606198, 0.029009707008638346, 0.047778074628194854, 0.030367797666755722, 0.03283907738890373
U:CATGG, 0.03762092439985668, 0.0005159441060551774, 0.05860265137943389, 0.08126119670369043, 0.04510211393765676, 0.0606664278036546, 0.0629881762809029, 0.04937298459333572, 0.09286993908993192, 0.054389107846649944, 0.05881762809029022, 0.04510211393765676, 0.07686134002149766, 0.03406664278036546, 0.030598351845216767, 0.030913651021139375, 0.03690433536366894, 0.028548907201719813, 0.052583303475456825, 0.028692225008957364, 0.03352203511286277
U:CATGT, 0.040055928631914775, 0.0005711022272986865, 0.06262431320033872, 0.08383386833139683, 0.04742117804604266, 0.05716930227062368, 0.06313633588688236, 0.053742688906831565, 0.08379448197089348, 0.05134012091612675, 0.06189566553102659, 0.04535339411961638, 0.07377065322278895, 0.03588097441855885, 0.03322239508458221, 0.03286791784005199, 0.03485692904547155, 0.028870202248961186, 0.048149825715354776, 0.03182417928671301, 0.02961854309852498
U:CATTA, 0.05190029936222829, 0.0008460236886632824, 0.06641285956006768, 0.0799492385786802, 0.05521931537159964, 0.05580502407913576, 0.06032799687622022, 0.051314590654692176, 0.0669985682676038, 0.042333723805805024, 0.06475335155538202, 0.05102173630092412, 0.060848626838474563, 0.0417805544709098, 0.036704412338930105, 0.03497982558896264, 0.03276714824938175, 0.0316933489522322, 0.04337498373031369, 0.03849407783417936, 0.032474293895613696
U:CATTC, 0.045414697769890315, 0.0006628322179221279, 0.0664970386367038, 0.07968953794179906, 0.05035386687763263, 0.056191066732237165, 0.06299044238705125, 0.052898287327075626, 0.07934743099061344, 0.048579187068357246, 0.058799632235027474, 0.04378968975175864, 0.06784408475699716, 0.037353802732579273, 0.033034702473860894, 0.03397549658962133, 0.03485214565203447, 0.031302786033483715, 0.04866471380615365, 0.03425345848745964, 0.03350509953174111
U:CATTG, 0.04305106906629749, 0.0007498846331333641, 0.06093293339486233, 0.08298723273342562, 0.05116520535302261, 0.056318258729426245, 0.0602599600061529, 0.05345331487463467, 0.08177588063374866, 0.048723273342562684, 0.06206737425011536, 0.044877711121365946, 0.06927780341485926, 0.03645592985694508, 0.03162974926934318, 0.03282187355791417, 0.03522534994616213, 0.029956929703122595, 0.04885786802030457, 0.036532841101369014, 0.03287955699123212
U:CATTT, 0.05198659486136352, 0.0008336529002784402, 0.06590859829601348, 0.0819814262133818, 0.055621321506577524, 0.05377061206795939, 0.061940410490688096, 0.053637227603914844, 0.06727578905247011, 0.04370008503259583, 0.061373526518498756, 0.048585291028227486, 0.06150691098254331, 0.04208279840605565, 0.036680727612251364, 0.03533020991380029, 0.03397969221534922, 0.031912233022658686, 0.04166597195591643, 0.03834803341280824, 0.03187888690664755
U:CCCAA, 0.036493431182387175, 0.0007398668239716851, 0.05742966266072107, 0.0836249475094483, 0.046291667499850024, 0.06168889599872023, 0.05988921994041073, 0.052410566098102344, 0.09136355456017917, 0.05275050490911636, 0.060049191145593796, 0.04467195904737147, 0.078705832950069, 0.03263412585734568, 0.02787498250314943, 0.03267411865864144, 0.0362134815733168, 0.02797496450638885, 0.05229058769421504, 0.02885480613489572, 0.0353736327461057
U:CCCAC, 0.028101489895264793, 0.0004425431479569258, 0.05472783596400648, 0.08136893347101343, 0.03881103407582239, 0.0670157840389438, 0.06528986576191179, 0.04690957368343413, 0.09675468358164921, 0.059271278949697595, 0.06040713969612037, 0.045567192801298124, 0.08636967104292669, 0.032143383979938045, 0.02538722525446231, 0.029119339135565716, 0.03774893052072577, 0.026980380587107243, 0.057161823277769586, 0.02674435757486355, 0.033677533559522056
U:CCCAG, 0.028915893215960196, 0.00043058080566452973, 0.056415654004401496, 0.08316907472969094, 0.03986221414218735, 0.06692182566261602, 0.06430963544158452, 0.048464261793129855, 0.09414410104296239, 0.05750645871208497, 0.059018275763084875, 0.04396708448952254, 0.08486269256530475, 0.03104966031958664, 0.024169935891302268, 0.03216917041431442, 0.038455650177016555, 0.027499760788441296, 0.056616591713711605, 0.027959046981150128, 0.034092431346282655
U:CCCAT, 0.03626353533917072, 0.0006094711821709363, 0.0581029193669626, 0.08235987241736586, 0.04408508217703106, 0.061394063750685665, 0.06204416634500133, 0.05101273794770737, 0.09369603640574528, 0.05450703939215408, 0.0625723747028828, 0.04384129370416269, 0.07923125368222173, 0.03339902078296731, 0.026613574954797554, 0.03213944700648071, 0.036710480872762734, 0.027954411555573613, 0.052191048899904516, 0.02884830262275765, 0.03242386689149381
U:CCCCA, 0.029728515499647005, 0.0003850843976638213, 0.05501572427957127, 0.08261343944547847, 0.040639240100121946, 0.06525896925742893, 0.06350041717476414, 0.04627430845260253, 0.09910788781207881, 0.05916179962775175, 0.05878955137667672, 0.04406649123932995, 0.08872344522174443, 0.030177780630254798, 0.023580001283614663, 0.029561645593992682, 0.038187536101662284, 0.027135613888710608, 0.05877671523008793, 0.025659457030999294, 0.03365637635581798
U:CCCCC, 0.027550563626744802, 0.00024417043096081065, 0.05377853741911855, 0.08130875350994994, 0.04106132747324299, 0.06806250763032595, 0.06718756358604973, 0.04248565498718105, 0.09929597525739634, 0.058824726325641966, 0.05345297684450413, 0.04474423147356855, 0.09583689415211818, 0.03029748097505392, 0.021283522565417327, 0.02891384853294266, 0.039433524600170924, 0.026431449151507753, 0.05990314572905221, 0.024356000488340863, 0.035547145240711356
U:CCCCG, 0.02195845697329377, 9.891196834817012e-05, 0.053775140125288494, 0.07682162875041214, 0.038806462248598746, 0.06923837784371908, 0.07286515001648533, 0.04200461589185625, 0.08892185954500495, 0.06327068908671282, 0.053643257500824264, 0.050280250576986485, 0.08822947576656776, 0.033432245301681505, 0.026508407517309596, 0.030036267721727662, 0.03963072865150016, 0.025881965051104516, 0.06076491922189252, 0.028519617540389057, 0.03531157270029674
U:CCCCT, 0.0312603402936208, 0.00031347416450427544, 0.05686073039480329, 0.08004040333675833, 0.042127444663102344, 0.06664809041988123, 0.06401839048431758, 0.04933735044670069, 0.09228331098378642, 0.0561118754462653, 0.05910729524041727, 0.04496612737500218, 0.08895700179376884, 0.029936782710158306, 0.024015604047299768, 0.031417077375872945, 0.03704219710558855, 0.026105431810661606, 0.05828877936643388, 0.025565559638459797, 0.03559673290259661
U:CCCGA, 0.02743264306390559, 0.0003562680917390336, 0.05682476063237586, 0.07570696949454464, 0.04168336673346693, 0.06711200178134046, 0.07459363170786017, 0.04564684925406368, 0.08105099087063015, 0.061144511244711645, 0.05642395902916945, 0.050100200400801605, 0.08229792919171677, 0.033667334669338675, 0.028724114896459586, 0.03014918726341572, 0.03749721665553329, 0.027209975506568694, 0.05651302605210421, 0.030238254286350477, 0.03562680917390336
U:CCCGC, 0.022575805157193204, 0.00010467915837956663, 0.05338637077357898, 0.07854426183746815, 0.037998534491782684, 0.06947206811123906, 0.07313583865452389, 0.04131337450713563, 0.08674412924386754, 0.06354024913639694, 0.05233957918978331, 0.05007153075822604, 0.087197738930179, 0.03614920269374368, 0.027146795073100947, 0.029973132349349244, 0.04277888272444956, 0.02676297149237587, 0.054398269304581456, 0.031089710038731285, 0.03527687637391396
U:CCCGG, 0.02354756665618838, 8.573143200068586e-05, 0.05355356785642843, 0.0779870259766239, 0.04012231017632098, 0.0702997742405624, 0.07092847140856742, 0.03960792158431686, 0.0860743577286886, 0.0632126425285057, 0.05483953933643872, 0.046580744720372644, 0.08956076929671648, 0.033863915640270914, 0.0270625553682165, 0.033006601320264055, 0.038550567256308406, 0.02520504100820164, 0.06021204240848169, 0.029805961192238446, 0.035892892864287144
U:CCCGT, 0.026209568914482534, 0.0002152736666487272, 0.05780097949518325, 0.07809052257682579, 0.03961035466336581, 0.06409773424465852, 0.07147085732737743, 0.045799472579516706, 0.08126580915989452, 0.06280609224476616, 0.058123889995156344, 0.04838275657930144, 0.08417200365965233, 0.03858780474678435, 0.027339755664388354, 0.02841612399763199, 0.039395080996717076, 0.027931758247672352, 0.05758570582853453, 0.030084494914159626, 0.03261396049728217
U:CCCTA, 0.03988938555951208, 0.0007197514963254792, 0.060042427456625504, 0.08216531555420865, 0.04534434426850519, 0.06326236836123948, 0.06307296007273279, 0.04882945677702856, 0.09133267671793317, 0.053375255701189485, 0.05996666414122283, 0.04242745662550193, 0.083869990150769, 0.030570497764982194, 0.025645882263807863, 0.0307599060534889, 0.038412000909159784, 0.026176225471626638, 0.05174634442003182, 0.026858095310250775, 0.03553299492385787
U:CCCTC, 0.028062254249704724, 0.0002242588245847474, 0.05735045674047273, 0.08094248508678817, 0.04100946372239748, 0.06633576031216828, 0.06587229207469314, 0.049127633172365334, 0.09290295573130802, 0.05663282850180155, 0.05869600968798123, 0.04521057903628508, 0.08883639571217128, 0.032368023681731875, 0.02414520011362447, 0.031740098972894586, 0.03676349664359293, 0.02575986365063465, 0.05883056498273207, 0.025580456590966853, 0.033608922511100814
U:CCCTG, 0.028715662492624403, 0.00038243842741318647, 0.05849122576979392, 0.08187460390305733, 0.04137983784610678, 0.06712340741712013, 0.06466487466946393, 0.048460412159356626, 0.09100941891212658, 0.059070346817019614, 0.059518346117703624, 0.04407876046242269, 0.08493411132236281, 0.03101029305710352, 0.024760156471950873, 0.030715269127384776, 0.03882296378854433, 0.02694551891431194, 0.056469765510609934, 0.027918005201162614, 0.03365458161236041
U:CCCTT, 0.036841319042461816, 0.0006348732120849983, 0.06001419128356425, 0.08197333532509243, 0.0470179631773537, 0.0615266833476491, 0.06126526496620234, 0.05168614856033163, 0.08464353736415581, 0.05411360495948015, 0.059640736452926016, 0.04655114463905591, 0.08270157224483698, 0.033125443477611385, 0.028457258094633453, 0.031407551256675506, 0.036897337267057545, 0.028830712925271687, 0.05245173096314001, 0.02698211151361243, 0.03323747992680285
U:CCTAA, 0.045806736520936205, 0.0006824842426432213, 0.06282869645509655, 0.0779236420570878, 0.05447830101569714, 0.062106066080533144, 0.06314986551045808, 0.05190894857280502, 0.07174113774137862, 0.04552571359749488, 0.059978321088763095, 0.04596732104861696, 0.07146011481793729, 0.039784816732907784, 0.034766550242884095, 0.03340158175759766, 0.033883335340639927, 0.031996467140391026, 0.04504396001445261, 0.03235778232767273, 0.03520815769400618
U:CCTAC, 0.0362689829728486, 0.0009491486424298205, 0.05994017487344685, 0.08047630004601933, 0.04412103083294984, 0.06388057984353429, 0.06422572480441785, 0.047917625402669126, 0.08456051541647491, 0.05680510814542108, 0.0592498849516797, 0.04354578923147722, 0.08108030372756558, 0.03534859641049241, 0.027266451909802116, 0.03480211688909342, 0.03951909802116889, 0.028388173032673724, 0.04737114588127014, 0.02953865623561896, 0.03474459272894616
U:CCTAG, 0.039187732535901805, 0.0006954344726868111, 0.0629368197781564, 0.08532980979867172, 0.043708056608366075, 0.06377134114538058, 0.06634444869432178, 0.048784728258979795, 0.08856358009666539, 0.05254007441148858, 0.060328940505580866, 0.041656524913939987, 0.08032268159532668, 0.03289405055808617, 0.025348586529434263, 0.03205952919086199, 0.03831843944504329, 0.02757397684203206, 0.04920198894259188, 0.027817378907472445, 0.03261587676901144
U:CCTAT, 0.048290580407582544, 0.0012135414487174122, 0.0616813826003264, 0.08201866343055614, 0.04962966062685693, 0.05682721680545675, 0.059589069757710174, 0.05301920743189522, 0.08206050968740847, 0.046951500188308154, 0.06243461522366825, 0.043185337071598946, 0.07528141607733188, 0.033100389170188725, 0.03197054023517596, 0.03448131564631544, 0.034397623132610786, 0.03038038247478763, 0.04870904297610579, 0.030422228731639956, 0.03435577687575846
U:CCTCA, 0.03394051245749535, 0.0004803498969775879, 0.05828666776220152, 0.08259490070661998, 0.04238455801489085, 0.06274886548938806, 0.06397502180535716, 0.04969093276365521, 0.09112743177135345, 0.056656006269830236, 0.06067577646032689, 0.04511496795560556, 0.08230416261108091, 0.03186742342843418, 0.026886953443982353, 0.030944645994766713, 0.03607680542036936, 0.02811310975995146, 0.055000063203933816, 0.027860294024700097, 0.03327055075907925
U:CCTCC, 0.02927841068990317, 0.0005003074806391428, 0.057795937086334306, 0.0814354655465338, 0.042411482056680674, 0.06601974129934023, 0.06793758664179027, 0.047998248923817766, 0.08919023149644052, 0.056347130006983465, 0.056472206877143244, 0.04479836566222991, 0.08820003960767556, 0.033061986012236685, 0.024827758726717462, 0.03200925568839182, 0.037470945685369135, 0.027193796187240073, 0.05623247620933699, 0.027923411263172156, 0.03289521685202364
U:CCTCG, 0.024999147368780054, 0.0003410524879778998, 0.057842501961051805, 0.07987449268442413, 0.040994509054943555, 0.06418607823744074, 0.07261007469049487, 0.04314313972920432, 0.0834214385593943, 0.06138944783602197, 0.05746734422427611, 0.04935029501040211, 0.08280754408103407, 0.03782272091674909, 0.028409672248559052, 0.03120630264997783, 0.038266089151120355, 0.028307356502165683, 0.05395450359810375, 0.03052419767402203, 0.033082091333856284
U:CCTCT, 0.03364847591519939, 0.0005527470376213453, 0.06228768180195534, 0.0818526238210942, 0.043551860339248495, 0.06227616623867156, 0.0633586291873467, 0.049954513525029075, 0.0854685106922005, 0.05444558320570251, 0.06102096984073976, 0.04502585243957208, 0.08241688642199933, 0.034753969990442085, 0.027211276039567474, 0.032404795080551364, 0.036723131311968124, 0.027752507513905043, 0.052418844067757576, 0.028754361519593732, 0.034120614009834294
U:CCTGA, 0.035358137505294096, 0.000616040145282801, 0.06111631607993121, 0.07985420383228307, 0.045086438132884994, 0.0634649691338219, 0.06488956196978836, 0.049809412580053135, 0.08462851495822478, 0.05473773374231554, 0.05898584391082819, 0.04443189547852202, 0.07891730944466548, 0.036603051965553086, 0.028273675834541885, 0.031392379070036065, 0.03738593631684998, 0.028671535095037025, 0.05273560327014644, 0.030031957082536545, 0.03300948445140341
U:CCTGC, 0.027813444890858633, 0.0004556186058070662, 0.05804995236714575, 0.08299507103508263, 0.038644741747090254, 0.06633392701818332, 0.06656173632108686, 0.04726007538416933, 0.08742699747338774, 0.060141655966532745, 0.0579049828107526, 0.04522014662635132, 0.08674356956467713, 0.03282524955473636, 0.02603239034088556, 0.030909580416683926, 0.03971130348341134, 0.028735037070786562, 0.05532659570061715, 0.02728534150685499, 0.03362258211489873
U:CCTGG, 0.03059663865546219, 0.0004369747899159663, 0.058521008403361344, 0.08301680672268907, 0.04104201680672269, 0.06787394957983194, 0.06428571428571428, 0.04961344537815126, 0.09004201680672269, 0.058873949579831934, 0.05840336134453782, 0.04323529411764706, 0.08446218487394958, 0.031201680672268906, 0.025411764705882352, 0.03114285714285714, 0.0383109243697479, 0.027016806722689073, 0.05602521008403361, 0.027756302521008403, 0.03273109243697479
U:CCTGT, 0.03301515574623645, 0.00045695717295828997, 0.05969637734507883, 0.08253154273818893, 0.04456601761823766, 0.06316163590667918, 0.06614455078571248, 0.05134421568378564, 0.08614912035744206, 0.05543144373080145, 0.059772536873905206, 0.04680003046381153, 0.07712421619151583, 0.033827524053717854, 0.02844558401665355, 0.03230433347719022, 0.03720392983168744, 0.028420197507044758, 0.05205503795283187, 0.029080246756873398, 0.03246934578964738
U:CCTTA, 0.04266601651784354, 0.0010971261390302625, 0.0646999664767013, 0.08176637308383872, 0.04955353061286685, 0.060616219181421994, 0.06287142291165088, 0.048822113186846684, 0.07472648035839453, 0.04815164721299484, 0.061317160881357996, 0.0466888123609545, 0.07658549964952915, 0.03516898790113675, 0.032761405540487, 0.033919483131685614, 0.035382317983725965, 0.03187760948404596, 0.047054521073964586, 0.03181665803187761, 0.03245664827964526
U:CCTTC, 0.03448713072144034, 0.0004264785550445497, 0.060963380476503334, 0.08176861809421718, 0.045056883018085, 0.06233502772110608, 0.06566617102942703, 0.05160390516039052, 0.0837050612630681, 0.054727572414906, 0.0595917332319006, 0.045033830123217725, 0.08153808914554445, 0.03514413822515763, 0.028597116082852102, 0.03287342808073124, 0.03642357389029127, 0.029069700427631198, 0.051142847263045056, 0.027917055684267552, 0.031928259391173046
U:CCTTG, 0.03680640009377427, 0.0007179592374979854, 0.06058696830722794, 0.0828437046696655, 0.04423508036747791, 0.06439654793476828, 0.06294597723043562, 0.04992014535011502, 0.08363492505384694, 0.055444035810048496, 0.05904848422687512, 0.04259403068176823, 0.0805579568931413, 0.036996879075151284, 0.03005172236955853, 0.03116529179914724, 0.03755366378994564, 0.028220193702471832, 0.051370716054447686, 0.028982109627979896, 0.03192720772465531
U:CCTTT, 0.04276499277715005, 0.0009296737560250011, 0.06616416608264085, 0.0822832787447974, 0.051975914298382365, 0.058698170688101604, 0.06270291917559392, 0.05097472717650929, 0.07328689732110931, 0.04830012729379122, 0.05892701345881545, 0.04858618075718352, 0.072071170101692, 0.038231045382381965, 0.03293905630962427, 0.03471258778265658, 0.0361285524264485, 0.030436088504941575, 0.04599739691348313, 0.032524278787705425, 0.03136576226096657
U:CGCAA, 0.03611615245009074, 0.00018148820326678765, 0.06188747731397459, 0.08012704174228676, 0.04228675136116152, 0.061252268602540835, 0.06424682395644284, 0.042468239564428314, 0.07912885662431941, 0.05707803992740472, 0.05535390199637023, 0.05617059891107078, 0.08076225045372051, 0.03575317604355717, 0.032667876588021776, 0.02985480943738657, 0.03929219600725953, 0.031941923774954625, 0.04673321234119782, 0.032304900181488204, 0.03439201451905626
U:CGCAC, 0.023969820081253628, 5.803830528148578e-05, 0.05606500290191527, 0.07899013348810215, 0.035983749274521186, 0.06535113174695299, 0.07278003482298318, 0.042019733023795705, 0.08357515960533952, 0.0636680208937899, 0.05490423679628555, 0.051944283226929774, 0.07939640162507255, 0.039408009286128844, 0.029077190946024376, 0.02867092280905397, 0.03969820081253628, 0.026465467208357515, 0.05484619849100406, 0.03911781775972142, 0.03401044689495067
U:CGCAG, 0.02472937367067712, 6.349004793498618e-05, 0.05783943366877242, 0.0786641693914479, 0.03945906479159392, 0.06917240722516746, 0.07110885368718453, 0.043395447763563064, 0.08161645662042474, 0.06317259769531126, 0.054474461128218146, 0.052791974857941015, 0.08018793054188755, 0.037363893209739374, 0.027554680803784006, 0.03031649788895591, 0.04155423637344846, 0.02717374051617409, 0.05488714643979556, 0.029967302625313483, 0.034506841052664994
U:CGCAT, 0.0342970297029703, 0.00031683168316831684, 0.05702970297029703, 0.07786138613861386, 0.04015841584158416, 0.05877227722772277, 0.07176237623762376, 0.0434059405940594, 0.08245544554455446, 0.06510891089108911, 0.056633663366336635, 0.05037623762376238, 0.07794059405940595, 0.03699009900990099, 0.028356435643564357, 0.028435643564356437, 0.038732673267326725, 0.029623762376237622, 0.05005940594059406, 0.037386138613861385, 0.0342970297029703
U:CGCCA, 0.02679287050112591, 0.00022899889317201633, 0.054234571199572534, 0.07919545055532232, 0.040036639822907526, 0.06511201862524331, 0.07278348154650585, 0.04415861990000382, 0.07930995000190832, 0.06473035380328995, 0.05736422273959008, 0.05095225373077363, 0.08049311094996374, 0.03713598717606198, 0.030304186863096827, 0.029159192397236747, 0.04102896835998626, 0.02690736994771192, 0.0518682493034617, 0.034655165833365136, 0.03354833784970039
U:CGCCC, 0.02217223650385604, 0.0001205012853470437, 0.052980398457583545, 0.07993251928020566, 0.038640745501285344, 0.06780205655526993, 0.07595597686375322, 0.03924325192802056, 0.0858370822622108, 0.06519119537275064, 0.054105077120822624, 0.0494456940874036, 0.08672075835475579, 0.03679305912596401, 0.02634961439588689, 0.031410668380462727, 0.038480077120822624, 0.025666773778920307, 0.055551092544987156, 0.03321818766066838, 0.034383033419023136
U:CGCCG, 0.02414922849291904, 0.0002642147537518495, 0.04703022616782921, 0.07989854153455929, 0.041270344536038894, 0.06689917564996829, 0.07715070809554006, 0.04026632847178187, 0.0784717818642993, 0.07154935531600085, 0.055168040583386174, 0.05094060452335659, 0.08037412809131261, 0.039103783555273726, 0.03207567110547453, 0.03144155569647009, 0.04116465863453815, 0.025470302261678294, 0.04914394419784401, 0.028588036355950117, 0.03957937011202706
U:CGCCT, 0.026790937097843467, 0.00046796396677455836, 0.0567406309714152, 0.08204968217447256, 0.042038763015247824, 0.0685177241352416, 0.0706235619857271, 0.04192177202355419, 0.08446749600280778, 0.061693249619779275, 0.05389385017353664, 0.04991615645595289, 0.08087977225753618, 0.038412042272745, 0.02768786803416137, 0.030300666848652652, 0.03915298522013805, 0.02589400616152556, 0.04866825254455407, 0.03182154974066997, 0.03806106929766408
U:CGCGA, 0.027822450948858154, 0.00048247024766806047, 0.05741395947249919, 0.06545513026696687, 0.053232550659376, 0.06352524927629462, 0.0736571244773239, 0.03634609199099389, 0.07719523962688968, 0.06545513026696687, 0.05484078481826954, 0.04872949501447411, 0.07172724348665166, 0.04117079446767449, 0.03731103248633001, 0.027018333869411385, 0.03682856223866195, 0.02910903827597298, 0.045030556449018974, 0.05049855258925699, 0.037150209070440664
U:CGCGC, 0.0193974705130027, 0.0, 0.04653971863009805, 0.0707687935199659, 0.03701861588745204, 0.06607929515418502, 0.07332670171948273, 0.03566860878215149, 0.08306096347875515, 0.07538723888020463, 0.054781867272985646, 0.051584482023589596, 0.07147932357538724, 0.049310785846241295, 0.031050163421912746, 0.027497513144806026, 0.039079153048173935, 0.02835014921131164, 0.04980815688503624, 0.0451897115247975, 0.044621287480460424
U:CGCGG, 0.019667683960664633, 6.78195998643608e-05, 0.051271617497456755, 0.0731773482536453, 0.041302136317395724, 0.06578501186842999, 0.07378772465242454, 0.038657171922685654, 0.07799253984401493, 0.0690403526619193, 0.0558833502882333, 0.05323838589352323, 0.07568667344862666, 0.040895218718209565, 0.03329942353340115, 0.0326890471346219, 0.03655476432689047, 0.025025432349949136, 0.05581553068836894, 0.04191251271617497, 0.03825025432349949
U:CGCGT, 0.02178454192778275, 0.0002984183825723665, 0.05088033422858848, 0.06729334527006864, 0.04670247687257535, 0.06132497761862132, 0.06953148313936139, 0.04073410922112802, 0.0837063563115488, 0.06982990152193375, 0.05490898239331544, 0.05177558937630558, 0.07176962100865414, 0.04506117576842734, 0.03357206803939123, 0.028349746344374812, 0.04222620113398985, 0.027603700387943898, 0.04938824231572664, 0.04371829304685169, 0.03954043569083856
U:CGCTA, 0.03293791014639071, 0.0005047955577990914, 0.06032306915699142, 0.08190307925290258, 0.04442200908632004, 0.06259464916708733, 0.06890459363957598, 0.04151943462897526, 0.08190307925290258, 0.05426552246340232, 0.060954063604240286, 0.052877334679454824, 0.07534073700151439, 0.041898031297324584, 0.027763755678950022, 0.031171125694093887, 0.034326097930338216, 0.02801615345784957, 0.048965169106511865, 0.0334427057041898, 0.03596668349318526
U:CGCTC, 0.02571715145436309, 0.0002407221664994985, 0.05673019057171515, 0.07775325977933802, 0.04, 0.06479438314944834, 0.07145436308926781, 0.040682046138415244, 0.07695085255767302, 0.06230692076228686, 0.05488465396188566, 0.05039117352056169, 0.08288866599799398, 0.039478435305917756, 0.029488465396188566, 0.030130391173520562, 0.03835506519558676, 0.02912738214643932, 0.052637913741223674, 0.03803410230692076, 0.037953861584754264
U:CGCTG, 0.024263338096136736, 0.0001887148518588413, 0.0560213517375246, 0.07877497101879061, 0.039899711535869305, 0.0654301350659154, 0.07206211414552612, 0.04219124902272666, 0.08014989351090503, 0.06400129404469847, 0.05607527026662713, 0.049416331922465154, 0.08246839026231365, 0.039037015070228887, 0.02561130132369989, 0.030949235704849972, 0.04051977462054835, 0.02685142749305799, 0.054242040277141246, 0.036691559054269, 0.03515488097484701
U:CGCTT, 0.031501750097227624, 0.0002777932107339297, 0.060058892160675593, 0.07528196010889494, 0.04361353408522696, 0.06372576254236346, 0.0687260403355742, 0.04711372854047447, 0.07589310517250958, 0.05872548474915273, 0.05616978721040058, 0.04828046002555698, 0.0790043891327296, 0.039446635924218015, 0.03327962664592477, 0.0323906883715762, 0.03900216678704373, 0.03089060503361298, 0.049280515584199124, 0.032890716150897274, 0.03444635813100728
U:CGTAA, 0.039812959251837005, 0.0012024048096192384, 0.06078824315297261, 0.07454909819639279, 0.05678022712090848, 0.05851703406813627, 0.07241148964595859, 0.045691382765531065, 0.06479625918503674, 0.049298597194388775, 0.057181028724114895, 0.05130260521042084, 0.07361389445557782, 0.040480961923847696, 0.03727454909819639, 0.031930527722110885, 0.03847695390781563, 0.03380093520374081, 0.04355377421509686, 0.03580494321977288, 0.03273213092852372
U:CGTAC, 0.026571067060312106, 0.0006326444538169548, 0.059890341628005064, 0.07876423450021088, 0.044390552509489666, 0.06547870097005483, 0.07454660480809785, 0.04723745255166596, 0.07053985660059046, 0.0579924082665542, 0.060312104597216365, 0.052404048924504426, 0.07328131590046394, 0.03859131168283425, 0.03458456347532687, 0.029523407844791228, 0.04143821172501055, 0.029628848587094053, 0.05092787853226487, 0.03142134120624209, 0.03184310417545339
U:CGTAG, 0.03115677825654624, 0.00041431885979449786, 0.056927411335764004, 0.07739476300961219, 0.04226052369903878, 0.058584686774941996, 0.07333443818362612, 0.04598939343718926, 0.08311236327477625, 0.06148491879350348, 0.0570931388796818, 0.05054690089492873, 0.07930062976466688, 0.038697381504806096, 0.029582366589327145, 0.02883659264169705, 0.038780245276765, 0.030328140536957243, 0.048226715280079546, 0.03148823334438184, 0.03646005966191581
U:CGTAT, 0.036252009940067234, 0.000730887297178775, 0.06329483993568191, 0.07922818301417921, 0.047507674316620375, 0.06110217804414558, 0.0672416313404473, 0.05233153047800029, 0.0714807776640842, 0.05554743458558691, 0.06446425961116796, 0.05277006285630756, 0.06841105101593334, 0.04209910831749744, 0.03201286361643035, 0.030551089022072795, 0.0337669931296594, 0.032305218535301855, 0.04473030258734103, 0.032305218535301855, 0.03186668615699459
U:CGTCA, 0.025325615050651232, 0.00038962484693309585, 0.06256261827897139, 0.0739730602248692, 0.04586441055326728, 0.06350885005009463, 0.07163531114327062, 0.047088945786485585, 0.07341645330067906, 0.058666369809640434, 0.06067015473672493, 0.052877657798063006, 0.07781364800178114, 0.03974173438717578, 0.03200489814093287, 0.031949237448513856, 0.039519091617499724, 0.02922186351998219, 0.048647445174217964, 0.03256150506512301, 0.03256150506512301
U:CGTCC, 0.023249193395331182, 0.0003321313342190169, 0.06025811349402164, 0.07624786486999431, 0.04256025811349402, 0.06448092617194914, 0.07487189219965838, 0.04303473144809262, 0.07653254887075346, 0.06215600683241602, 0.057031694818751186, 0.04887075346365534, 0.08075536154868096, 0.04199089011197571, 0.02785158474093756, 0.028278610742076295, 0.040330233440880624, 0.027661795407098122, 0.05570316948187512, 0.03382994875687986, 0.033972290757259445
U:CGTCG, 0.02399354020071519, 0.0005767677932864229, 0.06021455761910255, 0.07820971276963894, 0.04175798823393702, 0.06667435690391049, 0.07025031722228631, 0.03979697773676318, 0.07601799515515054, 0.06436728573076479, 0.055831122390125734, 0.049717383781289655, 0.07832506632829622, 0.043372938055139004, 0.026415964932518167, 0.03299111777598339, 0.03898950282616219, 0.029645864574922135, 0.0553697081554966, 0.02860768254700657, 0.038874149267504904
U:CGTCT, 0.02761022019518415, 0.000392329949487519, 0.06282183316168898, 0.07763228875484282, 0.04497082046000687, 0.06051689470844981, 0.07106076210092688, 0.04717767642587416, 0.07846598989750381, 0.05924182237261537, 0.056103182776715214, 0.048501790005394535, 0.07714187631798343, 0.04040998479721446, 0.030209406110538965, 0.03133735471531558, 0.03987053111666912, 0.029424746211563924, 0.04987494482860085, 0.03295571575695159, 0.03427982933647197
U:CGTGA, 0.029836483329794012, 0.0008494372478233171, 0.05786791250796348, 0.07581227436823104, 0.04406455723083458, 0.06025695476746655, 0.07432575918454024, 0.04512635379061372, 0.07448502866850712, 0.060894032703334044, 0.055585049904438306, 0.05176258228923338, 0.0762369929921427, 0.03530473561265662, 0.033712040772987895, 0.029411764705882353, 0.04332129963898917, 0.029252495221915482, 0.050806965385432154, 0.038543215119983015, 0.032544064557230835
U:CGTGC, 0.025089430097515557, 0.0003920223452736806, 0.0559121869946587, 0.07776743274366639, 0.03699710883520361, 0.06835889645709806, 0.07531729308570588, 0.04282844122114961, 0.0816876561964032, 0.06389964227960994, 0.05924437692948498, 0.048365756848140345, 0.07869848581369138, 0.04150536580585093, 0.029940706620277355, 0.030038712206595777, 0.03861420100945754, 0.027343558582839222, 0.05169794678296663, 0.03219483510560102, 0.03410594403881021
U:CGTGG, 0.023252005894874733, 0.00036024234485017195, 0.055346323890617326, 0.07797609300802358, 0.03972490584575078, 0.06487637137710825, 0.07299819878827575, 0.046111020140822016, 0.0809890289831341, 0.0627476666120845, 0.05871950221057803, 0.0520386441788112, 0.07846733256918291, 0.03831668577042738, 0.027869657769772387, 0.030424103487800884, 0.038152939250040936, 0.028262649418699853, 0.054200098247912235, 0.035041755362698546, 0.03412477484853447
U:CGTGT, 0.024826165336080352, 0.0003090394025238218, 0.05887200618078805, 0.07890806077774916, 0.044347154262168426, 0.06402266288951841, 0.0694308524336853, 0.046767962915271695, 0.08045325779036827, 0.06072624259593098, 0.06010816379088334, 0.05047643574555756, 0.075148081380376, 0.03816636621169199, 0.028740664434715426, 0.028895184135977338, 0.04053566829770796, 0.028843677568890034, 0.054287921710018026, 0.03389132114344579, 0.03224311099665207
U:CGTTA, 0.033726309506043876, 0.00029846291598268916, 0.06700492463811371, 0.06998955379794061, 0.054320250708849424, 0.059841814654529174, 0.06760185047007909, 0.050440232801074465, 0.0649156842262349, 0.04894791822116103, 0.057603342784659006, 0.052977167586927325, 0.06984032233994926, 0.04536636322936875, 0.034770929711983284, 0.032084763468139085, 0.039844799283689, 0.030443217430234294, 0.041038650947619756, 0.04432174302342934, 0.034621698253991945
U:CGTTC, 0.029077663909124585, 0.00030868008396098284, 0.06303247314483269, 0.07772564514137548, 0.04772194098036794, 0.06155080874181998, 0.07223113964686999, 0.04364736387208297, 0.0702555871095197, 0.057537967650327204, 0.057291023583158414, 0.05124089393752315, 0.07445363625138907, 0.043030003704161005, 0.028954191875540186, 0.03272008889986418, 0.036115569823434994, 0.03130016051364366, 0.05124089393752315, 0.03648598592418817, 0.03407828126929251
U:CGTTG, 0.03040805650013079, 0.00045775568924928065, 0.06147004969918913, 0.07775307350248496, 0.04642950562385561, 0.05643473711744704, 0.06761705466910803, 0.046102537274391835, 0.07206382422181533, 0.06545906356264714, 0.05506147004969919, 0.05238032958409626, 0.07559508239602407, 0.03792832853779754, 0.03223907925712791, 0.03348155898509024, 0.038909233586188856, 0.02805388438399163, 0.048456709390531, 0.039759351294794666, 0.03393931467433953
U:CGTTT, 0.03740748149629926, 0.000600120024004801, 0.0638127625525105, 0.07674868306994732, 0.054344202173768084, 0.05654464226178569, 0.07174768286990732, 0.045275721811028874, 0.0650130026005201, 0.05367740214709608, 0.05454424218176969, 0.056011202240448095, 0.0663466026538641, 0.04254184170167367, 0.03414016136560646, 0.031072881242915254, 0.03714076148563046, 0.03247316129892645, 0.04834300193372008, 0.038741081549643265, 0.03347336133893446
U:CTCAA, 0.045168504834784136, 0.0009866906395947991, 0.06053895235380534, 0.08189532308636832, 0.04747078299383867, 0.059705746924814174, 0.0643322297015809, 0.051329839717587214, 0.07775122240007017, 0.052031486394632405, 0.06027583484991339, 0.047229591948604384, 0.07358519525511435, 0.03622250970245795, 0.03205648255750214, 0.03227574714407876, 0.03613480386782731, 0.031004012541934352, 0.046177121933036594, 0.031771438594952524, 0.03205648255750214
U:CTCAC, 0.03059688334938223, 0.0006781224146582942, 0.05709790731422836, 0.08102206610337298, 0.04242333826102288, 0.062075325837820244, 0.06611693542918368, 0.04978774768421195, 0.08924090976903151, 0.0575997179010755, 0.05957983535187772, 0.04476964181574058, 0.08209349951853309, 0.032319314282614295, 0.028833765071270667, 0.030800320073779718, 0.03710685853010185, 0.02898295200249549, 0.05613497348541359, 0.02911857648542715, 0.03362130931875822
U:CTCAG, 0.032367934569491906, 0.0004929695815360484, 0.06135230519298639, 0.08241555094952664, 0.04475939723264803, 0.06160999383788023, 0.06447818049408997, 0.05022687804604784, 0.08732283905663549, 0.05559352417231528, 0.060086269676768805, 0.04542042462607137, 0.0786174444008739, 0.034261385916755364, 0.027561481149515434, 0.03202061509159151, 0.0368382723656938, 0.02949974791328217, 0.05259089126659571, 0.02981345582880511, 0.032670438630889025
U:CTCAT, 0.04145334726921646, 0.00046059274743573837, 0.06349093872344948, 0.08379244982196318, 0.046325001328632924, 0.05934560399652785, 0.0632252121383904, 0.05231270704529752, 0.08356215344824532, 0.05116122517670818, 0.06024907438572871, 0.046112420060585656, 0.0745451646619072, 0.035217630073163385, 0.02990309837198179, 0.03185175999574837, 0.034278729472621304, 0.02963737178692271, 0.05103721943701394, 0.030753423444170844, 0.031284876614289
U:CTCCA, 0.03379743434082065, 0.0005871756849553647, 0.061524069227018044, 0.08080134552801027, 0.04462535205660772, 0.06235009603805695, 0.06480827221066669, 0.04989998109095252, 0.08629492142793165, 0.055114897343776434, 0.05785173316348363, 0.045132910699535234, 0.08186622346513271, 0.03572814760999592, 0.027935629621520488, 0.030941172958071677, 0.0362556105134304, 0.029129885251938176, 0.05217901891899961, 0.03104069426060648, 0.03213542858848937
U:CTCCC, 0.030059081171799316, 0.0002592476360708974, 0.05830342889110235, 0.08263177284449236, 0.041384109484370095, 0.06668122091991976, 0.06516666894076874, 0.04894322476770047, 0.08990435126690226, 0.05643411698890693, 0.056515984663455636, 0.045109088676336145, 0.08881278227291954, 0.03139625318942815, 0.0251060868616027, 0.0312734516776051, 0.03817762556454584, 0.02730286946199293, 0.056379538539207796, 0.027002687988647685, 0.033156408192225297
U:CTCCG, 0.02470179087983879, 0.00026001885136672407, 0.059349302824454775, 0.0787857119641174, 0.044333214158026456, 0.06526473169304775, 0.07283778073910359, 0.044788247147918216, 0.07768063184580883, 0.059706828745084026, 0.0547989729255371, 0.04953359118536094, 0.08232846881398902, 0.036110117983553805, 0.028309552442552084, 0.031007248025481847, 0.03884031592290441, 0.027529495888451914, 0.054116423440699446, 0.033997464816199176, 0.03572008970650372
U:CTCCT, 0.03261148921993241, 0.0006187235257722146, 0.05974965494264909, 0.08189043834182096, 0.043415353862262626, 0.06277664080719624, 0.06723145019275617, 0.05017371852838989, 0.08603112655275807, 0.05428585026890676, 0.057569844367236216, 0.045119223264004575, 0.08437485126838323, 0.034324877445147776, 0.026862119841987532, 0.031535862167436104, 0.03803721859978107, 0.02926086335728904, 0.054219218504592825, 0.027309504545238204, 0.032601970396459
U:CTCGA, 0.03209555077550096, 0.0005094531869127137, 0.06328540699649043, 0.07856900260387184, 0.045737575002830294, 0.05870032831427601, 0.06956866296841391, 0.046473451828370885, 0.07709724895279067, 0.05779463375976452, 0.057002151024566974, 0.04726593456356844, 0.07896524397147062, 0.036737235367372355, 0.02943507302162346, 0.03209555077550096, 0.04013358994679044, 0.02937846711196649, 0.05009623004641685, 0.03537869353560512, 0.033680516245896075
U:CTCGC, 0.026112702033684414, 0.0001456098626413629, 0.059263214095034704, 0.07649371450759598, 0.04552735038586613, 0.06304907052371014, 0.07474639615589963, 0.03994563898461389, 0.07877493568897734, 0.061641508518176964, 0.055331747803717905, 0.05261369703441247, 0.08139591321652187, 0.038295393874678445, 0.02921904577003349, 0.028685142940348494, 0.039071979808765714, 0.028588069698587584, 0.05081784206183566, 0.03460661068776392, 0.03567441634713391
U:CTCGG, 0.026203835008323573, 0.0004007645354214193, 0.057802577224243167, 0.08027621924902892, 0.04155619951908256, 0.0668660213330045, 0.07423392317652136, 0.04470065972008139, 0.07814908440717677, 0.059436463407115114, 0.05758678093593932, 0.049109069609717, 0.08342067945002775, 0.03671619705283926, 0.029502435415253717, 0.030766385103890497, 0.03804180282384857, 0.02752944077933288, 0.05471977310561687, 0.02900918675627351, 0.03397250138726186
U:CTCGT, 0.028452685421994885, 0.00047953964194373403, 0.06159420289855073, 0.07821824381926684, 0.0436381074168798, 0.0632992327365729, 0.07496803069053709, 0.04235933503836317, 0.07592710997442455, 0.05999573742540495, 0.05536018755328218, 0.05051150895140665, 0.08264066496163683, 0.04241261722080136, 0.028932225063938617, 0.030797101449275364, 0.03948209718670077, 0.028878942881500426, 0.04944586530264279, 0.030264279624893437, 0.03234228473998295
U:CTCTA, 0.03993265048407465, 0.0006454328609513119, 0.060558439736214394, 0.08298021607969693, 0.04899677283569524, 0.058762452644871614, 0.06187736775641925, 0.05011926476778448, 0.08107197979514522, 0.050484074645713486, 0.059043075627893925, 0.04787428090360601, 0.0729900378841027, 0.03740704363687386, 0.03215939385435667, 0.034825312193068614, 0.034095692437210605, 0.03134558720359197, 0.04739722183246808, 0.03280482671530798, 0.034628876104952994
U:CTCTC, 0.033415052708997306, 0.00029418975239029176, 0.06401078695758765, 0.08217700416768815, 0.04425104192203971, 0.063606276048051, 0.06561657268938466, 0.0505516057857318, 0.08135572444226526, 0.05415543025251287, 0.05936504045109096, 0.04570973277764158, 0.08092669772002942, 0.036111792105908314, 0.027482226035793086, 0.03199313557244423, 0.03696984555037999, 0.028573179700907086, 0.051801912233390535, 0.030338318215248836, 0.03129443491051728
U:CTCTG, 0.03096515848273466, 0.0006033954708770261, 0.06208573701099825, 0.0830217313793072, 0.04400215759592617, 0.061619476874411466, 0.0636856492443843, 0.05019153235022536, 0.08424680703229995, 0.053967325221016445, 0.05917846792404531, 0.04620546530018925, 0.07945621268776112, 0.03571918340479608, 0.028734423711613534, 0.03163255044294713, 0.03734652270504018, 0.02909097558076814, 0.05228513178705625, 0.03333302858814602, 0.03262906720545616
U:CTCTT, 0.0398888955980919, 0.0006279814020892457, 0.06473039067689149, 0.08099752430408792, 0.05043173721393636, 0.05881287361874283, 0.06334158565304028, 0.05220699233138096, 0.07684318579795905, 0.050105669947466944, 0.06047943964736429, 0.04776281625505706, 0.07564760582090453, 0.03805325765352334, 0.030215566692832558, 0.032799951693738304, 0.034478594287784554, 0.030759012136948254, 0.04736428959603889, 0.03150775919328543, 0.03294487047883582
U:CTTAA, 0.04874371859296482, 0.0010050251256281408, 0.06550610193826274, 0.07975592246949031, 0.05994256999282125, 0.057465900933237606, 0.060588657573582186, 0.04938980617372578, 0.06407035175879397, 0.045872218234027276, 0.0626346015793252, 0.05082555635319455, 0.06647523330940416, 0.04138549892318737, 0.035678391959798994, 0.03474515434314429, 0.0334529791816224, 0.03334529791816224, 0.04084709260588658, 0.03675520459440058, 0.03151471643933955
U:CTTAC, 0.0405121702799892, 0.0008938036542019164, 0.06593360909601115, 0.08148163545282587, 0.05163275062878048, 0.0616308798769461, 0.06373027915774596, 0.050988380552495376, 0.07063127481344447, 0.048494044773327236, 0.060342139724375896, 0.047184518489263964, 0.072938535409175, 0.040595314805961465, 0.03277972936456796, 0.03525327901224303, 0.0341100417801243, 0.03332016878338773, 0.04344301482051176, 0.03371510528175601, 0.03038932424286516
U:CTTAG, 0.04203334447291226, 0.001002562103152501, 0.06587204337009395, 0.07823697597564146, 0.05153911848798782, 0.05889124057777283, 0.06316141249860756, 0.05035089673610337, 0.07489510229846645, 0.04723181463740671, 0.05903976829675838, 0.04674909955070365, 0.07534068545542312, 0.04032527570457837, 0.035163937469830306, 0.033678660279974744, 0.03464409045338086, 0.032490438528090304, 0.042850246927332816, 0.0334930006312428, 0.033010285544539754
U:CTTAT, 0.05444808092829515, 0.0012273132996132104, 0.06515917881582863, 0.08074233858970545, 0.056196072597441235, 0.0534067241892294, 0.06277893484082117, 0.05117524546265993, 0.06809729247247844, 0.04529901814936031, 0.0639690568283249, 0.048869384111871465, 0.06556828324903302, 0.038493008033323416, 0.03678220767628682, 0.036038381434096996, 0.033583754834870576, 0.03142665873252008, 0.04425766141029455, 0.03209610235049092, 0.030385301993454333
U:CTTCA, 0.04053357944667425, 0.0007834131055354038, 0.06264085338370072, 0.07951106436865489, 0.04997746345860789, 0.0587023244832693, 0.0654525552145264, 0.052885750466828356, 0.07761155587989096, 0.050406730913695776, 0.0615032946277178, 0.048260393638256315, 0.0726857118327574, 0.037979438088901286, 0.030842866648065077, 0.03410529930673306, 0.03493163915777725, 0.029823356442231334, 0.047176493314159386, 0.03175505999012685, 0.03243115623189028
U:CTTCC, 0.03379606076022967, 0.0006333516763053794, 0.06198540176300188, 0.08059140510626811, 0.04566361758018128, 0.06286794098408315, 0.06627350409602027, 0.0507615794337213, 0.08161930372846865, 0.05450977541972526, 0.05837218236375152, 0.04558055506525599, 0.07965695181335852, 0.036599420638958394, 0.028656567649227, 0.032705865251835164, 0.03794918650649445, 0.02977791160071849, 0.05122880608017609, 0.02860465357739869, 0.03216595890482074
U:CTTCG, 0.03235531399940555, 0.0003396883359517643, 0.06016729650545624, 0.07931722644473696, 0.04776867224321685, 0.06067682900938389, 0.07175916096981019, 0.04607023056345803, 0.07638741454715299, 0.05927561462358286, 0.0549021272982039, 0.04836312683113243, 0.07655725871512888, 0.037832788416627745, 0.02951042418580952, 0.032440236083393484, 0.04033798989427201, 0.028448898135960257, 0.048193282663156554, 0.03379898942720054, 0.03549743110695937
U:CTTCT, 0.039118360149878774, 0.0006612298875909191, 0.06274630813312762, 0.08251267357284549, 0.04818161780912497, 0.060224818161780914, 0.06347806920872824, 0.05305708618029535, 0.07918007493938727, 0.05109102931452501, 0.05955477187568877, 0.04590698699581221, 0.07658805378003086, 0.03641172581000661, 0.031500991844831384, 0.03407538020718536, 0.035521269561384176, 0.030398942032179854, 0.04766145029755345, 0.029949305708618028, 0.03217985452942473
U:CTTGA, 0.044396485278248805, 0.0009249267766301834, 0.06237474949899799, 0.08077693849236936, 0.049849699398797596, 0.06216278711268692, 0.06393556343456143, 0.049213812239864346, 0.07497687683058425, 0.04961846770464005, 0.05894481270232773, 0.046631724988438414, 0.07507322336981656, 0.03867350084784955, 0.03158239556035147, 0.03285416987821797, 0.03578310467088022, 0.030985047017111144, 0.045976568521658705, 0.0330468629566826, 0.03221828271928472
U:CTTGC, 0.03835766492285029, 0.000566582938299118, 0.06181419856843377, 0.08128576554798013, 0.04594987629605847, 0.06313622542446505, 0.06451491057432623, 0.05012370394152865, 0.07960490283102609, 0.05439196207671533, 0.057451509943530564, 0.04532663506392944, 0.07663978545392737, 0.03771553759277796, 0.03267294944191581, 0.03244631626659616, 0.03682789098944267, 0.030689909157868893, 0.04912274075053352, 0.02957562937921396, 0.03178530283858052
U:CTTGG, 0.037095523845071636, 0.0007177926440609838, 0.059347095810962126, 0.08307732062361825, 0.04397197737517586, 0.06434293261362657, 0.061830658359413135, 0.05004450314393178, 0.08502971661546413, 0.05354733124694938, 0.05923224898791237, 0.04408682419822561, 0.07989032128398749, 0.03601883487898016, 0.030936862959028397, 0.03222888971833816, 0.03729650578540871, 0.028783485026845444, 0.05054695799477447, 0.029702259611243505, 0.03227195727698182
U:CTTGT, 0.03886894707207207, 0.0007214245495495497, 0.06327421171171171, 0.07983178490990991, 0.04903927364864866, 0.058558558558558564, 0.06482263513513513, 0.051150760135135136, 0.07539766328828829, 0.052364864864864864, 0.060652449324324315, 0.0478955518018018, 0.07530968468468469, 0.040558136261261264, 0.032745636261261264, 0.03256967905405406, 0.036317567567567564, 0.03119721283783784, 0.046206362612612614, 0.03163710585585586, 0.03088048986486486
U:CTTTA, 0.051774204972023515, 0.0010623981868404279, 0.06497155133744127, 0.07984512595320727, 0.058904077248152595, 0.0546544845007909, 0.06230375144604198, 0.04917723162641358, 0.06374389121042567, 0.042590362868002926, 0.061926009868498715, 0.05057015369360436, 0.06610477607007106, 0.04391245838940435, 0.035885449866610006, 0.035885449866610006, 0.03423283046485823, 0.03291073494345681, 0.040866916920461786, 0.03673536841608235, 0.0319427721510022
U:CTTTC, 0.04176582261557796, 0.0007353137784432738, 0.06690018449691168, 0.08088451562876013, 0.05226075563517741, 0.0581432658627236, 0.0650284766972379, 0.05185967539239017, 0.07518917618118132, 0.0473408379903206, 0.05857108478836333, 0.05014839968983128, 0.06966763817214364, 0.03849033396614883, 0.032808363859996255, 0.034091820636915425, 0.03564266424235942, 0.03144469103451964, 0.04558945426348298, 0.032835102542848736, 0.030602422524666436
U:CTTTG, 0.0425687022403895, 0.0006899514430399521, 0.06272049155785829, 0.08319772966921385, 0.05018420401733991, 0.05903641121106005, 0.06412643034744914, 0.051837483890284704, 0.07679289740552221, 0.04992384498223049, 0.06002577554447583, 0.04734629053464728, 0.07038806514183059, 0.03927516044625538, 0.031360245778929145, 0.0345886978142859, 0.034679823476574195, 0.0308004738534439, 0.04560188499941419, 0.03228452035356757, 0.032570915292187926
U:CTTTT, 0.05037663539051143, 0.0010440068719439672, 0.06725254394079556, 0.08112858464384828, 0.05756574600237875, 0.055517378089070965, 0.0632615303290604, 0.05183031584511696, 0.06615567596141139, 0.04481300383243029, 0.05973305140742698, 0.050072684022730275, 0.06488700938284657, 0.041033434650455926, 0.037333157129641865, 0.0364477335800185, 0.03285317827408484, 0.032205629707942385, 0.039949781947931806, 0.03570767807585569, 0.030831240914497158
U:GACAA, 0.03972708701084909, 0.000654515162934608, 0.06382514528253237, 0.08512663876713143, 0.0497431523830302, 0.058569190186239316, 0.06394414803942958, 0.050238997203435214, 0.0739403796187945, 0.05146869235803963, 0.05956087982704933, 0.045538388305995756, 0.07235367619349849, 0.038398222892163665, 0.030960550586088577, 0.032924096074892405, 0.037961879450207264, 0.03040520438723497, 0.04700608897439457, 0.03740653325135366, 0.03024653404470537
U:GACAC, 0.02921230034212604, 0.00044537117638723, 0.06059072413304452, 0.08018705589408263, 0.04324149239832378, 0.06154219891896268, 0.06662347915865335, 0.04986132761098852, 0.08684737939550985, 0.05812093851853351, 0.05771605563090876, 0.04676397352065915, 0.07595602971840394, 0.03498188149077879, 0.03180355082292447, 0.03154037694596838, 0.03747191124967103, 0.029354009352794704, 0.05474016640686681, 0.03135817964653724, 0.03164159766787457
U:GACAG, 0.030238415714913976, 0.0005064168343617149, 0.060783346882204776, 0.08241267641296961, 0.044484720871036956, 0.06246251849087783, 0.06759332062848994, 0.04856270906352866, 0.08411850153924064, 0.056811972760105016, 0.05974385969588336, 0.0483228274051468, 0.0769087250289857, 0.03544917840532004, 0.029025680664205657, 0.03181097325319509, 0.03752815277796287, 0.028346015965457043, 0.051534576275703986, 0.03167770566520516, 0.03167770566520516
U:GACAT, 0.03845435490900035, 0.0007055844937431257, 0.062236702845165706, 0.08120447423578973, 0.048685330068275676, 0.05694481914209226, 0.06366862431776205, 0.05312636188183534, 0.07921223566522091, 0.05433000601822068, 0.06041048415547762, 0.045115902629339864, 0.07396185693236765, 0.03797704775146824, 0.032809678959055344, 0.03405482806566086, 0.03579803681490858, 0.029717558677651648, 0.04856081515761512, 0.03301720381015627, 0.030008093469192938
U:GACCA, 0.035248700240552495, 0.0006401800263831769, 0.06011872429580197, 0.08136106153488011, 0.04403662605726701, 0.0603321176379297, 0.06549235663847287, 0.05024443237370995, 0.08646310235120665, 0.05730581205866377, 0.058702568479863416, 0.04549158066268332, 0.07858694808721968, 0.03400713897726391, 0.03036005276635369, 0.032261193450764336, 0.03792581671451851, 0.027488942344998837, 0.051757585163342903, 0.030515247924264764, 0.031659812213858926
U:GACCC, 0.028777619387027796, 0.00033410548823948683, 0.05637473271560941, 0.07998485388453315, 0.04209729151817534, 0.06766749821810406, 0.06586332858161083, 0.045861546685673556, 0.09430684248039914, 0.059248039914468996, 0.05922576621525303, 0.04548289379900214, 0.0844395937277263, 0.03327690662865289, 0.02463471133285816, 0.03013631503920171, 0.037241625089094794, 0.025837491090520314, 0.059671240199572345, 0.026104775481111904, 0.033432822523164644
U:GACCG, 0.02638584866591729, 0.0004141276696444418, 0.05638052416730758, 0.07903922380642489, 0.043956694077974326, 0.06424894989055198, 0.06981009288292019, 0.0426551499733775, 0.07963083476305981, 0.061054250724723425, 0.05780039046323137, 0.05005028693131397, 0.08347630598118677, 0.03733065136366325, 0.026445009761580783, 0.03046796426669822, 0.03934212861622197, 0.027154942909542686, 0.05543394663669171, 0.0355558184937585, 0.03336685795420931
U:GACCT, 0.03321742137518972, 0.0004995100958675144, 0.05980672801675281, 0.07761618412710611, 0.0438031930222282, 0.06495552438954103, 0.06666538587154906, 0.04956677105146875, 0.08628076309773107, 0.055099805959539686, 0.05967224452940386, 0.0452248756027742, 0.0809398474573015, 0.03388983881193445, 0.02858734702503314, 0.030277996580277036, 0.03771301223799735, 0.028183896562986303, 0.055407196787765844, 0.029778486484409523, 0.03281397091314288
U:GACGA, 0.02909579230080573, 0.0005035810205908684, 0.06384288272157565, 0.07497761862130707, 0.046721128021486126, 0.06300358102059087, 0.07111683079677708, 0.044930617726051926, 0.07682408236347359, 0.06042972247090421, 0.055897493285586394, 0.04817591763652641, 0.07497761862130707, 0.04123769024171889, 0.02915174574753805, 0.03301253357206804, 0.0406781557743957, 0.028312444046553267, 0.05125335720680394, 0.03312444046553268, 0.032732766338406445
U:GACGC, 0.023608130286579977, 0.0005049867440979674, 0.060030299204645886, 0.07524302487059714, 0.04557505365484156, 0.06375457644236839, 0.07391743466733998, 0.0442494634515844, 0.07574801161469512, 0.0635020830703194, 0.056495391995960105, 0.050056811008711025, 0.0805453856836258, 0.041977023103143545, 0.030425451331902532, 0.030362327988890294, 0.03976770609771493, 0.027079914152253505, 0.05321297815932332, 0.03162479484913521, 0.032319151622269914
U:GACGG, 0.022770593993096697, 0.0003091030858791407, 0.058987172221936016, 0.0801092164236773, 0.04183195095564371, 0.0660450260161764, 0.07222708773375922, 0.043171397661119985, 0.07871825253722116, 0.05939930966977487, 0.0592447581268353, 0.04961104528360208, 0.08253052392973056, 0.04018340116428829, 0.026840451290505385, 0.029055690072639227, 0.040647055793107, 0.029107207253619084, 0.05311421359023234, 0.031167894492813354, 0.034928648704342896
U:GACGT, 0.025427122263748, 0.00026695141484249865, 0.06413507741591032, 0.07447944474105712, 0.04251201281366791, 0.0600640683395622, 0.07187666844634276, 0.048051254671649765, 0.07187666844634276, 0.059663641217298446, 0.05812867058195408, 0.051855312333155365, 0.07608115323011212, 0.04131073144687667, 0.03236785904965297, 0.031033101975440465, 0.037840363053924186, 0.03076615056059797, 0.050120128136679126, 0.0349038974906567, 0.03723972237052856
U:GACTA, 0.04483037156704362, 0.0011611470113085621, 0.06517568659127625, 0.0815831987075929, 0.05189822294022617, 0.05795638126009693, 0.06270193861066235, 0.05109046849757673, 0.07719103392568659, 0.04856623586429725, 0.05871365105008078, 0.0463953957996769, 0.07269789983844911, 0.03942851373182552, 0.03125, 0.03200726978998385, 0.03544022617124394, 0.03094709208400646, 0.04467891760904685, 0.033319870759289175, 0.03296647819063005
U:GACTC, 0.03303656668368819, 0.0003552318998246043, 0.06034501898270465, 0.08092626717879266, 0.04684620678936968, 0.06371972203103839, 0.0674940609666748, 0.050132101862747275, 0.08163673097844186, 0.054461490641859636, 0.058613263471059704, 0.04784529650762639, 0.07790679603028353, 0.03507915010767967, 0.02879598587953198, 0.03183765902178016, 0.03654448169445616, 0.029928287560222908, 0.05135321151839435, 0.031082791234652872, 0.032059678959170536
U:GACTG, 0.0362828652595855, 0.0006863810558828576, 0.05801826536254266, 0.08143148582432458, 0.049648229708860035, 0.061659898186810044, 0.06438635626990029, 0.05199336498312646, 0.08202253617800148, 0.054224103414745754, 0.061564567484604094, 0.04715056531106408, 0.07451047684417243, 0.03582527788899693, 0.029781311369139547, 0.033041621384583116, 0.03574901332723217, 0.03077275067208145, 0.050048618658125044, 0.03098247821693455, 0.030219832599286928
U:GACTT, 0.038922218713819595, 0.0006525628881170403, 0.06315124723713293, 0.07826544574255341, 0.05039469529523208, 0.06245658351752447, 0.0657825492053468, 0.05142616566677192, 0.07565519419008525, 0.0513840648352805, 0.0579096937164509, 0.04784759499000106, 0.07312914430059994, 0.03751184085885696, 0.03328070729396906, 0.032586043574360596, 0.03620671508262288, 0.033028102305020526, 0.04595305757288706, 0.032564993158614886, 0.031891379854752135
U:GATAA, 0.049496585228472854, 0.0010209110751249735, 0.06544392029852848, 0.0809336055762867, 0.05868478490459762, 0.05315778356685208, 0.06086742237555446, 0.0516792226994297, 0.06695768499612757, 0.04569457156938675, 0.06252200239386047, 0.0525945222840245, 0.06128986833767514, 0.04351193409842991, 0.03696402168555939, 0.035661479969020624, 0.031824262479757795, 0.030310497782158698, 0.04231500387242132, 0.037914525100330915, 0.031155389706400055
U:GATAC, 0.045640802092414993, 0.0008282476024411508, 0.062074978204010464, 0.07942458587619879, 0.04995640802092414, 0.05767218831734961, 0.06238012205754141, 0.05283347863993025, 0.08051438535309503, 0.049171752397558846, 0.06150828247602442, 0.0485178727114211, 0.06778552746294682, 0.034568439407149085, 0.03182214472537053, 0.033827375762859636, 0.03687881429816914, 0.03312990409764603, 0.04673060156931125, 0.033827375762859636, 0.03090671316477768
U:GATAG, 0.047018816594876445, 0.0010881886193606892, 0.0658354114713217, 0.08274767626388574, 0.051280888687372475, 0.05844479709816368, 0.06066651552935842, 0.05576966674223532, 0.08025391067785083, 0.04851507594649739, 0.06102924506914532, 0.04865109952391748, 0.06932668329177058, 0.0353661301292224, 0.028882339605531625, 0.033280435275447745, 0.03373384720018136, 0.02765812740875085, 0.04652006347766946, 0.03214690546361369, 0.0317841759238268
U:GATAT, 0.05800713108154737, 0.0011118352950197446, 0.06322125522370893, 0.08308093394164781, 0.053483111605260134, 0.051029406126595865, 0.062071080780585056, 0.05662692174979872, 0.0738411992485527, 0.04474178583751869, 0.0613426369666066, 0.045086838170455855, 0.061572671855231374, 0.03883755702948281, 0.03262661503661388, 0.03412184181267492, 0.03458191158992447, 0.02986619637311659, 0.044128359467852624, 0.03657554729133918, 0.03404516351646666
U:GATCA, 0.04093298627060685, 0.0009952534068289696, 0.061246363497167354, 0.08133006686061349, 0.048665339662124225, 0.05762262032358496, 0.06397693053641607, 0.0514724646557444, 0.08048792936252744, 0.04915020670647681, 0.06137396008778646, 0.045730618077884956, 0.07349563619660082, 0.038789363548205995, 0.031184606747307712, 0.03460419537589956, 0.0345276374215281, 0.02847955902618282, 0.047083141938447405, 0.03409380901342316, 0.034757311284642475
U:GATCC, 0.03702953244516489, 0.0005065599513702447, 0.06131908211336812, 0.08294919203687756, 0.04716073147256978, 0.06256015399422522, 0.06418114583861, 0.050959931107846614, 0.08322780001013119, 0.05422724279418469, 0.05716529051213211, 0.04310825186160782, 0.07793424851831214, 0.03444607669317664, 0.027936781318068992, 0.03279975685122334, 0.03594042854971886, 0.027810141330226433, 0.052226330986272225, 0.03234385289499012, 0.034167468719923
U:GATCG, 0.03521717256414556, 0.000335401643468053, 0.05970149253731343, 0.07756163005198725, 0.04678852926379339, 0.06221700486332383, 0.06909273855441891, 0.04645312762032534, 0.07429146402817374, 0.0562636256917659, 0.05651517692436693, 0.05366426295488848, 0.07454301526077478, 0.037900385711889986, 0.029515344625188664, 0.030689250377326848, 0.04066744927050143, 0.028592990105651517, 0.04829783665939963, 0.03848733858795908, 0.03320476270333725
U:GATCT, 0.04243954766906539, 0.0007374960890358914, 0.06273186430071961, 0.081705627318643, 0.048339516381352525, 0.060564072766280785, 0.06342466365708667, 0.04943458633173915, 0.08040942207124659, 0.05117775890582398, 0.0585527197961829, 0.044339158807491175, 0.07855450766548966, 0.03557859920439816, 0.030505520046484602, 0.03236043445224154, 0.03609261163008984, 0.02898583113574398, 0.047356188262638, 0.03291914361060207, 0.033790729897644485
U:GATGA, 0.04222164933688522, 0.0007017845378247544, 0.06243017959955315, 0.08218040159262123, 0.04969780298473261, 0.058906934777004386, 0.06546647188565209, 0.053092148606456425, 0.08039013491449687, 0.05095815072613216, 0.0625734009338031, 0.0460026925610839, 0.07301423620062444, 0.037581278107186845, 0.029417662054939703, 0.032611497808713585, 0.03488871702328779, 0.02977571539056458, 0.04617455816218383, 0.030606399129214288, 0.031308183667039045
U:GATGC, 0.03658222583136921, 0.0004357384776882093, 0.06009229733209214, 0.08292895482184238, 0.045158351324050786, 0.0607855176375052, 0.06302362890926737, 0.0506050822951534, 0.08126522608885103, 0.05462576006654915, 0.05947830220444057, 0.04917902909544653, 0.07773970567846461, 0.035988036998158016, 0.030699756382578384, 0.032601160648854204, 0.03729525243122264, 0.02961041018835786, 0.04781239477906078, 0.032145615876725625, 0.03194755293232189
U:GATGG, 0.034998010639395234, 0.0006041761836695599, 0.06028499432663827, 0.08389207350319035, 0.044178541430276594, 0.06139019466261918, 0.06323219522258734, 0.05111919954023666, 0.08647087428714578, 0.05440532853921987, 0.06047656238487496, 0.044311165470594306, 0.079456536154787, 0.034968538630435746, 0.029472008959490724, 0.03171188164041202, 0.036707387159045694, 0.02745317634576561, 0.05185599976422393, 0.03069509733130959, 0.032316057824081576
U:GATGT, 0.0388716630114195, 0.0007373515843605838, 0.06193753308628904, 0.08211071617635937, 0.04592376919004765, 0.05755123648188762, 0.06430083944641912, 0.051160856084095895, 0.08093851622173485, 0.05244649474400666, 0.059744384784088334, 0.04669893367617031, 0.07142857142857142, 0.03743477274446041, 0.032935037434772746, 0.03265144067155713, 0.03639491794600318, 0.030779702034334114, 0.04923239809422975, 0.032991756787415866, 0.03372910837177645
U:GATTA, 0.05350822402665001, 0.0008848636268998542, 0.06881115969185926, 0.07963772642098688, 0.058244846970643346, 0.053560274828232356, 0.060587133041848845, 0.0522069539870914, 0.06636477201748907, 0.042473454091193005, 0.06251301270039558, 0.048823651884239025, 0.061211742660836975, 0.0434103685196752, 0.03388507183010618, 0.037216323131376225, 0.03300020820320633, 0.033728919425359154, 0.04091193004372267, 0.037788881948782015, 0.03123048094940662
U:GATTC, 0.04827338989126538, 0.0008961644162982436, 0.06491217588720277, 0.08017684311148285, 0.052425618353447244, 0.059027362886844306, 0.061745728282948976, 0.05042418449038117, 0.078055920659577, 0.0464810610586689, 0.062014577607838454, 0.0464810610586689, 0.06873581073007527, 0.0363245310072888, 0.031216393834388817, 0.03360616561118413, 0.03587644879913968, 0.0300513800932011, 0.04531604731748118, 0.036414147448918625, 0.03154498745369817
U:GATTG, 0.04800485402241416, 0.0009279748732957384, 0.06420872296380899, 0.08037690056392319, 0.0502890998643729, 0.056677849953601256, 0.06146048968520238, 0.054000999357555854, 0.07859233349989292, 0.0468270397601542, 0.06063958883574845, 0.04668427439503176, 0.06909843671925191, 0.03736883432079378, 0.03155114569205511, 0.03412092226425869, 0.037618673709758015, 0.031087158255407237, 0.04247269612392034, 0.03326433007352416, 0.03472767506602898
U:GATTT, 0.05205620793003488, 0.001007222522478259, 0.06564142878199775, 0.08062693460423524, 0.05770648061710804, 0.057288851766324374, 0.06402004618483761, 0.05316169606446224, 0.06276715963248661, 0.04269640839188327, 0.059917456885962755, 0.04900997395961283, 0.06087554660246647, 0.04208224831720139, 0.0354984523166118, 0.035424753107649976, 0.0340490345403626, 0.03291898000294797, 0.0415909202574559, 0.0403380337051049, 0.031322163808775116
U:GCCAA, 0.03936742266404746, 0.0007936980375816021, 0.059586880171438775, 0.08306049963291466, 0.04595511637597476, 0.06089648193344842, 0.06403158918189575, 0.04966565470166875, 0.08254459590848662, 0.05452705518185606, 0.0568287794908427, 0.046133698434430624, 0.07929043395440205, 0.03623231541560014, 0.0309145385638034, 0.03283925630493879, 0.0371053832569399, 0.028612814254816755, 0.05010218862233864, 0.029525566998035598, 0.03198603091453856
U:GCCAC, 0.03190033069291702, 0.00047681304314388986, 0.05538721833423056, 0.08267322925478736, 0.03863723756056295, 0.06273936783819119, 0.0670306852264862, 0.04914250557563639, 0.09153272321771899, 0.057971237406752286, 0.059017149888487275, 0.04506652311005153, 0.080627547489041, 0.03477659001768823, 0.02776282396370068, 0.031146658463431516, 0.03831423517649773, 0.02837806660001538, 0.05369530108436515, 0.030608321156656158, 0.03311543489963854
U:GCCAG, 0.03142870319129312, 0.0004496402877697842, 0.057761483121195355, 0.08365615200147575, 0.0403408042796532, 0.06608559306401034, 0.06600488839697473, 0.04899926212875853, 0.0879450285925106, 0.05795748016971038, 0.05848782512451577, 0.046451300498063085, 0.08290675152185943, 0.032339513004980634, 0.02557185021213798, 0.030806124331304186, 0.03789660579228925, 0.02791228555617045, 0.0535302527209002, 0.030033665375391993, 0.03343479062903523
U:GCCAT, 0.03786330411889008, 0.0006928326462742924, 0.059860740638098875, 0.08485467835244397, 0.044168081199986144, 0.058908095749471714, 0.06261475040703919, 0.04903523054006305, 0.08568607752797312, 0.05360792600547338, 0.06221637163543147, 0.04562302975716217, 0.07835937229362247, 0.03528250251151834, 0.030501957252225726, 0.03193958499324488, 0.03633907229708664, 0.02833685523261856, 0.05237814805833651, 0.028943083798108567, 0.03278830498493089
U:GCCCA, 0.028707426679280983, 0.00048781929990539263, 0.05428098391674551, 0.08338753547776727, 0.03830120624408704, 0.06635820719016083, 0.06517561494796593, 0.049905392620624406, 0.09649952696310313, 0.0579618022705771, 0.060829588457899715, 0.043711565752128666, 0.0841414380321665, 0.031959555345316935, 0.02510052034058657, 0.03154564806054872, 0.038389900662251654, 0.02722918637653737, 0.053009697256386, 0.027983088930936612, 0.035034295175023655
U:GCCCC, 0.027141133896260553, 0.0002240220575564363, 0.05390315354127176, 0.0798724797518525, 0.03823884197828709, 0.06984318455971049, 0.06458728244011719, 0.044769946579355506, 0.09717387558159572, 0.05969326210580734, 0.057883853179389974, 0.04421850766844736, 0.09179734620024126, 0.02991556091676719, 0.022884714802688264, 0.03139755298983284, 0.03822160951232121, 0.02686541444080648, 0.060003446493193176, 0.026193348268137174, 0.0351714630363605
U:GCCCG, 0.024873903129966145, 0.00017273543840254265, 0.054066192219995854, 0.0785600773854764, 0.03689628964278311, 0.06895598701029504, 0.07092517100808401, 0.043460236302079736, 0.0866095488150349, 0.062150210737234854, 0.05479168106128653, 0.04891867615560009, 0.08595315414910523, 0.03737994887031023, 0.02615214537414496, 0.030435984246528016, 0.04097284598908312, 0.02639397498790852, 0.05703724176051959, 0.029365024528432253, 0.03592897118772887
U:GCCCT, 0.028924302788844617, 0.00046215139442231073, 0.05655776892430279, 0.08213545816733067, 0.040988047808764944, 0.06734661354581674, 0.0641593625498008, 0.04803187250996016, 0.09131474103585657, 0.06127490039840638, 0.05824701195219124, 0.04328286852589641, 0.08605577689243028, 0.0322390438247012, 0.025832669322709164, 0.030693227091633465, 0.039681274900398404, 0.02701195219123506, 0.055713147410358564, 0.02648605577689243, 0.03356175298804781
U:GCCGA, 0.02684098449957906, 0.000495221116228396, 0.0614074184123211, 0.07943346704303471, 0.04244044966077354, 0.06522062100727975, 0.0719061060763631, 0.045807953251126625, 0.07804684791759521, 0.05957510028227605, 0.05610855246867726, 0.05209726142722726, 0.08176100628930817, 0.03833011439607785, 0.02827712573664141, 0.0316446293269945, 0.038627247065814885, 0.027435249839053138, 0.05016589907393651, 0.02862378051800129, 0.03575496459169019
U:GCCGC, 0.02406706327744727, 6.009254251547383e-05, 0.05104861486689502, 0.08151553392224024, 0.03872964365122288, 0.06667267592091822, 0.0746349378042185, 0.041013160266810886, 0.08373895799531278, 0.0668229072772069, 0.05498467640165856, 0.05312180758367886, 0.08187608917733309, 0.03671654347695451, 0.029655669731386336, 0.031518538549366024, 0.03836908839613004, 0.026410672435550748, 0.05360254792380265, 0.028724235322396492, 0.03671654347695451
U:GCCGG, 0.022728053009235416, 0.0002403268445085316, 0.05283757338551859, 0.08167679472654238, 0.04006591822020805, 0.07024410340920795, 0.07381467367047756, 0.03982559137569952, 0.08167679472654238, 0.06245064716585985, 0.057747107494764305, 0.04713839393003055, 0.09091221203694166, 0.034298073952003294, 0.02887355374738216, 0.031860473100559616, 0.04164520891269269, 0.025234318673395817, 0.05348988910632746, 0.026435952895938475, 0.036804339616163695
U:GCCGT, 0.02311178247734139, 0.00030211480362537764, 0.05563947633434038, 0.08006042296072508, 0.0405337361530715, 0.07089627391742195, 0.07321248741188319, 0.04375629405840886, 0.07754279959718026, 0.06364551863041289, 0.05594159113796576, 0.05085599194360524, 0.07905337361530715, 0.03851963746223565, 0.028348439073514604, 0.028549848942598186, 0.04149043303121853, 0.028197381671701913, 0.05226586102719033, 0.03182275931520644, 0.03625377643504532
U:GCCTA, 0.04021244309559939, 0.0007587253414264037, 0.0593913336705446, 0.08434496712190187, 0.04451188669701568, 0.062299780812679145, 0.06242623503625021, 0.049401450008430284, 0.082701062215478, 0.053785196425560615, 0.062299780812679145, 0.04265722475130669, 0.08152082279548138, 0.034564154442758385, 0.028241443264205024, 0.0343955488113303, 0.03587084808632608, 0.02803068622491991, 0.04973866127128645, 0.02815714044849098, 0.034690608666329455
U:GCCTC, 0.029864817823160826, 0.0005366674402413553, 0.057669993037827806, 0.08372012067765143, 0.040351589695985145, 0.06608261777674634, 0.06496576932002784, 0.046428985843583195, 0.09197319563703876, 0.05946855418890694, 0.05890287769784173, 0.04393420747273149, 0.08567823160826178, 0.033911580413088886, 0.025469946623346486, 0.03130076583894175, 0.03749419818983523, 0.027152471571130193, 0.05433395219308424, 0.027181480621954045, 0.03357797632861453
U:GCCTG, 0.03045544792732086, 0.0004813188135491246, 0.056591059503038325, 0.0828590337524818, 0.03990132964322243, 0.06781782082907166, 0.06521869923590638, 0.04886589254557488, 0.08899584862523315, 0.059803862583478744, 0.0585043017868961, 0.044425726490584204, 0.08329222068467601, 0.03313880031285723, 0.02711028217315444, 0.032140063774742794, 0.038601768846639795, 0.02801275494855905, 0.052776607905661514, 0.027735996630768305, 0.03327116298658324
U:GCCTT, 0.03567311066183228, 0.0005848050928169226, 0.06091998195458571, 0.0838610503099467, 0.04452873063877425, 0.06466273454861401, 0.06392755100335845, 0.04942438470149877, 0.08374408929138331, 0.054035990576283645, 0.058781266186569536, 0.04509682701465354, 0.07921602700128658, 0.03560627579408177, 0.03025948637404134, 0.03371819078012999, 0.03741081722334542, 0.028154188039900416, 0.04800414376180053, 0.03084429146685826, 0.031546057578238564
U:GCTAA, 0.04378531073446327, 0.0010479314743940223, 0.06784217240750866, 0.08251321304902497, 0.051895389101512666, 0.05695279752141425, 0.06178239475123018, 0.05112083105522143, 0.07230727173318753, 0.04692910515764535, 0.058638600328048116, 0.05112083105522143, 0.07135046473482777, 0.041324949881538176, 0.03321487151448879, 0.03426280298888281, 0.03439948970293421, 0.032440313468197556, 0.04127938764352104, 0.03408055403681429, 0.03171131765992345
U:GCTAC, 0.038246713439139025, 0.0007152101355493495, 0.06055445814317826, 0.08337306722975274, 0.04512635379061372, 0.06270008854982631, 0.0621551665417887, 0.04894080784687692, 0.08252162659219399, 0.051937878891083714, 0.06171241741025815, 0.047850963830801715, 0.0794564402969825, 0.035351815271439276, 0.02905115455350453, 0.030822151079626724, 0.03759961855459437, 0.02830188679245283, 0.04999659423744976, 0.031128669709147877, 0.032456917103739526
U:GCTAG, 0.040655397110208706, 0.00066106336764567, 0.059023514968363396, 0.08504108036641798, 0.045802247615449994, 0.06407592784965531, 0.06341486448200963, 0.04660496741901974, 0.08593823779393711, 0.05293228822362829, 0.058976296156388705, 0.04561337236755123, 0.07706110114269525, 0.03437529511757484, 0.02762300500519407, 0.03163660402304278, 0.036027953536689014, 0.028520162432713193, 0.04995750306922278, 0.033100387194258195, 0.03295873075833412
U:GCTAT, 0.04762881522809321, 0.0008204791598293403, 0.06301279947489334, 0.08106334099113882, 0.05004922874958976, 0.05636691828027568, 0.059074499507712507, 0.052838857893009517, 0.07917623892353134, 0.050377420413521494, 0.06112569740728586, 0.0467673121102724, 0.07306366918280276, 0.03839842468001312, 0.028634722678043976, 0.03314735805710535, 0.034747292418772564, 0.032121759107318675, 0.048039054808007874, 0.031096160157532, 0.03244995077125041
U:GCTCA, 0.03336467638301207, 0.0005485033693778405, 0.058110014104372346, 0.0813195423914747, 0.0433317661808494, 0.0620592383638928, 0.06754427205767122, 0.04804889515749883, 0.08434414668547249, 0.056981664315937944, 0.05922269236796741, 0.04615264065193543, 0.08092775427049052, 0.03406989500078358, 0.028569189782165806, 0.0308885754583921, 0.037188528443817585, 0.029634853471242752, 0.052954082432220655, 0.031954239147469046, 0.03278482996395549
U:GCTCC, 0.02992599821094576, 0.0003388360304681359, 0.058740614241956035, 0.08157816269550838, 0.04042991515545797, 0.06376894093410317, 0.06696755306172238, 0.04731506329457049, 0.08560353473746984, 0.05723618226667751, 0.05650429644086634, 0.04566154346588599, 0.08561708817868857, 0.0343715269306877, 0.027228863408419398, 0.031118701038193596, 0.03864086091458621, 0.029397414003415466, 0.055636876202867905, 0.029424520885852918, 0.03449350790165623
U:GCTCG, 0.026105165193113077, 0.00046533271288971617, 0.05849232201023732, 0.08068869241507678, 0.04443927408096789, 0.06412284783620288, 0.07380176826430898, 0.03978594695207073, 0.07463936714751047, 0.05909725453699395, 0.0567240577012564, 0.051744997673336436, 0.08203815728245696, 0.03806421591437878, 0.03113075849232201, 0.02940902745463006, 0.0416472778036296, 0.028431828757561655, 0.05253606328524895, 0.029874360167519775, 0.036761284318287575
U:GCTCT, 0.03254283755997259, 0.00045236463331048665, 0.061261137765592874, 0.08179575051405072, 0.04416723783413297, 0.06122001370801919, 0.06563399588759425, 0.04925291295407814, 0.08111034955448938, 0.055284441398217955, 0.0578067169294037, 0.04800548320767649, 0.08115147361206305, 0.03697052775873886, 0.028827964359150103, 0.031007539410555174, 0.0370938999314599, 0.029965729952021933, 0.05063742289239205, 0.033050034270047976, 0.03276216586703221
U:GCTGA, 0.03311284880295646, 0.0005623694499491189, 0.06188741899201971, 0.08250763215682073, 0.044561084034063524, 0.06050827486476354, 0.06757806223555246, 0.049475121846714154, 0.08237373466873761, 0.05658507846392802, 0.06045471586953029, 0.04707835681002624, 0.07958866691660864, 0.03687536821809223, 0.028038134004606075, 0.03149268919715066, 0.03688875796690054, 0.028935247174763, 0.04813614696588293, 0.03102404798885973, 0.03233624337207434
U:GCTGC, 0.028947394634870355, 0.0003586050264471207, 0.05887099184173565, 0.08222016356373706, 0.041070236778929965, 0.06425006723844247, 0.06851348255286933, 0.046668459691798905, 0.08349520365777127, 0.05765571925210929, 0.05696839295141899, 0.04815268605126059, 0.08347528115630198, 0.03478468756537071, 0.027612587036428295, 0.03118867605016486, 0.03904810287979758, 0.02910677464662463, 0.05194792258115929, 0.030680652262698106, 0.03498391258006355
U:GCTGG, 0.02807917533755989, 0.000358128054977496, 0.0571165852006001, 0.08340512026327251, 0.03935536950104051, 0.06531481391859846, 0.06749261965832648, 0.04679862556259982, 0.08742196196099308, 0.05913952475439191, 0.05817161109229057, 0.04748584426269177, 0.0859894497410831, 0.03360596234815855, 0.025959444417557955, 0.0315539853845037, 0.038416493248802204, 0.028205004113633064, 0.05280936940424914, 0.02983109906596332, 0.033489812708706386
U:GCTGT, 0.03217649335569604, 0.0006450780544445879, 0.06101148238936911, 0.08195071603664043, 0.043504063991743, 0.06061153399561347, 0.06703651141788157, 0.05056121790736679, 0.08304734872919624, 0.055063862727390014, 0.05908914978712424, 0.04763256354018836, 0.07939620694103987, 0.035827635143852406, 0.029131724938717584, 0.03184105276738485, 0.037427428718874986, 0.028757579667139724, 0.050664430396077924, 0.03197006837827377, 0.03265385111598503
U:GCTTA, 0.04169347056931489, 0.0007237053715020908, 0.063927307816018, 0.07896429720167257, 0.05037793502733998, 0.058821164361531036, 0.06239948536506915, 0.05053875844322933, 0.07015921518173046, 0.04876970086844645, 0.06091186876809263, 0.04856867159858475, 0.07305403666773883, 0.04273882277259569, 0.03477806368607269, 0.037230620778385334, 0.03638629784496623, 0.032687359279511094, 0.04434705693148922, 0.031843036346091994, 0.03107912512061756
U:GCTTC, 0.034821114781753, 0.0006325999859422226, 0.06176987418289168, 0.08064946931890069, 0.04528010121599775, 0.06296478526744921, 0.06721023406199479, 0.04997539888943558, 0.07996063822309693, 0.05423490546144655, 0.05870527869543825, 0.046840514514655235, 0.07939832712448162, 0.0376748436072257, 0.029127714908273, 0.033330990370422434, 0.03704224362128348, 0.029310466015322976, 0.04960989667533563, 0.029282350460392213, 0.03217825261826105
U:GCTTG, 0.036763509114583336, 0.0006306966145833334, 0.06168619791666668, 0.08087158203125, 0.043782552083333336, 0.06311035156250001, 0.06632486979166666, 0.049072265625, 0.07816569010416667, 0.054300944010416664, 0.0592041015625, 0.04687500000000001, 0.07879638671875, 0.037943522135416664, 0.032958984375, 0.033447265625, 0.036865234375, 0.03125, 0.046101888020833336, 0.030375162760416668, 0.031473795572916664
U:GCTTT, 0.042915305177445004, 0.0006290517045553827, 0.06528158800608083, 0.08030893428157053, 0.05149487148124203, 0.05834454559751175, 0.06570095580911775, 0.050289189047510875, 0.07391357528525748, 0.047563298327770884, 0.059323070471264575, 0.0489786646630205, 0.06884621433189467, 0.04081846616226039, 0.034580370092086185, 0.035209421796641556, 0.03534921106432054, 0.031819532055426446, 0.04328225200510231, 0.03272816229533978, 0.03262332034458054
U:GGCAA, 0.041312898996195425, 0.0007523160587236421, 0.06040023214324098, 0.08335661930657955, 0.04763235388947401, 0.05934698966102788, 0.06418330718139414, 0.05244717666530533, 0.08213141886808675, 0.052705113599724865, 0.05891709477032865, 0.04275304688003783, 0.07609139565376266, 0.03826064527223094, 0.031554284977323044, 0.032800980160350796, 0.037056939578273114, 0.028523525997893515, 0.04868559637168712, 0.03022161081615545, 0.030866453152204286
U:GGCAC, 0.033672431332655135, 0.0005289928789420142, 0.05770091556459817, 0.0819938962360122, 0.04022380467955239, 0.06528992878942014, 0.06349949135300102, 0.04929806714140387, 0.09104781281790437, 0.058942014242115974, 0.05997965412004069, 0.043845371312309256, 0.07936927772126144, 0.03416073245167854, 0.02773143438453713, 0.03228891149542218, 0.037884028484231946, 0.028362156663275687, 0.051169888097660224, 0.029766022380467955, 0.03324516785350967
U:GGCAG, 0.03054983119217784, 0.0005151927039943877, 0.05749331345639497, 0.08291314070241593, 0.04050291577147367, 0.06579120445477267, 0.06502389617222783, 0.04806638312798702, 0.09046564651203577, 0.05765773665979743, 0.057964659972815365, 0.04640022800017538, 0.08419564168895513, 0.03291752532117333, 0.025288288683298986, 0.030769062130047792, 0.03988906914543781, 0.02825886789143684, 0.053514271934055335, 0.027962906125312405, 0.03386021835401412
U:GGCAT, 0.03913286400715164, 0.0007598614370320706, 0.060766566096770586, 0.08450106157112526, 0.045323499832383506, 0.062196893507654484, 0.060006704659738515, 0.05086601854955861, 0.08555145826349313, 0.05211755503408202, 0.05786121354341267, 0.04416135881104034, 0.07907028718292547, 0.03419376466644318, 0.030349759749692704, 0.033858531679517266, 0.03750139680411219, 0.02903117666778411, 0.048564085372667334, 0.03189183148955191, 0.032294111073863
U:GGCCA, 0.030192178886083776, 0.0004121799165335669, 0.05475552578700603, 0.08587510948529033, 0.03842289659436344, 0.0654078005049204, 0.06539491988252873, 0.04804472152094389, 0.09248286877221908, 0.05778247204904941, 0.059482714204750375, 0.04372971301973311, 0.08581070637333196, 0.03227883971353496, 0.026199185944664843, 0.03242052655984337, 0.03755989489412129, 0.02595445411922304, 0.056004946158998405, 0.027062187644907, 0.03472615796795301
U:GGCCC, 0.028115203761755487, 0.00040817659352142114, 0.05273641588296761, 0.08196185997910135, 0.03658894984326019, 0.07188806165099268, 0.0651123301985371, 0.046760710553814006, 0.0964766196447231, 0.05913662486938349, 0.06009992163009405, 0.04235240334378265, 0.08883555381400209, 0.030107105538140024, 0.022988505747126436, 0.03151123301985371, 0.04009926854754441, 0.025682471264367818, 0.058810083594566354, 0.02390282131661442, 0.03642567920585162
U:GGCCG, 0.02042574921009798, 0.00012766093256311238, 0.053681422142788746, 0.08020298088277535, 0.03804295790380749, 0.07021351290971181, 0.0740114256534644, 0.041234481217885297, 0.08380940222768328, 0.061979382759391057, 0.05728784348769668, 0.05087288162640028, 0.08706475600804264, 0.0365748571793317, 0.028213066096447834, 0.03079819998085086, 0.0391919062968755, 0.02610666070915648, 0.05658570835859956, 0.027510930967350716, 0.036064213449079244
U:GGCCT, 0.03101343817851065, 0.0005281380200692448, 0.0546182735754944, 0.0848248342233437, 0.03758582242826125, 0.0693034446335309, 0.06380200692447627, 0.04864737984860044, 0.09161727598145648, 0.05932750425444516, 0.06023707528900886, 0.04247109911390177, 0.08676134029693093, 0.03296461475265536, 0.02611349099231266, 0.03228977172701133, 0.03701367290651957, 0.0263628895017898, 0.055703890616747846, 0.025335954462766267, 0.03347808227216713
U:GGCGA, 0.02695304274584123, 0.00015792798483891344, 0.05506422404716783, 0.08338597599494631, 0.043588123815540114, 0.0642240471678248, 0.07601600336913035, 0.04411455043166983, 0.07933249105074752, 0.06338176458201726, 0.05390608549168246, 0.05132659507264687, 0.08033270162139398, 0.03753421773004843, 0.026531901452937462, 0.029374605180037903, 0.039903137502632136, 0.025847546851968835, 0.0501684565171615, 0.03463887134133502, 0.03421773004843125
U:GGCGC, 0.025927947598253277, 3.898939488459139e-05, 0.0507252027448534, 0.07829070492825951, 0.03973019338739863, 0.06799750467872738, 0.07076575171553337, 0.04062694946974423, 0.08374922021210231, 0.06639893948845914, 0.05470212102308172, 0.0507252027448534, 0.07907049282595136, 0.04070492825951341, 0.03107454772301934, 0.030957579538365563, 0.0403150343106675, 0.02698066126013724, 0.05127105427323768, 0.03247816593886463, 0.03746880848409233
U:GGCGG, 0.02377834652699244, 0.00029760133325397296, 0.05154455091958812, 0.08172132611154098, 0.03975953812273079, 0.0682697458484614, 0.07460865424677103, 0.040176179989286354, 0.08428069757752514, 0.06871614784834236, 0.05455032438545325, 0.04963990238676269, 0.08538182251056485, 0.0352955181239212, 0.027230521992738527, 0.030980298791738588, 0.039253615856199034, 0.02544491399321469, 0.05222903398607226, 0.030117254925302064, 0.036724004523540264
U:GGCGT, 0.023653691583419453, 0.0006889424733034792, 0.057526696520840505, 0.07779308761051786, 0.03938454472384889, 0.06654036054656103, 0.07480767022620279, 0.043116316454242735, 0.07905614881157423, 0.06056952577793088, 0.05764152026639109, 0.050005741187277526, 0.08261568492364221, 0.03909748535997244, 0.031519118153634174, 0.029968997588701342, 0.0399012515788265, 0.026122402112756918, 0.05115397864278333, 0.033700769319095186, 0.03513606613847744
U:GGCTA, 0.03697878566203365, 0.0008046817849305047, 0.06097293343087052, 0.08361375274323336, 0.04385515727871251, 0.06375274323335772, 0.060570592538405264, 0.0471104608632041, 0.08869787856620337, 0.054498902706656915, 0.05877834674469642, 0.04637893196781273, 0.08237015362106803, 0.03288222384784199, 0.026627651792245792, 0.03083394294074616, 0.03540599853694221, 0.029261155815654718, 0.053401609363569864, 0.02988295537673738, 0.033321141185076814
U:GGCTC, 0.02990058550866065, 0.00025920956330812393, 0.05838314222981215, 0.08146804098560624, 0.04159551110026836, 0.06376555257379848, 0.06664735301292998, 0.046108807026103926, 0.08678946084410832, 0.058489875579409614, 0.0587643327640888, 0.04501097828738717, 0.08564588924127836, 0.032980605025616005, 0.027095023176384483, 0.0304647474993901, 0.0386527201756526, 0.028818004391314954, 0.056949865820931936, 0.029183947304220543, 0.033026347889729205
U:GGCTG, 0.02862210510312674, 0.0004560887852835352, 0.05801449348806568, 0.08221760502711195, 0.03992297167181878, 0.06515988445750773, 0.06671058632747173, 0.04844676430345107, 0.09134951603912228, 0.05984898393553945, 0.05858207064308519, 0.04704809202858156, 0.0837176303653778, 0.03284852784675417, 0.025257183398368216, 0.030709978209091368, 0.038179698981401715, 0.027689656919880404, 0.05211574519839862, 0.029301170627882227, 0.03380124664267978
U:GGCTT, 0.03466177513973732, 0.0006056725561112361, 0.06060186547147283, 0.08096976828698496, 0.04473324450135844, 0.06330143457871147, 0.0649280980151245, 0.0510495440150899, 0.08223302818973126, 0.05572187516223371, 0.059753923892917095, 0.046861750912835065, 0.07863360271341305, 0.036565317458944056, 0.03139114333673664, 0.03440220118711822, 0.036409573087372596, 0.030006748922768098, 0.048574939000121144, 0.02732448474570405, 0.031270008825514395
U:GGTAA, 0.042860224331320106, 0.001100086281276963, 0.06509922346850733, 0.08140638481449526, 0.052976704055220016, 0.062251941328731665, 0.0635030198446937, 0.052006039689387405, 0.06874460742018981, 0.04911561691113028, 0.06076358930112167, 0.04659188955996549, 0.0700388265746333, 0.04020707506471096, 0.0315358067299396, 0.03524590163934426, 0.034210526315789476, 0.03291630716134599, 0.04406816220880069, 0.03399482312338223, 0.031363244176013806
U:GGTAC, 0.036923659544923784, 0.0006942910341780541, 0.061286963107899134, 0.08167387256603655, 0.04345630700287184, 0.059393442105595357, 0.067724934515732, 0.049263104743270114, 0.08044308391453908, 0.05308170543124941, 0.06213904755893583, 0.046012560355981946, 0.07968567551361758, 0.03578754694354151, 0.02963360368605422, 0.03379934989112254, 0.03720768769526935, 0.02805566951746773, 0.04910531132641146, 0.02878151923501751, 0.035850664310284976
U:GGTAG, 0.03683701434789618, 0.0006985867053576225, 0.05881562684722446, 0.08248696867107314, 0.042210758235262505, 0.06478048256220109, 0.06295340964049653, 0.049116019130528245, 0.0861948519533559, 0.054113600945778925, 0.05989037562469773, 0.04411843731527755, 0.08036433983556343, 0.033639636734913214, 0.028212155408673223, 0.0333709495405449, 0.037428126175506476, 0.029421247783330648, 0.0512117792466011, 0.030522865280240744, 0.033612768015476385
U:GGTAT, 0.04837638376383764, 0.000922509225092251, 0.06372693726937269, 0.08313653136531365, 0.05070110701107011, 0.056309963099630995, 0.061660516605166055, 0.051365313653136534, 0.07789667896678967, 0.04915129151291514, 0.061439114391143905, 0.048191881918819186, 0.0685239852398524, 0.036642066420664206, 0.0303690036900369, 0.03328413284132842, 0.03568265682656827, 0.031180811808118082, 0.048339483394833946, 0.03125461254612546, 0.031845018450184504
U:GGTCA, 0.03292864830164455, 0.000396503219228518, 0.057983875535751385, 0.07905518947189548, 0.044823744878500084, 0.06372373166172611, 0.06634820535090535, 0.04761814851877727, 0.08683420501104544, 0.055944716122576135, 0.06077827917602855, 0.04627759001567132, 0.08049015350338916, 0.03423144459339539, 0.027811868663028906, 0.030908369994146857, 0.03746011366425618, 0.027453127655155486, 0.05656779260993524, 0.03011536355568982, 0.0322489284972528
U:GGTCC, 0.031096629671112923, 0.0005702066999287242, 0.05871092556766114, 0.0790143569901232, 0.04131962121983505, 0.06630689339171164, 0.06583850931677018, 0.047775175644028105, 0.08901333876387334, 0.0615415945423073, 0.05862946746767131, 0.04398737399450158, 0.08343345891457082, 0.031218816821097648, 0.02604622747174422, 0.030424600346196925, 0.03914061704510742, 0.026168414621728947, 0.056491192342938604, 0.029223093371347115, 0.034049485795743815
U:GGTCG, 0.02687562047936463, 0.0003545596369309318, 0.05836051623883137, 0.07474117146504042, 0.04474542618068359, 0.06587718054176714, 0.07346475677208907, 0.044107218834207915, 0.08069777336548008, 0.06013331442348603, 0.05800595660190044, 0.051694795064529855, 0.08069777336548008, 0.03885973620763012, 0.029144802155722592, 0.03134307190469437, 0.03708693802297546, 0.025031910367323783, 0.05488583179690824, 0.033257693944121404, 0.030633952630832507
U:GGTCT, 0.03322286155785536, 0.0005286379440050423, 0.059390439786104955, 0.08210153914970619, 0.04363296260903157, 0.06197263282028343, 0.06473781591200212, 0.04981396010816746, 0.0899701116239351, 0.054632698290059574, 0.057865522639936565, 0.045666185470589434, 0.08065795091800011, 0.03560173230587805, 0.029420734806742167, 0.031108309781835188, 0.03710631722343086, 0.028709106805196918, 0.05312811337250677, 0.028566781204887867, 0.032165585669845266
U:GGTGA, 0.03268395889432324, 0.0005083255481672803, 0.05770181898115074, 0.0802879595537726, 0.04276803868769578, 0.061479914271583225, 0.06736000439632907, 0.05017310545694345, 0.08747320986975875, 0.05706984667802385, 0.06077924932681211, 0.0452547123152168, 0.08306314227619938, 0.03198329394955213, 0.029304280925427268, 0.03082925756992911, 0.037162719129526844, 0.02768313458262351, 0.05433587954058361, 0.029015771830521515, 0.03308237621585976
U:GGTGC, 0.030566240641932415, 0.0003515738098192497, 0.05712040368945692, 0.08216486743599288, 0.03896265045290979, 0.06258013814782645, 0.06655085411754973, 0.046821359142987136, 0.08750051702030856, 0.06102907722215328, 0.059105761674318566, 0.04624229639740249, 0.08381933242337758, 0.03393721305372875, 0.028125904785539977, 0.02887041402986309, 0.03937626669975597, 0.02698846010671299, 0.05306696447036441, 0.03246887537742483, 0.034350829300574925
U:GGTGG, 0.03098256835505442, 0.0005561946175529965, 0.056580161549254826, 0.08173532720676535, 0.039376050765399635, 0.06623772263585685, 0.06627564499614456, 0.04732710563905498, 0.09201228684473321, 0.05808441517400043, 0.057717832357885954, 0.04508968638208042, 0.08676636033826746, 0.03256266670037543, 0.02518044723103566, 0.0281763136937643, 0.038769293000796366, 0.026684700855781264, 0.055796432769975604, 0.030565422391889672, 0.03352336649433061
U:GGTGT, 0.03274022852806004, 0.0006113758063836067, 0.05812286545515875, 0.08078593414006831, 0.04319686300965552, 0.06223384070497955, 0.06541721128304592, 0.04796137791457604, 0.08574018636421132, 0.05706876923725598, 0.06316144537673397, 0.04553695661339967, 0.07884639709912722, 0.033035375469072814, 0.030800691487118944, 0.03191803347809588, 0.036766876080448624, 0.02816545094236202, 0.0534637601720285, 0.03221318041910866, 0.03221318041910866
U:GGTTA, 0.04154780528204656, 0.0006901628784393117, 0.06418514769485599, 0.07955277445477132, 0.051532161590135274, 0.06091837673690991, 0.06248274592803902, 0.047437195178062025, 0.07582589491119904, 0.05024385755038189, 0.05995214870709487, 0.04642495628968436, 0.072191037084752, 0.03818901260697525, 0.031149351246894268, 0.034002024477776754, 0.034094046194902, 0.03174749240820834, 0.04964571638906782, 0.03423207877058986, 0.03395601361921413
U:GGTTC, 0.03526435489229039, 0.0007155086499885007, 0.062223698668642836, 0.08305011115937955, 0.048220172233153606, 0.06189149822400532, 0.06439577849896506, 0.048245726113510336, 0.08098024685048424, 0.05368870262949429, 0.058211739452635886, 0.04622696956532849, 0.08013696879871209, 0.03403776863516725, 0.02841591495668617, 0.03135461119771037, 0.038944113663659824, 0.028288145554902513, 0.051644392200955715, 0.031635703881634426, 0.032427874172693126
U:GGTTG, 0.03654607869025614, 0.0007129654079746501, 0.059757063638764193, 0.08407710588856615, 0.043543702138896224, 0.060813308687615523, 0.06440454185371006, 0.04996039081066808, 0.08661209400580935, 0.053894903617639295, 0.05830472669659361, 0.044705571692632694, 0.07845260100343279, 0.034090308951676786, 0.02981251650382889, 0.032136255611301824, 0.036836546078690253, 0.030182202270926856, 0.05030367045154476, 0.030551888038024822, 0.03430155796144706
U:GGTTT, 0.04340303163230492, 0.0006092508651362286, 0.06282594921284788, 0.08241945703562899, 0.055198128381342304, 0.05863430326071063, 0.06255787883218794, 0.05078715211775601, 0.06991762928303358, 0.050080421114197984, 0.06180240775941902, 0.050762782083150555, 0.06872349758736658, 0.03884583516108593, 0.03484914948579227, 0.03394745820539065, 0.03436174879368329, 0.030170102841546035, 0.04464590339718282, 0.03441048886289418, 0.031047424087342203
U:GTCAA, 0.04495162904481263, 0.0006115867897253419, 0.0631046369398421, 0.08017346825308573, 0.05167908373179139, 0.05854553541643501, 0.0628266429445124, 0.05095629934393417, 0.07558656733014567, 0.05001111975981319, 0.06090848437673746, 0.048871344378961415, 0.07008228622261758, 0.03822417435783387, 0.03241409985544312, 0.03297008784610252, 0.03513844100967419, 0.030440342488602248, 0.04792616479484044, 0.03194151006338263, 0.03263649505170688
U:GTCAC, 0.032421372371168815, 0.0006328179382791571, 0.0589364439850655, 0.08024131457379712, 0.04461366464868057, 0.05965363764844854, 0.0656232201995486, 0.050751998649988396, 0.08372181323433248, 0.055730166431117764, 0.061594279325837956, 0.0469972788828654, 0.07764676102685257, 0.03585968316915223, 0.030839327525470923, 0.031640896913957856, 0.0362604678633957, 0.029658067374016495, 0.053452021853312805, 0.03286434492796422, 0.030860421456746893
U:GTCAG, 0.031933416910433214, 0.00048753308260203373, 0.05930491711937595, 0.08113943446162418, 0.04568881459813345, 0.0632748293634211, 0.06510307842317871, 0.04793494915726424, 0.08293285972976738, 0.055648418999860706, 0.06059339740910991, 0.04758671124111993, 0.0793634210892882, 0.03663462877838139, 0.028015740353809722, 0.03155035520267447, 0.03848028973394623, 0.02872962808190556, 0.05258392533779078, 0.031010586432650786, 0.032003064493662074
U:GTCAT, 0.04024706986489731, 0.0006329528341008796, 0.061571032586157974, 0.08012309841325273, 0.048584586507191656, 0.05762053386297662, 0.06643822162079577, 0.052644215029355915, 0.08055961760918437, 0.05063622672807037, 0.06270598249558024, 0.04655477224610952, 0.06973394155007967, 0.03642752690049546, 0.03180042342362006, 0.03452866839819281, 0.036405700940698865, 0.030534517755418294, 0.04655477224610952, 0.03444136455900648, 0.0312547744287055
U:GTCCA, 0.03320408882622489, 0.0005111032781106803, 0.061103278110680295, 0.08121254846669017, 0.04617553753965457, 0.06424039478322172, 0.06478674656327106, 0.04908353894959464, 0.08168840324286218, 0.05634473034896017, 0.056503348607684176, 0.045347197744095874, 0.07837504406062742, 0.03459640465280226, 0.029714487134296787, 0.02989072964399013, 0.03872047937962637, 0.02886852308776877, 0.053207613676418755, 0.03304547056750088, 0.03338033133591822
U:GTCCC, 0.029041721632636987, 0.00043316466163933136, 0.05560259111224872, 0.07999763728366378, 0.04215479729862766, 0.06623481462521412, 0.06710114394849279, 0.0480418988363622, 0.09051172497981846, 0.06154876055838863, 0.05851660792691331, 0.04563980389454409, 0.08299041130953554, 0.03242828171454449, 0.0245131819882258, 0.03105003051841934, 0.03729153950658607, 0.026521490874008152, 0.0562720274075095, 0.02961271141388883, 0.03449565850873221
U:GTCCG, 0.02539409924553763, 0.00018401521192418574, 0.05906888302766362, 0.0778997730479053, 0.04164877629884071, 0.06501870821321229, 0.07293136232595228, 0.045451757345273874, 0.0790038643194504, 0.05992762068330982, 0.06047966631908238, 0.04913206158375759, 0.08023063239894498, 0.03833650248420536, 0.028154327424400417, 0.029135741887996076, 0.04183279151076489, 0.02803165061645096, 0.053548426669938046, 0.032693369318530334, 0.03189597006685886
U:GTCCT, 0.031475136883224994, 0.0004642822836284461, 0.061717524254746886, 0.08038487400339406, 0.04396272933943838, 0.06467932502961801, 0.06636034709103135, 0.0483654061669495, 0.08297845089814607, 0.05774711024302776, 0.05878774294771221, 0.0444110018891486, 0.08123338990105984, 0.035733726105472124, 0.02830520956741699, 0.03181134129550767, 0.03856744900899747, 0.028129102494316546, 0.05358457942428997, 0.03006628029842144, 0.03123499087445167
U:GTCGA, 0.03435512954351334, 0.00037961469108854513, 0.05988421751921799, 0.07810572269146816, 0.050678561260320776, 0.05884027711872449, 0.06908987377811521, 0.04441491885735978, 0.07468919047167126, 0.05665749264496535, 0.05646768529942109, 0.04802125842270096, 0.08190186960235361, 0.04033406092815792, 0.03179273037866565, 0.03150801936034925, 0.04061877194647433, 0.028945620195501565, 0.05134288696972573, 0.03312138179747556, 0.02885071652272943
U:GTCGC, 0.02839023670820736, 0.0002212226237003171, 0.057296659538382116, 0.0784602905390458, 0.040704962760858346, 0.06503945136789323, 0.07499446943440749, 0.04505567436029791, 0.0776491409188113, 0.06651426885922868, 0.05486321067767864, 0.04970134945800458, 0.07838654966447903, 0.04033625838802448, 0.026767937467738367, 0.030749944694344077, 0.03333087530418111, 0.02839023670820736, 0.05080746257650616, 0.03613302853771846, 0.03620676941228523
U:GTCGG, 0.02400544453381179, 0.0005568273216605828, 0.06106539627544391, 0.0775846068180412, 0.04343253108952546, 0.06675740889686321, 0.07387242467363732, 0.04516488275691394, 0.0779558250324816, 0.06360205407411991, 0.055868341273278485, 0.05215615912887459, 0.07944069789024315, 0.03848295489698694, 0.028521932809503183, 0.029140629833570502, 0.03848295489698694, 0.026294623522860855, 0.053331683474602494, 0.03087298150095898, 0.03340963929963497
U:GTCGT, 0.027484794826391563, 0.00046192932481330356, 0.060281776888136115, 0.07429363307413965, 0.04888752020940796, 0.059819847563322814, 0.07129109246285319, 0.04303641542843945, 0.07437062129494187, 0.06174455308337824, 0.05820309492647626, 0.04911848487181461, 0.07336977442451303, 0.04049580414196628, 0.03202709985372238, 0.0316421587497113, 0.04072676880437293, 0.030179382554469166, 0.04958041419662792, 0.04049580414196628, 0.03248902917853568
U:GTCTA, 0.04310846501633913, 0.0008057657012399839, 0.06441649133801872, 0.08205380724293836, 0.05125565155109898, 0.05801513048927884, 0.06293925421907874, 0.04789829446259904, 0.07918886252741841, 0.052643359147678946, 0.059268543802318815, 0.046152468776579074, 0.07037020457495859, 0.038766283181879226, 0.03352880612381933, 0.03290209946729934, 0.03558798513809929, 0.0299923899905994, 0.0451228792694391, 0.03397645373561932, 0.03200680424369936
U:GTCTC, 0.030964653902798234, 0.0005154639175257732, 0.060732695139911634, 0.08217967599410898, 0.04480854197349043, 0.06119293078055964, 0.06767304860088365, 0.05003681885125185, 0.08536450662739323, 0.05419734904270987, 0.05808173784977909, 0.04663107511045656, 0.07945508100147275, 0.036450662739322535, 0.029491899852724594, 0.03159057437407953, 0.03643225331369661, 0.029473490427098674, 0.05412371134020619, 0.029602356406480117, 0.03100147275405007
U:GTCTG, 0.029928140454203542, 0.0007362002464670391, 0.06065649856761039, 0.08075796616679737, 0.044652145383544325, 0.06278507754109118, 0.06726629643262967, 0.050509738648912506, 0.08376678456540179, 0.05475089224269001, 0.059264119840596645, 0.047901029079909736, 0.07688491269625337, 0.0354656466558904, 0.030216218811516732, 0.03256885872957444, 0.038250404109917896, 0.030008162220123875, 0.051966134788662514, 0.030584318934750252, 0.0310804538834563
U:GTCTT, 0.038035911898047337, 0.0006068611002034769, 0.06488059115410702, 0.08103380573305251, 0.051047727840645415, 0.059418841252275735, 0.06475564916288866, 0.05233284546460572, 0.07878484989112199, 0.052814764573590835, 0.05741976939278192, 0.047870631492521326, 0.0716631563916753, 0.038107307321600684, 0.033591546781851285, 0.032931139113982794, 0.03555492092956842, 0.031235497804590725, 0.045835861921250845, 0.03157462606646914, 0.030503694713168886
U:GTTAA, 0.04852293057555526, 0.0008290788497621852, 0.06335907841340489, 0.07893703364314701, 0.05925731989352882, 0.054457389710695116, 0.06506087184186411, 0.04917746650957804, 0.06257363529257756, 0.04289392154295937, 0.06287908539512152, 0.04786839464153249, 0.06305362831086093, 0.044246629139939785, 0.037221276781428635, 0.03503949033468604, 0.03460313304533752, 0.03364314700877078, 0.04210847842213204, 0.04088667801195618, 0.03338133263516167
U:GTTAC, 0.04095153401511783, 0.0007114273010226768, 0.06660738105824811, 0.07976878612716763, 0.052245442418852824, 0.05695864828812806, 0.0637616718541574, 0.051089373054690974, 0.07136505113383726, 0.04864384170742552, 0.06020453534904402, 0.049933303690529125, 0.06834148510449088, 0.040284570920409074, 0.031036016007114274, 0.033970653623832815, 0.03601600711427301, 0.03312583370386839, 0.04508670520231214, 0.03717207647843485, 0.03272565584704313
U:GTTAG, 0.04200151630022744, 0.0008086934546373515, 0.06444275966641395, 0.08061662875916098, 0.05534495830174375, 0.05974222896133435, 0.06469547637098812, 0.05054334091483447, 0.07187263078089462, 0.047915087187263075, 0.060449835734142025, 0.04847106393732626, 0.0694970937578974, 0.039625979277230224, 0.03189284811726055, 0.03421784179934294, 0.034521101844831946, 0.03169067475360121, 0.04478140005054334, 0.03447055850391711, 0.0323982815264089
U:GTTAT, 0.051645569620253164, 0.001334867663981588, 0.06347525891829689, 0.07990794016110472, 0.05588032220943613, 0.052888377445339474, 0.05928653624856157, 0.05334867663981588, 0.06517836593785961, 0.041703107019562716, 0.06600690448791714, 0.050264672036823936, 0.06324510932105869, 0.04345224395857307, 0.0361795166858458, 0.034200230149597236, 0.03286536248561565, 0.03245109321058688, 0.044833141542002304, 0.03903337169159954, 0.03281933256616801
U:GTTCA, 0.039892910877068775, 0.000907159925657138, 0.06272678998141429, 0.0816443933091424, 0.04984954420745199, 0.0604257013895035, 0.06801486857244003, 0.05124347287370564, 0.07106823612709089, 0.05000442517036906, 0.06080184087087353, 0.047614833171077085, 0.07186476679352155, 0.03976015576599699, 0.03159571643508275, 0.03279051243472874, 0.03608726435967785, 0.030577927250199134, 0.04768121072661297, 0.03360916895300469, 0.03183910080538101
U:GTTCC, 0.034966914805624486, 0.0005169561621174525, 0.06294458229942101, 0.08099669148056245, 0.04820099255583127, 0.060669975186104216, 0.0630686517783292, 0.04849048800661704, 0.08188585607940446, 0.05361869313482217, 0.06009098428453267, 0.047539288668320925, 0.07909429280397022, 0.03546319272125723, 0.027750206782464846, 0.03300248138957816, 0.03746898263027295, 0.02956989247311828, 0.051426799007444166, 0.030190239867659223, 0.03304383788254756
U:GTTCG, 0.03747839534249068, 0.00036386791594651143, 0.061675611752933686, 0.07750386609660694, 0.051851178022377875, 0.06158464477394706, 0.07104521058855635, 0.04366414991358137, 0.07213681433639589, 0.05476212134994997, 0.05403438551805695, 0.05266988083325753, 0.07532065860092786, 0.03902483398526335, 0.03165650868734649, 0.03129264077139998, 0.03738742836350405, 0.029109433275720912, 0.04684799417811335, 0.03938870190120986, 0.031201673792413353
U:GTTCT, 0.03815177335712261, 0.0008003868536459288, 0.0641643461006153, 0.08130596454953228, 0.04875689916793117, 0.057461106201330645, 0.06419769555285054, 0.05115805972886895, 0.07683713795000917, 0.051608277334044786, 0.0594120491570926, 0.04670590785546347, 0.07050074202531223, 0.03795167664371113, 0.03181537743242568, 0.035183672108185626, 0.03628420403194878, 0.031181737839955977, 0.04900702005969552, 0.035050274299244635, 0.03246569175101299
U:GTTGA, 0.04258358746119399, 0.0007417786202917662, 0.06192477815324597, 0.08272205280364846, 0.05110030495343278, 0.056677381246737546, 0.06255666364460562, 0.051457457622462156, 0.07849116733976208, 0.04903980878595566, 0.06041374763042941, 0.04796835077886755, 0.07225473227286464, 0.03766586994148191, 0.03236352647050743, 0.034039396686722165, 0.03541306079837358, 0.031264595181186294, 0.04458913706420506, 0.03321519821973131, 0.033517404324294627
U:GTTGC, 0.039565719846724655, 0.0005170001824706526, 0.06252661030350952, 0.08518338300589988, 0.04744236968554224, 0.05915090322973055, 0.06182713946840217, 0.04923666443646981, 0.07782373334955295, 0.05471078401557083, 0.06012408004379296, 0.045921780913569736, 0.07286661395292257, 0.03859254303266225, 0.03196277598686211, 0.03190195243598321, 0.03600754212030898, 0.032297305516696066, 0.04786813454169455, 0.03196277598686211, 0.032510187944772215
U:GTTGG, 0.03662376779846659, 0.0009811975173420954, 0.06092552026286966, 0.08041255932822197, 0.04753103322380431, 0.05878057685286601, 0.06380065717415115, 0.05239138371668492, 0.08438298649142023, 0.05453632712668857, 0.05791347207009857, 0.04515790434465133, 0.07954545454545454, 0.03450164293537788, 0.029367469879518073, 0.03415936473165389, 0.03721705001825484, 0.028021175611537056, 0.04953906535231836, 0.03048557867834976, 0.033725812340270174
U:GTTGT, 0.04183626152815704, 0.0006440311195836984, 0.0628831985161523, 0.08279664073368025, 0.05098150342624556, 0.05749909835643258, 0.06569117419753723, 0.05087845844711217, 0.07375444381472512, 0.049925292390128294, 0.056880828481632235, 0.0473491679117935, 0.07012210830027307, 0.0367612963058375, 0.032974393322685355, 0.03397908186923592, 0.035911175227987015, 0.030836210005667473, 0.047606780359626975, 0.03879643464372198, 0.03189242104178474
U:GTTTA, 0.048285383782976976, 0.0007836113287809246, 0.06511436993917684, 0.07862233665435278, 0.05992760923915071, 0.0562707563715064, 0.06578603679241762, 0.051382514272920635, 0.06227844322549349, 0.045412142244113586, 0.05985297958879062, 0.050710847419679836, 0.059106683085189744, 0.0437329751110116, 0.03645658420090302, 0.037501399305944254, 0.03477741706780104, 0.03395649091384007, 0.03891936266278592, 0.03709093622896377, 0.03403112056420016
U:GTTTC, 0.04274402068519716, 0.0007272139625080802, 0.06559065934065934, 0.07995313510019392, 0.055753070458952815, 0.05680349062702004, 0.06502504848093084, 0.05205639948287006, 0.0697721396250808, 0.04813752424046542, 0.05757110536522301, 0.0515513897866839, 0.06904492566257273, 0.0400775694893342, 0.033916451195862965, 0.03409825468648998, 0.03407805429864253, 0.03118939883645766, 0.045168067226890755, 0.03401745313510019, 0.03272462831286361
U:GTTTG, 0.04178839619987449, 0.0009521954597589214, 0.06403514466878747, 0.08204029518059253, 0.05178644852734317, 0.059230885758185636, 0.06676188621264256, 0.04979549438421087, 0.07132809625830466, 0.04895150295397001, 0.06033456685926984, 0.049276115042524174, 0.06966175420372654, 0.04023025817481443, 0.03425739574541756, 0.03308879222662252, 0.0365296803652968, 0.029994156982406026, 0.044601700967344025, 0.03473349347529702, 0.030621740353610767
U:GTTTT, 0.04867864693446089, 0.0007928118393234672, 0.067353770260747, 0.0812015503875969, 0.05886187455954898, 0.054334038054968295, 0.06344256518675123, 0.050775193798449615, 0.0618569415081043, 0.04383368569415081, 0.060993657505285404, 0.05295983086680761, 0.06277307963354475, 0.04289992952783651, 0.03742071881606766, 0.03555320648343904, 0.0344785059901339, 0.03368569415081043, 0.04029245947850599, 0.03757928118393235, 0.030232558139534887
U:TACAA, 0.04770375161707632, 0.0010510996119016817, 0.0650603708495041, 0.07861686071582578, 0.053929495472186284, 0.056732427770590774, 0.06376670978870203, 0.050479732643380765, 0.07066623544631306, 0.04490081931867184, 0.06026304441569642, 0.048970461405778355, 0.06630012936610608, 0.042744717550668394, 0.034821043553255715, 0.03498275118585597, 0.03471323846485554, 0.03134432945235015, 0.043580206985769726, 0.03692324277705908, 0.03244933160845192
U:TACAC, 0.03949062315159528, 0.0006958700114818552, 0.063393758045997, 0.0797119098152465, 0.04728436728019206, 0.05928812497825405, 0.06189763752131102, 0.049511151316934, 0.08346960787724853, 0.04919800981176716, 0.0648550850701089, 0.04787585678995164, 0.07223130719181657, 0.03594168609303782, 0.032288368532758085, 0.03416721756375909, 0.035628544587870986, 0.030026790995442053, 0.04700601927559932, 0.03371490205629588, 0.03232316203333218
U:TACAG, 0.040152221186703946, 0.0009707983845914881, 0.06339313451382417, 0.08313917365641503, 0.050170860515688094, 0.05859739049394221, 0.06294656725691207, 0.050636843740292016, 0.07745029512270891, 0.04811276794035415, 0.060713730972351665, 0.04791860826343585, 0.07238272755514136, 0.03846303199751475, 0.03252174588381485, 0.03337604846225536, 0.036016620068344204, 0.030813140726933832, 0.0463847468157813, 0.033123640882261565, 0.03271590556073315
U:TACAT, 0.049172374429223745, 0.0008561643835616438, 0.06269977168949771, 0.08661529680365297, 0.04922945205479452, 0.052054794520547946, 0.06181506849315069, 0.055222602739726026, 0.07662671232876712, 0.044463470319634706, 0.0651255707762557, 0.04894406392694063, 0.06618150684931506, 0.037585616438356166, 0.0348458904109589, 0.03321917808219178, 0.033133561643835616, 0.03002283105022831, 0.043692922374429226, 0.034674657534246575, 0.033818493150684935
U:TACCA, 0.04637310697405229, 0.0010610591299315135, 0.0597810359795505, 0.08428185588887817, 0.04900163981865535, 0.057996527442847494, 0.06011864570271053, 0.05269123179318993, 0.07994115944824925, 0.05064145847400405, 0.062192534002122116, 0.0453602778045722, 0.07258609047940581, 0.03491849136683708, 0.03166296903636539, 0.03477380148548278, 0.03409858203916273, 0.03050544998553101, 0.04661425677630944, 0.03236230346291116, 0.03303752290923122
U:TACCC, 0.037794127854515164, 0.0006594016797390157, 0.06069965988755465, 0.08225168320955091, 0.0452210730894704, 0.06243492746581523, 0.0632678559033803, 0.0485874921912959, 0.08846394113972375, 0.05198861664468661, 0.059311445824946206, 0.04480460887068786, 0.08041229957659471, 0.03449711945582009, 0.028076629416255987, 0.030887762893038108, 0.03689178871381967, 0.028909557853821058, 0.05132921496494759, 0.029083084611647117, 0.03442770875268966
U:TACCG, 0.03138785205293519, 0.00025449609772650153, 0.05912792670512385, 0.08177807940278249, 0.04513064133016627, 0.06396335256192738, 0.06871394638615541, 0.045639633525619276, 0.07592466915507295, 0.05904309467254835, 0.06006107906345437, 0.04665761791652528, 0.07719714964370546, 0.03987105531048524, 0.02672209026128266, 0.0335086528673227, 0.038853070919579236, 0.028758059043094673, 0.04903291482863929, 0.03469630132337971, 0.0336783169324737
U:TACCT, 0.0406876508546377, 0.0009687535917770882, 0.06534981856394595, 0.08086629558478235, 0.048191386302809384, 0.062148005845360656, 0.06635141126052904, 0.05086777334449863, 0.07094888593336945, 0.04988260020031854, 0.060850861205523535, 0.04707485673940528, 0.07288639311692363, 0.03873372411868053, 0.030474689259970777, 0.0351214225900202, 0.03654992364908133, 0.03172257524259889, 0.04677930479615126, 0.03124640822291185, 0.032297259576703936
U:TACGA, 0.035916824196597356, 0.0008895807850550428, 0.05704436784165462, 0.07683754030912933, 0.04714778160791727, 0.05804514622484154, 0.07216724118759035, 0.04737017680418103, 0.07183364839319471, 0.05648837985099522, 0.062048259757589236, 0.0514844879350606, 0.07283442677638163, 0.04336706327143334, 0.032358501056377185, 0.028355387523629486, 0.04036472812187257, 0.03424886022461915, 0.045702212832202826, 0.03324808184143223, 0.0322473034582453
U:TACGC, 0.02811188811188811, 0.00013986013986013986, 0.0579020979020979, 0.07944055944055944, 0.04251748251748252, 0.06265734265734266, 0.07244755244755245, 0.043636363636363626, 0.07454545454545454, 0.06013986013986014, 0.05972027972027972, 0.04979020979020979, 0.07678321678321678, 0.03958041958041958, 0.03090909090909091, 0.031048951048951053, 0.04153846153846154, 0.028811188811188812, 0.047412587412587415, 0.03370629370629371, 0.039160839160839164
U:TACGG, 0.03192747339377217, 0.0002956247536460386, 0.06001182499014584, 0.08080409932991722, 0.04690579424517146, 0.06424911312573907, 0.076566811194324, 0.04710287741426882, 0.076566811194324, 0.05616870319274734, 0.05764682696097753, 0.049270792274339774, 0.07853764288529759, 0.03665746945210879, 0.030942057548285377, 0.03005518328734726, 0.03774142688214426, 0.031237682301931417, 0.04710287741426883, 0.028478517934568386, 0.03173039022467481
U:TACGT, 0.034039887229821444, 0.001357418815913125, 0.06317218335595698, 0.07277853189934218, 0.04991124569280568, 0.05836900908426439, 0.06787094079565625, 0.051059830844732174, 0.07194319724339564, 0.05554975462044481, 0.058055758588284434, 0.055863005116424766, 0.07006369426751592, 0.039573979325467266, 0.03685914169364102, 0.030594131774041976, 0.03518847238174794, 0.03048971494204866, 0.04907591103685914, 0.03591939020570116, 0.03226480108593505
U:TACTA, 0.05578602620087336, 0.0016375545851528383, 0.06206331877729258, 0.07882096069868996, 0.056495633187772926, 0.0550764192139738, 0.060971615720524015, 0.0513646288209607, 0.06975982532751092, 0.04448689956331878, 0.06397379912663756, 0.04798034934497816, 0.06593886462882097, 0.04093886462882096, 0.03406113537117904, 0.0324235807860262, 0.03367903930131004, 0.03302401746724891, 0.03804585152838428, 0.041539301310043665, 0.03193231441048035
U:TACTC, 0.04283188159014998, 0.001080620865806536, 0.06460802934049381, 0.08193070928024102, 0.05144410242975964, 0.059139432837775875, 0.06352740847468727, 0.05200078590608422, 0.07482480843539197, 0.050658196345536706, 0.05985984674831358, 0.0468269041849499, 0.07197589888008384, 0.036118933787412405, 0.03140349728207479, 0.031305259021546926, 0.03687209378479272, 0.03166546597681577, 0.04515685375597616, 0.03510380509529111, 0.03166546597681577
U:TACTG, 0.04591139734582357, 0.00078064012490242, 0.06308548009367682, 0.08172326307572209, 0.04971701795472287, 0.05879195940671351, 0.06481752537080405, 0.0507416081186573, 0.07618559718969554, 0.04961943793911007, 0.05920667447306792, 0.04598458235753318, 0.06940378610460578, 0.037348750975800156, 0.03054254488680718, 0.0353483606557377, 0.03644613583138173, 0.030688914910226385, 0.0470335675253708, 0.03417740046838408, 0.03244535519125683
U:TACTT, 0.05083225121001062, 0.0012041081336323929, 0.06384134104592137, 0.07996694605123363, 0.05668752213434069, 0.05720694132924094, 0.06270806280250266, 0.04858930468657774, 0.06653287687404084, 0.04738519655294534, 0.06478573958210365, 0.04866013457679141, 0.06504544917955377, 0.0416243654822335, 0.03532050525321686, 0.03473025616810294, 0.03409278715617991, 0.032440089717860936, 0.04160075551882894, 0.03574548459449888, 0.030999881950182977
U:TATAA, 0.0598404255319149, 0.0011778115501519756, 0.0648936170212766, 0.07925531914893617, 0.06196808510638298, 0.05208966565349544, 0.06242401215805472, 0.052013677811550155, 0.056838905775075985, 0.040577507598784195, 0.06432370820668692, 0.05189969604863222, 0.05797872340425532, 0.046770516717325225, 0.035790273556231, 0.03639817629179331, 0.03240881458966565, 0.03332066869300912, 0.04061550151975684, 0.0375, 0.031914893617021274
U:TATAC, 0.05572636433512682, 0.00104315361809597, 0.06231470297573295, 0.08592291643790491, 0.05243219501482376, 0.05314593170088942, 0.06242450861974305, 0.05199297243878336, 0.0719226968266169, 0.03898100362358625, 0.06555396947403097, 0.046283078950258044, 0.06319314812781376, 0.04068299110574283, 0.033051498847040735, 0.0336554298890963, 0.03403974964313166, 0.032996596025035685, 0.04430657735807621, 0.03480838915120237, 0.035522125837268034
U:TATAG, 0.05568233683249658, 0.0011156752370809879, 0.06379633855672194, 0.08215426745778183, 0.05588518687560221, 0.05177747350271311, 0.06009432527004412, 0.05218317358892439, 0.06983112733911456, 0.046452659871190224, 0.06389776357827476, 0.047314772554389165, 0.06475987626147371, 0.041584258836655, 0.033267407069324004, 0.03306455702621837, 0.033622394644758864, 0.03179674425680815, 0.04325777169227649, 0.03423094477407576, 0.03423094477407576
U:TATAT, 0.06715194176698797, 0.001119865616126065, 0.06275246970363556, 0.07703075630924289, 0.05983282006159261, 0.051233851937767465, 0.06131264248290206, 0.05539335279766428, 0.06271247450305964, 0.041155061392632884, 0.06515218173819143, 0.046194456665200175, 0.05819301683797944, 0.04463464384273887, 0.0354757429108507, 0.03803543574771027, 0.030716314042314924, 0.03323601167859857, 0.0425948886133664, 0.037315522137343515, 0.028756549214094308
U:TATCA, 0.05538561666124309, 0.0009437032216075496, 0.0638138626749105, 0.08428246013667426, 0.05671981776765376, 0.05450699642043606, 0.06153595834689229, 0.05369345916042955, 0.07442238854539537, 0.04344288968434754, 0.06186137325089489, 0.04969085584119753, 0.061275626423690215, 0.03934266189391474, 0.033127237227465016, 0.033355027660266844, 0.03276928083306215, 0.03026358607224211, 0.04230393752033843, 0.03618613732508949, 0.03107712333224862
U:TATCC, 0.046093457943925234, 0.0009345794392523366, 0.06429906542056074, 0.08269158878504673, 0.0502803738317757, 0.055999999999999994, 0.0594766355140187, 0.05405607476635514, 0.0810841121495327, 0.050878504672897194, 0.05985046728971963, 0.04848598130841122, 0.06885981308411215, 0.036485981308411214, 0.03102803738317757, 0.03345794392523365, 0.034728971962616824, 0.02811214953271028, 0.04579439252336449, 0.03398130841121495, 0.03342056074766356
U:TATCG, 0.04072532699167657, 0.0005945303210463733, 0.061236623067776455, 0.07282996432818074, 0.054102259215219974, 0.054102259215219974, 0.07045184304399524, 0.05231866825208086, 0.06643876337693222, 0.057966706302021394, 0.05677764565992865, 0.05425089179548157, 0.06554696789536266, 0.03730677764565993, 0.030915576694411414, 0.035225921521997626, 0.041171224732461355, 0.03284780023781213, 0.0469678953626635, 0.03433412604042806, 0.03388822829964328
U:TATCT, 0.05108433734939758, 0.0012189936215450034, 0.06494684620836286, 0.0801417434443657, 0.05363571934798016, 0.05417434443656981, 0.06077958894401134, 0.05485471296952516, 0.07209071580439405, 0.044564138908575475, 0.06372785258681786, 0.047512402551382, 0.06378454996456413, 0.03965981573352233, 0.03447200566973777, 0.03569099929128278, 0.033678242381289865, 0.031353649893692416, 0.045613040396881646, 0.03571934798015592, 0.031296952515946136
U:TATGA, 0.05052743551103626, 0.0011228319002452502, 0.06267174895842567, 0.08226221079691516, 0.0526253582720208, 0.05451644357769701, 0.06110569393966256, 0.05277309931152675, 0.0728363324764353, 0.046745264899683836, 0.06586295541175427, 0.04887273586856957, 0.06589250361965547, 0.03767396507401826, 0.03477824069970156, 0.03649203675797063, 0.032148450196495586, 0.03102561829625033, 0.04402682977277428, 0.03389179446266584, 0.032148450196495586
U:TATGC, 0.046086508753862, 0.0007294884998283556, 0.0641091658084449, 0.08698077583247511, 0.046515619636113975, 0.06007552351527635, 0.06213525575008582, 0.05286646069344319, 0.07496567112941985, 0.047459663577068316, 0.058831101956745624, 0.04565739787161002, 0.0707174733951253, 0.03600240302094061, 0.03274116031582561, 0.03600240302094061, 0.0345005149330587, 0.030681428081016135, 0.04913319601785101, 0.032183316168898045, 0.031625472021970476
U:TATGG, 0.04782580519733005, 0.0009072645972393234, 0.06279567105177888, 0.08035772146976865, 0.04863586287343659, 0.05475989890480202, 0.05903700343464454, 0.05177888665672996, 0.08784265439699307, 0.047728598276197264, 0.06198561337567234, 0.04594647138876287, 0.07099345473397706, 0.035188905450068045, 0.03272633011470417, 0.032207893201995984, 0.03684142310932539, 0.030458168621605858, 0.049121897479100514, 0.029712915559587844, 0.03314756010627957
U:TATGT, 0.05013042305040026, 0.0013192216592210597, 0.06170359487902138, 0.08664887716247414, 0.052888795610589755, 0.05393817647587923, 0.05969478007975294, 0.05336851257757923, 0.07336671363895302, 0.0449734656552634, 0.06701046382634246, 0.04728210355890025, 0.06542140137318982, 0.039396755914010734, 0.03408988696668965, 0.03444967469193176, 0.03486942703804755, 0.03058195664557911, 0.043654243996042334, 0.03474949779630018, 0.03046202740383174
U:TATTA, 0.0626139302217135, 0.001483742422315486, 0.06354656831574039, 0.07825681461698249, 0.06515748865996863, 0.05154945101530374, 0.05905294840815634, 0.050616812921276864, 0.05549196659459918, 0.03917079994912883, 0.062359574377888, 0.050786383483827205, 0.062232396455975246, 0.04497859171647802, 0.03722073847979991, 0.0369663826359744, 0.031243376149900377, 0.03455000211963203, 0.03866208826147781, 0.04154478782483361, 0.03251515536902794
U:TATTC, 0.0541959774100862, 0.0011559166418970244, 0.06499554146438126, 0.0772812840582582, 0.05627662736550084, 0.053502427424947985, 0.05948016777304403, 0.05379966313286436, 0.07034578420687605, 0.044486277618151195, 0.0624525248522078, 0.04851547276990654, 0.0617259486773011, 0.03824432775190726, 0.03576736351927078, 0.035371049242048945, 0.0332903992866343, 0.03272895406057003, 0.04524587998282638, 0.03930116582449883, 0.0318372469368209
U:TATTG, 0.05661951533998256, 0.0012514695286131442, 0.06424210246880807, 0.07797034396450378, 0.05502673593992946, 0.05256172020175206, 0.06010846069247981, 0.05506465925897835, 0.07304031248814896, 0.0436876635443134, 0.060108460692479805, 0.04710076225871288, 0.06242178315446168, 0.03993325495847397, 0.032614054382039515, 0.034927376844021384, 0.03352421403921271, 0.03147635481057302, 0.04789715195873943, 0.03720277598695438, 0.03322082748682165
U:TATTT, 0.058634368019718094, 0.001251636755757529, 0.06572055765231458, 0.08239621042902256, 0.0628899329892937, 0.0505468689825156, 0.06410305784487406, 0.052607255641993374, 0.06007856427636139, 0.04037972733574675, 0.05988600477547562, 0.05226064854039898, 0.05711314796272048, 0.043037048447970426, 0.036836632519448506, 0.03724100747130863, 0.03263883540013864, 0.03329353770315027, 0.040841870137872605, 0.03741431102210583, 0.03082877609181237
U:TCCAA, 0.04628238484370992, 0.000879475246436293, 0.06214958408149804, 0.08122320348858514, 0.05029499065557551, 0.05967605995089596, 0.06277254571439042, 0.05254864597456851, 0.07653266884092491, 0.05071640587782623, 0.057972076660925645, 0.04674044486789549, 0.07072446773425191, 0.03739602037450988, 0.03195426728718531, 0.032650518523947375, 0.03510572025358203, 0.030195316794312727, 0.04776649932207116, 0.035032430649712336, 0.031386272857195203
U:TCCAC, 0.03392958123753683, 0.000535730230066371, 0.06126670436620137, 0.08079109497306468, 0.044272150956873715, 0.06379654156373701, 0.06521027411530105, 0.05140033929581238, 0.08452632518824965, 0.05409387184142384, 0.05824578112443823, 0.04659364862049465, 0.0779636298699366, 0.03622131611059853, 0.027634751034256968, 0.030685437066579363, 0.03744159052352749, 0.02833417661239918, 0.051817018363641776, 0.03317063007827614, 0.032069406827584156
U:TCCAG, 0.033894701815358454, 0.000526860649979665, 0.06238214959145193, 0.0807298406477613, 0.04580914704033719, 0.061938477465153255, 0.0650441823492439, 0.04914593115687507, 0.08161718490035863, 0.05671608681184605, 0.05781602395829482, 0.04512515251229342, 0.08043405923022887, 0.03546604059599956, 0.02838577291381669, 0.03146374829001368, 0.03756424002662033, 0.02956889858394646, 0.05259363330498761, 0.03192590675490812, 0.031851961400525014
U:TCCAT, 0.04295714030500382, 0.00071459893134978, 0.06327448719406233, 0.07886573660533026, 0.04981079369204034, 0.05885696652753642, 0.06236499764507171, 0.05231188995176458, 0.0821951179900281, 0.049632143959202894, 0.05820733113540025, 0.04586425868481315, 0.071459893134978, 0.03649326815324899, 0.03264417845484222, 0.03254673314602179, 0.036590713462069414, 0.02962337388140906, 0.04789436928523866, 0.033618631543046465, 0.03407337631754178
U:TCCCA, 0.03448566610455312, 0.0006464305789769533, 0.06023046655424396, 0.08145025295109612, 0.04505340078695897, 0.06417931422147274, 0.06211354693648117, 0.05177065767284991, 0.08872962338392355, 0.052107925801011805, 0.06041315345699831, 0.045095559302979205, 0.0783867341202923, 0.03316469926925239, 0.0266301292861158, 0.03323496346261945, 0.03663575042158516, 0.028471051152332772, 0.05411748173130972, 0.029735806632939853, 0.03334738617200675
U:TCCCC, 0.030670824338370515, 0.00035180299032541777, 0.056512353082273925, 0.08233789078116255, 0.04242424242424243, 0.06415607259934436, 0.06690653234188854, 0.04893259774526265, 0.09095706404413528, 0.058942991924522264, 0.056528344127288715, 0.04639002158791077, 0.0857120012792836, 0.031534340769169264, 0.025665627248740705, 0.030095146717838014, 0.03801071400015991, 0.0268329735348205, 0.05627248740705205, 0.026497161589509873, 0.03426880946669865
U:TCCCG, 0.026054316626186798, 0.0002943990579230146, 0.056156620298815046, 0.07705895341134908, 0.04335026127916391, 0.06738058438212997, 0.07319496577610951, 0.04309266210348127, 0.07908294693456981, 0.06255979980864061, 0.05508942371384412, 0.04673585044527857, 0.0848237285640686, 0.034886288363877235, 0.029771104732464856, 0.03242069625377199, 0.03768307941414587, 0.027121513211157723, 0.05512622359608449, 0.03194229778464709, 0.036174284242290425
U:TCCCT, 0.03318843984962406, 0.0005286654135338346, 0.06188322368421053, 0.08226621240601503, 0.04445195018796992, 0.0630874060150376, 0.06411536654135339, 0.05037006578947369, 0.0865983317669173, 0.05405603853383459, 0.05891682330827068, 0.04593515037593985, 0.08313263627819549, 0.03289473684210526, 0.02633047462406015, 0.03241012687969925, 0.0369625234962406, 0.027872415413533833, 0.0543937969924812, 0.02801926691729323, 0.03258634868421053
U:TCCGA, 0.029869386480720194, 0.00026018629338606444, 0.0593745121506999, 0.08221886870999635, 0.04693760732684602, 0.0650465733465161, 0.07201956600926263, 0.047405942654940934, 0.07285216214809803, 0.05859395327054171, 0.05859395327054171, 0.05115262527970026, 0.07581828589269918, 0.03637404381537181, 0.029244939376593643, 0.029921423739397407, 0.04043294999219441, 0.028984753083207578, 0.050840401727636986, 0.0318988395691315, 0.032159025862517565
U:TCCGC, 0.02728322586854008, 0.000288711384852276, 0.05663554999518814, 0.08016552786064864, 0.041189490905591375, 0.0656818400538928, 0.0710230006736599, 0.042055625060148205, 0.07766336252526225, 0.06404580887306323, 0.056972379944182465, 0.04903281686074488, 0.08132037340005774, 0.03647387161967087, 0.02704263304782985, 0.029641035511500338, 0.04041959387931864, 0.027138870176113945, 0.05557694158406313, 0.035559618900972, 0.03478972187469926
U:TCCGG, 0.0270577624406886, 0.00011764244539429826, 0.059919218854162584, 0.07944786478961609, 0.043527704795890354, 0.06411513273989256, 0.07427159719226697, 0.0407042861064272, 0.08183992784596683, 0.056978157719305124, 0.0542331673267715, 0.04591976785224109, 0.08611427002862633, 0.03611623073604957, 0.02835182934002588, 0.0315673895141367, 0.04007685973099094, 0.02866554252774401, 0.05348809850594095, 0.03317516960119211, 0.034312379906670326
U:TCCGT, 0.025147050887701687, 0.0005396362851438131, 0.06275969996222545, 0.07835518860288165, 0.04910690194808699, 0.06195024553450974, 0.07463169823538934, 0.047703847606713076, 0.07387620743618802, 0.0560142463979278, 0.06022340942204954, 0.04959257460471642, 0.07328260752252981, 0.03853003075926825, 0.029032432140737145, 0.0314607954238843, 0.03874588527332578, 0.030435486482111057, 0.049376720090658896, 0.035454103933948516, 0.0337812314500027
U:TCCTA, 0.04296061699070409, 0.0008797395970792645, 0.06395706870766253, 0.08040819917304477, 0.050379754259405884, 0.05996891586756987, 0.06430896454649423, 0.05240315533268819, 0.08131726342336001, 0.04797513269405589, 0.059499721415794266, 0.043928330547491276, 0.07184540042813994, 0.036274596052901675, 0.03149467757543767, 0.034984311310518754, 0.037388932875868745, 0.03058561332512243, 0.04480807014457054, 0.0316999501480895, 0.03293158558400047
U:TCCTC, 0.033400957898479494, 0.0005960721979377993, 0.06041244013134503, 0.08124359483822391, 0.0448099889151486, 0.06145818082948152, 0.066143099157133, 0.04963085353355782, 0.08369062807186331, 0.05506870516386757, 0.058990232781879405, 0.04645180181122289, 0.08136908372200029, 0.03476042080605692, 0.028245456256666596, 0.03201012276995796, 0.03678915776044172, 0.029217995105933533, 0.05307134043042687, 0.02946897287348629, 0.033170894944889465
U:TCCTG, 0.033476644092880356, 0.0004777025318234187, 0.06175476063356469, 0.08208053502683564, 0.04418280083551109, 0.06276636599507311, 0.06484577701595151, 0.05078633583424659, 0.08800966645123219, 0.05538539354258577, 0.05716506964153577, 0.04455746948792162, 0.08116259682842986, 0.034235348114011674, 0.027172844016073287, 0.032062269930030626, 0.036942329127677705, 0.028484184299510117, 0.05380241848615131, 0.028465450866889595, 0.03218403724206405
U:TCCTT, 0.03966812962183611, 0.0009619431251127277, 0.0649191366560452, 0.0819695785486683, 0.048986953646365655, 0.059255696506944025, 0.06487103949978958, 0.05091083989659111, 0.07582516683701077, 0.05008116395118139, 0.05927974508507185, 0.045680274153790654, 0.0760055311729694, 0.038670113629531655, 0.031515661636505744, 0.03450970961341911, 0.03685444598088138, 0.030974568628629833, 0.04810918054470029, 0.02980821258943065, 0.03114290867552456
U:TCTAA, 0.04812964119647443, 0.0012145187035880352, 0.06572281213130682, 0.07804150183912832, 0.059684919147754874, 0.05454924005829691, 0.06284266777708376, 0.04844194600596849, 0.06606981747518911, 0.04198764660975779, 0.05899090845999029, 0.051391491428968004, 0.06655562495662433, 0.043167464778957595, 0.03688666805468804, 0.03643556110764106, 0.033728919425359154, 0.034422930113123744, 0.04198764660975779, 0.03799708515511139, 0.03175098896523006
U:TCTAC, 0.042003367003367, 0.0004489337822671156, 0.06189674523007856, 0.08111672278338945, 0.04775533108866442, 0.05897867564534231, 0.061531986531986535, 0.051571268237934904, 0.0856341189674523, 0.05064534231200898, 0.06049382716049383, 0.0446969696969697, 0.07300785634118967, 0.037149270482603816, 0.03156565656565657, 0.03201459034792368, 0.03476430976430976, 0.029994388327721663, 0.04739057239057239, 0.03358585858585859, 0.03375420875420875
U:TCTAG, 0.043911843898547354, 0.0010304823322142074, 0.06325831865173022, 0.08051058737492936, 0.0522886680184822, 0.060100388923977004, 0.06372369776950437, 0.04979556560183492, 0.07718645081939966, 0.04926370375295017, 0.06129707808396769, 0.04836618688295715, 0.0711697636538909, 0.03636605391749493, 0.030548814945317953, 0.033174882824186416, 0.03264302097530166, 0.03091446996642622, 0.04637170494963933, 0.036598743476382006, 0.03147957318086627
U:TCTAT, 0.04948231374726459, 0.0007512166443479113, 0.06581311036352354, 0.08299310840382794, 0.05376098246072444, 0.05640657151255838, 0.06088120978541333, 0.05447953751183982, 0.07299866087467746, 0.047587941339778554, 0.06003200836136787, 0.050070222425449916, 0.06551915602443087, 0.03756083221739556, 0.03240030048665774, 0.033902733775353563, 0.03468661201293399, 0.031714407028774864, 0.042100793676715556, 0.03468661201293399, 0.032171669334030116
U:TCTCA, 0.03966650584971656, 0.0007236762754794355, 0.06386443131106019, 0.08188095525268363, 0.047792787359787724, 0.05827101676516705, 0.06244723193824629, 0.053265589193100954, 0.08195633819804607, 0.05008442889880593, 0.059311301411168735, 0.046074056205524065, 0.07351344831745266, 0.03680195392594379, 0.031404535037993, 0.03221867084790737, 0.03532444819683995, 0.03125376914726812, 0.05058195633819804, 0.030997467133035823, 0.0325654323965746
U:TCTCC, 0.03360226682817096, 0.0005083059352829209, 0.0620565841841149, 0.08100449904827825, 0.04603953971275307, 0.062034954144315625, 0.06564717079079425, 0.05046288285170445, 0.08380558920228413, 0.05391287419968853, 0.05830377227894099, 0.04572590413566361, 0.0827024571725212, 0.035289409932514275, 0.02828127703754975, 0.031277037549749094, 0.03690084789756013, 0.028800397992732308, 0.05270159197092922, 0.029319518947914864, 0.031623118186537465
U:TCTCG, 0.030251575137405604, 0.00040216274185620447, 0.06309486572232897, 0.07944948389114795, 0.04531033558246571, 0.06398856070423165, 0.07569596496715669, 0.04432727110237276, 0.07471290048706376, 0.0569283703472005, 0.057107109343581035, 0.048125474775459136, 0.08217525358595111, 0.03892041646186157, 0.02917914115912239, 0.030832476875642344, 0.03757987398900755, 0.02542562223513115, 0.04946601724831315, 0.03431788730506278, 0.03270923633763796
U:TCTCT, 0.03634012620254474, 0.000527568014896038, 0.0646839764146064, 0.08326264611565118, 0.04828799006930796, 0.0602565428778318, 0.06376331850625841, 0.05231198924175028, 0.07890762387503879, 0.05063618495913934, 0.05943932967828695, 0.045815661528912796, 0.074769835522913, 0.037571118237302165, 0.03042308885900486, 0.033712630598944866, 0.035584979828281786, 0.030361022033722974, 0.04867073549187959, 0.032998862108203166, 0.03167476983552291
U:TCTGA, 0.038568676635669444, 0.0005959227794947128, 0.0647892789334368, 0.08286098368834624, 0.04960017739096692, 0.05830342170544784, 0.06406862813032693, 0.05138794572945106, 0.07699876657843314, 0.04914284130437795, 0.05964771262663359, 0.04738279030447497, 0.07002785592527405, 0.038305361919148524, 0.03276189420291863, 0.034660531895727376, 0.03546433471458071, 0.03094640852585335, 0.04901811328076278, 0.03413390246268553, 0.03133445126598944
U:TCTGC, 0.032259953161592504, 0.0007728337236533958, 0.061908665105386416, 0.08295081967213115, 0.04353629976580796, 0.06216627634660422, 0.0643208430913349, 0.0518384074941452, 0.08070257611241217, 0.054543325526932085, 0.05824355971896956, 0.04799765807962529, 0.07937939110070258, 0.03594847775175644, 0.02892271662763466, 0.03338407494145199, 0.037693208430913346, 0.028934426229508196, 0.05088992974238876, 0.030655737704918033, 0.03295081967213115
U:TCTGG, 0.03530835734870317, 0.000622478386167147, 0.06134870317002882, 0.08117579250720461, 0.04545244956772334, 0.06103746397694525, 0.06270893371757925, 0.050340057636887606, 0.08552161383285303, 0.0545706051873199, 0.05873198847262248, 0.04478386167146974, 0.07907780979827089, 0.033982708933717576, 0.027953890489913546, 0.031146974063400577, 0.03711815561959654, 0.0298328530259366, 0.05249567723342939, 0.03385590778097983, 0.03293371757925072
U:TCTGT, 0.035642436012233554, 0.0007326177712139359, 0.06366797297454443, 0.08370448757457002, 0.04858534997034642, 0.05971416278069145, 0.06364471526752177, 0.051213470863907526, 0.08123917063016757, 0.04955054481178701, 0.06191201609433326, 0.04768992824997383, 0.07128487202446711, 0.03681695021687812, 0.03143279104113125, 0.0335725000872164, 0.035456374356052235, 0.030676915562894654, 0.04851557684927843, 0.03322363448187643, 0.03172351237891456
U:TCTTA, 0.05076935300193331, 0.0011388013453746124, 0.06761301941259037, 0.08156995683148388, 0.05831722238406738, 0.05667522974655049, 0.06080669509256072, 0.0514844143118197, 0.06930797955454329, 0.04475754124844408, 0.0624486877300776, 0.04745888397468153, 0.06607696178394555, 0.040599592150215844, 0.03527635795439498, 0.033581397812442064, 0.03201885643157923, 0.03254853147593951, 0.04157949098228237, 0.03464074790116264, 0.031330278873910856
U:TCTTC, 0.040323308135024445, 0.0007216699442509968, 0.06460750175907048, 0.08055640752701752, 0.049705017410287405, 0.05869882909051545, 0.06455337651325167, 0.05335847150305808, 0.07688491168564057, 0.05073339708084507, 0.059474624280585274, 0.046926588124921065, 0.07276237212910676, 0.038086131307846355, 0.031861728038681515, 0.03443267721507569, 0.03563245349739297, 0.030228949789813626, 0.046015479820304184, 0.03170837317552817, 0.032727731971782706
U:TCTTG, 0.04183365605439726, 0.0008255655123759776, 0.06223262935110551, 0.08131069782801219, 0.05040452710106424, 0.05963585055763198, 0.06209753681271671, 0.05097491781870582, 0.07893907326518665, 0.04968403356299065, 0.05832995601987362, 0.04804791282028189, 0.07506642049804116, 0.03827621921015896, 0.03260233259782951, 0.032061962444274325, 0.03572447126281503, 0.030921181008991157, 0.046937151949085126, 0.03203194188018793, 0.032061962444274325
U:TCTTT, 0.04786650240788442, 0.0007279650576772315, 0.0663680143353119, 0.08358158808377197, 0.0559749132041662, 0.05573972449322433, 0.06324336431851271, 0.05267107178855415, 0.0691678799417628, 0.045794601859110766, 0.06023070892597155, 0.050666368014335314, 0.06615522454922164, 0.0402620674207638, 0.034068764699294436, 0.03517751147944899, 0.033128009855526934, 0.031806473289282114, 0.04234516743196327, 0.03438234964721693, 0.030641729196998545
U:TGCAA, 0.04573880007683606, 0.0006616438648539048, 0.06475572535376603, 0.08264145305530061, 0.048449405587689155, 0.05924914093014321, 0.06255736025441273, 0.05034896378033424, 0.0750432202847203, 0.05118135444902141, 0.05916376752822658, 0.0464858173436066, 0.06682603035024438, 0.03963460183979681, 0.03303950654173692, 0.03461891447719463, 0.034939064734382005, 0.03195099566729985, 0.04667790749791902, 0.03286875973790366, 0.03316756664461187
U:TGCAC, 0.03265004226542688, 0.0006128486897717667, 0.06043956043956044, 0.0827134404057481, 0.04165257819103973, 0.06018596787827557, 0.06625105663567202, 0.0485207100591716, 0.08294590025359257, 0.05688926458157227, 0.05936179205409975, 0.04699915469146238, 0.07802197802197802, 0.03628486897717668, 0.028951817413355875, 0.03127641589180051, 0.03854606931530009, 0.028655959425190194, 0.05207100591715976, 0.034002535925612844, 0.03296703296703297
U:TGCAG, 0.030127582532602854, 0.0006977906439476091, 0.06063234919706928, 0.08345198917481542, 0.0406793086214863, 0.0631783420871484, 0.06546030608492301, 0.04909051476204397, 0.08088713707814313, 0.05792605305094815, 0.05992512894982508, 0.047063150053277256, 0.08034964969023753, 0.033974860677611296, 0.029128044583164387, 0.032475553753453595, 0.03761468755009477, 0.030561344284245957, 0.052353157502663866, 0.030900810002923176, 0.033522239719375006
U:TGCAT, 0.04359824627779138, 0.0006231500233681258, 0.06389513275321033, 0.08290120846593818, 0.048071573231255424, 0.05899895399817506, 0.06191440589321879, 0.05116506799011862, 0.07435515100260388, 0.04802706251530056, 0.06100193621614404, 0.049251107204059376, 0.06921416330981683, 0.037277724612200386, 0.032826653016713774, 0.03487414595063762, 0.03574210491175751, 0.030356308281218703, 0.04856119110675895, 0.03416197449535976, 0.0331827387443527
U:TGCCA, 0.041406369568544515, 0.000779152115537128, 0.05932686822589846, 0.08293796001280036, 0.04436993029371252, 0.06039820238476201, 0.0625686975637583, 0.05056140692610577, 0.08638849081017906, 0.052996257287159294, 0.05870076384734184, 0.04509342868671128, 0.07716388629944486, 0.03613317935803431, 0.03056780710419768, 0.0316947949855996, 0.03784453132608907, 0.02932951177771903, 0.04928137130772335, 0.030887816008793288, 0.031569574109888275
U:TGCCC, 0.02939813384415745, 0.0005561391583760736, 0.05606191682629921, 0.08192238769078662, 0.04064450349131805, 0.06618055984675277, 0.06214855094852624, 0.05029969721312488, 0.09531607242167707, 0.05793116233084101, 0.05932151022678119, 0.043502440832972875, 0.08578446517950936, 0.031298275968609034, 0.025057158746833095, 0.03074213681023296, 0.03899153432614472, 0.027853302848668354, 0.05552122597787802, 0.027497991719705864, 0.03397083359080517
U:TGCCG, 0.027149321266968326, 0.00028794734677087616, 0.05730152200740436, 0.08366927190456602, 0.04125874125874126, 0.06840806252570958, 0.07030028794734677, 0.04496092143150967, 0.0788564376799671, 0.06071575483340189, 0.05549156725627314, 0.049403537638831756, 0.08041958041958042, 0.037556561085972856, 0.028259975318798848, 0.032044426162073224, 0.04154668860551213, 0.026285479226655698, 0.04960921431509667, 0.03113944878650761, 0.035335252982311806
U:TGCCT, 0.036486868116351316, 0.0006071731149392826, 0.06107031911889297, 0.08419937870658006, 0.04380118610561988, 0.06296243998870375, 0.06344253035865574, 0.050098842134990114, 0.08613386049138662, 0.05521039254447896, 0.0589240327591076, 0.04363174244563683, 0.07920079073707992, 0.03466534877153347, 0.028297091217170292, 0.03354984467664501, 0.03747528946625247, 0.028960745552103925, 0.04956227054504377, 0.029652640497034737, 0.03206721265179328
U:TGCGA, 0.03235653235653236, 7.631257631257631e-05, 0.06158424908424909, 0.0815018315018315, 0.04342185592185592, 0.06471306471306472, 0.06982600732600733, 0.043345543345543344, 0.07760989010989011, 0.05937118437118437, 0.054716117216117216, 0.05128205128205128, 0.07661782661782661, 0.03876678876678876, 0.029914529914529916, 0.028617216117216116, 0.03891941391941392, 0.028769841269841268, 0.05067155067155067, 0.03334859584859584, 0.03456959706959707
U:TGCGC, 0.026519116694083047, 0.00014954389113204725, 0.056577438811624546, 0.07561936094910524, 0.035740989980559294, 0.06300782613030258, 0.06893973381187378, 0.04152335377099846, 0.08324609939683963, 0.06649718359005034, 0.05792333383181297, 0.05114401076716016, 0.07925826229998505, 0.04017745875081003, 0.030108170081252182, 0.030656497682069687, 0.03898110762175365, 0.02781516375056079, 0.05154279447684562, 0.03918049947659638, 0.03539205423458452
U:TGCGG, 0.02772694725117352, 7.956082425013923e-05, 0.05449916461134537, 0.07995862837138992, 0.03858699976131753, 0.06734823772774284, 0.07005330575224758, 0.043161747155700536, 0.08644283554777628, 0.06225634497573395, 0.05406158007796961, 0.052470363592966814, 0.0840560108202721, 0.0354841276155621, 0.027090460657172407, 0.02884079879067547, 0.042286578088949, 0.027408703954172966, 0.05350465430821863, 0.030591136924178534, 0.03409181319118466
U:TGCGT, 0.02631017563819953, 0.00028443433122377873, 0.06214890137239564, 0.07836165825215104, 0.04124297802744791, 0.06506435326743938, 0.0746640119462419, 0.04394510417407381, 0.07580174927113703, 0.060868946881888646, 0.053758088601294184, 0.05596245466827846, 0.0754462063571073, 0.03683424589347934, 0.029225627533243263, 0.03015003910972054, 0.039891914954134966, 0.02951006186446704, 0.05532247742302496, 0.032283296593898884, 0.03292327383915238
U:TGCTA, 0.04710459470756567, 0.000835985981158162, 0.06382431433072891, 0.08115494678627697, 0.05192759075270892, 0.05890485836468281, 0.060223143950355294, 0.05298864988264043, 0.0777788495546767, 0.04813350053052957, 0.05871193852287708, 0.04585061573582843, 0.07057650879392946, 0.03893765473778978, 0.03186392720491303, 0.03388958554387319, 0.03527217774348092, 0.031831773897945406, 0.04485386321983216, 0.03228192019549211, 0.03305359956271502
U:TGCTC, 0.03322637845140589, 0.000605139463536829, 0.061414619043598184, 0.08162346252357229, 0.04463959019392609, 0.061414619043598184, 0.06552393819133666, 0.050972445044892914, 0.08325593177404374, 0.055377297419009826, 0.057094204734160825, 0.04707422105885333, 0.07952658391736328, 0.0358017394241324, 0.028680795969489713, 0.031270229952996144, 0.03750457372850348, 0.030059951025922484, 0.050902079990993276, 0.031481325114695036, 0.03255087393396943
U:TGCTG, 0.032711880779464846, 0.0005356844906167398, 0.0609450879488553, 0.08257444697162629, 0.04380318424911964, 0.06142808216170646, 0.06674101850306921, 0.05018748957171586, 0.08168749396257234, 0.054912051144696286, 0.05953123216214555, 0.04649917012812519, 0.079088106926137, 0.03591720601020435, 0.029348484715428592, 0.0324659928165588, 0.03777892915792155, 0.02940117499319417, 0.04960789651629446, 0.03136827869644253, 0.03346710809410484
U:TGCTT, 0.041827768014059755, 0.00070298769771529, 0.06496777973052138, 0.08191271236086702, 0.05080550673696543, 0.0591095489162273, 0.06570005858230814, 0.05019039250146456, 0.07196836555360281, 0.04768599882835384, 0.05990041007615699, 0.04786174575278266, 0.07192442882249561, 0.040963678968951374, 0.03359695371997657, 0.035164030462800235, 0.036145284124194495, 0.031282952548330405, 0.04466900995899238, 0.03235207967193907, 0.03126830697129467
U:TGTAA, 0.04745710310712629, 0.000798680888339259, 0.06598134693667233, 0.08092440871850363, 0.05606224558149121, 0.05590766218374813, 0.06144690060287525, 0.05150203534807028, 0.06840315350131396, 0.042561962178595356, 0.06041634461792137, 0.052068841139794916, 0.06435822126036997, 0.04328335136806307, 0.03653320966661514, 0.03491008399031277, 0.032385221827175764, 0.03266862472303808, 0.04379862936054001, 0.03702272375946823, 0.03150924923996496
U:TGTAC, 0.03987660610177166, 0.0010471500537725703, 0.06098941529405105, 0.08241353936718175, 0.04641421859964907, 0.05844229354163129, 0.06534782362596932, 0.05094243504839532, 0.07980981490915266, 0.049414161996943456, 0.06492330333389935, 0.04661232806928172, 0.07361181864493123, 0.03851814116714779, 0.03232014490292636, 0.03127299484915379, 0.03500877341936945, 0.030339050206599875, 0.04590479424916511, 0.033650308484745574, 0.03314088413426162
U:TGTAG, 0.04014935005070527, 0.0007375311145938969, 0.06342767585507514, 0.08341015949110353, 0.04736332626532682, 0.0588642020835254, 0.061330321747948745, 0.050244307181709226, 0.08334101594911035, 0.05010602009772287, 0.06225223564119111, 0.046326173135429145, 0.07529731723057066, 0.035217110721858576, 0.030238775698349773, 0.0339033834239882, 0.03595464183645247, 0.028233612980547617, 0.047178943486678344, 0.031944316400848154, 0.03447957960726468
U:TGTAT, 0.048698596722816886, 0.0011478749964128907, 0.06402272792492898, 0.08184348724423911, 0.051482193589118146, 0.053777943581943925, 0.06258788417941286, 0.05303182483427555, 0.07438229976755531, 0.04476712486010273, 0.06244439980486125, 0.04892817172209946, 0.06356357792636382, 0.038798174878755705, 0.03561282176370993, 0.035411943639337674, 0.03612936551209573, 0.03168134990099578, 0.043561856113869195, 0.035871093637902834, 0.03225528739920223
U:TGTCA, 0.03855460044571792, 0.0006049028971665075, 0.0619388729703916, 0.08358802929003502, 0.04695956701687361, 0.05719516077682268, 0.06380133715377269, 0.05168736071314868, 0.08018147086914995, 0.05259471505889844, 0.06187519898121617, 0.045924864692773, 0.07118751989812162, 0.03710601719197708, 0.03150270614453996, 0.03392231773320598, 0.03694683221903852, 0.03046800382043935, 0.04872652021649156, 0.03428844317096466, 0.030945558739255013
U:TGTCC, 0.03104637232270695, 0.00043830172690880403, 0.06025187739239692, 0.08231306431347339, 0.04312888992782632, 0.06409432253163078, 0.06448879408584869, 0.049060573298658795, 0.0853665663442714, 0.057183765304035294, 0.059258393478070305, 0.04612395172836981, 0.07988779475791134, 0.034728106828740904, 0.02784676971627268, 0.031382403646670366, 0.03767933845659352, 0.027510738392309265, 0.054670835403091485, 0.031630774625252024, 0.031908365718960933
U:TGTCG, 0.027666769136181987, 0.0003074085459575776, 0.06037503842606825, 0.07556102059637258, 0.04727943436827544, 0.06117430064555794, 0.07396249615739317, 0.045250537964955435, 0.07174915462649861, 0.06486320319704887, 0.05514909314478943, 0.049984629572702124, 0.0756225023055641, 0.04125422686750692, 0.031417153396864426, 0.029941592376268058, 0.03897940362742084, 0.02846603135567169, 0.048509068552105745, 0.0407623731939748, 0.03172456194282201
U:TGTCT, 0.03408444367995554, 0.0007012715508686506, 0.06311443957817854, 0.08269711684771822, 0.04855974701298014, 0.05882742104079283, 0.0665811027164349, 0.050914960900803156, 0.08089762758511188, 0.054011140955581724, 0.05829815949296744, 0.04715720391124284, 0.07362028130251266, 0.03690276142212578, 0.032695132116913876, 0.03273482673300078, 0.03694245603821268, 0.030286992074308322, 0.04900961932863172, 0.03196739748865395, 0.029995898223004355
U:TGTGA, 0.03725013253500483, 0.0008419870895312938, 0.06210434402968784, 0.08246795771353728, 0.04690179935759504, 0.05950042099354476, 0.06244737580690429, 0.05318551782206006, 0.08398041600399164, 0.05140798952193844, 0.06202638226213864, 0.047073315246203264, 0.07203667321545514, 0.03537905011382418, 0.03101319113106932, 0.032634795896092555, 0.03386659182336982, 0.031231484080207067, 0.051252065986840054, 0.032619203542582714, 0.03077930582842174
U:TGTGC, 0.03212386936408203, 0.0005696333632534696, 0.06124421735828213, 0.08074984464544639, 0.043136781053649105, 0.06233169923358419, 0.06466201753780294, 0.0516294966512463, 0.08639439342677623, 0.055824069598840016, 0.05922460816129255, 0.04719326106469654, 0.07512255748118483, 0.035731547331354, 0.02962093488918042, 0.03200303804460402, 0.03688807567492923, 0.02837809846026376, 0.05086998550024166, 0.03409169370986674, 0.03221017744942346
U:TGTGG, 0.03317106169141007, 0.0005677494171508643, 0.057499728205066256, 0.08391819576483095, 0.041288670379184135, 0.0623437179130981, 0.0644455987340396, 0.05220878682821352, 0.09313506396240774, 0.05579647995361366, 0.0602659966418226, 0.04409117814043946, 0.07728639938151553, 0.03301402461858111, 0.028979379824360073, 0.03183020668494739, 0.03762849860478601, 0.028000918062887306, 0.05409323170216107, 0.02866530567870215, 0.031769807810782404
U:TGTGT, 0.03326329030690281, 0.0004574238460768758, 0.06435381734494046, 0.08339408493789043, 0.04624269193933416, 0.06050859813885673, 0.06536872650342353, 0.05087410838086253, 0.08119273267864545, 0.05167460011149707, 0.0591649155910059, 0.04755778549680518, 0.0724159126320454, 0.03715139299855626, 0.03230555912917935, 0.03250568206183799, 0.03585059393627514, 0.030275740812213216, 0.05183183955858599, 0.03216261417728033, 0.03144788941778521
U:TGTTA, 0.050250449524788084, 0.0008348317492936038, 0.06514898535833548, 0.08027228358592345, 0.056286925250449524, 0.055323657847418446, 0.06338299511944515, 0.05175956845620344, 0.06530952992550731, 0.04280118160801438, 0.06530952992550733, 0.05005779604418187, 0.06171333162085795, 0.042897508348317494, 0.034484973028512715, 0.033489596712047265, 0.03442075520164398, 0.03246211148214744, 0.044278191625995375, 0.03756742871821218, 0.031948368867197534
U:TGTTC, 0.040514887097848534, 0.0006660893891960301, 0.06317857856524345, 0.08038033704123093, 0.04987344301605275, 0.05718377406247918, 0.06459401851728502, 0.051971624592020246, 0.07834876440418304, 0.05038966229267968, 0.06126357157130486, 0.046426430426963296, 0.07060547525477918, 0.03788383401052421, 0.032388596549656964, 0.033903949910077925, 0.0353693465663092, 0.030623459668287483, 0.04855791647239059, 0.03377073203223872, 0.032105508559248645
U:TGTTG, 0.04175732363231276, 0.0006440270839498007, 0.06374127517362622, 0.0829750570051, 0.05180066491444883, 0.05709213068527963, 0.06309724808967641, 0.0522880367617622, 0.07677847208925867, 0.04974674070077109, 0.05968564515848288, 0.04558667386120346, 0.07221806408939792, 0.03731875859428034, 0.03247985239595482, 0.03416824772414754, 0.035821830777532156, 0.030774050930358045, 0.04621329480774921, 0.034028998624915145, 0.031783606899792864
U:TGTTT, 0.045907019637626126, 0.0008815232722143865, 0.06723988282521427, 0.08081534121731583, 0.05695996528154497, 0.056146251491808616, 0.06535477921232505, 0.05308126288380167, 0.06459531300857112, 0.04350656395790387, 0.06002495388955192, 0.049690788759900184, 0.06399858956276445, 0.04290984051209721, 0.03743083432787241, 0.03505750244114137, 0.03454215037430834, 0.033335141586199414, 0.04033308017793208, 0.035966149506346974, 0.03222306607355973
U:TTCAA, 0.05142281828198017, 0.0009308156984916986, 0.06487215531324798, 0.077466661601003, 0.0560389042969492, 0.05729265605410129, 0.06337145245241442, 0.052030697921811475, 0.06722768891759431, 0.04428023251396224, 0.061129896280536444, 0.04977014551118879, 0.06477717411952433, 0.04184871395463698, 0.03497207552904524, 0.034896090574066334, 0.03341438395197751, 0.03311044413206185, 0.04238060863948938, 0.0372706204171574, 0.031495763838759926
U:TTCAC, 0.04162020838940367, 0.0007497404744511515, 0.06349725095159368, 0.07903033565304318, 0.05025183590295667, 0.05801837825368141, 0.0660540582106194, 0.05290476373562998, 0.07628128724672228, 0.051270713983621055, 0.05988311738244454, 0.04869468260986583, 0.07028336345111308, 0.03660271444499981, 0.03183513399207966, 0.032488753892883235, 0.0352185781844746, 0.03050867007574301, 0.04892537198662002, 0.034238148333269255, 0.0316428928447845
U:TTCAG, 0.04210135511416373, 0.0007177773652620506, 0.06499597797166017, 0.0806138234020172, 0.05070230802549347, 0.058783491120598975, 0.0662211496813316, 0.051605717467978464, 0.07202524596250232, 0.04981127405482334, 0.05961264773219479, 0.04675453251655219, 0.07045356104201472, 0.03991089660293299, 0.03251036445764495, 0.03478745127157973, 0.0359012437349174, 0.031347070107047834, 0.04602437967947528, 0.03314151352020296, 0.03197821916960584
U:TTCAT, 0.048124413879337295, 0.0009690528290090654, 0.06472335104720225, 0.08174429509221631, 0.05498593310409503, 0.056908408877774305, 0.06353547983744921, 0.054016880275085964, 0.06964676461394186, 0.04559237261644264, 0.06397311659893717, 0.04882775867458581, 0.06553610503282276, 0.04035636136292591, 0.033948108783995, 0.03482338230697093, 0.03336980306345733, 0.030759612378868397, 0.043638637074085655, 0.03379180994060644, 0.030728352610190683
U:TTCCA, 0.04286527874454218, 0.000683414541542745, 0.06327912421692083, 0.07887110042397014, 0.050281592102765296, 0.058571157375181926, 0.0637853572106562, 0.052420426501297225, 0.07644118205404037, 0.05040815035119914, 0.05860912484971208, 0.047573245586281086, 0.0702651395304689, 0.0381320002531165, 0.03169018540783396, 0.033664494083401886, 0.03729671581345314, 0.030968803391761057, 0.04824400430298044, 0.033664494083401886, 0.032285009175473015
U:TTCCC, 0.034855080321596205, 0.0006816104596223258, 0.06177869347667808, 0.08069338373119762, 0.04783666134803959, 0.06184065806391647, 0.06452062646197698, 0.05043917401205211, 0.08287763543135099, 0.051771412637677566, 0.059780335538239894, 0.0468452279522253, 0.07829225597570988, 0.034591730825833035, 0.028921971093520054, 0.03352284169597075, 0.03637321270893684, 0.029355723204188805, 0.0523600762164423, 0.029324740910569608, 0.033336947934255574
U:TTCCG, 0.029717471416422565, 0.00047245582538032695, 0.059765661910611355, 0.07998677123688935, 0.04833223093640745, 0.06420674666918644, 0.0732778985164887, 0.04261551544930549, 0.07360861759425494, 0.05631673438533497, 0.05702541812340546, 0.047670792780874986, 0.07705754511953132, 0.037796466030426155, 0.028489086270433714, 0.0319380137957101, 0.04086742889539828, 0.031087593310025512, 0.05225361428706416, 0.03392232826230748, 0.033591609184541245
U:TTCCT, 0.0403307598368969, 0.000827934510380229, 0.0658207935752282, 0.08100304265932565, 0.05075238548630803, 0.05814170099145158, 0.0638027032061764, 0.05228406433051145, 0.07891250802061557, 0.049417341088319904, 0.057914019001097015, 0.046250491586115536, 0.07420363049282802, 0.037194957878831786, 0.03126487694823339, 0.0345352182642353, 0.035715024941527125, 0.030426593256473414, 0.04804089996481278, 0.030426593256473407, 0.0327344607041583
U:TTCGA, 0.04098875776831227, 0.0003491376300537672, 0.06445080650792542, 0.07548355561762447, 0.053767195028280146, 0.05704908875078557, 0.06822149291250611, 0.04538789190698973, 0.0740870050974094, 0.0508344389358285, 0.05551288317854899, 0.049437888415613446, 0.06947838838069967, 0.037846519097828366, 0.031282731652817544, 0.03505341805739822, 0.0395922072480972, 0.03226031701696809, 0.04992668109768872, 0.03686893373367781, 0.03212066196494658
U:TTCGC, 0.035059146236927824, 0.0003428767358134751, 0.05648894222527002, 0.07980456026058631, 0.05177438710783473, 0.061117778158751926, 0.07226127207268987, 0.045345448311332075, 0.07114692268129608, 0.06034630550317161, 0.05537459283387622, 0.04765986627807303, 0.07337562146408366, 0.038916509514829424, 0.03248757071832676, 0.031716098062746445, 0.04200240013715069, 0.026744385393451055, 0.04457397565575176, 0.04097376992971027, 0.03248757071832676
U:TTCGG, 0.03647361801521232, 0.0003593459902976583, 0.060909145355453075, 0.07636102293825238, 0.048811163682098584, 0.06174761933281428, 0.07139007007246811, 0.045936395759717315, 0.07252799904174402, 0.05761514044439121, 0.057136012457327655, 0.05420135353656346, 0.07731927891237947, 0.03545547104270228, 0.02904713421572738, 0.03222135713002336, 0.038030783973168836, 0.02856800622866383, 0.04815236269988621, 0.03329939510091633, 0.03443732407019225
U:TTCGT, 0.03907687951295483, 0.0004247486903582047, 0.06165935155033272, 0.07857850771626787, 0.05033271980744726, 0.05599603567889, 0.07072065694464108, 0.04799660201047713, 0.07376468922554155, 0.05273962905281042, 0.052173297465666145, 0.05181934022370098, 0.07369389777714852, 0.042120911793855305, 0.032847232054367834, 0.030723488602576808, 0.03780263344188022, 0.029590825428288264, 0.04743027042333286, 0.038156590683845394, 0.0323516919156166
U:TTCTA, 0.048178727537639625, 0.0009956289460903353, 0.06568722680913065, 0.07758620689655173, 0.05679941719281204, 0.057576493443419134, 0.06216610004856726, 0.053423992229237494, 0.07243807673627975, 0.043904808159300625, 0.05930063137445362, 0.051894123360854784, 0.06551724137931035, 0.03807673627974745, 0.03351141330743079, 0.033195726080621664, 0.03317144244779019, 0.03426420592520641, 0.043394851869839726, 0.03848955803788247, 0.0304273919378339
U:TTCTC, 0.037917511236450166, 0.0006058870185952234, 0.06419097558826121, 0.08133207015070062, 0.050464880585176695, 0.05884815369701243, 0.06464263682030492, 0.05240371904468141, 0.07862210275843835, 0.0499691548426897, 0.05900237948356394, 0.04606944566845862, 0.07420463558649863, 0.03812681766105579, 0.031043447607297082, 0.03264078611086631, 0.03531770512029611, 0.030613818630475017, 0.04870230016744514, 0.032872124790693576, 0.03240944743103904
U:TTCTG, 0.040134442553991005, 0.0007202279678089412, 0.06440299364320533, 0.08318111123868772, 0.04925733014623759, 0.058390655824974165, 0.06284771875619762, 0.05221130862290325, 0.07691825934469693, 0.05035332922768598, 0.06021732096072148, 0.047002703464400906, 0.07091635961295575, 0.03676294061772596, 0.03204492552425289, 0.035301608509128106, 0.035145037211778335, 0.030875859837374613, 0.04751416970241015, 0.03346450528689081, 0.03233719194597246
U:TTCTT, 0.04792706100403449, 0.0009641576725421, 0.06598395566746858, 0.08281459154349474, 0.05476977225285269, 0.056239410646921714, 0.06299787510881877, 0.052607438055209725, 0.06997163691506988, 0.046017467167154984, 0.0598901047468384, 0.04937797788989881, 0.06708852465154592, 0.03972704041037546, 0.03531812522816838, 0.03581424519559295, 0.03344597440769828, 0.03144277302979528, 0.04271312096902526, 0.033914012112815806, 0.030974735324677757
U:TTTAA, 0.051865430235065776, 0.0009488893681259435, 0.06803968082812162, 0.07860685788225145, 0.06323053698511968, 0.05343972395945654, 0.06422255768816044, 0.049708863489324996, 0.053267198619797285, 0.040370929480267416, 0.061591546258356694, 0.05251240025878801, 0.05984472719430666, 0.0466896700452879, 0.03892602976062109, 0.03730860470131551, 0.0342462799223636, 0.03541082596506362, 0.03737330170368773, 0.04050032348501186, 0.031895622169506144
U:TTTAC, 0.05227959990695511, 0.0012212142358688067, 0.06411374738311235, 0.07903000697836707, 0.059374273086764365, 0.05698999767387764, 0.06638171667829727, 0.050302395906024665, 0.06588741567806466, 0.043178646196789953, 0.05954873226331705, 0.048993952081879504, 0.06175854849965108, 0.04274249825540823, 0.03753779948825308, 0.035298906722493605, 0.03300186089788323, 0.03151895789718539, 0.04093975343103047, 0.037915794370783906, 0.03198418236799255
U:TTTAG, 0.05118770978569584, 0.0009682416731216112, 0.06645365349857991, 0.07642654273173251, 0.060676478182287635, 0.05512522592305706, 0.0630002581977795, 0.051478182287632325, 0.062064291247095275, 0.0423444358378518, 0.05938548928479215, 0.05109088561838367, 0.0642266976504002, 0.04392589723728376, 0.03714820552543248, 0.037083656080557706, 0.03421120578363026, 0.03408210689388071, 0.03918151303898786, 0.03763232636199329, 0.03230699715982443
U:TTTAT, 0.05555915861383142, 0.0011457725317249282, 0.06513608751107941, 0.08284151587867782, 0.06321205439176773, 0.05127872538210433, 0.06066108913245563, 0.052121841018656634, 0.059882828544868885, 0.0416153230862356, 0.06295263419590548, 0.053267613550381565, 0.056359037551073354, 0.046133558164169745, 0.03701061460968069, 0.037053851308991075, 0.03320578507036773, 0.03199515748967724, 0.03891302937933718, 0.03752945500140519, 0.03212486758760836
U:TTTCA, 0.05142353977105958, 0.0007631347226298796, 0.06686234223657177, 0.08115644261813912, 0.05751394188435574, 0.0553859700616378, 0.06402993836219548, 0.051731728793660114, 0.06354564132668036, 0.045700029351335485, 0.060096859407103013, 0.049765189316113886, 0.06294393894922219, 0.04275022013501614, 0.03663046668623422, 0.03544173759906076, 0.033313765776342825, 0.03347519812151453, 0.04110654534781332, 0.03660111535074846, 0.029762254182565305
U:TTTCC, 0.04300122936192151, 0.0008724503959074145, 0.06605507012650531, 0.08009359013337916, 0.0544884929080358, 0.05689434096947746, 0.06454811035175613, 0.05329878782270751, 0.07234728813335273, 0.04608124363838253, 0.05797829449166546, 0.048619281153749555, 0.06795859826303058, 0.03854644476463668, 0.03360255918782799, 0.03473938849158614, 0.03541355470660551, 0.0311834921809938, 0.04671575301722428, 0.03435603907520258, 0.0332059908260519
U:TTTCG, 0.04515327257663629, 0.00016570008285004143, 0.06180613090306545, 0.07514498757249378, 0.05658657829328915, 0.057083678541839274, 0.06743993371996686, 0.0487986743993372, 0.06578293289146644, 0.052941176470588235, 0.05410107705053852, 0.056338028169014086, 0.07033968516984258, 0.03736536868268434, 0.03405136702568351, 0.03289146644573322, 0.039685169842584925, 0.03148301574150787, 0.04507042253521127, 0.036619718309859155, 0.031151615575807787
U:TTTCT, 0.04646188470087139, 0.0008927824121864799, 0.06728417450176231, 0.0826939709287727, 0.05684978005933283, 0.056133694166224914, 0.06494062066977281, 0.052664862502208705, 0.06955332979940296, 0.043895135265835265, 0.05879344176919715, 0.0511396925480568, 0.06497781993694725, 0.04008221038045551, 0.0346976164569558, 0.034902212426415204, 0.033070148518074195, 0.03229826372420463, 0.042611760548317196, 0.03586009355615694, 0.03019650512884896
U:TTTGA, 0.05176414697874984, 0.0008587768824571981, 0.06411591660728316, 0.07833141478923422, 0.055528147782711174, 0.05642346836229421, 0.06393319812165398, 0.05300663268102833, 0.06888486908220505, 0.04662975753256957, 0.06283688720787882, 0.05061302051928593, 0.06276379981362715, 0.04175117396627017, 0.035063677392241775, 0.03427798790403625, 0.03387600723565203, 0.031116958102651245, 0.04253686345447569, 0.03522812402930804, 0.03045917155438616
U:TTTGC, 0.04538644399608462, 0.0008390099682374798, 0.06464372040991628, 0.08450028965820332, 0.049721328831978266, 0.05733234782956112, 0.06558261251722967, 0.052198405881060346, 0.0712958708723706, 0.048442837451806865, 0.05873069777662358, 0.04840288459617651, 0.06851914740606085, 0.03977306778001958, 0.03336063445134741, 0.03549811222757147, 0.03607742863421163, 0.030623863840668012, 0.04434766974969536, 0.03278131804470725, 0.031942308076469764
U:TTTGG, 0.04664804959867924, 0.0009484166710574846, 0.05946923792964153, 0.08324990779282365, 0.05186434128949541, 0.057695347489330306, 0.06428157437167395, 0.05045927955459543, 0.07592602349965752, 0.04858000948416671, 0.059381421571210284, 0.04798285824683422, 0.07102587069919385, 0.036847743997751904, 0.033071640585208215, 0.0335985387357957, 0.03461720849359819, 0.031227497058151994, 0.046560233240247995, 0.0337390449092857, 0.03282575478160072
U:TTTGT, 0.04741788349098479, 0.00087244007714207, 0.06855542290384792, 0.08335629228273181, 0.05413720268160529, 0.05571371720696727, 0.06336670033979246, 0.05210150916827379, 0.06743808736645544, 0.044754645360761625, 0.06058101447944408, 0.048320935500658156, 0.06494321486515443, 0.04201487739921021, 0.03465270762543239, 0.035892490892950074, 0.033979245109743775, 0.03226497688799094, 0.04154039244497505, 0.03704043836287385, 0.03105580555300456
U:TTTTA, 0.05471890339909234, 0.0012596091506900066, 0.06748170788181902, 0.07922571084560526, 0.06540705751597665, 0.05340372325646013, 0.06196165601555988, 0.050754839307214965, 0.05570065759007132, 0.0405112531258683, 0.06138742243215708, 0.05295915532092248, 0.057478929332221915, 0.046235065295915534, 0.03958506992683153, 0.037010280633509314, 0.03267574326201723, 0.0339168287487265, 0.037603037880892844, 0.03982587755858109, 0.030897471519866628
U:TTTTC, 0.05021502360585238, 0.0007829663908755201, 0.06782592436778385, 0.08104286448838405, 0.05850044407049035, 0.054141541625765434, 0.06469405880428178, 0.05294956294114898, 0.06399289487215444, 0.043553966250642735, 0.059575562099752254, 0.04971252278782779, 0.06322161454681438, 0.041298555602299815, 0.037185060533819474, 0.035864535128313, 0.03343383349693825, 0.032954704809984574, 0.04155564904407984, 0.03686953676436217, 0.030629177768428925
U:TTTTG, 0.052929034794574406, 0.0010320424611755454, 0.06569032173514186, 0.08241596225673285, 0.0561398335626761, 0.052421204377170565, 0.06372452657099797, 0.051880610707031, 0.06600157263613131, 0.04409933818229474, 0.06034991153921762, 0.05084856824585545, 0.06380643470283728, 0.04170762073258633, 0.03685865932769805, 0.03661293493218007, 0.03366424218596422, 0.03192778979097045, 0.04070834152414652, 0.03587576174562611, 0.03130528798899155
U:TTTTT, 0.0536093474897295, 0.0008323107293389532, 0.06845222216294083, 0.0812463319639332, 0.061217521207917625, 0.052958437816784935, 0.06485621298618151, 0.04975724270394281, 0.05658645894467268, 0.0411246865496452, 0.06368244144480607, 0.05178466627540949, 0.061836418929733766, 0.04477404897828523, 0.03822226964733501, 0.03664301339166622, 0.03145707730886198, 0.03456223656831883, 0.03767806647815184, 0.03830763485034413, 0.030411353572000213
