,X,1,2,3,4,5,6,7,8,9,10,11,12,13,14,15,16,17,18,19
AACAA,0.071470104,0.077365942,0.069194592,0.064999987,0.058584094,0.055771974,0.058102082,0.052707518,0.047239282,0.04534464,0.050267923,0.043107132,0.045270922,0.046003032,0.048610035,0.038307261,0.037634521,0.034322662,0.034307595,0.021388702
AACAC,0.062126895,0.076646411,0.069918276,0.062963441,0.058224152,0.057607167,0.058201043,0.054684986,0.049111795,0.046920313,0.050131342,0.044531427,0.04583036,0.04666722,0.048432991,0.038788399,0.037492361,0.035253836,0.034683626,0.02178396
AACAG,0.062527927,0.076700674,0.070259432,0.062268053,0.058899308,0.057078058,0.057934857,0.055161646,0.048490784,0.047487227,0.0498749,0.045257692,0.045793573,0.046706482,0.047830726,0.038977555,0.036853931,0.035405184,0.034485275,0.022006718
AACAT,0.070713965,0.078295119,0.069052031,0.065921771,0.057265335,0.055713244,0.058598025,0.051676429,0.047898935,0.044565189,0.050847632,0.040716974,0.045595863,0.046528928,0.049537408,0.038966907,0.038853183,0.033920544,0.034571805,0.020760714
AACCA,0.063931868,0.075832782,0.069911364,0.061539015,0.059162736,0.05737041,0.057134705,0.055453095,0.048511606,0.047515531,0.05022732,0.046650068,0.045563675,0.046360599,0.047398352,0.038648171,0.036743432,0.035629421,0.034031837,0.022384013
AACCC,0.060321527,0.074020051,0.070674899,0.058626304,0.06005998,0.059199643,0.056119758,0.058368877,0.049604715,0.048566039,0.04918148,0.049914355,0.045736674,0.045734186,0.046444923,0.038929009,0.035200324,0.03676487,0.033572419,0.022959967
AACCG,0.049805484,0.072140481,0.069991643,0.058554028,0.060663786,0.061653445,0.055545734,0.055451312,0.052114374,0.048857266,0.052834066,0.051058512,0.044846419,0.047439796,0.045077747,0.040237297,0.035984155,0.038695822,0.033740047,0.025308585
AACCT,0.06101625,0.075678967,0.070194067,0.060713666,0.059370339,0.057744807,0.057346694,0.0558781,0.04907497,0.048160005,0.049460566,0.047436289,0.046055844,0.046623471,0.047492856,0.039005022,0.036960285,0.035343729,0.033947605,0.022496467
AACGA,0.05546737,0.07414288,0.069879245,0.062551558,0.058753598,0.05866791,0.057407434,0.052883604,0.050290439,0.04713604,0.053345362,0.045737705,0.045345478,0.04787267,0.047095918,0.040010765,0.038201777,0.036449522,0.035041903,0.023718822
AACGC,0.050600229,0.072840548,0.06992629,0.060461176,0.060092002,0.060653639,0.056690236,0.054694857,0.051958937,0.047999633,0.052852645,0.048692075,0.045408999,0.047046261,0.046507909,0.040104017,0.036660959,0.037900054,0.034300727,0.024608805
AACGG,0.043363314,0.071398846,0.071085603,0.058011159,0.059855127,0.062211902,0.055565719,0.054934343,0.053221838,0.050388871,0.053704787,0.05162434,0.044977911,0.04760955,0.045322948,0.040721976,0.035842699,0.039080088,0.035037055,0.026041926
AACGT,0.04870071,0.074011187,0.07022406,0.062817262,0.057962045,0.059147485,0.057247752,0.051497586,0.051225035,0.047633234,0.054795192,0.046278582,0.045647953,0.049326559,0.048280632,0.040257767,0.038478893,0.036573537,0.035256464,0.024638064
AACTA,0.071474077,0.078513179,0.069131547,0.065854533,0.058127798,0.0552924,0.058448623,0.05093173,0.046948424,0.045211315,0.050446723,0.041611728,0.045869347,0.046206649,0.048961277,0.038958051,0.038510142,0.033537891,0.034698257,0.021266308
AACTC,0.063884087,0.075470173,0.070089048,0.061467208,0.0598502,0.058076683,0.057256366,0.056103322,0.048466588,0.047975986,0.049598461,0.047471407,0.045500322,0.045410034,0.046704154,0.038466888,0.036418421,0.035562253,0.03379529,0.022433107
AACTG,0.06064448,0.076283042,0.070677676,0.062117851,0.058836176,0.057688391,0.058001266,0.054466458,0.048446007,0.04793708,0.049998771,0.046157164,0.046221865,0.046382739,0.047873158,0.039015488,0.037260775,0.035175587,0.034337581,0.022478445
AACTT,0.068488713,0.077877679,0.06958376,0.065216626,0.058081374,0.056021002,0.058619979,0.052059231,0.047351679,0.04590718,0.050462517,0.042726578,0.045843879,0.046372945,0.048461226,0.038647865,0.038127033,0.034011918,0.034582627,0.02155619
AATAA,0.073187722,0.078586267,0.068953408,0.067359026,0.057769981,0.055642629,0.058640666,0.049630061,0.047145172,0.043800368,0.051365693,0.040528282,0.045881788,0.044996243,0.049214366,0.039107878,0.039634403,0.033461673,0.0343379,0.020756472
AATAC,0.073484713,0.078663231,0.068611398,0.066427033,0.057430883,0.055387059,0.05859741,0.050931695,0.047022666,0.044098922,0.051052377,0.04018721,0.045714065,0.046056593,0.049408216,0.038970913,0.038878407,0.033773772,0.034583004,0.020720435
AATAG,0.075640303,0.078927598,0.068375611,0.066439996,0.057761293,0.054646716,0.058361995,0.051479182,0.047010382,0.043994807,0.050634786,0.039890625,0.045712308,0.045830946,0.048976005,0.038885391,0.038696684,0.03353095,0.034539766,0.020664658
AATAT,0.080079562,0.079620358,0.06759557,0.069377565,0.056840985,0.054445305,0.058992058,0.048477834,0.046585434,0.041487506,0.051482542,0.03667841,0.045722022,0.044912039,0.050518362,0.039466898,0.040865882,0.033167088,0.034181862,0.019502719
AATCA,0.072322616,0.078245085,0.068715221,0.066137745,0.057608537,0.055324456,0.058673603,0.052325355,0.047629319,0.044781777,0.050405354,0.040786363,0.045690453,0.04626723,0.04900247,0.03875586,0.038323619,0.033754422,0.03444268,0.020807835
AATCC,0.066844018,0.075097856,0.069653327,0.061008179,0.059586202,0.057705592,0.05707568,0.057439447,0.048274096,0.047216876,0.049378746,0.046472779,0.045376493,0.045689463,0.04748515,0.038276579,0.03642872,0.035334837,0.033556037,0.022099924
AATCG,0.056996795,0.073442983,0.069441752,0.063105532,0.058301944,0.058612517,0.057108904,0.052887632,0.050744374,0.047090477,0.053560502,0.045737877,0.045329172,0.047837142,0.047009213,0.040010561,0.037957542,0.036039471,0.034996629,0.023788982
AATCT,0.069900525,0.077801519,0.0692524,0.064862355,0.05830378,0.055604115,0.058456134,0.053030048,0.047450342,0.045642626,0.050207328,0.042610798,0.045563175,0.04605454,0.048801869,0.038586319,0.037969774,0.034109264,0.034267692,0.021525399
AATGA,0.069233929,0.077811403,0.06945374,0.06572102,0.057992539,0.055895381,0.058690183,0.051962349,0.047790894,0.045016379,0.050472358,0.041297724,0.04613282,0.046010756,0.049279804,0.039280944,0.038743249,0.033615002,0.034530746,0.021068782
AATGC,0.065352779,0.077228477,0.069971073,0.063979455,0.058005837,0.056492909,0.058257535,0.053367829,0.048497569,0.046245774,0.04999424,0.043552085,0.046314143,0.046631146,0.04858186,0.038845915,0.038077841,0.034262075,0.034765218,0.02157624
AATGG,0.072452881,0.076945063,0.068838647,0.063757124,0.058675894,0.055829994,0.058003511,0.055339228,0.048053858,0.045327966,0.049474022,0.042168779,0.045528209,0.045789763,0.048150324,0.038855327,0.037041451,0.034455567,0.034155344,0.021157049
AATGT,0.068814215,0.078230503,0.069414798,0.065799516,0.057038899,0.05593707,0.058650047,0.051440856,0.047998991,0.044717838,0.050911854,0.041000544,0.046273324,0.04667649,0.049404845,0.039177417,0.039095748,0.033886179,0.034526491,0.021004374
AATTA,0.073214419,0.079319838,0.068967867,0.068633573,0.057048751,0.055535287,0.058856247,0.048273182,0.047045321,0.043478255,0.051624103,0.0389101,0.045952875,0.045434989,0.049787278,0.039245813,0.040309259,0.033199128,0.034726996,0.020436717
AATTC,0.074762537,0.078141577,0.068492543,0.066419167,0.058313485,0.05514655,0.058389438,0.053015113,0.046800142,0.044465349,0.05010301,0.040783655,0.045205825,0.045888076,0.048748824,0.03832711,0.038051197,0.034034157,0.034107838,0.020804408
AATTG,0.078066745,0.078158716,0.067862129,0.066769436,0.058049828,0.054984849,0.058242202,0.052461542,0.046554967,0.043805081,0.050088603,0.039370973,0.045478759,0.045769878,0.049428213,0.038473846,0.038448901,0.033532459,0.03412062,0.020332253
AATTT,0.07832322,0.079004557,0.068380041,0.069172792,0.057341972,0.054499838,0.058916335,0.049488962,0.046061574,0.042918356,0.050880804,0.038178345,0.04565914,0.045424394,0.049846124,0.038685104,0.039533499,0.033293517,0.034288306,0.02010312
ACCAA,0.067663813,0.076388857,0.069623006,0.062620437,0.058657626,0.056494029,0.057420693,0.055608945,0.048256815,0.046638745,0.049597638,0.044573393,0.045368539,0.046290971,0.048233892,0.03860544,0.036804753,0.035131562,0.034184331,0.021836515
ACCAC,0.055262201,0.073551084,0.071328261,0.057519091,0.06040004,0.060525027,0.056160051,0.058520911,0.050183481,0.049280218,0.049471724,0.05147235,0.045861191,0.04608254,0.045794639,0.039160212,0.035583688,0.037096289,0.033565239,0.023181762
ACCAG,0.059432005,0.074089675,0.070883477,0.058101682,0.061014551,0.059113983,0.056259529,0.059476002,0.04969313,0.048933236,0.04819156,0.05035994,0.045521763,0.045457591,0.046240156,0.039022527,0.035148039,0.036877842,0.033290154,0.022893157
ACCAT,0.065086622,0.075909361,0.069879433,0.061092398,0.058843648,0.057582669,0.057322704,0.056532744,0.048852988,0.047147162,0.04962392,0.045891006,0.045760881,0.046176712,0.047525269,0.039070893,0.036895777,0.035277518,0.033741413,0.021786882
ACCCA,0.061214881,0.074085416,0.070548151,0.05883244,0.060413722,0.059545296,0.056766942,0.059595129,0.050114267,0.048371583,0.048342656,0.048809847,0.045508411,0.04489582,0.04635801,0.039095418,0.035279601,0.036720094,0.033104703,0.022397613
ACCCC,0.053797029,0.071658934,0.071319195,0.054819192,0.061942629,0.062250584,0.055357772,0.061277568,0.051095603,0.049894494,0.049076734,0.054108953,0.045296531,0.044404212,0.044604101,0.039980271,0.034127324,0.038648545,0.032556376,0.023783952
ACCCG,0.045793747,0.068697508,0.070899589,0.054403573,0.064331936,0.065007488,0.053965064,0.060002418,0.053732937,0.050568957,0.050978501,0.056746817,0.045206696,0.044784563,0.043003927,0.040271167,0.033690293,0.040598374,0.032180208,0.025136238
ACCCT,0.057070007,0.073096545,0.071343253,0.056591474,0.060912965,0.059863654,0.055967372,0.059944029,0.050236391,0.04915128,0.048412447,0.051841961,0.046251898,0.045220105,0.045539363,0.039642379,0.035244287,0.0375481,0.03293116,0.02319133
ACCGA,0.049077103,0.07169088,0.070917613,0.058551769,0.060921673,0.061906565,0.056218219,0.056233812,0.052412551,0.049259007,0.052103151,0.051332485,0.04501509,0.046531006,0.044871428,0.040095927,0.035599314,0.038622923,0.033878085,0.024761401
ACCGC,0.041725276,0.068802155,0.072463999,0.05397708,0.062896344,0.064882505,0.054234318,0.059242969,0.053379469,0.050531276,0.051725931,0.057262324,0.04473825,0.044820196,0.043079769,0.041603799,0.034041328,0.041268461,0.033078515,0.026246037
ACCGG,0.046224798,0.069445199,0.070622049,0.054174417,0.063672781,0.063606131,0.053846761,0.059367479,0.053126116,0.050046053,0.051327572,0.055832352,0.044727191,0.045826246,0.043939898,0.041392101,0.034410154,0.040272317,0.032762481,0.025377905
ACCGT,0.039040294,0.070663189,0.072228902,0.056992557,0.060775937,0.062905583,0.055514158,0.055931556,0.054020825,0.051098223,0.052699776,0.053215971,0.045014629,0.047613443,0.045109009,0.040847879,0.036024906,0.03975056,0.034442757,0.026109846
ACCTA,0.069497417,0.076604864,0.068998681,0.062414022,0.059228564,0.056508575,0.057872124,0.055810251,0.048281123,0.046388525,0.049304147,0.044321686,0.045306511,0.045585651,0.047953535,0.038969215,0.037007557,0.034664311,0.033825598,0.021457645
ACCTC,0.057127372,0.07375208,0.070841088,0.057583114,0.060890818,0.059559306,0.056556536,0.059488954,0.04998192,0.049415065,0.048354885,0.050771162,0.045878528,0.045674842,0.046486824,0.039261041,0.035619774,0.03668284,0.033065408,0.023008444
ACCTG,0.055614688,0.073462167,0.071308323,0.056921898,0.061077962,0.060318829,0.056450015,0.060406621,0.050375346,0.049690319,0.047972771,0.051410532,0.045948798,0.044960951,0.046433609,0.039378942,0.035392415,0.037186291,0.032823622,0.0228659
ACCTT,0.061908631,0.075640049,0.070550974,0.060416637,0.059536808,0.057762466,0.05726751,0.05651738,0.048957075,0.048090212,0.049068361,0.047558635,0.045869985,0.046278726,0.047124904,0.039012123,0.036743034,0.035517934,0.033696738,0.022481818
ACTAA,0.071635299,0.078197356,0.06899074,0.066243864,0.058173699,0.055572069,0.058767023,0.051170912,0.047039206,0.045065977,0.050471962,0.041147371,0.045879009,0.045956933,0.049186371,0.038773778,0.038216302,0.033674963,0.034602685,0.021234482
ACTAC,0.068093867,0.076539046,0.07008633,0.062666357,0.05848173,0.056283644,0.057952081,0.054245531,0.047551094,0.046348756,0.049482378,0.044631463,0.04561996,0.046280793,0.048464323,0.038871074,0.037722435,0.034671584,0.03422986,0.021777694
ACTAG,0.068389634,0.076982251,0.069994481,0.06225592,0.05890365,0.055845567,0.058008674,0.054418139,0.047386413,0.047361,0.048917745,0.044950797,0.046082135,0.04571722,0.0479408,0.039126155,0.037164065,0.034320531,0.03427423,0.021960593
ACTAT,0.076376391,0.078950712,0.068503974,0.065805526,0.057899045,0.0548181,0.058448151,0.051634409,0.046775787,0.044129565,0.050211696,0.04061419,0.045633304,0.045532273,0.048922326,0.038769046,0.038528561,0.033526966,0.034267645,0.020652334
ACTCA,0.06105543,0.075084688,0.070824531,0.060746826,0.059936021,0.058660569,0.057266967,0.056976949,0.048908386,0.048283251,0.048939482,0.047931037,0.045731286,0.045474312,0.046811718,0.038903358,0.036502659,0.03597228,0.033664823,0.022325426
ACTCC,0.061798277,0.07463174,0.070109412,0.059653358,0.060580415,0.058539279,0.057147765,0.058797313,0.049183088,0.048369064,0.048519126,0.048262191,0.045736904,0.045294706,0.046653234,0.039100014,0.035634787,0.036092839,0.033447899,0.022448588
ACTCG,0.043895316,0.070542769,0.071502511,0.056784292,0.061539557,0.06342119,0.055161608,0.056590143,0.052661895,0.050733446,0.050819079,0.055154065,0.045413476,0.046804019,0.044279367,0.040034425,0.035617982,0.039377821,0.033952722,0.025714318
ACTCT,0.060124297,0.075896979,0.070449459,0.061076899,0.059460632,0.057589382,0.057719917,0.056152712,0.049125801,0.048143088,0.049447902,0.047074931,0.046023258,0.046024063,0.047535987,0.039143634,0.03696855,0.035449266,0.034120089,0.022473154
ACTGA,0.060343065,0.075957408,0.070619331,0.061717172,0.059238616,0.058441149,0.057914134,0.055421962,0.048661177,0.048046809,0.049474394,0.046436909,0.046173133,0.046092064,0.047543354,0.039024061,0.037331148,0.035149714,0.034063867,0.022350532
ACTGC,0.054419964,0.073799191,0.072101995,0.058927413,0.060122032,0.059032987,0.057250206,0.057531527,0.049650663,0.049661333,0.04863977,0.049725266,0.046236078,0.046033962,0.046864408,0.039454381,0.036352234,0.036811546,0.034084179,0.023300865
ACTGG,0.059394507,0.074758408,0.070689731,0.058987702,0.060080711,0.058904201,0.056876323,0.059078221,0.049551013,0.048750516,0.048492683,0.049008734,0.045888716,0.045609516,0.046361951,0.039299079,0.035626563,0.036522021,0.033525661,0.022593741
ACTGT,0.055380084,0.075671468,0.071488817,0.061164887,0.058833166,0.058580603,0.057843832,0.054990395,0.04924114,0.048486724,0.050034137,0.047152282,0.046375647,0.046775078,0.04787974,0.03958478,0.037243574,0.035976898,0.034677208,0.022619541
ACTTA,0.066793705,0.078081556,0.070049548,0.065110043,0.057929412,0.056292413,0.058506074,0.051405909,0.047480452,0.045944311,0.050763438,0.042890422,0.04605698,0.046207896,0.048677258,0.039041116,0.038455358,0.033933889,0.034643028,0.021737192
ACTTC,0.064515469,0.076503515,0.069706966,0.062895424,0.058885836,0.056718203,0.058281677,0.054729537,0.048596301,0.046871714,0.049621909,0.044661547,0.045808155,0.046545061,0.048138525,0.039206514,0.037056812,0.034935047,0.0343973,0.021924487
ACTTG,0.062017182,0.07583221,0.071032517,0.061106987,0.0590169,0.057810557,0.057661591,0.055403683,0.048684691,0.048048254,0.049348725,0.047115091,0.045631935,0.046356997,0.047286196,0.038839214,0.036956396,0.035042564,0.034332301,0.022476007
ACTTT,0.069667077,0.077984645,0.069773058,0.065520317,0.058110399,0.055724664,0.058816689,0.05201364,0.047372848,0.045294354,0.050065393,0.042037932,0.046079992,0.046247671,0.048702579,0.038624411,0.038305498,0.033768346,0.03443062,0.021459867
AGCAA,0.062871187,0.076845949,0.070347474,0.062243862,0.058790762,0.057171498,0.057762112,0.054388178,0.0485999,0.047487704,0.049975304,0.045716493,0.045941974,0.046619051,0.047716034,0.038971762,0.0370921,0.034961018,0.034435313,0.022062324
AGCAC,0.052210392,0.073500273,0.072400818,0.058011039,0.060863201,0.060681953,0.056856076,0.057995368,0.05019235,0.050493141,0.047904179,0.051969611,0.046054979,0.045739693,0.046320114,0.039010653,0.035948309,0.037054612,0.033661569,0.023131668
AGCAG,0.05201248,0.073779596,0.072151414,0.05774982,0.060616802,0.059435379,0.056899344,0.058353412,0.050489111,0.050216812,0.048216533,0.051498132,0.046234754,0.045924781,0.046383286,0.039788415,0.035811944,0.037310501,0.033819247,0.023308236
AGCAT,0.061603532,0.076985226,0.070282545,0.062269717,0.058586172,0.057287472,0.058049178,0.054426119,0.049283945,0.047306317,0.049962866,0.045151306,0.046299884,0.04639081,0.047966609,0.039130688,0.037750327,0.034850221,0.034508535,0.021908529
AGCCA,0.053214945,0.073233366,0.072327978,0.05655909,0.061217289,0.060879075,0.056214868,0.059189272,0.050547635,0.050448628,0.048792985,0.05261446,0.045671936,0.045205959,0.045357001,0.039474399,0.035339019,0.037107947,0.033203179,0.023400969
AGCCC,0.047449156,0.070825866,0.073373705,0.052970132,0.063129217,0.063250666,0.054954505,0.06242248,0.05192262,0.05188076,0.047657967,0.057157286,0.045485266,0.043916353,0.044348107,0.039807227,0.033855687,0.038722641,0.032581501,0.024288858
AGCCG,0.036291618,0.068127205,0.073340319,0.05189508,0.065242248,0.066480643,0.052405989,0.059443674,0.054158339,0.052463727,0.050807217,0.060931726,0.045002347,0.044699677,0.042496582,0.041093308,0.033818421,0.041714,0.032891451,0.026696432
AGCCT,0.052922827,0.072513134,0.072463209,0.055881865,0.061758261,0.060285469,0.056131767,0.060507312,0.050132153,0.050823802,0.047793444,0.053664982,0.046070607,0.045123818,0.045699767,0.039467775,0.035035339,0.037337984,0.032920451,0.023466036
AGCGA,0.042156692,0.070381775,0.072826676,0.056728268,0.061592167,0.06340667,0.055580832,0.055768494,0.053490579,0.050222332,0.052365531,0.053661208,0.045102999,0.047294504,0.044280765,0.040378574,0.035593567,0.038750705,0.034278264,0.026139398
AGCGC,0.035164286,0.067107477,0.074286404,0.052923234,0.064326658,0.06585933,0.05405269,0.059065057,0.054274705,0.052662464,0.050516152,0.060002624,0.044207087,0.045116555,0.042605624,0.041101818,0.033827761,0.041955871,0.033561687,0.027382515
AGCGG,0.037320176,0.06818032,0.073646822,0.052008846,0.064928273,0.065310314,0.053539502,0.0597734,0.054032656,0.051790336,0.051451884,0.060707869,0.044604323,0.044560347,0.041866538,0.041850445,0.033351364,0.041922542,0.032501481,0.026652562
AGCGT,0.039759363,0.070460636,0.072562307,0.057859706,0.061737779,0.062481317,0.055688319,0.055924299,0.053136718,0.050629445,0.053036284,0.053136898,0.045324554,0.046937609,0.044867413,0.040631913,0.036142569,0.03960185,0.034453521,0.025627501
AGCTA,0.064935595,0.076949817,0.07035515,0.062204095,0.05905306,0.057125608,0.057522604,0.054302642,0.04861771,0.04750296,0.049544545,0.046061829,0.04602424,0.045557812,0.047428597,0.038883532,0.037123726,0.034627112,0.034144481,0.022034886
AGCTC,0.054961584,0.074494426,0.071625928,0.058088991,0.061100865,0.059560196,0.056661332,0.058239724,0.049871064,0.049791878,0.048149173,0.050834756,0.046184374,0.045690748,0.046484108,0.039342807,0.035670008,0.036904852,0.03340643,0.022936756
AGCTG,0.052680777,0.073951409,0.072153477,0.057469138,0.061114048,0.060007138,0.056463644,0.058560589,0.050326431,0.050031304,0.048217896,0.051717078,0.046354942,0.0455682,0.046355551,0.039719655,0.035592635,0.037110935,0.033419249,0.023185902
AGCTT,0.060480491,0.07640807,0.071003642,0.061522803,0.059379031,0.057080742,0.057490103,0.055218246,0.049052609,0.048432705,0.049303173,0.04689073,0.045975951,0.046563044,0.047568274,0.038962642,0.036729782,0.035014726,0.034362151,0.022561086
AGTAA,0.067802244,0.078419402,0.069841703,0.065839629,0.057724271,0.056076794,0.058657803,0.050717778,0.047141476,0.045583752,0.050784309,0.042258493,0.046237254,0.046341853,0.048859771,0.039110392,0.03870337,0.033712326,0.034645291,0.02154209
AGTAC,0.07349064,0.07665711,0.069588177,0.063544946,0.058869108,0.056209193,0.058148989,0.054817807,0.04722228,0.045558547,0.048791129,0.043556208,0.045760878,0.045128391,0.048099081,0.038720798,0.036871196,0.034174532,0.033453806,0.021337183
AGTAG,0.067908611,0.076818397,0.070117048,0.062561801,0.058906898,0.056027079,0.058110732,0.054399584,0.047806703,0.046600172,0.04950004,0.044150261,0.045541822,0.046122504,0.048246461,0.039212507,0.037286609,0.034401645,0.034455313,0.021825813
AGTAT,0.073537512,0.078399941,0.068920058,0.065668211,0.057658507,0.055167974,0.058545612,0.05098653,0.047018659,0.0444124,0.050453535,0.040708457,0.04597105,0.046201891,0.04931156,0.039060179,0.038850894,0.033893802,0.034414415,0.020818813
AGTCA,0.057974968,0.076227619,0.070931423,0.061165734,0.058979798,0.058303809,0.057703606,0.055658461,0.049209905,0.048338803,0.049705957,0.046831284,0.04617117,0.046475634,0.047361534,0.039438158,0.037043877,0.035550835,0.034454872,0.022472553
AGTCC,0.059458603,0.074271499,0.070545458,0.058603781,0.060537912,0.058426046,0.056786495,0.059345194,0.04973834,0.048705459,0.048224664,0.049301758,0.046169201,0.045554627,0.046837507,0.039355577,0.035556103,0.036424058,0.033303507,0.022854213
AGTCG,0.051380006,0.071605321,0.070448101,0.058436648,0.061189786,0.061566184,0.055782959,0.056419734,0.052095815,0.048978124,0.051913983,0.050380845,0.044737337,0.046396886,0.045346545,0.040422656,0.036128423,0.03827889,0.034118432,0.024373326
AGTCT,0.06093098,0.075964353,0.070534346,0.061348432,0.059578577,0.057124058,0.057632471,0.056139297,0.048715623,0.048268722,0.049458042,0.046738903,0.046095665,0.046346629,0.04734241,0.038973686,0.036868537,0.035371508,0.034224499,0.022343261
AGTGA,0.059936051,0.075695695,0.070962811,0.061354956,0.059139442,0.058160876,0.058217967,0.056351524,0.048925326,0.047682201,0.048654432,0.04663265,0.046227937,0.046067635,0.047618592,0.039296314,0.037042937,0.035324545,0.034267582,0.022440529
AGTGC,0.053066387,0.073278571,0.072530679,0.058018347,0.060826459,0.060038842,0.056914248,0.058273861,0.049843058,0.050211012,0.047834592,0.05194597,0.046125883,0.045393606,0.046584506,0.039009583,0.036050475,0.036948699,0.033825019,0.023280204
AGTGG,0.062133767,0.074481516,0.070605933,0.059290405,0.060430052,0.058685975,0.0571059,0.058987596,0.049197234,0.048277135,0.048326827,0.048199432,0.045511324,0.045349655,0.046521151,0.039204099,0.035784618,0.036145205,0.033264953,0.022497223
AGTGT,0.057322788,0.075665124,0.070858731,0.061270937,0.058806707,0.058578735,0.058021704,0.055602922,0.04976351,0.048271571,0.049602489,0.046749162,0.045937609,0.046419866,0.047807358,0.039179186,0.037242909,0.036035571,0.034487934,0.022375187
AGTTA,0.066095192,0.077979013,0.069462634,0.065221142,0.057989248,0.056373453,0.058769634,0.051573938,0.047453676,0.046344479,0.050993946,0.042926088,0.046125034,0.046357408,0.048293693,0.038974932,0.038463986,0.03415121,0.034703583,0.021747711
AGTTC,0.062563766,0.075471764,0.070536288,0.060771082,0.060113394,0.058215956,0.057190331,0.055856777,0.048373002,0.048145436,0.049504832,0.048408628,0.045740085,0.045336864,0.046866099,0.038720042,0.036537556,0.035521541,0.033598238,0.022528317
AGTTG,0.063731071,0.076642336,0.070204256,0.062333155,0.058811194,0.057115924,0.057794798,0.054878223,0.04859327,0.047511353,0.049800271,0.04517819,0.045849173,0.046401075,0.047679447,0.038929962,0.037075317,0.034826036,0.034452106,0.02219284
AGTTT,0.069624194,0.077683659,0.069523634,0.06541083,0.058154462,0.055898618,0.058460873,0.052067477,0.047211886,0.045697468,0.050209936,0.042469075,0.045783561,0.046298626,0.048744437,0.038555019,0.038001185,0.034088329,0.034593865,0.021522868
ATCAA,0.074734429,0.078153001,0.068107268,0.066172905,0.057845228,0.055239368,0.058384251,0.053062877,0.047389811,0.044257747,0.050169086,0.040177803,0.04550283,0.046122296,0.048878611,0.038697291,0.03805029,0.033990496,0.034379219,0.020685193
ATCAC,0.062610203,0.076516801,0.069730536,0.062451334,0.058109781,0.057639232,0.058351734,0.055149824,0.049095447,0.046923484,0.049578908,0.044297919,0.046149581,0.046848455,0.048136105,0.03945776,0.03754963,0.035013342,0.034525936,0.021863987
ATCAG,0.066712562,0.076357571,0.069446941,0.062629732,0.058926373,0.056964869,0.057932369,0.056487731,0.048446682,0.046711399,0.049330097,0.044334371,0.045684713,0.046200357,0.047913075,0.038806878,0.036652143,0.035012895,0.033842084,0.021607157
ATCAT,0.072649511,0.078260905,0.068525624,0.065715081,0.057497671,0.055460155,0.058745453,0.052568907,0.047937556,0.044154567,0.050548046,0.040227835,0.045771245,0.045978165,0.049338564,0.039329244,0.038864672,0.033549719,0.034320237,0.020556842
ATCCA,0.071381322,0.07620584,0.068643516,0.062494869,0.059576001,0.057229211,0.057577607,0.057451956,0.048498363,0.04559212,0.048814574,0.043114411,0.045280149,0.045294516,0.048128638,0.038776596,0.036447787,0.035009105,0.033398295,0.021085125
ATCCC,0.062896939,0.073754619,0.069776335,0.057938684,0.060398637,0.05980125,0.056479833,0.05981621,0.049492224,0.048516916,0.04866619,0.049330614,0.045525702,0.044611959,0.046478353,0.039247474,0.035397332,0.036332844,0.032929456,0.02260843
ATCCG,0.046658618,0.069526006,0.072190489,0.056675485,0.061875994,0.063312126,0.054072366,0.05815574,0.052212949,0.050324838,0.051837962,0.055430117,0.043936599,0.04592288,0.044082474,0.040391702,0.035552968,0.03904709,0.033139118,0.025654479
ATCCT,0.06840554,0.075751686,0.068991501,0.061435303,0.059243855,0.056807597,0.057757601,0.057706808,0.048528597,0.046945374,0.048709995,0.045212278,0.045545924,0.045661766,0.047986531,0.038777066,0.036354179,0.035252714,0.033365679,0.021560008
ATCGA,0.063659212,0.074506145,0.068092445,0.063701187,0.058928532,0.058809095,0.05753828,0.055374794,0.049620679,0.045847173,0.052236431,0.043559307,0.04543047,0.047054251,0.04683252,0.039463376,0.037205001,0.035331109,0.034150596,0.022659397
ATCGC,0.044986307,0.070393949,0.071398976,0.058088125,0.060659281,0.061918442,0.055832601,0.055890398,0.052751291,0.050200676,0.052827847,0.051285106,0.044867026,0.047837129,0.045479372,0.040429169,0.036661468,0.037989931,0.034856845,0.025646059
ATCGG,0.046455295,0.071034666,0.07054685,0.057019692,0.059809935,0.062033953,0.055338229,0.057274049,0.052892921,0.049899904,0.0532966,0.052876642,0.044799947,0.046799458,0.044868248,0.040405412,0.036078385,0.039004582,0.034159595,0.025405639
ATCGT,0.050531348,0.073233559,0.070696902,0.062037733,0.058532857,0.059419605,0.057205568,0.053154314,0.05110613,0.04844695,0.053816236,0.046953787,0.045592759,0.047957314,0.047051171,0.040330631,0.038119314,0.036448322,0.035255349,0.02411015
ATCTA,0.0695046,0.078158438,0.068625601,0.065052191,0.05795788,0.055893351,0.058161452,0.052443527,0.048640133,0.044832947,0.051172188,0.041725773,0.046065671,0.045983933,0.04814805,0.039456693,0.038407121,0.034384585,0.034232561,0.021153304
ATCTC,0.062661972,0.075777382,0.069859488,0.060920611,0.059434797,0.057766646,0.057686386,0.056609867,0.049054378,0.04801963,0.049398113,0.047234313,0.045488755,0.045736121,0.047418468,0.039008181,0.036861369,0.035238473,0.03370709,0.022117959
ATCTG,0.063489861,0.075888263,0.07016419,0.061364309,0.059650358,0.057422187,0.057547799,0.056685003,0.048898454,0.047504351,0.049464544,0.046194523,0.04575,0.045685181,0.047507736,0.038864317,0.036552575,0.035552844,0.033838935,0.02197457
ATCTT,0.072392369,0.077839162,0.068676389,0.064922534,0.058396449,0.055591796,0.058447521,0.054003149,0.047380032,0.045319312,0.049900354,0.042012667,0.045511642,0.045925973,0.048523887,0.038550205,0.037443653,0.03397393,0.034074618,0.021114358
ATTAA,0.072053019,0.078932881,0.069037895,0.067792683,0.057536103,0.055884494,0.058558976,0.049142201,0.047172424,0.04388488,0.051537296,0.040031754,0.046048697,0.045426366,0.049446058,0.039086966,0.039885934,0.033494071,0.034476279,0.020571024
ATTAC,0.070361858,0.078091552,0.069209783,0.066324557,0.057721548,0.056142703,0.058190505,0.050732447,0.047519469,0.04465038,0.051236781,0.041354507,0.046123799,0.045938441,0.049273323,0.038835211,0.039043309,0.033639137,0.034531695,0.021078994
ATTAG,0.071983109,0.078443702,0.068789118,0.066435869,0.057845485,0.055240373,0.058637271,0.051184184,0.0475345,0.044660606,0.05078642,0.040656702,0.046009484,0.045937576,0.048915847,0.038957867,0.038765033,0.03360579,0.034650407,0.020960658
ATTAT,0.076302873,0.079335556,0.068424943,0.068145979,0.056943077,0.055191334,0.058755334,0.048680736,0.047004002,0.042741335,0.051989334,0.038202466,0.045876266,0.044997105,0.049859025,0.039627019,0.040536205,0.032923666,0.034318635,0.020145111
ATTCA,0.070450541,0.078027452,0.068990161,0.065328858,0.058270184,0.056021725,0.058584797,0.052620464,0.047773833,0.044743666,0.050207919,0.041362171,0.046012388,0.045972847,0.049025769,0.039174977,0.038623964,0.03382241,0.034155575,0.0208303
ATTCC,0.070498295,0.076783946,0.068616001,0.063209079,0.058785348,0.056066138,0.057887016,0.056197594,0.047810168,0.045929117,0.049215037,0.043779367,0.045374077,0.045809016,0.048406749,0.038671588,0.036991575,0.034859991,0.033722488,0.021387411
ATTCG,0.063776628,0.074647887,0.06914697,0.063294182,0.0586259,0.057479508,0.057392541,0.05533007,0.049525115,0.046267471,0.052469558,0.043678399,0.044762664,0.047275464,0.046698119,0.039472932,0.037427598,0.035544247,0.03458944,0.022595311
ATTCT,0.071705442,0.078168806,0.068921204,0.06551486,0.057997155,0.055278129,0.058597516,0.05317001,0.047316056,0.045089414,0.049903017,0.041202631,0.045495363,0.046178147,0.048957374,0.038681305,0.038244323,0.034117797,0.034420071,0.021041379
ATTGA,0.074977217,0.078101684,0.067900527,0.066198688,0.058107812,0.055510232,0.058412613,0.053191165,0.04741215,0.043963843,0.050263137,0.039948799,0.045707473,0.045702201,0.049009094,0.038835826,0.038335137,0.033881913,0.03402739,0.020513099
ATTGC,0.070264679,0.077375715,0.068852046,0.065016254,0.058109083,0.055611193,0.058057643,0.053909719,0.047944252,0.045279133,0.04989583,0.041584886,0.046021882,0.046226593,0.049279625,0.038948318,0.037992406,0.034087436,0.034484656,0.021058653
ATTGG,0.074398382,0.077024623,0.068403517,0.063881666,0.058130832,0.055719843,0.057526481,0.05618949,0.047728917,0.044727391,0.049517216,0.041588219,0.045364927,0.046001976,0.048187487,0.038957308,0.037185072,0.034617318,0.033796063,0.021053273
ATTGT,0.073586678,0.078203079,0.068421034,0.0662734,0.057600427,0.055448797,0.058750698,0.052308259,0.047076245,0.043918121,0.05016679,0.0401348,0.045665347,0.0462922,0.049627772,0.03874348,0.038710356,0.033904978,0.034491838,0.020675701
ATTTA,0.070894171,0.078653805,0.06942625,0.067501874,0.057560737,0.056112414,0.058618533,0.048586159,0.047380987,0.043907731,0.051858012,0.040612225,0.046085286,0.045307475,0.049297556,0.039345784,0.03990661,0.033465321,0.034649304,0.020829762
ATTTC,0.073062226,0.078122729,0.068886332,0.066505319,0.057763624,0.054942828,0.058673174,0.051615981,0.04717897,0.044434237,0.050538647,0.040576855,0.045724407,0.046007036,0.04933925,0.03871845,0.038726242,0.033887579,0.034439054,0.020857059
ATTTG,0.073471514,0.07803332,0.069086893,0.065939273,0.057873412,0.055131547,0.058570602,0.05198071,0.047362958,0.044658633,0.050230471,0.040933465,0.045571073,0.045939966,0.049065082,0.038669824,0.038390669,0.033803413,0.034437121,0.020850053
ATTTT,0.077460589,0.078735469,0.068620703,0.068411808,0.057300489,0.054755897,0.058843805,0.049595952,0.046368658,0.043355352,0.050892249,0.038999686,0.045630661,0.045471568,0.049596132,0.038597678,0.039368022,0.033273687,0.034360792,0.020360803
CACAA,0.065553737,0.076802399,0.069639745,0.062625016,0.058697471,0.057615371,0.057916049,0.055559699,0.048545609,0.046596386,0.049736988,0.044470758,0.045334807,0.046265395,0.047867582,0.038570833,0.037102098,0.035376836,0.034127543,0.021595676
CACAC,0.04480546,0.075644866,0.071015556,0.057332194,0.059208238,0.063206988,0.057684474,0.055380586,0.053437734,0.051612912,0.050924863,0.051264163,0.04548957,0.045828609,0.046326741,0.038770109,0.036779818,0.037558068,0.034477615,0.023251436
CACAG,0.048690964,0.073863876,0.072200308,0.057616053,0.060397539,0.061104183,0.056971245,0.058410984,0.05131326,0.050216996,0.04870874,0.050719953,0.046460879,0.046329681,0.046551093,0.03973789,0.036081293,0.037846611,0.03376279,0.023015663
CACAT,0.058347989,0.076371976,0.070499176,0.060862772,0.058101131,0.059659918,0.057697944,0.055191363,0.050436488,0.048282492,0.050449241,0.04631693,0.045893725,0.046461562,0.047200073,0.038825571,0.037480682,0.035815883,0.034161259,0.021943826
CACCA,0.057365211,0.073513762,0.071117319,0.057928975,0.060623497,0.060180914,0.056195697,0.059552852,0.050278893,0.048999134,0.048394344,0.050838282,0.045408402,0.045643987,0.046211017,0.039187464,0.035478957,0.036957127,0.033350076,0.02277409
CACCC,0.051246391,0.071296272,0.071817264,0.054798761,0.062310415,0.063044607,0.055766927,0.061638381,0.051921774,0.050119429,0.048302073,0.054423893,0.045450929,0.044410999,0.044080481,0.040014498,0.034626586,0.038790126,0.032376788,0.023563405
CACCG,0.036709267,0.068618982,0.073040672,0.053530619,0.063080896,0.065340081,0.054379763,0.05926945,0.055045741,0.051692073,0.051294849,0.058066698,0.044499319,0.045534501,0.042907836,0.041685259,0.034083279,0.041397184,0.033398882,0.026424648
CACCT,0.055666679,0.073513712,0.07141723,0.056948376,0.061014278,0.060408993,0.056584005,0.060623231,0.050502046,0.049500009,0.047907607,0.051250281,0.045642803,0.045165379,0.04594955,0.039349789,0.035362179,0.037198865,0.033042545,0.022952441
CACGA,0.047623531,0.071904163,0.071497289,0.058271084,0.060043044,0.061960714,0.056326475,0.056374797,0.052564602,0.049320413,0.052127003,0.050583775,0.045358229,0.047655336,0.045723102,0.040231298,0.035838996,0.037856477,0.034528438,0.024211235
CACGC,0.036650892,0.068432911,0.073001656,0.05354572,0.063454064,0.067819132,0.05421293,0.058425454,0.054013469,0.051915745,0.052100034,0.058195803,0.044645519,0.045291768,0.042858778,0.039923678,0.034849186,0.041626277,0.032999079,0.026037904
CACGG,0.035338508,0.068902064,0.07255478,0.054409694,0.063225034,0.065923349,0.054565875,0.05801117,0.055460989,0.051788417,0.051425975,0.056495751,0.045419254,0.046376133,0.043241139,0.041479598,0.034568321,0.041345954,0.033613448,0.025854547
CACGT,0.040713476,0.070729704,0.07203862,0.057244098,0.06014234,0.063695959,0.056489383,0.055514513,0.05283765,0.051323264,0.052763944,0.053349327,0.045042524,0.047877958,0.044687161,0.040492391,0.036433237,0.038909297,0.034300537,0.025414619
CACTA,0.067718204,0.076757346,0.069801215,0.062577105,0.0586303,0.056381972,0.058233995,0.054952265,0.04783676,0.046688942,0.04906462,0.044555631,0.045933043,0.045784799,0.048219193,0.038827926,0.037222792,0.034839915,0.034225944,0.021748034
CACTC,0.05601579,0.073713758,0.071345851,0.058745911,0.060581844,0.059876051,0.057038201,0.058701842,0.050165087,0.049217346,0.048235532,0.049913788,0.045758144,0.045547685,0.046694597,0.039263893,0.03603764,0.036687204,0.033559881,0.022899954
CACTG,0.051089128,0.073760699,0.072070453,0.058124052,0.060185587,0.060471507,0.057311261,0.058965791,0.050469609,0.050023386,0.048404794,0.050644896,0.046121667,0.046000671,0.046360368,0.039574378,0.036150377,0.037161792,0.033934178,0.023175406
CACTT,0.06301204,0.076065834,0.070731618,0.062148874,0.059084039,0.057450667,0.058112692,0.055376418,0.048576604,0.047219275,0.049114921,0.045808994,0.045898089,0.045996068,0.047890422,0.038931398,0.037130953,0.034988786,0.034241333,0.022220976
CATAA,0.070919827,0.078426419,0.069014838,0.065723959,0.0575522,0.055839434,0.058454368,0.051768993,0.047497265,0.044724753,0.050971014,0.041038353,0.045889171,0.046030521,0.049042492,0.038930125,0.038938152,0.033927056,0.034421976,0.020889087
CATAC,0.062138011,0.076855044,0.069572143,0.061564263,0.058166873,0.05891153,0.057764891,0.053874391,0.049992023,0.047367496,0.051269826,0.045048273,0.045525852,0.046326616,0.047520406,0.038502581,0.037763327,0.03588391,0.034210111,0.02174243
CATAG,0.068010843,0.076581876,0.069609547,0.062462026,0.058424064,0.056242666,0.058163862,0.055344829,0.048291055,0.046087948,0.04974288,0.043951962,0.046300617,0.045739746,0.04854325,0.039071699,0.037611008,0.034504553,0.033942614,0.021372955
CATAT,0.075289476,0.078979306,0.068086791,0.065521383,0.056966674,0.056172795,0.058575313,0.051402853,0.04804451,0.043610266,0.051179594,0.03965631,0.045821559,0.045112629,0.049056611,0.039175147,0.039359428,0.033819762,0.034014482,0.02015511
CATCA,0.062485037,0.075938109,0.069813946,0.061692164,0.058578002,0.057897891,0.057977882,0.056286216,0.04951772,0.047123993,0.049535378,0.044932775,0.045889496,0.046470344,0.048186501,0.03951107,0.037050185,0.035101533,0.034194411,0.021817348
CATCC,0.061034493,0.074081499,0.069830332,0.058896047,0.060298281,0.059722205,0.056973356,0.059426019,0.050326372,0.048066806,0.048463212,0.047560419,0.045769174,0.04522354,0.047092634,0.039766404,0.035635234,0.036463435,0.033109011,0.022261528
CATCG,0.044532376,0.071257253,0.070946302,0.057960505,0.059914497,0.062155146,0.05591196,0.057622422,0.052830557,0.050002499,0.052741993,0.05156326,0.045142439,0.04731157,0.045848277,0.040285411,0.036620953,0.037813411,0.034312955,0.025226216
CATCT,0.060728108,0.075755294,0.070473799,0.060815054,0.059314538,0.058048167,0.057737916,0.05653794,0.049441149,0.048111025,0.04951858,0.04692572,0.045922485,0.045966842,0.047255293,0.039212055,0.036687967,0.035454331,0.033942481,0.022151254
CATGA,0.062477541,0.07697274,0.069548715,0.062345302,0.057980574,0.057494663,0.05828486,0.055502998,0.049204027,0.046724568,0.049796136,0.04428612,0.045919135,0.046844871,0.04840274,0.039418053,0.037775648,0.034997117,0.034546965,0.021477227
CATGC,0.053308227,0.075297764,0.071244398,0.058184962,0.059230607,0.060755292,0.057168024,0.057215741,0.051296671,0.04989711,0.049282517,0.049612507,0.046092142,0.046178608,0.046621504,0.038975963,0.036788381,0.03628822,0.03388195,0.022679413
CATGG,0.05708084,0.074391738,0.070830419,0.058356535,0.059073461,0.059427122,0.057044892,0.059131046,0.050641529,0.048786884,0.048847625,0.04850343,0.046017902,0.046461613,0.047084488,0.039628717,0.036170622,0.036556141,0.033662971,0.022302025
CATGT,0.058695051,0.076501128,0.070669947,0.060526736,0.058304648,0.05923881,0.057737614,0.055368867,0.050147983,0.048314297,0.049687297,0.046538902,0.046141306,0.046498594,0.047313341,0.038856391,0.037660885,0.035662196,0.034232452,0.021903555
CATTA,0.068664906,0.078170535,0.069444284,0.065712039,0.057673321,0.056127661,0.058503905,0.050860529,0.047856741,0.045059266,0.051187268,0.041289587,0.046172558,0.045977453,0.049243783,0.039369601,0.039196784,0.033656103,0.034759514,0.021074163
CATTC,0.065603522,0.076870885,0.069603927,0.062801594,0.058600729,0.056716512,0.058096572,0.055272593,0.048601798,0.046396932,0.049362753,0.043989724,0.046268521,0.046332796,0.048497215,0.039133733,0.037516755,0.03468763,0.034140659,0.02150515
CATTG,0.068779378,0.077105567,0.069020135,0.064105764,0.057774393,0.056233358,0.058010403,0.055095298,0.048475149,0.045135782,0.049754889,0.042117172,0.046233073,0.046535928,0.048742069,0.039279808,0.037717521,0.034568671,0.034157151,0.021158492
CATTT,0.071600521,0.078006139,0.069433228,0.066176471,0.057679996,0.055429325,0.058802452,0.051450487,0.04760344,0.044735187,0.050570847,0.040790413,0.045799153,0.046206705,0.049069495,0.038780702,0.038610325,0.033533645,0.034694995,0.021026475
CCCAA,0.064088298,0.074329438,0.070284101,0.058939248,0.060182961,0.058138798,0.056686025,0.0588749,0.049081683,0.048052232,0.048766319,0.048609669,0.045547367,0.045217749,0.046767534,0.039055289,0.035292511,0.036237923,0.03321641,0.022631544
CCCAC,0.054614012,0.072507433,0.07168767,0.056178554,0.061531229,0.061639265,0.055968577,0.06056232,0.051286353,0.049599351,0.04845407,0.052482217,0.045241262,0.044645576,0.045150264,0.039622547,0.034901823,0.038182025,0.032450347,0.023295106
CCCAG,0.049905048,0.071235364,0.073020253,0.053436829,0.063045064,0.062586472,0.055355065,0.062877472,0.051237738,0.051342214,0.047394518,0.056332769,0.045676129,0.04362514,0.044720214,0.039674379,0.033986905,0.038545112,0.0322119,0.023791415
