,X,1,2,3,4,5,6,7,8,9,10,11,12,13,14,15,16,17,18,19,20,21,22
B:AACAA,0.051342282,0.068791946,0.065436242,0.091275168,0.035234899,0.031879195,0.05738255,0.043624161,0.027852349,0.027516779,0.031208054,0.074161074,0.04261745,0.02114094,0.066107383,0.032550336,0.065436242,0.063422819,0.019798658,0.034899329,0.011073826,0.025838926,0.011409396
B:AACAC,0.041168023,0.063666826,0.063666826,0.090473911,0.03255146,0.027764481,0.068453806,0.041168023,0.027285783,0.027764481,0.03494495,0.066060316,0.044997607,0.019626616,0.061273337,0.028721876,0.078027764,0.066539014,0.01627573,0.051699378,0.014839636,0.018190522,0.014839636
B:AACAG,0.048146975,0.067469116,0.062401014,0.082356668,0.039277795,0.031358885,0.064301552,0.045612924,0.024707,0.026290782,0.032942667,0.06715236,0.037377257,0.017104846,0.064618309,0.032625911,0.070319924,0.068419385,0.023439975,0.043712385,0.012987013,0.024073487,0.013303769
B:AACAT,0.044074844,0.078586279,0.060706861,0.1002079,0.032848233,0.028690229,0.069022869,0.052390852,0.030769231,0.024948025,0.033679834,0.075675676,0.038669439,0.015384615,0.062370062,0.033264033,0.068607069,0.056133056,0.019126819,0.032848233,0.01039501,0.018711019,0.012889813
B:AACCA,0.051473641,0.070983811,0.061436281,0.075550021,0.0332088,0.03611457,0.067247821,0.03860523,0.02988792,0.02615193,0.03279369,0.078870901,0.0373599,0.01328352,0.061021171,0.03403902,0.076795351,0.064757161,0.01120797,0.0456621,0.01743462,0.02283105,0.01328352
B:AACCC,0.039459459,0.077837838,0.049189189,0.069189189,0.025405405,0.027567568,0.070810811,0.034594595,0.023783784,0.016756757,0.028108108,0.081621622,0.05027027,0.010810811,0.053513514,0.021081081,0.075675676,0.084864865,0.025945946,0.077297297,0.014594595,0.024324324,0.017297297
B:AACCG,0.052941176,0.064705882,0.051470588,0.066176471,0.020588235,0.036764706,0.060294118,0.042647059,0.030882353,0.035294118,0.036764706,0.054411765,0.055882353,0.007352941,0.054411765,0.030882353,0.076470588,0.091176471,0.017647059,0.069117647,0.011764706,0.016176471,0.016176471
B:AACCT,0.052703317,0.07678328,0.054975011,0.07678328,0.033166742,0.029532031,0.054975011,0.047251249,0.030895048,0.029077692,0.037255793,0.066333485,0.041799182,0.014084507,0.061790095,0.031349387,0.066333485,0.071785552,0.013630168,0.061790095,0.017719219,0.016356202,0.013630168
B:AACGA,0.051118211,0.068690096,0.059105431,0.076677316,0.022364217,0.038338658,0.071884984,0.033546326,0.025559105,0.02715655,0.03514377,0.076677316,0.031948882,0.019169329,0.049520767,0.033546326,0.087859425,0.060702875,0.017571885,0.059105431,0.012779553,0.020766773,0.020766773
B:AACGC,0.038961039,0.069805195,0.037337662,0.084415584,0.017857143,0.029220779,0.063311688,0.064935065,0.032467532,0.032467532,0.021103896,0.060064935,0.034090909,0.006493506,0.050324675,0.042207792,0.069805195,0.095779221,0.030844156,0.060064935,0.024350649,0.011363636,0.022727273
B:AACGG,0.049046322,0.064032698,0.047683924,0.073569482,0.03133515,0.040871935,0.0626703,0.044959128,0.023160763,0.027247956,0.032697548,0.069482289,0.04359673,0.016348774,0.066757493,0.038147139,0.068119891,0.059945504,0.021798365,0.055858311,0.016348774,0.029972752,0.016348774
B:AACGT,0.036697248,0.074923547,0.068807339,0.090214067,0.033639144,0.042813456,0.059633028,0.039755352,0.018348624,0.018348624,0.036697248,0.070336391,0.036697248,0.016819572,0.082568807,0.025993884,0.070336391,0.056574924,0.021406728,0.04587156,0.02293578,0.018348624,0.012232416
B:AACTA,0.049363057,0.074044586,0.077229299,0.103503185,0.043789809,0.031050955,0.054936306,0.039012739,0.027866242,0.025477707,0.027866242,0.063694268,0.044585987,0.017515924,0.068471338,0.035031847,0.046974522,0.070063694,0.021496815,0.025477707,0.013535032,0.031050955,0.007961783
B:AACTC,0.046176046,0.067821068,0.059163059,0.077441077,0.02982203,0.025012025,0.068302068,0.042809043,0.023088023,0.026455026,0.037037037,0.064935065,0.043290043,0.013468013,0.064454064,0.027898028,0.078884079,0.072150072,0.017797018,0.061087061,0.014911015,0.022607023,0.015392015
B:AACTG,0.049777117,0.08692422,0.062778603,0.078751857,0.033432392,0.034175334,0.069465082,0.044576523,0.024145617,0.026745914,0.033060921,0.064635958,0.036032689,0.013001486,0.0653789,0.033060921,0.075780089,0.072065379,0.009658247,0.036032689,0.011887073,0.022659733,0.015973254
B:AACTT,0.044603744,0.079251294,0.070091597,0.09040223,0.035842294,0.035045798,0.062126643,0.04181601,0.028275587,0.029868578,0.031859817,0.054161689,0.04699323,0.017522899,0.065710872,0.036240542,0.068498606,0.065710872,0.011150936,0.041019514,0.010752688,0.023496615,0.009557945
B:AATAA,0.058999253,0.06982823,0.069081404,0.100448096,0.044436146,0.02240478,0.05862584,0.035847647,0.032113518,0.028752801,0.021284541,0.077669903,0.041075429,0.020911128,0.065347274,0.042569081,0.063853622,0.059746079,0.013442868,0.036967886,0.009335325,0.023525019,0.00373413
B:AATAC,0.049039099,0.072233267,0.081510934,0.106030484,0.037110669,0.02584493,0.058316766,0.043074884,0.027170311,0.028495693,0.039761431,0.086812459,0.035785288,0.023194168,0.052352551,0.036447979,0.048376408,0.064280981,0.017892644,0.027170311,0.01259112,0.020543406,0.005964215
B:AATAG,0.047238372,0.087209302,0.067587209,0.097383721,0.03997093,0.026162791,0.068313953,0.035610465,0.034883721,0.03125,0.03125,0.077034884,0.053052326,0.014534884,0.07122093,0.030523256,0.058866279,0.05377907,0.011627907,0.023982558,0.00872093,0.020348837,0.009447674
B:AATAT,0.050220264,0.078854626,0.082819383,0.104845815,0.04185022,0.033920705,0.055066079,0.036123348,0.025991189,0.036123348,0.026872247,0.076211454,0.047136564,0.018942731,0.045374449,0.036563877,0.055947137,0.053744493,0.02246696,0.035242291,0.00660793,0.023348018,0.005726872
B:AATCA,0.050919378,0.070721358,0.074964639,0.112682697,0.032060349,0.032060349,0.066949552,0.045733145,0.025931165,0.024988213,0.031117397,0.073078736,0.035360679,0.020744932,0.058934465,0.02970297,0.056577086,0.04950495,0.021216407,0.038189533,0.012258369,0.030645922,0.005657709
B:AATCC,0.06541555,0.067024129,0.06541555,0.095978552,0.031099196,0.030563003,0.069168901,0.036461126,0.018766756,0.020911528,0.034316354,0.07077748,0.039678284,0.022520107,0.04772118,0.031635389,0.062734584,0.062198391,0.020911528,0.052546917,0.019302949,0.024664879,0.010187668
B:AATCG,0.060324826,0.064965197,0.081206497,0.092807425,0.039443155,0.039443155,0.053364269,0.025522042,0.018561485,0.025522042,0.034802784,0.025522042,0.048723898,0.020881671,0.078886311,0.032482599,0.060324826,0.069605568,0.030162413,0.046403712,0.023201856,0.018561485,0.009280742
B:AATCT,0.040074557,0.063839702,0.074091333,0.093662628,0.030754893,0.032618826,0.062907735,0.051724138,0.023299161,0.032152842,0.030754893,0.078751165,0.035414725,0.015377446,0.05778192,0.038210624,0.068033551,0.063839702,0.021435228,0.047064306,0.013513514,0.016309413,0.008387698
B:AATGA,0.05983205,0.065430371,0.066130161,0.089923023,0.039888034,0.031840448,0.080125962,0.037788663,0.023792862,0.032190343,0.030790763,0.067529741,0.035689293,0.018544437,0.055283415,0.031840448,0.067879636,0.066480056,0.012246326,0.041637509,0.010846746,0.023442967,0.010846746
B:AATGC,0.048041775,0.072584856,0.063185379,0.095039164,0.033942559,0.033942559,0.057441253,0.041253264,0.02767624,0.02767624,0.038642298,0.074673629,0.037075718,0.019321149,0.046997389,0.034986945,0.062663185,0.07154047,0.01618799,0.04073107,0.01618799,0.028198433,0.012010444
B:AATGG,0.047732697,0.082736675,0.070007955,0.082338902,0.031424025,0.033015115,0.07875895,0.033015115,0.022673031,0.025059666,0.042163882,0.084327765,0.042163882,0.014319809,0.062450278,0.031821798,0.061654733,0.060859189,0.014319809,0.040572792,0.015115354,0.014319809,0.009148767
B:AATGT,0.055329536,0.074857608,0.062245728,0.089503662,0.03376729,0.023189585,0.056956876,0.047599675,0.024816924,0.025223759,0.030512612,0.061025224,0.040276648,0.014239219,0.056956876,0.030919447,0.067127746,0.07078926,0.017900732,0.074857608,0.007323027,0.02441009,0.010170871
B:AATTA,0.052865888,0.07902059,0.079577073,0.099053979,0.047301057,0.027824151,0.062882582,0.033945465,0.030606566,0.031719533,0.03116305,0.06065665,0.040066778,0.015025042,0.058987201,0.038397329,0.051752922,0.06622148,0.015581525,0.0294936,0.006677796,0.035614914,0.00556483
B:AATTC,0.051806084,0.070342205,0.059410646,0.106463878,0.04230038,0.025665399,0.050855513,0.048954373,0.019011407,0.021863118,0.031844106,0.06891635,0.039448669,0.020437262,0.058460076,0.037072243,0.056558935,0.065589354,0.023764259,0.059410646,0.010456274,0.025665399,0.005703422
B:AATTG,0.064242424,0.072121212,0.058181818,0.098787879,0.038787879,0.033333333,0.058181818,0.037575758,0.026060606,0.024242424,0.035757576,0.081212121,0.041818182,0.023030303,0.06,0.038181818,0.063030303,0.054545455,0.021212121,0.026060606,0.01030303,0.023030303,0.01030303
B:AATTT,0.055325035,0.068810512,0.071922545,0.108921162,0.038727524,0.032849239,0.052904564,0.04011065,0.026279391,0.034923928,0.030082988,0.061549101,0.039419087,0.018672199,0.070193638,0.03769018,0.057053942,0.052904564,0.019709544,0.032503458,0.008298755,0.030428769,0.010719225
B:ACCAA,0.055652936,0.063102542,0.061349693,0.085451358,0.032865907,0.031989483,0.061349693,0.03768624,0.026292726,0.028045574,0.030236635,0.084136722,0.042944785,0.012708151,0.058720421,0.030236635,0.072304996,0.074057844,0.01051709,0.044259422,0.012708151,0.023663453,0.019719544
B:ACCAC,0.044013428,0.067139127,0.057068258,0.07459903,0.028347631,0.035434539,0.08541589,0.042148452,0.030958598,0.032077583,0.029093622,0.071988064,0.036553525,0.014546811,0.052965311,0.02387169,0.068258113,0.065274151,0.01305483,0.067139127,0.01230884,0.028720627,0.019022753
B:ACCAG,0.037459283,0.076275787,0.055374593,0.067318132,0.030944625,0.030401737,0.066775244,0.038273616,0.031216069,0.031487514,0.031216069,0.074375679,0.03990228,0.007057546,0.061617807,0.025515744,0.082519001,0.064060803,0.010586319,0.072747014,0.020358306,0.023887079,0.02062975
B:ACCAT,0.044591611,0.068432671,0.058278146,0.090066225,0.028697572,0.037086093,0.076379691,0.036203091,0.027373068,0.030463576,0.041059603,0.078145695,0.032671082,0.01589404,0.053421634,0.032229581,0.080353201,0.061810155,0.008830022,0.049448124,0.015452539,0.017218543,0.01589404
B:ACCCA,0.037771129,0.074420344,0.051608078,0.069558714,0.027299925,0.03328347,0.069184742,0.036649215,0.024682124,0.023560209,0.036649215,0.078534031,0.041136874,0.012341062,0.052729993,0.020942408,0.087509349,0.080029918,0.013462977,0.069184742,0.018324607,0.020194465,0.020942408
B:ACCCC,0.027757217,0.073649149,0.053293856,0.054404145,0.020355292,0.034048853,0.07253886,0.036639526,0.028867506,0.026276832,0.036639526,0.079940785,0.047002221,0.008142117,0.047742413,0.018874907,0.070318283,0.088082902,0.009252406,0.096965211,0.01665433,0.024056255,0.028497409
B:ACCCG,0.026644463,0.07743547,0.053288926,0.060782681,0.01582015,0.027477102,0.049125729,0.039134055,0.034138218,0.037468776,0.026644463,0.075770192,0.040799334,0.008326395,0.054954205,0.020815987,0.082431307,0.092422981,0.024979184,0.083263947,0.022481266,0.019983347,0.025811823
B:ACCCT,0.041989401,0.078679168,0.050142682,0.069302894,0.01793722,0.031390135,0.081940481,0.040766408,0.020790868,0.025275173,0.037097432,0.077048512,0.045658377,0.009376274,0.059111292,0.020790868,0.066041582,0.070933551,0.012637587,0.081125153,0.016306563,0.023644517,0.022013861
B:ACCGA,0.061978546,0.075089392,0.065554231,0.061978546,0.025029797,0.029797378,0.0488677,0.033373063,0.029797378,0.038140644,0.023837902,0.065554231,0.0488677,0.008343266,0.05125149,0.030989273,0.078665077,0.084624553,0.020262217,0.058402861,0.020262217,0.017878427,0.021454112
B:ACCGC,0.037891269,0.084019769,0.048599671,0.046128501,0.02800659,0.02800659,0.055189456,0.042009885,0.037067545,0.029654036,0.037891269,0.085667216,0.032948929,0.008237232,0.055189456,0.019769357,0.067545305,0.099670511,0.018121911,0.0815486,0.016474465,0.014003295,0.026359143
B:ACCGG,0.054327808,0.069060773,0.056169429,0.061694291,0.026703499,0.038674033,0.048802947,0.044198895,0.022099448,0.025782689,0.031307551,0.069981584,0.047882136,0.007366483,0.049723757,0.023020258,0.084714549,0.08839779,0.016574586,0.079189687,0.019337017,0.012891344,0.022099448
B:ACCGT,0.038208169,0.073781291,0.046113307,0.063241107,0.031620553,0.028985507,0.060606061,0.056653491,0.042160738,0.021080369,0.034255599,0.085638999,0.04743083,0.007905138,0.046113307,0.026350461,0.086956522,0.063241107,0.0171278,0.071146245,0.018445323,0.018445323,0.014492754
B:ACCTA,0.039548023,0.07425343,0.058918483,0.092009685,0.03551251,0.026634383,0.066989508,0.03874092,0.021791768,0.033898305,0.041162228,0.083131558,0.050040355,0.01291364,0.060532688,0.026634383,0.0645682,0.06779661,0.01291364,0.044390638,0.017756255,0.01937046,0.010492333
B:ACCTC,0.04423013,0.074825407,0.053874293,0.068506817,0.026272032,0.032590622,0.066511473,0.045560359,0.027269704,0.029265048,0.036248753,0.064183572,0.048553375,0.00631859,0.060525441,0.022946458,0.069171932,0.074160293,0.013634852,0.070502162,0.012969737,0.025939475,0.025939475
B:ACCTG,0.036766385,0.072847682,0.054578671,0.074902946,0.026261704,0.035396209,0.066453528,0.03722311,0.028088605,0.030600594,0.031057319,0.078556748,0.041333638,0.010504681,0.0605161,0.023749715,0.080155287,0.079926924,0.010733044,0.060972825,0.017127198,0.020552638,0.021694451
B:ACCTT,0.040514956,0.06550549,0.067777357,0.085195002,0.029155623,0.03142749,0.062476335,0.039379023,0.032184778,0.028776978,0.035213934,0.076107535,0.043922757,0.011359334,0.061340401,0.025747823,0.075350246,0.06550549,0.010980689,0.061340401,0.016660356,0.017039,0.017039
B:ACTAA,0.061954625,0.083769634,0.080279232,0.10034904,0.040139616,0.031413613,0.04886562,0.031413613,0.030541012,0.030541012,0.028795812,0.062827225,0.051483421,0.020942408,0.061082024,0.027923211,0.062827225,0.059336824,0.019197208,0.030541012,0.008726003,0.020942408,0.006108202
B:ACTAC,0.046332046,0.062548263,0.06023166,0.084942085,0.033204633,0.031660232,0.067953668,0.047104247,0.023166023,0.031660232,0.027799228,0.059459459,0.033204633,0.020849421,0.064092664,0.035521236,0.071042471,0.083397683,0.020849421,0.045559846,0.014671815,0.016216216,0.018532819
B:ACTAG,0.052631579,0.090225564,0.065162907,0.090225564,0.032581454,0.007518797,0.056390977,0.036340852,0.020050125,0.022556391,0.043859649,0.07518797,0.026315789,0.018796992,0.077694236,0.032581454,0.055137845,0.077694236,0.007518797,0.060150376,0.018796992,0.022556391,0.010025063
B:ACTAT,0.047495682,0.087219344,0.057858377,0.09671848,0.037996546,0.032815199,0.062176166,0.043177893,0.031951641,0.030224525,0.019861831,0.077720207,0.04835924,0.017271157,0.067357513,0.035405872,0.058721934,0.058721934,0.013816926,0.027633851,0.015544041,0.021588946,0.010362694
B:ACTCA,0.052260473,0.074243053,0.06304438,0.072998756,0.029863127,0.028204065,0.067192036,0.03442555,0.029448362,0.025300705,0.033596018,0.081708835,0.040647034,0.010783907,0.058481958,0.026130236,0.080049772,0.068436333,0.008295313,0.068436333,0.010783907,0.020738283,0.014931564
B:ACTCC,0.043303929,0.077786688,0.053728949,0.06776263,0.027666399,0.03127506,0.064955894,0.038893344,0.023255814,0.024859663,0.042902967,0.083801123,0.043704892,0.013632719,0.054931836,0.021651965,0.074178027,0.077385726,0.009623095,0.06415397,0.017642342,0.021651965,0.021251002
B:ACTCG,0.042431193,0.058486239,0.056192661,0.071100917,0.026376147,0.037844037,0.063073394,0.047018349,0.028669725,0.035550459,0.021788991,0.068807339,0.042431193,0.014908257,0.053899083,0.02293578,0.060779817,0.066513761,0.030963303,0.080275229,0.026376147,0.016055046,0.027522936
B:ACTCT,0.045551298,0.071094083,0.060876969,0.085142614,0.02767135,0.030651341,0.077054066,0.043848446,0.021285653,0.023839932,0.030651341,0.065985526,0.044274159,0.013622818,0.057896977,0.028948489,0.071945509,0.07066837,0.018731375,0.060025543,0.013622818,0.021285653,0.01532567
B:ACTGA,0.043581616,0.08637084,0.06141046,0.081220285,0.031299525,0.028526149,0.065372425,0.038034865,0.026941363,0.02496038,0.036053883,0.072107765,0.039223455,0.013866878,0.057448494,0.031299525,0.068541997,0.072900158,0.010697306,0.062995246,0.013074485,0.020602219,0.013470681
B:ACTGC,0.042764283,0.075607253,0.05371194,0.076291481,0.031132398,0.035237769,0.062606911,0.038658912,0.026342798,0.03044817,0.034553541,0.060554225,0.04413274,0.012658228,0.059527882,0.026000684,0.088949709,0.068764967,0.011631885,0.058159425,0.017105713,0.026342798,0.018816285
B:ACTGG,0.041787207,0.079074253,0.06557377,0.068788171,0.026679524,0.032144005,0.071681131,0.043072967,0.028608165,0.028286725,0.031822565,0.071681131,0.038894246,0.008678881,0.06364513,0.029572485,0.079395693,0.06428801,0.011250402,0.06364513,0.011893282,0.023465124,0.016072003
B:ACTGT,0.050561798,0.076243981,0.063402889,0.080658106,0.037720706,0.038924559,0.059791332,0.046548957,0.025682183,0.02929374,0.032905297,0.083868379,0.035714286,0.014446228,0.055778491,0.022070626,0.075040128,0.068619583,0.012038523,0.045345104,0.011637239,0.020064205,0.01364366
B:ACTTA,0.045918367,0.075255102,0.066326531,0.099489796,0.024234694,0.036352041,0.052295918,0.043367347,0.028061224,0.022321429,0.027423469,0.072066327,0.041454082,0.014668367,0.06122449,0.03380102,0.072704082,0.070790816,0.013392857,0.046556122,0.010204082,0.03252551,0.009566327
B:ACTTC,0.042318634,0.076102418,0.061522048,0.082147937,0.031650071,0.032361309,0.06401138,0.036273115,0.022048364,0.028805121,0.032361309,0.076813656,0.036984353,0.021337127,0.062233286,0.036273115,0.071123755,0.060810811,0.012091038,0.058677098,0.014224751,0.018136558,0.021692745
B:ACTTG,0.051971326,0.073924731,0.06765233,0.080197133,0.030913978,0.033602151,0.062275986,0.048835125,0.03046595,0.025537634,0.026433692,0.06765233,0.05062724,0.01344086,0.061827957,0.032258065,0.069892473,0.066308244,0.010752688,0.045698925,0.009856631,0.021057348,0.018817204
B:ACTTT,0.044436146,0.067961165,0.071695295,0.094846901,0.042569081,0.028752801,0.063106796,0.041448842,0.027259149,0.030993279,0.034727409,0.064600448,0.035100822,0.019417476,0.057505601,0.035100822,0.072442121,0.063106796,0.017550411,0.042195668,0.010828977,0.024271845,0.010082151
B:AGCAA,0.049983449,0.076795763,0.061238001,0.08672625,0.043694141,0.036411784,0.05428666,0.04468719,0.02714333,0.022509103,0.034425687,0.059913936,0.043363125,0.009930487,0.064217147,0.031777557,0.071499503,0.061900033,0.01489573,0.04468719,0.011916584,0.036080768,0.011916584
B:AGCAC,0.032692956,0.075834176,0.058308055,0.077856421,0.032355915,0.035052241,0.058308055,0.040781935,0.03437816,0.030670711,0.026626222,0.093023256,0.041456016,0.010785305,0.054937647,0.019885406,0.07313785,0.064037749,0.016852039,0.056285811,0.017863161,0.025615099,0.023255814
B:AGCAG,0.040206874,0.065899233,0.05338672,0.070904238,0.031531532,0.034200868,0.067901235,0.04004004,0.030530531,0.0328662,0.029863197,0.066900234,0.045211879,0.00950951,0.058224892,0.020854188,0.070737404,0.074574575,0.011678345,0.058558559,0.016516517,0.049049049,0.020854188
B:AGCAT,0.045436586,0.071908337,0.061240616,0.090873173,0.037929672,0.030422758,0.054128803,0.037929672,0.034768866,0.030027657,0.030817859,0.087317266,0.03674437,0.016989332,0.064401422,0.032003161,0.061240616,0.05807981,0.015408929,0.044646385,0.013433426,0.031212959,0.013038325
B:AGCCA,0.045954534,0.076264972,0.057198729,0.071131753,0.030799316,0.033732584,0.069665119,0.040576876,0.027621608,0.026888291,0.037888047,0.08408702,0.037888047,0.00977756,0.05695429,0.023466145,0.070887314,0.062820826,0.012955268,0.067954045,0.01491078,0.020532877,0.020043999
B:AGCCC,0.03980464,0.073504274,0.04981685,0.055433455,0.024175824,0.038583639,0.055921856,0.033943834,0.028327228,0.022954823,0.039316239,0.079365079,0.042246642,0.004151404,0.057387057,0.01978022,0.083028083,0.088400488,0.014407814,0.076190476,0.017094017,0.031013431,0.025152625
B:AGCCG,0.027503892,0.062272963,0.043591074,0.055526725,0.032693306,0.037363778,0.052413077,0.038920602,0.035806954,0.024909185,0.032693306,0.070057084,0.051894136,0.008822003,0.049818371,0.021276596,0.085625324,0.091333679,0.020757654,0.074727556,0.028022833,0.03061754,0.023352361
B:AGCCT,0.038700947,0.068741543,0.047090663,0.068200271,0.028146143,0.029228687,0.071989175,0.041677943,0.031935047,0.028958051,0.036265223,0.079296346,0.042760487,0.007848444,0.048985115,0.023815968,0.080920162,0.077401894,0.012449256,0.072801083,0.014343708,0.028958051,0.019485792
B:AGCGA,0.044642857,0.064484127,0.054563492,0.05952381,0.034722222,0.038690476,0.058531746,0.032738095,0.035714286,0.025793651,0.026785714,0.076388889,0.03968254,0.015873016,0.050595238,0.032738095,0.071428571,0.095238095,0.01984127,0.074404762,0.014880952,0.013888889,0.018849206
B:AGCGC,0.045454545,0.073932092,0.064622125,0.069550931,0.030120482,0.035049288,0.037239869,0.044359255,0.039430449,0.025191676,0.024644031,0.06736035,0.039978094,0.006024096,0.063526835,0.018072289,0.077765608,0.06407448,0.02026287,0.079408543,0.024096386,0.02026287,0.029572837
B:AGCGG,0.053735926,0.072159672,0.041453429,0.062436029,0.02814739,0.02814739,0.051688843,0.033776868,0.043500512,0.030706244,0.028659161,0.072671443,0.039406346,0.006141249,0.042988741,0.016888434,0.079324463,0.091095189,0.033776868,0.073183214,0.023029683,0.010235415,0.036847492
B:AGCGT,0.026966292,0.086516854,0.051685393,0.06741573,0.029213483,0.035955056,0.051685393,0.052808989,0.034831461,0.023595506,0.029213483,0.057303371,0.04494382,0.006741573,0.056179775,0.028089888,0.08988764,0.082022472,0.031460674,0.060674157,0.017977528,0.014606742,0.020224719
B:AGCTA,0.051374819,0.076700434,0.056439942,0.09406657,0.034732272,0.032561505,0.05788712,0.03617945,0.026772793,0.028219971,0.041968162,0.060057887,0.040520984,0.015195369,0.04341534,0.031114327,0.060057887,0.073082489,0.018813314,0.041244573,0.013024602,0.052821997,0.013748191
B:AGCTC,0.038953488,0.077616279,0.049418605,0.07005814,0.026453488,0.02994186,0.060174419,0.044767442,0.030232558,0.025,0.035465116,0.064244186,0.052616279,0.007848837,0.063662791,0.026162791,0.080813953,0.081104651,0.015406977,0.056395349,0.016569767,0.025581395,0.021511628
B:AGCTG,0.037359449,0.071817193,0.056401886,0.073993471,0.025571273,0.031737396,0.056583243,0.040261153,0.030830613,0.031918752,0.036815379,0.0609358,0.052049329,0.010700036,0.058578165,0.023394995,0.080159594,0.073812115,0.016322089,0.05567646,0.01577802,0.0346391,0.02466449
B:AGCTT,0.04381353,0.069400631,0.063441991,0.077111812,0.029092184,0.028391167,0.064493516,0.041009464,0.02383456,0.027690151,0.036102348,0.064143007,0.04977217,0.014370838,0.061338941,0.034349807,0.078864353,0.072555205,0.01997897,0.050823694,0.013319313,0.017525412,0.018576937
B:AGTAA,0.047058824,0.068907563,0.071708683,0.099719888,0.040336134,0.030812325,0.061064426,0.042016807,0.026330532,0.028571429,0.025770308,0.071148459,0.042577031,0.018487395,0.067226891,0.040336134,0.058823529,0.059383754,0.01232493,0.038655462,0.01232493,0.028571429,0.007843137
B:AGTAC,0.055631868,0.086538462,0.059752747,0.089285714,0.036401099,0.035027473,0.063873626,0.037774725,0.021978022,0.025412088,0.026098901,0.080357143,0.033653846,0.013049451,0.057692308,0.029532967,0.072115385,0.066620879,0.008928571,0.050137363,0.017857143,0.013049451,0.019230769
B:AGTAG,0.046398046,0.073870574,0.064713065,0.076923077,0.039072039,0.033577534,0.07020757,0.045787546,0.025641026,0.027472527,0.031135531,0.086691087,0.037240537,0.017704518,0.059218559,0.030525031,0.068986569,0.064102564,0.015262515,0.046398046,0.010989011,0.014041514,0.014041514
B:AGTAT,0.064918033,0.08,0.070819672,0.099016393,0.038032787,0.024262295,0.051147541,0.033442623,0.024262295,0.027540984,0.033442623,0.076721311,0.03147541,0.020327869,0.055081967,0.039344262,0.063606557,0.064918033,0.015737705,0.047868852,0.010491803,0.018360656,0.009180328
B:AGTCA,0.048920229,0.070515646,0.060819744,0.083296606,0.033494932,0.028206258,0.066108418,0.039224328,0.028206258,0.025561922,0.031732041,0.075804319,0.040105773,0.011899515,0.05376818,0.023358308,0.082855884,0.0696342,0.012340238,0.056853239,0.014543852,0.023358308,0.019391803
B:AGTCC,0.036590616,0.078777443,0.059405941,0.065863108,0.026259148,0.030133448,0.070598364,0.036590616,0.030994404,0.029272492,0.02970297,0.071028842,0.041325872,0.010761946,0.057684029,0.026259148,0.077486009,0.083512699,0.007748601,0.070167886,0.016358158,0.021093414,0.022384847
B:AGTCG,0.040469974,0.060052219,0.062663185,0.063968668,0.018276762,0.040469974,0.057441253,0.039164491,0.031331593,0.023498695,0.022193211,0.070496084,0.044386423,0.011749347,0.046997389,0.027415144,0.087467363,0.090078329,0.020887728,0.07310705,0.016971279,0.023498695,0.027415144
B:AGTCT,0.044619423,0.076115486,0.058617673,0.088363955,0.028433946,0.034120735,0.060367454,0.037182852,0.024934383,0.028871391,0.03455818,0.073928259,0.039807524,0.015310586,0.059055118,0.025809274,0.069553806,0.068678915,0.019685039,0.053368329,0.01312336,0.03368329,0.011811024
B:AGTGA,0.049818182,0.078181818,0.061454545,0.075636364,0.026909091,0.030545455,0.062181818,0.042545455,0.029818182,0.023272727,0.029090909,0.078181818,0.043636364,0.015272727,0.056363636,0.031272727,0.076727273,0.069090909,0.011272727,0.057090909,0.013090909,0.022545455,0.016
B:AGTGC,0.035698925,0.079139785,0.052043011,0.074408602,0.030967742,0.036989247,0.060215054,0.048172043,0.026236559,0.031397849,0.030967742,0.069677419,0.042580645,0.014623656,0.055053763,0.023225806,0.087311828,0.064946237,0.013763441,0.069677419,0.015053763,0.014623656,0.023225806
B:AGTGG,0.044494966,0.069178305,0.060084443,0.071126989,0.025982462,0.032478077,0.074374797,0.036375447,0.026307243,0.030529393,0.03767457,0.081195193,0.03799935,0.014615135,0.063657032,0.026307243,0.070477428,0.062357908,0.014615135,0.066904839,0.013640792,0.020461189,0.019162066
B:AGTGT,0.042823529,0.072470588,0.063529412,0.080470588,0.030117647,0.030588235,0.061176471,0.048941176,0.023529412,0.023058824,0.042352941,0.069647059,0.045647059,0.015529412,0.056470588,0.024941176,0.075764706,0.062117647,0.010823529,0.072,0.014117647,0.017411765,0.016470588
B:AGTTA,0.052827381,0.078125,0.067708333,0.07514881,0.040922619,0.030505952,0.066220238,0.042410714,0.033482143,0.033482143,0.025297619,0.052083333,0.046875,0.014880952,0.072172619,0.032738095,0.063988095,0.087053571,0.014136905,0.02827381,0.010416667,0.023809524,0.007440476
B:AGTTC,0.047337278,0.084530854,0.053677092,0.087066779,0.03761623,0.02874049,0.06635672,0.041420118,0.021555368,0.023245985,0.032121724,0.057058326,0.045224007,0.013947591,0.06339814,0.036348267,0.072696534,0.065934066,0.010143702,0.058748943,0.015638208,0.024091293,0.013102282
B:AGTTG,0.048575432,0.080803363,0.070527791,0.074264362,0.028958431,0.036431574,0.058851004,0.046240075,0.026156002,0.027090145,0.032695002,0.069126576,0.04156936,0.013078001,0.069126576,0.031293788,0.063054647,0.071929005,0.014479215,0.04483886,0.012143858,0.02241943,0.016347501
B:AGTTT,0.043771044,0.070332959,0.07295174,0.097268986,0.034418257,0.030677142,0.067340067,0.04040404,0.024691358,0.028806584,0.037037037,0.064347175,0.038159371,0.01758324,0.061728395,0.031425365,0.077066966,0.064347175,0.016460905,0.032173588,0.010849233,0.025813692,0.012345679
B:ATCAA,0.05487228,0.077105014,0.070482498,0.106906339,0.03500473,0.025543992,0.053453169,0.043992431,0.027909177,0.032639546,0.025070956,0.07473983,0.040681173,0.017029328,0.056764428,0.034531693,0.057710501,0.055818354,0.020340587,0.039262062,0.010406812,0.026017029,0.01371807
B:ATCAC,0.051784816,0.079939668,0.068878834,0.086978381,0.032176973,0.034188034,0.058823529,0.045248869,0.025641026,0.024635495,0.028154852,0.089994972,0.038210156,0.017094017,0.052287582,0.036199095,0.062342886,0.064353947,0.010558069,0.045248869,0.011060835,0.020110608,0.016088487
B:ATCAG,0.054305663,0.065166796,0.050814585,0.084173778,0.021334368,0.034522886,0.066718386,0.03878976,0.033359193,0.026377036,0.043444531,0.064778898,0.042668735,0.013964313,0.056245151,0.031807603,0.070209465,0.064391001,0.021722265,0.064391001,0.012800621,0.024049651,0.013964313
B:ATCAT,0.057684384,0.074577668,0.059332509,0.09723939,0.036258756,0.033374536,0.064688916,0.036670787,0.024721879,0.035846724,0.03131438,0.084466419,0.036670787,0.022661722,0.05644829,0.030490317,0.060156572,0.058096415,0.01565719,0.039142975,0.009888752,0.018541409,0.016069221
B:ATCCA,0.051484404,0.08417888,0.062758362,0.072529124,0.031942879,0.03156708,0.063509959,0.03945885,0.026681699,0.022547914,0.041713641,0.081924089,0.040210447,0.015407741,0.062382563,0.032318677,0.06576475,0.06050357,0.01315295,0.049605411,0.011649756,0.021796317,0.016910936
B:ATCCC,0.048849225,0.067167684,0.058243307,0.070455613,0.026773133,0.028182245,0.075622358,0.039455143,0.027242837,0.028651949,0.035227806,0.089713481,0.04133396,0.015030531,0.045091592,0.023954908,0.074213246,0.077501174,0.005636449,0.063410052,0.021606388,0.018788163,0.017848755
B:ATCCG,0.030343008,0.064643799,0.042216359,0.072559367,0.022427441,0.042216359,0.07651715,0.046174142,0.027704485,0.029023747,0.025065963,0.079155673,0.056728232,0.007915567,0.035620053,0.025065963,0.067282322,0.094986807,0.030343008,0.064643799,0.014511873,0.022427441,0.022427441
B:ATCCT,0.054300292,0.073250729,0.058673469,0.084912536,0.031341108,0.028425656,0.080539359,0.041180758,0.018586006,0.024052478,0.039723032,0.081268222,0.038265306,0.014941691,0.051020408,0.027332362,0.065233236,0.073250729,0.012390671,0.053206997,0.014212828,0.015670554,0.018221574
B:ATCGA,0.052892562,0.089256198,0.054545455,0.072727273,0.041322314,0.039669421,0.076033058,0.042975207,0.021487603,0.036363636,0.046280992,0.059504132,0.039669421,0.014876033,0.05785124,0.029752066,0.046280992,0.059504132,0.016528926,0.047933884,0.011570248,0.01322314,0.029752066
B:ATCGC,0.031096563,0.055646481,0.072013093,0.085106383,0.029459902,0.044189853,0.042553191,0.036006547,0.031096563,0.034369885,0.034369885,0.083469722,0.027823241,0.008183306,0.044189853,0.039279869,0.075286416,0.072013093,0.022913257,0.073649755,0.019639935,0.011456628,0.026186579
B:ATCGG,0.050570962,0.061990212,0.053833605,0.04730832,0.021207178,0.029363785,0.04730832,0.030995106,0.026101142,0.034257749,0.039151713,0.076672104,0.040783034,0.014681892,0.07177814,0.026101142,0.065252855,0.086460033,0.039151713,0.092985318,0.016313214,0.01141925,0.016313214
B:ATCGT,0.043554007,0.080139373,0.054006969,0.088850174,0.036585366,0.034843206,0.069686411,0.036585366,0.024390244,0.027874564,0.031358885,0.054006969,0.033101045,0.017421603,0.047038328,0.027874564,0.06445993,0.087108014,0.033101045,0.045296167,0.015679443,0.026132404,0.020905923
B:ATCTA,0.044494721,0.067873303,0.062594268,0.104826546,0.034690799,0.027149321,0.070135747,0.049773756,0.02413273,0.036199095,0.038461538,0.087481146,0.024886878,0.012066365,0.049773756,0.028657617,0.063348416,0.061840121,0.015837104,0.042232278,0.015082956,0.023378582,0.015082956
B:ATCTC,0.04286859,0.078525641,0.057291667,0.086137821,0.028044872,0.03125,0.056891026,0.046073718,0.020833333,0.028846154,0.034855769,0.083333333,0.04286859,0.013221154,0.058894231,0.022035256,0.078525641,0.071714744,0.013621795,0.056089744,0.012419872,0.016426282,0.019230769
B:ATCTG,0.047478716,0.067125082,0.060903733,0.083497053,0.024230517,0.031761624,0.069089718,0.039292731,0.023903078,0.031434185,0.041257367,0.082187295,0.04551408,0.018009168,0.052390308,0.033398821,0.070399476,0.064178127,0.016371971,0.045841519,0.015389653,0.017681729,0.018664047
B:ATCTT,0.048229342,0.069814503,0.064080944,0.097807757,0.03608769,0.035413153,0.056998314,0.045531197,0.020573356,0.034738617,0.028667791,0.074536256,0.039797639,0.011804384,0.065767285,0.036424958,0.069477234,0.062731872,0.017537943,0.04148398,0.012141653,0.016526138,0.013827993
B:ATTAA,0.046458924,0.086685552,0.075354108,0.103116147,0.044192635,0.035694051,0.060623229,0.03796034,0.030594901,0.028328612,0.026628895,0.066288952,0.041359773,0.014730878,0.051558074,0.044759207,0.062322946,0.064589235,0.01529745,0.030028329,0.006798867,0.020396601,0.006232295
B:ATTAC,0.045741325,0.07807571,0.074132492,0.10488959,0.041009464,0.031545741,0.067823344,0.048107256,0.025236593,0.030757098,0.02681388,0.063091483,0.036277603,0.021293375,0.05126183,0.030757098,0.060725552,0.059936909,0.01340694,0.043375394,0.011829653,0.027602524,0.006309148
B:ATTAG,0.065686275,0.079411765,0.091176471,0.089215686,0.038235294,0.025490196,0.06372549,0.033333333,0.02745098,0.032352941,0.035294118,0.073529412,0.040196078,0.018627451,0.060784314,0.032352941,0.052941176,0.055882353,0.019607843,0.024509804,0.005882353,0.028431373,0.005882353
B:ATTAT,0.061917808,0.071780822,0.08109589,0.106849315,0.049863014,0.016986301,0.054794521,0.042191781,0.029589041,0.032328767,0.030136986,0.074520548,0.035616438,0.019726027,0.054794521,0.048767123,0.046575342,0.054246575,0.014246575,0.028493151,0.005479452,0.031780822,0.008219178
B:ATTCA,0.050982031,0.066443794,0.063936481,0.094860008,0.033848725,0.030087756,0.059757626,0.042206435,0.021730046,0.026326786,0.028416214,0.075637275,0.038445466,0.014208107,0.056832428,0.028416214,0.066443794,0.065608023,0.019222733,0.077308817,0.009611366,0.020058504,0.009611366
B:ATTCC,0.052023121,0.067140952,0.064473099,0.088483771,0.028457092,0.035126723,0.072921298,0.040462428,0.023566029,0.024899956,0.036460649,0.076923077,0.047132059,0.014228546,0.0560249,0.033792797,0.053357048,0.067140952,0.018230325,0.056469542,0.015562472,0.017785683,0.009337483
B:ATTCG,0.048598131,0.080373832,0.063551402,0.095327103,0.031775701,0.039252336,0.042990654,0.031775701,0.028037383,0.031775701,0.035514019,0.076635514,0.046728972,0.014953271,0.052336449,0.022429907,0.080373832,0.044859813,0.029906542,0.065420561,0.01682243,0.013084112,0.007476636
B:ATTCT,0.057533261,0.067241999,0.067241999,0.094929881,0.03739662,0.025889968,0.064724919,0.047824524,0.022653722,0.024451636,0.035598706,0.079467817,0.035239123,0.019417476,0.053218267,0.037756203,0.066522834,0.060409924,0.017619561,0.045667026,0.010427904,0.023013305,0.005753326
B:ATTGA,0.06011236,0.07752809,0.074719101,0.090449438,0.035393258,0.024719101,0.051123596,0.035393258,0.026966292,0.025280899,0.038764045,0.078651685,0.03988764,0.014044944,0.057303371,0.029213483,0.062359551,0.064606742,0.019101124,0.03988764,0.018539326,0.026966292,0.008988764
B:ATTGC,0.044516129,0.083870968,0.063870968,0.094193548,0.031612903,0.032903226,0.05483871,0.042580645,0.023870968,0.029677419,0.030322581,0.087741935,0.043870968,0.020645161,0.059354839,0.032903226,0.066451613,0.058709677,0.016129032,0.032258065,0.01483871,0.024516129,0.010322581
B:ATTGG,0.059927361,0.065375303,0.060532688,0.081113801,0.032687651,0.030266344,0.0968523,0.03874092,0.025423729,0.030266344,0.027845036,0.08535109,0.036319613,0.015133172,0.053268765,0.029661017,0.061138015,0.062953995,0.010290557,0.042372881,0.007869249,0.034503632,0.012106538
B:ATTGT,0.056512379,0.068353068,0.058127018,0.093649085,0.038751346,0.029063509,0.058665231,0.048977395,0.025296017,0.031216362,0.033369214,0.084499462,0.043057051,0.023143165,0.048439182,0.038213132,0.052744887,0.074273412,0.019913886,0.031754575,0.012917115,0.018299247,0.010764263
B:ATTTA,0.05404178,0.073569482,0.072207084,0.112170754,0.040871935,0.032697548,0.059491371,0.036330609,0.028156222,0.027702089,0.024523161,0.055858311,0.037693006,0.020435967,0.063124432,0.037238874,0.066757493,0.059037239,0.021344233,0.035422343,0.010899183,0.023160763,0.007266122
B:ATTTC,0.05371194,0.065343825,0.069449196,0.097160452,0.036264112,0.028395484,0.062949025,0.037290455,0.02565857,0.03044817,0.03284297,0.068422853,0.041053712,0.01847417,0.061238454,0.037974684,0.061580568,0.061922682,0.020526856,0.042080055,0.014026685,0.026342798,0.006842285
B:ATTTG,0.046009772,0.075732899,0.068811075,0.105863192,0.035016287,0.028908795,0.054560261,0.038680782,0.024837134,0.02728013,0.034609121,0.065553746,0.041123779,0.021579805,0.070032573,0.027687296,0.06514658,0.061482085,0.021172638,0.041123779,0.011807818,0.023615635,0.009364821
B:ATTTT,0.054545455,0.072027972,0.072261072,0.105827506,0.04009324,0.033100233,0.061538462,0.035664336,0.027039627,0.030769231,0.034265734,0.059440559,0.03962704,0.021445221,0.065734266,0.038461538,0.058974359,0.055710956,0.017249417,0.033100233,0.008391608,0.027272727,0.007459207
B:CACAA,0.040362438,0.063426689,0.06630972,0.095140033,0.032125206,0.030065898,0.075782537,0.039126853,0.024711697,0.027182867,0.031301483,0.085667216,0.042833608,0.017298188,0.060543657,0.031301483,0.065897858,0.071252059,0.016062603,0.042833608,0.010708402,0.014827018,0.01523888
B:CACAC,0.037473233,0.063169165,0.051034975,0.06923626,0.024625268,0.031049251,0.062812277,0.051034975,0.02426838,0.023197716,0.037830121,0.074232691,0.041399001,0.013561742,0.052462527,0.02248394,0.082798001,0.064953605,0.012491078,0.086366881,0.015703069,0.041042113,0.016773733
B:CACAG,0.041943522,0.071636213,0.051079734,0.072051495,0.026370432,0.033222591,0.06416113,0.046096346,0.023255814,0.026162791,0.035714286,0.088247508,0.040282392,0.009759136,0.050872093,0.023671096,0.07807309,0.07288206,0.015988372,0.0589701,0.014742525,0.035921927,0.018895349
B:CACAT,0.056844548,0.066898685,0.051430781,0.083526682,0.036349575,0.02900232,0.055297757,0.040216551,0.01933488,0.019721578,0.02745553,0.089713844,0.040989946,0.015467904,0.052204176,0.022041763,0.080046404,0.063805104,0.015081206,0.091260634,0.00966744,0.01933488,0.014307811
B:CACCA,0.038295835,0.067257061,0.055050263,0.075155577,0.028243179,0.031115366,0.070129248,0.042843466,0.029679272,0.032072762,0.030876017,0.078027764,0.039013882,0.010292006,0.053853518,0.025131642,0.080899952,0.068214457,0.009813308,0.07443753,0.013642891,0.025849689,0.020105314
B:CACCC,0.02887218,0.070676692,0.053834586,0.060451128,0.01924812,0.027067669,0.065263158,0.041503759,0.027969925,0.031278195,0.037593985,0.082406015,0.043909774,0.008721805,0.053533835,0.018345865,0.078195489,0.089022556,0.007518797,0.086015038,0.02075188,0.021353383,0.026466165
B:CACCG,0.041792853,0.07752877,0.056935191,0.04300424,0.032101757,0.031496063,0.052695336,0.057540884,0.034524531,0.027256208,0.034524531,0.078740157,0.04300424,0.006662629,0.049666869,0.023622047,0.07571169,0.075105996,0.021804967,0.07752877,0.02241066,0.012719564,0.023622047
B:CACCT,0.032163025,0.069972993,0.059661183,0.068254358,0.021851215,0.033390621,0.066290204,0.038546526,0.031917506,0.029462313,0.033145102,0.079302725,0.05082249,0.007365578,0.058433587,0.021114658,0.071937147,0.075865455,0.008347655,0.071200589,0.01694083,0.029953351,0.024060889
B:CACGA,0.033023736,0.074303406,0.053663571,0.077399381,0.026831785,0.04127967,0.061919505,0.038183695,0.026831785,0.028895769,0.030959752,0.050567595,0.027863777,0.011351909,0.054695562,0.030959752,0.099071207,0.070175439,0.019607843,0.062951496,0.021671827,0.036119711,0.021671827
B:CACGC,0.023846154,0.07,0.050769231,0.056153846,0.03,0.036153846,0.058461538,0.041538462,0.037692308,0.026153846,0.034615385,0.069230769,0.040769231,0.006153846,0.050769231,0.018461538,0.093846154,0.065384615,0.021538462,0.070769231,0.024615385,0.046153846,0.026923077
B:CACGG,0.02928615,0.056131788,0.050640635,0.059792556,0.030506406,0.026845638,0.05552166,0.051860891,0.037827944,0.021354484,0.032946919,0.068944478,0.046369738,0.011592434,0.051250763,0.016473459,0.090298963,0.084197682,0.008541794,0.087248322,0.026235509,0.032336791,0.023794997
B:CACGT,0.029991431,0.081405313,0.059982862,0.059125964,0.023136247,0.029991431,0.051413882,0.04798629,0.027420737,0.019708655,0.029991431,0.079691517,0.042844901,0.021422451,0.053127678,0.023136247,0.076263925,0.076263925,0.028277635,0.076263925,0.013710368,0.025706941,0.023136247
B:CACTA,0.054515867,0.078112286,0.064279902,0.090317331,0.028478438,0.02278275,0.072416599,0.042310822,0.026037429,0.025223759,0.027664768,0.07078926,0.031733116,0.018714402,0.068348251,0.039869813,0.057770545,0.065907242,0.014646054,0.060211554,0.013832384,0.012205045,0.013832384
