,X,Y,1,2,3,4,5,6,7,8,9,10,11,12,13,14,15,16,17,18,19
AACAA, 0.04722401602834766, 0.0015067971453645293, 0.07021509115294819, 0.08576325070786349, 0.05190998956832746, 0.0566290795290845, 0.06276389647806865, 0.053863858394184755, 0.06849303727253159, 0.04169357375854817, 0.06028016491977546, 0.04860662659579753, 0.06621628334409617, 0.036676436010795954, 0.040551057241733315, 0.038059046578245825, 0.034614938817412615, 0.033753911877204314, 0.04094017518586591, 0.029986919013792985, 0.030251850380010926
AACAC, 0.036756113846924295, 0.0007824889408229697, 0.06591686837492698, 0.0853956264084801, 0.04981846256572907, 0.05942742675903514, 0.06240088473416242, 0.05149820549202905, 0.07666304982889575, 0.04665720724480427, 0.0586762373758451, 0.04731449795509557, 0.07021534095651448, 0.03731950588431684, 0.03753860278774726, 0.037204740839662805, 0.03809156163926217, 0.031299557632918786, 0.04630247892496453, 0.02854519656122194, 0.03217594524664051
AACAG, 0.03948951870347551, 0.0009944440841386168, 0.06566213401935563, 0.08487364074626542, 0.04936189837934439, 0.05972429398073084, 0.06334176448969886, 0.05273436092555361, 0.0761037969028111, 0.04407981494692695, 0.05992606524417926, 0.04707035331589453, 0.07279618940556745, 0.03520908547174842, 0.03765195898278459, 0.03734209597106024, 0.03773122626485361, 0.032038394188987615, 0.04445453300761686, 0.02867313775933012, 0.030741293209676373
AACAT, 0.0479827557357848, 0.0015748186497898601, 0.06902626994360181, 0.08684140591934959, 0.0503351410939084, 0.05560094095414325, 0.06047303615193063, 0.05333713914507032, 0.07398694869043987, 0.04234293644622487, 0.05970531206015807, 0.04703786454591088, 0.06433134184391578, 0.03658500575793069, 0.041762222069114854, 0.038868492800125984, 0.03587633736552525, 0.032756227915629085, 0.04270711325898877, 0.027519955905077807, 0.031348733747379405
AACCA, 0.042315700957033596, 0.0010211027910142954, 0.06564089216353662, 0.08879589957153726, 0.048242101469587156, 0.05877347535338165, 0.05880350778841149, 0.053077323509390144, 0.07869499058983703, 0.0452989228366636, 0.057642253633924646, 0.046630360789652825, 0.07398990910182998, 0.03442718135586433, 0.03602891122412206, 0.03714011132022584, 0.037390381612141116, 0.031974532495094694, 0.04505866335642494, 0.027269451007087653, 0.031784327073239096
AACCC, 0.03395331923662272, 0.0004309822354509825, 0.06029710837856402, 0.08518633247585826, 0.04642486767498552, 0.06261363789411305, 0.0604452585220003, 0.049118506646554164, 0.08638500181820631, 0.04937440234885318, 0.05819606998074048, 0.04651914503899043, 0.07990680009158373, 0.03228326307425016, 0.032148581125671725, 0.036525744454470765, 0.04028337081980902, 0.029912860779269756, 0.050478794327196326, 0.026599684844240325, 0.03291626823256879
AACCG, 0.031012778943353043, 0.00038146099561319857, 0.06221628838451268, 0.08189967575815373, 0.04539385847797062, 0.061834827388899484, 0.06770932672134274, 0.0474537478542819, 0.07491893953843219, 0.04955178333015449, 0.05626549685294679, 0.05096318901392333, 0.07942017928666793, 0.03459851230211711, 0.03414075910738127, 0.035971771886324624, 0.04318138470341407, 0.030745756246423804, 0.04737745565515926, 0.029715811558268166, 0.03524699599465955
AACCT, 0.03794899620184482, 0.0010092240911557244, 0.06575149213239284, 0.08628323385784048, 0.04673901247965274, 0.06173629951166576, 0.06193163320672816, 0.05027672273467173, 0.07794899620184483, 0.047780792186652196, 0.05882799782962561, 0.046033640803038525, 0.07690721649484536, 0.03412913727618014, 0.03564839934888768, 0.03663591969614759, 0.03875203472599023, 0.03188279978296256, 0.04536082474226804, 0.025816603364080305, 0.03259902333152469
AACGA, 0.03527756736283952, 0.0005771381163654727, 0.06471161129747864, 0.08173718573026008, 0.05241135519243949, 0.05973379504382643, 0.06849908018612705, 0.046892471954694655, 0.06655123904339358, 0.050247087256068974, 0.054647765393355696, 0.05367384482198896, 0.07160119756159145, 0.036792554918298886, 0.03881253832557804, 0.03639577246329763, 0.040616094939220145, 0.030371893373733007, 0.04588248025105508, 0.03159831187100963, 0.032969014897377635
AACGC, 0.0293054997992774, 0.0005218787635487756, 0.06451224407868326, 0.07771979124849458, 0.046848655158570854, 0.061220393416298674, 0.06591730228823765, 0.04749096748293858, 0.07438779606583701, 0.052589321557607385, 0.05375351264552389, 0.05206744279405861, 0.07627458851866721, 0.036973103171417096, 0.03556804496186271, 0.0367322360497792, 0.03934162986752308, 0.03187474909674829, 0.04793255720594139, 0.03315937374548374, 0.0358089120835006
AACGG, 0.027455297571390445, 0.0007005604483586869, 0.06295036028823058, 0.0817654123298639, 0.048638911128903124, 0.06158259941286363, 0.06628636242327195, 0.04683746997598078, 0.07162396583933814, 0.05334267413931145, 0.058246597277822255, 0.05180811315719242, 0.07909661062183079, 0.034894582332532696, 0.033326661329063256, 0.03576194288764345, 0.04323458767013611, 0.030390979450226847, 0.0483386709367494, 0.029623698959167333, 0.034093941820122764
AACGT, 0.0334943992971667, 0.0005490885130683066, 0.06841642872831101, 0.08177758254630646, 0.050186690094443216, 0.056775752251262905, 0.06827000512482612, 0.05062596090489787, 0.06471923274031774, 0.05036971959879933, 0.05523830441467164, 0.05344461527198184, 0.0710886594919101, 0.040412914561827364, 0.03898528442784977, 0.03788710740171316, 0.03938794933743319, 0.03213998096493155, 0.04616004099860897, 0.030602533128340284, 0.029467750201332455
AACTA, 0.05009117012135057, 0.0018653197241841847, 0.06861861547167439, 0.08720893676775722, 0.052836753086161, 0.058453670907299894, 0.05828600171860918, 0.051893613899775745, 0.0687862846603651, 0.04143524825519251, 0.058768050636094984, 0.048645023368893175, 0.06738205520508038, 0.03701297340347494, 0.040282522582943854, 0.04080648879760233, 0.03491710854484103, 0.031060717204954624, 0.03952801123383564, 0.030536750990296152, 0.031584683419613103
AACTC, 0.03865993991270336, 0.0009636641913723712, 0.06806870358823196, 0.0854259962587155, 0.047128847570999374, 0.05989456380023808, 0.06235474179468284, 0.05258205317158891, 0.07756929879258545, 0.046437276798367434, 0.05791054928858908, 0.04655064905617595, 0.07422481718723428, 0.03517941159798198, 0.03724278669009693, 0.036007029079984126, 0.0377642990760161, 0.03132475483249249, 0.045156170285131234, 0.027640156453715776, 0.03191429057309676
AACTG, 0.04092447847432693, 0.0012052250048740717, 0.06508215026319987, 0.08625334538558338, 0.04925471012566243, 0.058090072845217215, 0.06146647524857766, 0.05125751050140905, 0.07446695379380018, 0.045869445773736736, 0.059543432409918294, 0.0479165558923096, 0.07140958153878875, 0.03628081742613566, 0.037751900887967246, 0.03765441945374949, 0.03875330107584055, 0.03289555307420996, 0.044823735843037164, 0.027994895517626416, 0.03110543946402935
AACTT, 0.0466979547374958, 0.001618699542895538, 0.0673134677838069, 0.08544493876429088, 0.052673908395858574, 0.055646614474635286, 0.06215195414702678, 0.051849287874006125, 0.06790393679945432, 0.04320604314496014, 0.05926069207040834, 0.048968206297657454, 0.0684027813126737, 0.03811579301006852, 0.03977521455404318, 0.039164384537856194, 0.03667016197175929, 0.03326987488165169, 0.04132265059505024, 0.029106050271310337, 0.0314373848330907
AATAA, 0.05581641037680479, 0.0022537856555933794, 0.07247329498767462, 0.08886019485855147, 0.0560511797159291, 0.05260007043080174, 0.058927104120201905, 0.05555816410376805, 0.061744336189693626, 0.03839652541378096, 0.06035919708886019, 0.049231130414367885, 0.05714285714285714, 0.03804437140509449, 0.043291466134522824, 0.04110811128066674, 0.033043784481746684, 0.0347223852564855, 0.03871346402159878, 0.03074304495832844, 0.030919121962671676
AATAC, 0.05232458691115596, 0.0018986692210324655, 0.06963497656597448, 0.08786904313913312, 0.05336799972631795, 0.05447983305394958, 0.059885053539051006, 0.05386404844172282, 0.06578632273955731, 0.04245492798741063, 0.05867058944271493, 0.048886456159556634, 0.06291266121583251, 0.038349697239232323, 0.04199308952824057, 0.03893127159522425, 0.035185248537511545, 0.03157606650473812, 0.042044404912592793, 0.029660292155588245, 0.030224761383462764
AATAG, 0.05398160112630422, 0.0016585986769782643, 0.06898613334361922, 0.08879288731172012, 0.0532294459123257, 0.054598754122389154, 0.05785809338296272, 0.05427089159321903, 0.07116545486104414, 0.0407128117104781, 0.058282386067771114, 0.04703862992034869, 0.06707681626198145, 0.036122736302096385, 0.03753061657441515, 0.0400378006210102, 0.032921255134905784, 0.03351912209986307, 0.04086709995949933, 0.030452643150566044, 0.030896221866502087
AATAT, 0.05837082490041638, 0.002243048483364057, 0.07180333363412528, 0.0889355832570611, 0.056643419746561306, 0.052608510693153546, 0.05998221030513194, 0.05474843051061581, 0.06977943356580253, 0.03764196305415544, 0.059672824307426556, 0.047400513065112865, 0.057429775824062494, 0.035888775733824915, 0.043326930761991934, 0.03695873564255604, 0.0302424812757016, 0.03273046034058242, 0.042566356850966186, 0.030461629690742915, 0.030564758356644708
AATCA, 0.0519046252511011, 0.0016968819793629205, 0.06921032602592736, 0.08822538585349421, 0.051967010617989445, 0.0568205921619025, 0.057893620472382, 0.056047013612487054, 0.07150610752741837, 0.04122425043981684, 0.05964041074525559, 0.04715086029420939, 0.06252261469549703, 0.03612112742835041, 0.040325901156624704, 0.039464983093565574, 0.03397507080739142, 0.03262754688260322, 0.04001397432218298, 0.03004479269342583, 0.031616903939012064
AATCC, 0.04514012186980668, 0.0011647230941863275, 0.06660227547121572, 0.08376063520020453, 0.04772523898129341, 0.059812792068519804, 0.060622416658381036, 0.054301663281394255, 0.07786600002840788, 0.04391858301492834, 0.05952871326505973, 0.04587872675880289, 0.06886070195872335, 0.035822337116316064, 0.03717171143275144, 0.03887618425351192, 0.03707228385154042, 0.0309503856369757, 0.04477081942530858, 0.028976037952928142, 0.03117764867974376
AATCG, 0.04123820070663924, 0.000580076992037125, 0.06512682592416812, 0.08142171597321099, 0.05257606918736487, 0.06085534989189474, 0.06185730105995887, 0.05115224384327374, 0.06713072826029637, 0.04593155091493962, 0.05874597901175974, 0.054105363075462744, 0.06771080525233349, 0.03527922797025787, 0.03807414438643675, 0.03612297632231187, 0.04234562041871012, 0.032167905922058745, 0.04529873965089912, 0.030058535041923747, 0.03222064019406212
AATCT, 0.04988126408086221, 0.001558789502526944, 0.06911039395969068, 0.08570906655300493, 0.05098946599281495, 0.05776045789441637, 0.06009864214820678, 0.05257261158131888, 0.07383547463922548, 0.040187541862022766, 0.059623698471655606, 0.04824940632040431, 0.06714972903854351, 0.0361687876758205, 0.03787371369420934, 0.037776289350301404, 0.03621749984777446, 0.0323327041344456, 0.041100895086159654, 0.030298970955367474, 0.031504597211228155
AATGA, 0.048735890854108795, 0.0011076338830479271, 0.0683568339252435, 0.08948978515418966, 0.05154892928724639, 0.056383839094201624, 0.0595133443510672, 0.05411582685748443, 0.07354337353634094, 0.04128133900629418, 0.06037483737121559, 0.0463711804212525, 0.06370652976546293, 0.03626182355216428, 0.040244031084074684, 0.03785294841590773, 0.03533000457118746, 0.03169942684341925, 0.04316255845845494, 0.030336861352368228, 0.030583002215267763
AATGC, 0.04503945957815063, 0.0011883080817865954, 0.06790147376034926, 0.08796063083659472, 0.05014143449451699, 0.05751669443690988, 0.059092494284496457, 0.05170431794991023, 0.07633587786259542, 0.04148745172498418, 0.05762002557445654, 0.04642151354283722, 0.06804355407447592, 0.03526175068779788, 0.03779336355769106, 0.03997623383836427, 0.03692796528073779, 0.03261389028816471, 0.04441947275287067, 0.031180170754704795, 0.03137391663760478
AATGG, 0.04533293844710993, 0.00102670418085789, 0.06603484870921567, 0.08767461375191272, 0.04895601954686806, 0.05838392813070734, 0.059617947578853844, 0.05227306382348586, 0.07726936176514142, 0.04423712917715583, 0.059183572733106274, 0.04651759711733057, 0.07077348339009823, 0.03452292808134656, 0.036576336443062345, 0.03718841008934301, 0.03640850979811441, 0.031413199072017374, 0.04581667407078335, 0.028797077841946794, 0.03199565625154253
AATGT, 0.04632220918218932, 0.0017252966607484977, 0.06983439158215722, 0.08736822043674079, 0.05058529686136439, 0.05552044777466823, 0.060345259948040485, 0.05369484316852738, 0.07598326863470856, 0.04316250890233015, 0.0584795321637427, 0.04735538101973057, 0.06411683869479301, 0.03633153782111081, 0.04185850561222954, 0.03712397058971041, 0.03461627195490155, 0.03166721836036632, 0.04492792874123559, 0.028056132326241563, 0.030924939564462902
AATTA, 0.05566877081365873, 0.0029656874927514623, 0.07120963599913846, 0.08776115446427092, 0.058717298739168616, 0.05480723031297115, 0.05884984343158209, 0.0544427324088341, 0.05702735391089683, 0.036217837201981545, 0.0581042795367563, 0.051758702387461275, 0.056563447487449674, 0.04097287804231489, 0.04753384031678182, 0.040127905628179, 0.03181072617923356, 0.03451132428715808, 0.03724505856818596, 0.03388173699819408, 0.029822555793031464
AATTC, 0.05108925909459424, 0.0013076339670999295, 0.0702722493919502, 0.08409394042419646, 0.054332191333002065, 0.0574051311556869, 0.05868661244344483, 0.05339069487669012, 0.06866385961241729, 0.04000052305358684, 0.06037346026100374, 0.04890551036953736, 0.06343332374401757, 0.036744514475508014, 0.042118890080288726, 0.03869288908648691, 0.03348850589742919, 0.032337788006381256, 0.04312576823495567, 0.030637863849151344, 0.030899390642571332
AATTG, 0.058970687186211415, 0.001966839771570539, 0.07004710063663498, 0.08554027708286606, 0.05434688842497542, 0.057072859336450364, 0.05874639844033057, 0.05408809371818982, 0.07068546091337279, 0.03995790272769621, 0.056814064629664776, 0.04899846448473974, 0.06254205413985266, 0.03631752385224547, 0.03935404841186315, 0.03892272390055382, 0.03400562447162748, 0.03145218336467625, 0.03956108417729163, 0.030555028381152843, 0.030054691948034024
AATTT, 0.05726519162219738, 0.0023095906013372424, 0.07187150661238952, 0.08861867499103583, 0.05689607896901563, 0.05400645419839278, 0.0606504819556643, 0.05492396279344456, 0.06296007255700153, 0.03758621416970745, 0.05817215414144397, 0.048933791736095, 0.05729682984961296, 0.03859863744700597, 0.044968467233342475, 0.03817679441479825, 0.032017886144565605, 0.0336525278943705, 0.03976925186138238, 0.03165931956718905, 0.029666111240007592
ACCAA, 0.04380281690140845, 0.001317907444668008, 0.06462776659959758, 0.08703219315895372, 0.047907444668008045, 0.06045271629778671, 0.0600804828973843, 0.050975855130784696, 0.07801810865191147, 0.04512072434607646, 0.05866197183098591, 0.04596579476861168, 0.07447686116700201, 0.034114688128772636, 0.036378269617706245, 0.0377364185110664, 0.038762575452716296, 0.030925553319919516, 0.04468812877263582, 0.027344064386317906, 0.031609657947686116
ACCAC, 0.03468349776334334, 0.0007090770617947528, 0.06033282851715354, 0.08702388976915602, 0.04110020747069586, 0.060884332898549456, 0.06332670944473139, 0.05037948753862719, 0.08855584638414468, 0.05023066889602829, 0.0575402904589742, 0.04558227482426269, 0.08085229312020169, 0.031689616835765495, 0.03224987525496135, 0.03497238101074121, 0.040662505580699095, 0.02954487757478137, 0.05171885532201728, 0.026078278606007015, 0.03188220566736407
ACCAG, 0.03388706082156884, 0.0006899479885362487, 0.06093434879524467, 0.08368273007111772, 0.0426374588684853, 0.06123288398259208, 0.062128489544634326, 0.05250238828149878, 0.0866548137140431, 0.05073107950323745, 0.057590754696953614, 0.04535744613098397, 0.0818517142553869, 0.032646481265258466, 0.03159829105190532, 0.03578441779004352, 0.04097229593461416, 0.02960142235431483, 0.04964308459823798, 0.026762021016877188, 0.033110869334465554
ACCAT, 0.04140711602036512, 0.000873071150393863, 0.062458921511884556, 0.0875915988973798, 0.046223722029841374, 0.06017324085972984, 0.061546611208664004, 0.05200168728357156, 0.08517839099853834, 0.04536046066765419, 0.05804451681888187, 0.04506616702145401, 0.07542746152110576, 0.03384376931302053, 0.03669841768116227, 0.03454026427569429, 0.03784616290134296, 0.030429963017098466, 0.047557853225948854, 0.02648642815801607, 0.031244175438252288
ACCCA, 0.032383844309104404, 0.0005952278256068736, 0.057547316298890636, 0.08549714463173513, 0.041424406066147924, 0.06370663032038786, 0.06111868325253188, 0.05043908835251289, 0.09239833681268439, 0.05081002743223892, 0.05878090440123531, 0.04491813460775349, 0.08175324787357016, 0.030874208519521752, 0.030727558185676577, 0.03587757285070996, 0.04138990010524318, 0.028665827021617983, 0.053484239402356755, 0.024300822967167582, 0.03330687876330636
ACCCC, 0.02751037431803341, 0.00028437216944368377, 0.05552629915952226, 0.08143576348661344, 0.04029658964042719, 0.06513175910517557, 0.06296210477534599, 0.04651064815790028, 0.09654961767741664, 0.05275630358308934, 0.05790659954079161, 0.04844859183114614, 0.09072525435510712, 0.028805847534387967, 0.026425547153118616, 0.032966107050323344, 0.04357213574031555, 0.027110146820297852, 0.057559033555915996, 0.022560192109198914, 0.034956712236429134
ACCCG, 0.02527208036835496, 0.00015696944328170783, 0.05538405190456258, 0.07932189200502303, 0.04196316450397656, 0.06561322729175387, 0.07011301799916284, 0.04405609041439933, 0.08403097530347425, 0.05896818752616157, 0.055854960234407704, 0.049079112599413985, 0.08876622017580578, 0.03215257429886982, 0.02956257848472164, 0.03429782335705316, 0.04473629133528673, 0.02770510673922143, 0.0538143574717455, 0.025455211385516954, 0.03369610715780661
ACCCT, 0.03204415654107095, 0.00042163363869830196, 0.05804170339990034, 0.08264019318486719, 0.04161715665606194, 0.06401165242056038, 0.06278508183525623, 0.04821955613476945, 0.09115910920311242, 0.050471463068726276, 0.059038292000459965, 0.045756832381463455, 0.08619533136570968, 0.030031814174556328, 0.029552685039671893, 0.034986009429261375, 0.043859481007321094, 0.027914063398367127, 0.05419908773812719, 0.022873624899382883, 0.034181072482655527
ACCGA, 0.02982275724396588, 0.00036295444921662334, 0.061309055713507955, 0.08127155042042224, 0.04754703284737766, 0.06309358175548968, 0.06914282257576675, 0.04654890811203193, 0.07171374992438449, 0.05205371725848406, 0.058163450486963884, 0.05081362289032727, 0.08378198536083721, 0.035388058798620774, 0.03327082451152381, 0.03414796443046398, 0.04276813259935878, 0.02888512491682294, 0.04800072590889844, 0.02797773879378138, 0.03393624100175428
ACCGC, 0.024798927613941014, 0.00032171581769437, 0.054986595174262735, 0.083485254691689, 0.04061662198391421, 0.06512064343163539, 0.06764075067024129, 0.04485254691689008, 0.08447721179624665, 0.057184986595174264, 0.05638069705093834, 0.05091152815013405, 0.08533512064343164, 0.03428954423592493, 0.031554959785522786, 0.0328686327077748, 0.04423592493297587, 0.026621983914209117, 0.05093833780160858, 0.028873994638069705, 0.03450402144772118
ACCGG, 0.02573742047426258, 0.0001314474998685525, 0.057574004942425996, 0.07855302592144697, 0.04132709395867291, 0.06669646143330354, 0.0673274094326726, 0.044981334455018666, 0.08210210841789789, 0.05597034544402966, 0.05478731794521268, 0.05147484094852516, 0.08633471791366529, 0.03309848046690152, 0.031784005468216, 0.03388716546611283, 0.0478206004521794, 0.026079183973920814, 0.05142226194857774, 0.026394657973605344, 0.036516115463483885
ACCGT, 0.02666705782263033, 0.00032270367002082905, 0.058732067943790885, 0.08161469181799513, 0.04555989086748614, 0.06157772757942911, 0.06800246428257106, 0.0472027459148649, 0.07648076979493648, 0.052630034910669754, 0.061519054184879865, 0.050048405550503126, 0.08061724411065803, 0.03461730278405257, 0.03317980461759615, 0.03491066975679878, 0.04341831196643882, 0.031184909202921936, 0.05236600463519817, 0.026901751400827296, 0.03244638718573063
ACCTA, 0.042459013602546856, 0.0012087369550043412, 0.06436949897001992, 0.08340284989529954, 0.0456936617919951, 0.06282027273191576, 0.06099865506733176, 0.05005192461567272, 0.07591208566710363, 0.046204395716644815, 0.05859820562147807, 0.0460511755392499, 0.07691652905224808, 0.034815029196956025, 0.03535981204991573, 0.03752191899759955, 0.03951378130373347, 0.03307853385314698, 0.04577878411277005, 0.026779482115800404, 0.0324656531435673
ACCTC, 0.032064371839751075, 0.0005267081550628808, 0.06143848048748866, 0.08245008427330482, 0.04266336056009335, 0.06322118501231686, 0.06415305328665889, 0.04952677298068196, 0.08548878516789836, 0.04966452742123687, 0.058278231557111364, 0.04578309347854272, 0.08521327628678854, 0.03119732918449371, 0.031667314922857515, 0.03535427200829768, 0.04092927524957864, 0.02960910151691948, 0.051090691041099444, 0.025581809931284845, 0.03409827563853235
ACCTG, 0.031161083551051925, 0.0006240678647359347, 0.059524439132228345, 0.08442368919304852, 0.041188479072571685, 0.06511989507197936, 0.06468093208237696, 0.04893115156387176, 0.08418040850001586, 0.05105721327254842, 0.05789551623105319, 0.04629208491553929, 0.08371500195682297, 0.03299097745951492, 0.030949535122327877, 0.034604034228535765, 0.042965485873853675, 0.029368210617615638, 0.0519192731195989, 0.025052622671645108, 0.033355898499063896
ACCTT, 0.03883035023143394, 0.0008451683227753116, 0.0654492030141704, 0.08471430151182446, 0.04532313865499755, 0.06225020141861898, 0.06288210296835753, 0.049943918737460694, 0.07820571554951739, 0.047376818691647844, 0.05871155274008309, 0.045481114042432186, 0.07748692753668979, 0.03465190123378777, 0.0352522077060394, 0.036523909574888234, 0.038846147770177406, 0.029817854378287864, 0.04811140424321891, 0.026618852782736447, 0.032677208890854806
ACTAA, 0.051278538812785386, 0.001780821917808219, 0.07191780821917808, 0.08431506849315068, 0.05461187214611872, 0.05618721461187215, 0.05940639269406393, 0.053082191780821915, 0.065662100456621, 0.04084474885844748, 0.05789954337899544, 0.048493150684931506, 0.06424657534246575, 0.03958904109589041, 0.0423972602739726, 0.03840182648401826, 0.035296803652968035, 0.033013698630136985, 0.03968036529680365, 0.031324200913242006, 0.03057077625570776
ACTAC, 0.04232611611419812, 0.001264610078559111, 0.06493581145813374, 0.08875263460433033, 0.046733090630388975, 0.05792297374976049, 0.06129526729258478, 0.05050776010730025, 0.07965127419045794, 0.04657980456026058, 0.06033722935428243, 0.046062464073577315, 0.07574247940218433, 0.03431691894999042, 0.033665453151944816, 0.036194673309063036, 0.038493964360988696, 0.030082391262694005, 0.044874497030082394, 0.02722743820655298, 0.03303314811266526
ACTAG, 0.049151470143301144, 0.0010451907473113843, 0.06397667574332315, 0.08537558104354044, 0.0492889952416316, 0.06174876915036994, 0.057072915807134805, 0.0512968616772561, 0.07915944659900431, 0.040707429105811814, 0.05718293588579916, 0.04719861374700883, 0.07088043567951151, 0.03757185686387766, 0.03553648540858707, 0.03795692713920291, 0.03636163599856974, 0.030668096927689303, 0.043237890915092, 0.0314382374783398, 0.03314354869763732
ACTAT, 0.05194912284318374, 0.002143932053845678, 0.06809045744088726, 0.0906635882001278, 0.05042363272794739, 0.05572161866870065, 0.056752355233049535, 0.05137191036714837, 0.07757323383289699, 0.04157991300583397, 0.06035993320827063, 0.04512564678719413, 0.066482508400503, 0.03566348512647138, 0.03737450782329052, 0.038982456863674776, 0.03393184769836525, 0.03333402049104289, 0.04166237193098188, 0.029973819291265538, 0.030839638005318602
ACTCA, 0.03661928039659371, 0.0008636622735045689, 0.06321144179779939, 0.0869362444509699, 0.04420223515796383, 0.06140638764617485, 0.06369509267096195, 0.0522688407924965, 0.08337795588413106, 0.049341025685316016, 0.0569758001830964, 0.046007289309588376, 0.0751040713039573, 0.03280189314770352, 0.03408874993522533, 0.036800649474029674, 0.038726616343944864, 0.03102274886428411, 0.048771008584802995, 0.025763045618641286, 0.032015960478814366
ACTCC, 0.03307759776592634, 0.0005645673498603704, 0.06303999354780171, 0.08409029044973838, 0.04302809730721537, 0.06372553961548931, 0.06343317438074018, 0.05249468197719551, 0.08566301378149227, 0.04913752255749009, 0.05708179169481102, 0.04613321773144741, 0.08103557782460101, 0.03292637436864232, 0.03287596656954764, 0.033995019709449445, 0.03978183504551824, 0.029538970269480096, 0.04901654383966286, 0.02548618322226815, 0.03387404099162222
ACTCG, 0.029380624669137108, 0.0003529204164460914, 0.060055290865243215, 0.08187753661549321, 0.04467384271513441, 0.06134933239221222, 0.06570201752838069, 0.04785012646314923, 0.0769954708546556, 0.05543791541674019, 0.05482030468795953, 0.04993823892712193, 0.08117169578260103, 0.03673313334509735, 0.033145109111228754, 0.03464502088112464, 0.04396800188224222, 0.03029233574495618, 0.04946767837186048, 0.028292453385094996, 0.03385094994412093
ACTCT, 0.03730288399757679, 0.0007893818956180125, 0.06609696546913149, 0.08596919574835239, 0.047849393277403486, 0.06150753584344538, 0.0596809428524223, 0.05319148936170213, 0.08050777449378592, 0.04450828850990399, 0.05794613845391295, 0.0476107429368678, 0.07502799552071668, 0.03500816918473372, 0.035742477924843495, 0.036201420887412114, 0.037055054797789734, 0.03156609696546913, 0.04742716575184036, 0.02816074018321003, 0.030850145943862102
ACTGA, 0.041964643540989444, 0.0010508972703388699, 0.06325867212895757, 0.0864051298036247, 0.04786035534577192, 0.06023066304493031, 0.06069377031660507, 0.052464710335307474, 0.07778420982321771, 0.045678407623458164, 0.06050674622612103, 0.04538451262412611, 0.07217348710869663, 0.036540944916952395, 0.03708420537026317, 0.03752059491472592, 0.039105846729304894, 0.03215923765418355, 0.04508171171572338, 0.025942913122857014, 0.03110834038384468
ACTGC, 0.03395539757098726, 0.0007193940163344759, 0.06156320088019974, 0.08400829418983538, 0.04354449663577504, 0.0626719140112564, 0.06379755406034446, 0.051364732766281576, 0.08196860056705176, 0.050349117684397614, 0.059049553552536924, 0.04621048622572045, 0.07542634674791587, 0.03495408573483983, 0.033803055308704665, 0.0358681393085354, 0.04085311666878253, 0.03145867716135584, 0.04961279675003174, 0.026380601751936017, 0.032440438407177016
ACTGG, 0.03666163794737281, 0.000712612482848024, 0.06158033189547339, 0.08396697723430546, 0.04545557922507183, 0.06075400465472409, 0.06163339878249399, 0.052687837827593266, 0.08470233266873375, 0.04907928951019263, 0.057236428143644484, 0.045561712999113026, 0.07890288001576845, 0.0332501952103344, 0.03218127648606236, 0.03641904646385008, 0.041028284650781975, 0.03043006921438264, 0.0486320114624476, 0.026639577284339962, 0.03248451584046578
ACTGT, 0.036722345595571436, 0.001118406230890541, 0.06288017765762287, 0.08964951240706769, 0.04683627820153841, 0.05958932766888738, 0.06296063853754305, 0.051929451900485986, 0.08008271378455795, 0.04530752148305494, 0.05910656238936629, 0.04599948505036851, 0.07184351968073123, 0.03673039168356345, 0.03581313765247337, 0.03760741527469345, 0.037872936178430044, 0.03179009365646423, 0.047085706929290976, 0.028885455891345627, 0.03018892214605259
ACTTA, 0.045902522724372154, 0.001886016534550972, 0.07074689090883308, 0.08369375629263036, 0.05371601979608333, 0.05702009387540947, 0.06247961542279386, 0.05397127015414285, 0.06559934202129923, 0.04279697670131454, 0.05926062479615423, 0.04916405507735504, 0.0671024830187609, 0.037507622059303164, 0.04093932131765907, 0.038925679604078334, 0.03667096810788582, 0.03352288035848495, 0.039251832839376624, 0.02946723578042797, 0.030374792609084076
ACTTC, 0.039209772281707134, 0.001114294810569882, 0.06400911543423984, 0.08503828817506996, 0.047856029759211785, 0.05921680993314231, 0.061738635030747835, 0.051467015197975835, 0.07662661907873791, 0.04685065098275775, 0.05888168367432431, 0.04726955880628027, 0.07371102062702123, 0.0347358367264867, 0.0364198461770472, 0.03773521674290789, 0.039888402955813605, 0.03234806213240839, 0.046172020308651286, 0.026818478861911226, 0.03289264230298765
ACTTG, 0.04265388435112183, 0.0010336650519872717, 0.06437098441395245, 0.08727375909523906, 0.047538458420316586, 0.06037819980137417, 0.06141186485336144, 0.05025436267455765, 0.07615679280082693, 0.046180506293196054, 0.05835140558179129, 0.045531932142929527, 0.07467723302053142, 0.035408095016113014, 0.03664443949005858, 0.037749042339731254, 0.038498956200976917, 0.03162812379659094, 0.045805549362573215, 0.026814487525081573, 0.031638257767688846
ACTTT, 0.048066461356888635, 0.0015306028362254964, 0.06723587880576097, 0.0865528242388478, 0.053395909786637656, 0.05824589226768953, 0.061758902391797446, 0.05212348092278754, 0.0696608700462869, 0.04222988548140225, 0.05842108174894425, 0.04708908846146753, 0.06573293746657569, 0.03820052741254357, 0.040726944142216975, 0.039565161266527746, 0.035065557747985324, 0.0326682280044996, 0.04074538514024379, 0.02988363730245081, 0.03110074317222048
AGCAA, 0.041664386292737464, 0.0009460294129144742, 0.06673025652252097, 0.08787127745244443, 0.04881824507634692, 0.059420029240909125, 0.06209393055675004, 0.05227398888219979, 0.07400139167963223, 0.04436174288327874, 0.05824726550589118, 0.046863638851317016, 0.07309445439121834, 0.03521418575013878, 0.0371766104000688, 0.037934997615380404, 0.038521379482889376, 0.03264192395799942, 0.043478260869565216, 0.02738012400021892, 0.03126588117557837
AGCAC, 0.03188365830710833, 0.0005839794958310353, 0.06030399377088538, 0.0828764234500211, 0.044082341108912175, 0.06173961003147001, 0.06603023716056192, 0.04996269019887746, 0.08502579242773253, 0.05027090159945495, 0.057635531907990784, 0.04672647049281381, 0.07811536839373195, 0.034617006780650814, 0.03340849365733381, 0.03567141420367907, 0.04131654933004574, 0.029904616682347597, 0.04973558706160984, 0.02713071407715018, 0.03297861986179152
AGCAG, 0.03135649210654426, 0.0006085263231100911, 0.06049620975033034, 0.08378538145907226, 0.04372696293205369, 0.06315633910564017, 0.06522532860421448, 0.04969921413171987, 0.08189025662424369, 0.04947753668544405, 0.05651905556714653, 0.046021976493497464, 0.08508067320397802, 0.033994888378885875, 0.03214322970999375, 0.036311635023297865, 0.04267508171639196, 0.029943841713610128, 0.049308018638291956, 0.025605918353153904, 0.03297343347937965
AGCAT, 0.03997314835533677, 0.0008413515327813829, 0.06480196912060865, 0.08627433430297606, 0.04748265831282166, 0.060371447751174756, 0.060729469680017904, 0.05232490490042515, 0.07820093980756321, 0.04461848288207652, 0.060648914746028196, 0.04748265831282166, 0.07306332512866412, 0.03488028641754307, 0.03692996196017006, 0.03740434101588722, 0.03764600581785634, 0.0317833967330499, 0.04631908704408145, 0.027317073170731707, 0.0309062430073842
AGCCA, 0.03362173435166136, 0.0005974692106078968, 0.06109404503565088, 0.08637939294873602, 0.041913028774342644, 0.06252571654031508, 0.06258771806217062, 0.04988867908575938, 0.08821689259645464, 0.04961812699038976, 0.058174337006453795, 0.046433503367809936, 0.08104162556717301, 0.03147986359665192, 0.031541865118507456, 0.03455175717949441, 0.04044190175577037, 0.030814756362201618, 0.05075106388975002, 0.025347349434940675, 0.03297917312515853
AGCCC, 0.02738784163181115, 0.00021486277430814187, 0.05529135392196184, 0.08189852747378674, 0.04011487996333009, 0.06606314100727669, 0.06334870795851716, 0.04661805993238985, 0.09411705723944308, 0.054116770755744, 0.056594854752764566, 0.04530023491663324, 0.08923251017017132, 0.03174955595026643, 0.028454993410874922, 0.03425628831719475, 0.04423308313756947, 0.0281685097117974, 0.05367988311465078, 0.024258007219389217, 0.03490087664011918
AGCCG, 0.023413421424557698, 0.00034055885708447563, 0.05798014541863198, 0.08195548895737906, 0.04112248199295043, 0.06656222861716075, 0.07049568341648646, 0.044511042620940966, 0.08248335518586, 0.055102423076268156, 0.055511093704769525, 0.051373303591193145, 0.08651897764231103, 0.03349396359425818, 0.030139458851976088, 0.03318746062288215, 0.044766461763754324, 0.029117782280722666, 0.05082840941985799, 0.025235411309959644, 0.03586084765099529
AGCCT, 0.03126111793570561, 0.0005370172718180048, 0.05873626410509428, 0.08472118734518799, 0.0415987004182022, 0.06438165817508106, 0.062220163656013586, 0.04846580878157493, 0.08709077605708494, 0.05056017614166516, 0.05771593128864007, 0.04501547281014426, 0.0853119063441878, 0.032831893455773274, 0.03165716817367138, 0.03666485423337428, 0.04305535976800854, 0.029784320438206092, 0.05066757959602876, 0.0246692309241396, 0.0330534130803982
AGCGA, 0.02957572767636902, 0.0003946719289590528, 0.060656142081894425, 0.08075974346324617, 0.04378391711889492, 0.0617908238776517, 0.06684755796743956, 0.048914652195362604, 0.07649235323137642, 0.05555007400098668, 0.055130735076467687, 0.05009866798223976, 0.07957572767636902, 0.035446472619634926, 0.03154908732116428, 0.03364578194375925, 0.04486926492353231, 0.03110508140108535, 0.048322644301924025, 0.030759743463246177, 0.03473112974839664
AGCGC, 0.022926081812363015, 0.00019396008301491552, 0.05229163838082123, 0.07954303004441686, 0.03910235273580697, 0.06732354481447718, 0.0670520006982563, 0.044921155226254436, 0.08435324010318676, 0.058381984987489574, 0.055394999709059874, 0.04957619721861241, 0.08468297224431212, 0.03646449560680412, 0.0328374420544252, 0.03310898617064608, 0.045658203541711115, 0.02736776771340458, 0.051961906239695876, 0.029966832825804448, 0.036891207789436935
AGCGG, 0.0240058961850279, 0.00017548169725897588, 0.05582072789808023, 0.08379251044116098, 0.039272803846558804, 0.06584073281156776, 0.06873618081634085, 0.0458533674937704, 0.0844066963815674, 0.05555750535219177, 0.05453971150808971, 0.049169971571965045, 0.08749517425332538, 0.033218685291124136, 0.029603762327589232, 0.033639841364545675, 0.0473098655810199, 0.027708559997192288, 0.05262696100796687, 0.025866002175973048, 0.03535956199768364
AGCGT, 0.025566646759377754, 0.0004550237465517732, 0.05849899041606234, 0.0788328640900947, 0.04524642379774194, 0.06304922788158007, 0.06677473480647271, 0.045928959417569595, 0.0772402809771635, 0.05511475130108352, 0.05869806330517874, 0.050621391803884766, 0.08335466257145295, 0.03674316753405568, 0.032903904672525096, 0.034610243722094244, 0.043483206779853824, 0.02875181298524017, 0.05010949008901402, 0.029747177430822173, 0.034268975912180415
AGCTA, 0.04304651419384329, 0.000914206453036584, 0.06430969531705624, 0.08886717210724587, 0.04774364390082436, 0.05950223034850181, 0.05931308418580458, 0.050612360701732265, 0.07652538499125199, 0.044449348233847705, 0.0615670759579465, 0.047491449017228064, 0.07516983749192188, 0.03623725233674322, 0.034393077250445284, 0.03658402030168813, 0.039042920416752044, 0.031414025187964, 0.04394495846665511, 0.02802515643963873, 0.030846586699872326
AGCTC, 0.031030166138271673, 0.000496645939069027, 0.05857700733403181, 0.08410324792837413, 0.04196318016681861, 0.06359789367694882, 0.0664212918237111, 0.04824949314900739, 0.08119820935327174, 0.04948090294313744, 0.05700542908848462, 0.04648742057066659, 0.08623950580327377, 0.034969316805682174, 0.03167648619596424, 0.0349897269127672, 0.042609500224511175, 0.030247778700012246, 0.049950335406093095, 0.02629502129454506, 0.03441144054535806
AGCTG, 0.02963012717177145, 0.0005283897546122157, 0.05854379365932295, 0.08552749417875694, 0.041523374529822674, 0.06339781479491313, 0.0656680995880351, 0.04799391008418413, 0.08276016478595737, 0.05038509761776822, 0.057572093856349635, 0.04749238760523016, 0.08805301809063228, 0.03463639620275837, 0.03125559734909547, 0.034882679562958985, 0.04335034927458356, 0.030145083288554538, 0.048773061078273325, 0.024695504209206517, 0.033185563317212965
AGCTT, 0.03882388632431679, 0.0009429243774649273, 0.06422544911898066, 0.08555193873451349, 0.04514557932453817, 0.06136387861693492, 0.06227400562474889, 0.048777888013381336, 0.07679504103770877, 0.04612130107165405, 0.058387517321110846, 0.047261009667024706, 0.07857429834127302, 0.036774050721132163, 0.03570813620747616, 0.03700363230868884, 0.03993899689244922, 0.03129688998942285, 0.04471101417666303, 0.02725461417994277, 0.03306794795057437
AGTAA, 0.04958710497062094, 0.0019453708114975385, 0.0702583240696628, 0.0872240749563284, 0.05372928907945582, 0.05585993330157218, 0.062145995447567624, 0.05376899052458843, 0.06689693504843576, 0.040614578370652694, 0.05956540151394844, 0.04713884918744375, 0.06376052088296014, 0.03856333703880155, 0.04033666825472447, 0.038841247154729766, 0.034791699751204275, 0.033111005240590755, 0.039860250913133236, 0.03116563442909322, 0.030834789052988195
AGTAC, 0.04011008314790959, 0.0013467619159152125, 0.064117578170746, 0.08919369949642815, 0.04595093102236796, 0.05899402740367725, 0.062185267595737205, 0.050049771636022956, 0.07651657102705235, 0.047165944489987115, 0.060077292423000354, 0.046258344068392084, 0.07260803372760276, 0.03419604169106453, 0.037431198032556505, 0.03776788851153531, 0.039656282937112076, 0.032058789085373, 0.04435531092633798, 0.028077058203536714, 0.03188312448764492
AGTAG, 0.043827123872804935, 0.0011865211200759373, 0.06586675367821547, 0.08826233981964879, 0.047104888467014716, 0.05974133839582344, 0.05874762695775985, 0.051628500237304226, 0.08146950640721405, 0.04493948742287613, 0.05861414333175131, 0.04410892263882297, 0.07525510204081633, 0.03583293782629331, 0.0341124822021832, 0.03626305173232083, 0.039229354532510675, 0.030775391551969625, 0.04394577598481253, 0.02684504034171808, 0.0322437114380636
AGTAT, 0.05325899167582849, 0.0016962462698288047, 0.06883932778388566, 0.08752944871996231, 0.05189257106957751, 0.05790796293387781, 0.058818910004711795, 0.052677870268572326, 0.06945186115910162, 0.04317574996073504, 0.05859902622899325, 0.04655253651641276, 0.0652269514685095, 0.03566828961834459, 0.03973613946913774, 0.038479660750746034, 0.034945814355269354, 0.03284121250196325, 0.0429558661850165, 0.02905607036280823, 0.03068949269671745
AGTCA, 0.039609927135265434, 0.001013532022133348, 0.06322248397523694, 0.0875472525064373, 0.047042495297576654, 0.060008400445588854, 0.06074800489417265, 0.052694534231815776, 0.08001424423382458, 0.04545371537098925, 0.06010884055589036, 0.047024233459340016, 0.07395131393926113, 0.03469749264961011, 0.03499881298051461, 0.036797604046823355, 0.03813071823809785, 0.0312277433846491, 0.04537153709892438, 0.027739732281451452, 0.03259738125239686
AGTCC, 0.032565170384014734, 0.00047050814880070474, 0.0604953349617587, 0.08301966123413286, 0.04472830657109678, 0.06552076242341728, 0.06364874063989108, 0.050444480038441514, 0.08312978016257558, 0.051115204420774434, 0.05592039402554759, 0.0452989228366636, 0.08134785568413887, 0.03389660833700396, 0.03282545148760661, 0.03558843551035118, 0.04095423056901454, 0.03031273775677732, 0.04953349617586995, 0.026178272534337084, 0.033005646097785606
AGTCG, 0.031044533315257913, 0.0005422625906595269, 0.05930997085338575, 0.08364400460923202, 0.045651731851148916, 0.0612078899206941, 0.06700332135836778, 0.04771910797803836, 0.07808581305497186, 0.054700738832779774, 0.055819155426015045, 0.05053209516708466, 0.08123771436318036, 0.03314580085406358, 0.03277299532298515, 0.03348471497322578, 0.044262183962583884, 0.029349962719446895, 0.04948146139768183, 0.028943265776452246, 0.03206127567274453
AGTCT, 0.03700825177509115, 0.000873152945691806, 0.06510266743427365, 0.08392822874688159, 0.047131068892726925, 0.06251199385914412, 0.06266551525618883, 0.05337747073498368, 0.0784206486279025, 0.045490308961811554, 0.05874112454423335, 0.04666090961427749, 0.07620418345806947, 0.03538668201880637, 0.03552101324122049, 0.03780464402226061, 0.037938975244674725, 0.03253694108616388, 0.046123584724621, 0.02630972941853771, 0.03026290539243907
