 ,X,Y,1,2,3,4,5,6,7,8,9,10,11,12,13,14,15,16,17,18,19
B:AACAA,0.033071899323054904,2.9821369993737513e-05,0.044642590880625055,0.05236632570900307,0.0703486118152268,0.05123311364924105,0.033996361792860766,0.046431873080249306,0.13518027018161213,0.09351981630036084,0.060954880267199474,0.06557719261622878,0.05513971311842066,0.019831211045835444,0.033638505352935916,0.04828079801986103,0.038767780991858763,0.07130289565502639,0.018996212686010795,0.01750514418632392,0.009184981958071154
B:AACAC,0.028731045490822026,0.00018778461105112436,0.04229848363926576,0.05173466034458476,0.06830665226984649,0.045115252805032625,0.03544434533589972,0.04835453734566452,0.1467067273836909,0.10783531289610816,0.05553729871837003,0.06361203699356838,0.057086521759541806,0.017604807286042908,0.02844936857424534,0.046899206610018306,0.039716445237312804,0.06948030608891602,0.02103187643772593,0.01680672268907563,0.00906060748321675
B:AACAG,0.029932022512974197,0.00029237628828302024,0.04096922739565821,0.051129303413493164,0.06611358818799795,0.04572034208025729,0.03786272933265112,0.04787661720634456,0.13935384840289453,0.10938527885388495,0.05803669322417952,0.06011987427819604,0.05704992325122433,0.019479570206856225,0.0281412177472407,0.04659747094510635,0.03983626927856151,0.0710839850888093,0.023280461954535488,0.01600760178349536,0.011731598567356187
B:AACAT,0.03396455872133426,0.0003040305767894371,0.043042043085476024,0.052423558026407226,0.0718815149409312,0.047515635858234886,0.03474635163307853,0.04669041000694927,0.13498957609451007,0.08039437109103544,0.05872133425990271,0.06745135510771369,0.05611535788742182,0.01980542043085476,0.03157574704656011,0.055376997915218905,0.040132036136205695,0.07587734537873524,0.020804378040305768,0.019457956914523976,0.00873002084781098
B:AACCA,0.029850746268656716,0.00012612991381122555,0.04183308808072315,0.05011561908766029,0.05919697288206853,0.04738280428841707,0.03397099011982342,0.044145469833928946,0.14984233760773596,0.11524069791885642,0.05890266974984234,0.060037838974143366,0.05873449653142737,0.016859365146100484,0.02875762034895943,0.045406768972041205,0.03649358839604793,0.07138953121715366,0.021694345175530795,0.018709270548665124,0.01130964893840656
B:AACCC,0.030732592424586074,0.00017010660013608528,0.042073032433658425,0.052109321841687456,0.059367203447493765,0.04349058743479247,0.036686323429349056,0.04320707643456566,0.1530392379224314,0.12740984350192788,0.05863007484690406,0.06140848264912679,0.05721251984577001,0.018541619414833295,0.02455205261964164,0.041165797232932635,0.033737809026990244,0.06430029485144023,0.021546836017237468,0.018258108414606487,0.012361079609888864
B:AACCG,0.020242914979757085,0.0003114294612270321,0.03706010588601682,0.051385861102460295,0.06228589224540641,0.04048582995951417,0.03986297103706011,0.044534412955465584,0.14356898162566178,0.13422609778885083,0.06384303955154158,0.05668016194331984,0.05605730302086578,0.023668639053254437,0.02865151043288695,0.03425724073497353,0.03768296480847088,0.06166303332295235,0.024602927436935533,0.020242914979757085,0.018685767673621925
B:AACCT,0.031833837803987054,0.00020874647740319382,0.04216678843544515,0.04895104895104895,0.0609017847823818,0.04514142573844066,0.03522596806178896,0.04915979542845215,0.14340882997599416,0.11068781964304353,0.055578749608600354,0.060849598163030996,0.06032773196952301,0.017743450579271475,0.030216052604112306,0.04571547855129945,0.040392443377518,0.06836447134954597,0.0236405385659117,0.017273771005114288,0.012211668928086838
B:AACGA,0.024075161479741633,0,0.04345273047563124,0.05226071638285379,0.06840869054609512,0.0455079271873165,0.0364063417498532,0.04785672342924251,0.1315325895478567,0.11156782149148561,0.061362301820317086,0.06459189665296536,0.04932472108044627,0.02378156194950088,0.02906635349383441,0.042278332354668234,0.040516735173223725,0.07339988256018791,0.02378156194950088,0.017322372284204347,0.013505578391074574
B:AACGC,0.025503355704697986,0,0.04463087248322148,0.05469798657718121,0.06879194630872483,0.04161073825503356,0.03724832214765101,0.04194630872483222,0.13221476510067115,0.13187919463087247,0.06476510067114094,0.060067114093959734,0.05704697986577181,0.0238255033557047,0.02348993288590604,0.03389261744966443,0.03322147651006711,0.0691275167785235,0.023154362416107382,0.016107382550335572,0.016778523489932886
B:AACGG,0.02155936207914944,0.0005906674542232723,0.039574719432959246,0.047844063792085056,0.06142941523922032,0.042528056704075605,0.03927938570584761,0.04370939161252215,0.1396928529238039,0.13821618428824572,0.05936207914943887,0.06054341405788541,0.05050206733608978,0.02362669816893089,0.02303603071470762,0.03809805079740106,0.035144713526284704,0.06940342587123449,0.030124040165386886,0.019492025989367986,0.016243354991139988
B:AACGT,0.027253668763102725,0.0002620545073375262,0.041928721174004195,0.046383647798742135,0.0710167714884696,0.04533542976939203,0.04219077568134172,0.0440251572327044,0.13076519916142557,0.11871069182389937,0.056865828092243186,0.06210691823899371,0.054245283018867926,0.01939203354297694,0.025681341719077568,0.043763102725366876,0.03642557651991614,0.07783018867924528,0.028039832285115304,0.0159853249475891,0.01179245283018868
B:AACTA,0.03710312576913611,0.00012306177701206005,0.04473295594388383,0.05383952744277627,0.07414472064976618,0.05168594634506522,0.03138075313807531,0.04977848880137829,0.12841496431208466,0.08109771105094758,0.056731479202559686,0.06626876692099434,0.05377799655427024,0.02036672409549594,0.03144228402658134,0.0508245139059808,0.040056608417425546,0.08005168594634507,0.02227418163918287,0.016674870785134136,0.009229633275904503
B:AACTC,0.027779087864924775,0.00023581568645946328,0.040937603169362825,0.04853086827335754,0.06536810828656323,0.04673866905626562,0.03461774277224921,0.04489930670188181,0.151582323256143,0.11790784322973165,0.05980285808611989,0.05885959534028203,0.05815214828090365,0.019997170211762488,0.025892562373249068,0.043720228269584493,0.03796632551997359,0.06659434985615244,0.021742206291562514,0.017167381974248927,0.011507805499221807
B:AACTG,0.029820226633722417,4.260032376246059e-05,0.041109312430774474,0.05103518786742779,0.0703757348555849,0.044474738008008864,0.03650847746442873,0.04822356649910539,0.1406236687398824,0.1069268126437761,0.05648802930902275,0.05900144841100793,0.05827724290704609,0.02087415864360569,0.028542216920848597,0.04754196131890602,0.03659367811195365,0.072974354605095,0.02164096447132998,0.017721734685183607,0.011203885149527136
B:AACTT,0.03346041713388652,0.00035882484862076697,0.04305898183449204,0.05274725274725275,0.07468042161919713,0.05140165956492487,0.03570307243776632,0.04642296479031173,0.1359049114151155,0.08383045525902669,0.05947521865889213,0.0629737609329446,0.0521193092621664,0.020363310159228525,0.033191298497420946,0.050594303655528146,0.039605292666517154,0.07477012783135233,0.021753756447634,0.01870374523435748,0.008880915003363982
B:AATAA,0.034976401087737946,3.125683743318851e-05,0.04866689588347451,0.05201137748882568,0.07801706623323852,0.05416809927171569,0.03378864126527678,0.048416841184009005,0.1335292095145813,0.07882974400650142,0.05626230737973932,0.06476416716156659,0.051917606976526115,0.02241115243959616,0.03188197418185228,0.04885443690807364,0.03800831431875723,0.07473509830275372,0.021254649454568186,0.01956678023317601,0.007907979870596693
B:AATAC,0.03465824904979708,0,0.045416478773432974,0.05127874766475552,0.07885073761515171,0.04960381369580622,0.03150164272370032,0.049925916382142624,0.1399858274818012,0.07704696257166785,0.05385556915544676,0.06493590156541905,0.053726728080912195,0.02074341300006442,0.03433614636346067,0.0510210655156864,0.03955420988211042,0.07504992591638214,0.021387618372737227,0.018746376344778715,0.008374669844746505
B:AATAG,0.0399853040230237,6.123323740126141e-05,0.04053640315963505,0.05272181740248607,0.06680546200477619,0.049109056395811646,0.028167289204580247,0.052905517114689854,0.1429183760945441,0.07378605106851999,0.05492621394893148,0.07225522013348845,0.057253076970179416,0.019227236543996083,0.03098401812503827,0.052170718265874716,0.04408793092890821,0.075194415528749,0.019962035392811217,0.018737370644785988,0.008205253811769028
B:AATAT,0.04081975474550647,0.0002519737947253486,0.045229296153200066,0.05610616495884428,0.08016966235511506,0.05169662355115068,0.030488829161767175,0.046867125818914834,0.13526793213505794,0.0608936670586259,0.055098269779942886,0.07550814715269612,0.053796405173861916,0.02108180749202083,0.03582227448345372,0.047329077775911305,0.044851335461112044,0.07538216025533344,0.01877204770703847,0.019024021501763817,0.005543423483957669
B:AATCA,0.03666478642120917,0.00025639710784062353,0.041536331470181015,0.0489718475975591,0.07030408696989898,0.04568996461719912,0.03276755038203169,0.050869186195579716,0.13814676170452797,0.08763653145992513,0.05671504025434593,0.06568893902876775,0.0580995846366853,0.018973385980206144,0.0311266088918517,0.05220245115635096,0.04015178708784165,0.07143223424439772,0.023229577970360495,0.02056304804881801,0.008973898774421825
B:AATCC,0.029737036126812486,6.144015728680265e-05,0.042270828213320226,0.05044236913246498,0.06377488326370115,0.04724748095355124,0.03348488572130744,0.04534283607766036,0.15317031211599902,0.10930203981322192,0.06039567461292701,0.061931678545097076,0.055480462029982795,0.018247726714180387,0.02678790857704596,0.050319488817891375,0.03840009830425166,0.06438928483656918,0.021688375522241336,0.01572868026542148,0.01179651019906611
B:AATCG,0.02999558888398765,0,0.04146449051610057,0.054697838553153945,0.06484340538156154,0.03749448610498456,0.033083370092633436,0.04278782531980591,0.14909572121746803,0.09880899867666519,0.054697838553153945,0.06396118217909132,0.06837229819144243,0.020291133656815175,0.033083370092633436,0.04102337891486546,0.04190560211733568,0.06660785178650198,0.026025584472871635,0.015880017644464048,0.015880017644464048
B:AATCT,0.033094179466451094,0.0003536782538399353,0.041632983023443815,0.051131770412287794,0.06997776879547292,0.05087914308811641,0.03162894098625707,0.04592764753435732,0.14061236863379142,0.08841956345998384,0.06204527081649151,0.06548100242522231,0.055931689571544055,0.019250202101859338,0.03233629749393695,0.04956548100242522,0.03870250606305578,0.07220088924818108,0.021675424413904607,0.018441794664510913,0.010711398544866612
B:AATGA,0.037354463130659765,0.00012128072445019405,0.042326972833117725,0.04952296248382924,0.07208117723156533,0.045965394566623546,0.03456500646830531,0.050452781371280724,0.14165588615782665,0.07778137128072445,0.05489974126778784,0.06929172056921086,0.05983182406209573,0.022679495472186288,0.029794631306597673,0.04903783958602846,0.042165265200517464,0.07503234152652005,0.01924320827943079,0.017383570504527813,0.0088130659767141
B:AATGC,0.032976880339327316,0.0006571479777764502,0.04253539637971205,0.05137702371706793,0.06852261186450803,0.04217695202819762,0.03614313877770476,0.053886134177668917,0.1374634088057829,0.09062668020789773,0.0537069120019117,0.06296672441603442,0.06254853933926757,0.020968994563594003,0.028436585220144573,0.05018220921201983,0.0405639524463827,0.0733616106099528,0.02132743891510843,0.01869884700400263,0.01087281199593763
B:AATGG,0.03442758085632546,0.0002909373030112011,0.039955389613538284,0.05236871454201619,0.062357561945400763,0.044222470057702565,0.0345245599573292,0.04858652960287058,0.15361489598991418,0.09285748921107502,0.054211317461087136,0.06764292295010425,0.06056344857683169,0.02017165300877661,0.029918052659651844,0.045919604325267906,0.04184648208311109,0.06725500654608932,0.02123842311981768,0.017407748630170198,0.01061921155990884
B:AATGT,0.03380374138496882,0.00028716770594026914,0.04287003610108303,0.049721037085658025,0.07417131604857237,0.04459304233672465,0.0350754840827043,0.05095175582540203,0.1385379061371841,0.08409911388250739,0.05566951099442074,0.06608959632425336,0.05538234328848047,0.02104529044962258,0.03327042993107975,0.049433869379717756,0.041762389235313425,0.07515589104036757,0.020840170659665244,0.019076140466032163,0.008163767640301937
B:AATTA,0.04102847155144657,0,0.04599604434018675,0.05445931649878111,0.08099903408306885,0.05105560921760729,0.03187525872774941,0.05215951428177177,0.12492525642794719,0.06775217331309508,0.05680511476013063,0.06904006255462031,0.05395336001103905,0.020238259509682166,0.034267053033439125,0.05110160526194747,0.0395565981325606,0.07851524768869877,0.019916287199300862,0.018996366312497126,0.007359367094429879
B:AATTC,0.03867959518889419,0.00021194298733640652,0.040269167593917236,0.05272081809993112,0.06856355640332751,0.04853494410003709,0.0358183648598527,0.05229693212525831,0.14475706035076563,0.0781539765802999,0.05489323372012928,0.06612621204895883,0.05738356382133206,0.019127854607110688,0.03348699199915223,0.04694537169501404,0.04138186827743337,0.07529274625125841,0.02050548402479733,0.017538282202087637,0.007312033063106025
B:AATTG,0.041099511034756175,0.00033038192150125544,0.03878683758424739,0.05424871151050614,0.07334478657327871,0.05035020483679133,0.03264173384432404,0.04856614246068455,0.14146953878683757,0.0702391965111669,0.0574203779569182,0.06852121051936039,0.05292718382450112,0.021474824897581603,0.032377428307123035,0.05239857275009911,0.0451301704770715,0.07473239064358399,0.018369234835469803,0.017906700145368045,0.007664860578829127
B:AATTT,0.04055603822762815,0.00024326672458731537,0.04788879235447437,0.05386620330147698,0.07930495221546481,0.05080799304952215,0.03263249348392702,0.051676802780191135,0.12990443092962642,0.06564726324934839,0.056785403996524764,0.06971329278887924,0.050251954821894006,0.021894005212858385,0.037497827975673324,0.05240660295395309,0.03652476107732407,0.07850564726324935,0.019322328410078193,0.01744569939183319,0.007124239791485664
B:ACCAA,0.030732630965674614,0.0006311598776520853,0.04199640724377336,0.05131815312909647,0.06331019080448609,0.04524930815167257,0.03267466135845026,0.044860902073117444,0.15274069039180463,0.10996747099092101,0.05617322911103559,0.05835801330290819,0.05947468077875419,0.01946885468757586,0.028499296013982617,0.04656017866679613,0.039617420012623195,0.06976744186046512,0.020536971403602465,0.017332621255522648,0.010729717920085449
B:ACCAC,0.026780010810279593,0.00019655053805709793,0.03891700653530539,0.051447103336445386,0.057785858188786794,0.04604196353987519,0.038769593631762564,0.04073509901233355,0.14471033364453836,0.13812589061962557,0.05655741732592993,0.05326519581347354,0.05601690334627291,0.018279200039310106,0.028352415114736376,0.0400471721291337,0.035428234484791904,0.06692545820844184,0.030809296840450102,0.017296447349024618,0.013512849491425482
B:ACCAG,0.025930988774284413,4.1423304751253055e-05,0.03877221324717286,0.04771964707344352,0.055755768195186614,0.04382585642682573,0.03964210264694917,0.04515140217886583,0.15206495174184997,0.13636551924112505,0.057868356737500515,0.05720558386148047,0.06014663849881943,0.018516217223810114,0.027297957831075765,0.04196180771301934,0.03500269251480883,0.061099374508098256,0.023279897270204217,0.01681786172900874,0.015533739281719895
B:ACCAT,0.029759457236842105,0.00025699013157894735,0.043122944078947366,0.04944490131578947,0.059724506578947366,0.04620682565789474,0.03525904605263158,0.04487047697368421,0.15013363486842105,0.11096833881578948,0.058028371710526314,0.06563527960526316,0.06080386513157895,0.01768092105263158,0.026058799342105265,0.046309621710526314,0.03788034539473684,0.06851356907894737,0.020918996710526317,0.017064144736842105,0.011358963815789474
B:ACCCA,0.026486486486486487,0.00012474012474012475,0.03762993762993763,0.048066528066528065,0.05392931392931393,0.042702702702702704,0.03821205821205821,0.04133056133056133,0.1591268191268191,0.13405405405405404,0.05721413721413721,0.0666112266112266,0.06016632016632017,0.015675675675675675,0.023492723492723494,0.041455301455301456,0.037796257796257796,0.060415800415800414,0.02523908523908524,0.017255717255717257,0.013014553014553015
B:ACCCC,0.026256303251608416,0.0001738828029907842,0.03761664638033965,0.052570567437547094,0.053208137715179966,0.04063061496551324,0.03958731814756854,0.0411522633744856,0.15475569466179795,0.14727873413319423,0.05604822349736278,0.06340926215730598,0.058482582739233756,0.01773604590505999,0.022025155045499335,0.0352982090071292,0.03495044340114763,0.05570045789138121,0.030719295195038545,0.01686663189010607,0.015533530400510056
B:ACCCG,0.022206303724928367,0,0.041069723018147083,0.058500477554918814,0.050620821394460364,0.04369627507163324,0.051814708691499525,0.034383954154727794,0.14111747851002865,0.1654727793696275,0.05563514804202483,0.04894937917860554,0.05826170009551098,0.02005730659025788,0.02125119388729704,0.029847182425978988,0.03462273161413563,0.057067812798471826,0.029847182425978988,0.014804202483285577,0.020773638968481375
B:ACCCT,0.028790052606408417,0,0.03964610234337637,0.04820659971305596,0.05734098517455763,0.04103299856527977,0.03969392635102822,0.03983739837398374,0.15083692013390723,0.13663318986131037,0.05576279292204687,0.061166905786704924,0.05963653754184601,0.0187948350071736,0.022381635581061692,0.040746054519368725,0.035868005738880916,0.06575801052128169,0.025490196078431372,0.017694882831181254,0.014681970349115257
B:ACCGA,0.01949778434268833,0,0.03988183161004431,0.05258493353028065,0.06174298375184638,0.04106351550960118,0.04372230428360414,0.040472673559822744,0.13500738552437222,0.14387001477104874,0.05524372230428361,0.05406203840472674,0.06558345642540621,0.025701624815361892,0.022156573116691284,0.03308714918759232,0.04401772525849335,0.06587887740029542,0.02186115214180207,0.01949778434268833,0.015066469719350073
B:ACCGC,0.022488755622188907,0.0005997001499250374,0.041079460269865066,0.05967016491754123,0.061169415292353826,0.039580209895052475,0.042578710644677664,0.032683658170914544,0.1262368815592204,0.1712143928035982,0.049175412293853075,0.05577211394302849,0.061169415292353826,0.023088455772113943,0.02368815592203898,0.02908545727136432,0.036581709145427285,0.05967016491754123,0.033583208395802096,0.011094452773613194,0.019790104947526237
B:ACCGG,0.01849176538572667,0,0.04218433978618896,0.05374169315226813,0.056631031493787926,0.0430511412886449,0.040450736781277086,0.033516324761629586,0.1418665125686218,0.14099971106616585,0.05200809014735625,0.051430222479052295,0.06009823750361167,0.026004045073678126,0.029182317249349898,0.031493787922565734,0.041317538283733024,0.059520369835307715,0.033516324761629586,0.019069633054030626,0.02542617740537417
B:ACCGT,0.02032967032967033,0.0002747252747252747,0.037637362637362635,0.045054945054945054,0.06483516483516484,0.04395604395604396,0.04532967032967033,0.04230769230769231,0.1315934065934066,0.14560439560439561,0.06098901098901099,0.05576923076923077,0.0478021978021978,0.0239010989010989,0.027747252747252746,0.03571428571428571,0.03571428571428571,0.07005494505494506,0.027747252747252746,0.021153846153846155,0.016483516483516484
B:ACCTA,0.03479334640807728,7.263746640517178e-05,0.040095881455654826,0.04772281542819787,0.06341250817171497,0.04576160383525823,0.03370378441199971,0.04794072782741338,0.14745405680249873,0.10546960122030943,0.053097987942180576,0.06181448391080119,0.0646473451006029,0.017432991937241227,0.026948500036318733,0.044454129439965136,0.040095881455654826,0.07038570494661146,0.023679814048086004,0.019248928597370523,0.01176726955763783
B:ACCTC,0.025909932140653916,0.0005140859551717047,0.039738844334772774,0.047398725066831175,0.05495578860785524,0.04102405922270204,0.037322640345465764,0.04256631708821715,0.150781410651861,0.14096236890808142,0.058194530125436975,0.05834875591198849,0.060867777092329836,0.016759202138597575,0.02632120090479128,0.042823360065803,0.03907053259304956,0.06410651860991158,0.02421344848858729,0.015422578655151141,0.012697923092741106
B:ACCTG,0.028174666880719217,0.00012040455931931289,0.03796757103869,0.04876384652432172,0.05590785037726762,0.041218494140311444,0.03808797559800931,0.043305506501846204,0.14849895649381922,0.1404719858725317,0.05667041258628994,0.05911863862578263,0.05815540215122813,0.019064055225557874,0.026167924225397335,0.03941242575052175,0.03672339059239043,0.06317225878953284,0.026328463637823086,0.017498795954406808,0.015170974474233424
B:ACCTT,0.03053510063819342,0.00019636720667648503,0.04148257241040746,0.05017182130584193,0.05994108983799706,0.047128129602356406,0.03568973981345115,0.04727540500736377,0.15247913598429064,0.11080019636720667,0.05778105056455572,0.05699558173784978,0.06146293568973981,0.01958762886597938,0.02935689739813451,0.04349533627884143,0.03745704467353952,0.06622484045164458,0.021796759941089837,0.017427589592538047,0.012714776632302405
B:ACTAA,0.037217237457348666,0.0002527486414760521,0.042967269050928854,0.05257171742701883,0.07898395046126627,0.05111841273853153,0.03304688487299381,0.04675849867306963,0.1295968659168457,0.08151143687602679,0.0597118665487173,0.06584102110451157,0.051434348540376595,0.020599014280298242,0.03159358018450651,0.051623910021483636,0.04018703399469228,0.07790976873499304,0.01971439403513206,0.01819790218627575,0.009162138253506888
B:ACTAC,0.034272259527339324,8.720676724513822e-05,0.04159762797593093,0.0529345077177989,0.06967820702886544,0.04621958663992326,0.033487398622133076,0.04534751896747188,0.14580971483387112,0.09653789134036801,0.0595622220284294,0.05790529345077178,0.05485305659719194,0.021016830906078313,0.03095840237202407,0.04909740995901282,0.03959187232929275,0.07456178599459318,0.023022586552716492,0.014301909828202668,0.009156710560739514
B:ACTAG,0.03545649242484334,7.932101213611486e-05,0.04235742048068533,0.04854445942730229,0.07170619497104783,0.042754025541365905,0.03513920837629888,0.05028952169429682,0.1377805980804315,0.09915126517014357,0.058380264932180535,0.06329816768461966,0.056317918616641545,0.018719758864123106,0.02792099627191243,0.050051558657888476,0.04037439517728246,0.07027841675259776,0.023082414531609422,0.017688585706353614,0.01062901562623939
B:ACTAT,0.0373559227885016,6.943480072212192e-05,0.04575753367587835,0.05290931815025691,0.067768365504791,0.051798361338702956,0.03131509512567699,0.04638244688237745,0.14199416747673935,0.0788779336203305,0.05513123177336481,0.06297736425496459,0.05749201499791696,0.019372309401472016,0.0316622691292876,0.052145535342313566,0.04166088043327316,0.0769337592001111,0.021802527426746286,0.018191917789195947,0.008401610887376754
B:ACTCA,0.028078350841165785,0.00031593081115235765,0.04150541031514098,0.04845588816049285,0.06176447358028592,0.045612510860121636,0.034475949767001024,0.04241371139720401,0.15081747097385673,0.1268462206776716,0.05765737303530527,0.060421767632888396,0.05651212384487797,0.01954821894005213,0.02744648921886107,0.04201879788326356,0.038306610852223366,0.0645683595292631,0.022391596240423348,0.019864149751204485,0.010978595687544428
B:ACTCC,0.028218080473785056,0.00017418568193694478,0.03907565464785461,0.0482494338965337,0.06108111246588864,0.04261743018057249,0.03837891192010683,0.04528827730360564,0.1542123904081751,0.12471694826685246,0.05794577019102363,0.059629565116414096,0.05974568890437206,0.020205539104685595,0.024908552516983103,0.04168843987690878,0.037333797828485164,0.0624745979213842,0.024560181153109213,0.01527027811647216,0.01422516402485049
B:ACTCG,0.019190325972660356,0,0.038643533123028394,0.04968454258675079,0.07176656151419558,0.040746582544689804,0.04390115667718191,0.04153522607781283,0.13643533123028392,0.15562565720294427,0.058096740273396424,0.04153522607781283,0.05021030494216614,0.02260778128286015,0.02392218717139853,0.04100946372239748,0.03286014721345951,0.06992639327024185,0.031808622502628815,0.015772870662460567,0.014721345951629864
B:ACTCT,0.02710376871450697,0.00021510927551196006,0.040913784202374806,0.04917398038203407,0.06642574427809327,0.044269488900361385,0.03355704697986577,0.04887282739631733,0.14631732920323523,0.11026501462743074,0.05571330235759766,0.06263982102908278,0.06031664085355361,0.01944587850628119,0.02714679056960936,0.04530201342281879,0.03949406298399587,0.0716744106005851,0.022285320943039064,0.0177680261572879,0.01109963861641714
B:ACTGA,0.030227694250424212,0.00011838522552385462,0.04171106112623811,0.049090406850558384,0.067045499388343,0.04538100311747761,0.03535772068979125,0.047788169369795984,0.14628467700564302,0.10942741012588296,0.05670652302592637,0.057535219604593346,0.056075135156465804,0.021901266721913105,0.02801783670731226,0.04640700840535101,0.037764886942109624,0.07320153111558345,0.021348802336135116,0.017678860344895624,0.01093090249003591
B:ACTGC,0.025700115224688142,0.00015029307148940434,0.03677170482440759,0.05114974199689394,0.0655277791693803,0.041280496969089725,0.040228445468663894,0.04779319673363058,0.13691698812684736,0.13000350683833475,0.05866439557136416,0.05360452883122088,0.05580882721306548,0.020089173889083715,0.02815490205901508,0.04448674916086368,0.03436701568057712,0.06933520364711186,0.028104804368518612,0.01828565703121086,0.013576474124542858
B:ACTGG,0.025744790769760634,8.610297916307904e-05,0.04051145169622869,0.04864818322713966,0.059411055622524536,0.04064060616497331,0.03732564146719476,0.04584983640433959,0.1490442569312898,0.12924057172378164,0.056096090924745996,0.06289822627862925,0.060099879455829175,0.01894265541587739,0.026175305665576028,0.03977957637334252,0.036464611675563974,0.06875322886171861,0.022214568624074393,0.017608059238849665,0.014465300499397279
B:ACTGT,0.026515732924021488,0.00011511895625479662,0.04171143514965464,0.049194167306216424,0.0693783576362241,0.0442056792018419,0.036339217191097464,0.04823484267075979,0.14029163468917882,0.12056792018419032,0.056024558710667687,0.057712970069071376,0.0534535686876439,0.01960859554873369,0.02916346891788181,0.04635456638526477,0.03871834228702993,0.0713737528779739,0.022256331542594012,0.01849577897160399,0.010283960092095165
B:ACTTA,0.031935895947044476,0.00017419579607478808,0.04488445012193706,0.046394147021251886,0.0764138892114737,0.049819997677389385,0.03518755080710719,0.05022645453489723,0.13151782603646497,0.08570433166879572,0.06003948438044362,0.06572988038555336,0.05434908837533387,0.019393798629659738,0.03089072117059575,0.04819417024735803,0.040065033097201254,0.07711067239577285,0.022703518755080712,0.019103472302868425,0.01016142143769597
B:ACTTC,0.032240464262685384,0.000744010713754278,0.041168592827736716,0.05208074996279947,0.06611775209563017,0.04597986211001438,0.0328356728336888,0.04955111353603492,0.13957640990030257,0.10421110063984922,0.05813203710133426,0.05971925995734339,0.05857844352958683,0.020336292842616933,0.02752839640890829,0.04806309210852636,0.041962204255741285,0.07028421209265413,0.02266752641238034,0.017409850701850107,0.010812955706562174
B:ACTTG,0.031468192397207134,9.69743987587277e-05,0.04102017067494181,0.05333591931730023,0.06603956555469356,0.04538401861908456,0.037189681923972075,0.045820403413498835,0.14531613653995346,0.1123933281613654,0.06104538401861909,0.05823312645461598,0.05605120248254461,0.019249418153607447,0.02807408844065167,0.04349301784328937,0.03932311869666408,0.06739720713731574,0.02128588052754073,0.01789177657098526,0.009891388673390225
B:ACTTT,0.03397059943636225,0.0001142508949653439,0.04486251808972504,0.05449767689846904,0.07308248914616498,0.04882321578185696,0.03347551222484576,0.04768070683220352,0.13234062000152336,0.08283189884987432,0.06131464696473456,0.06249523954604311,0.055449767689846906,0.01987965572396984,0.03378018127808668,0.05278391347398888,0.04014014776449082,0.07456775078071445,0.0205651610937619,0.01824205956279991,0.009101987965572397
B:AGCAA,0.029637470230219634,0,0.04313310399576607,0.04865232676823045,0.06698673118360866,0.04283068083015159,0.03474086114996409,0.047480437001474314,0.14206328204740484,0.10951498884814577,0.056553131969908896,0.06418931690167466,0.05795183911087589,0.02041356367897781,0.029032623898990664,0.04456961403243488,0.040146675235323025,0.07174989604203683,0.02150984765433032,0.018334404415378217,0.01050920500510339
B:AGCAC,0.02324310692669805,4.203093476798924e-05,0.04207296570275723,0.04661230665770007,0.061701412239408206,0.04362811028917283,0.03980329522528581,0.04543544048419637,0.14425016812373906,0.14122394082044384,0.05447209145931405,0.05367350369872226,0.05501849361129792,0.018871889710827167,0.026269334229993276,0.04371217215870881,0.034087088096839274,0.0679640215198386,0.027824478816408878,0.01769502353732347,0.012399125756556826
B:AGCAG,0.023903826843690728,0.00011156978690170702,0.040527725092045074,0.04925806091710365,0.0600524377998438,0.03994198371081111,0.03695749191119045,0.0449347316746625,0.1387649224589981,0.14398080999665291,0.054390271114582174,0.06892223585852951,0.05631484993863662,0.018687939306035926,0.025465803860314627,0.038547361374539776,0.03687381457101417,0.06643980809996652,0.02451746067165012,0.01651232846145264,0.014894566551377888
B:AGCAT,0.030946103643514716,0.0003889873363011626,0.040497903790465486,0.04879630029822363,0.06595496391061935,0.042399619656826724,0.03423088559450231,0.04957427497082595,0.13986255780784027,0.10744694644941004,0.057008255175692614,0.06435579375027013,0.059212516748065866,0.020918874529973635,0.030470674676924405,0.046289493019838354,0.04205385313567014,0.07088213683710075,0.02074599126939534,0.016856117906383715,0.011107749492155422
B:AGCCA,0.025396042655489122,0.00018492264069530913,0.03855637058497195,0.048295629661591566,0.055445971768476855,0.04234728471922579,0.038371447944276646,0.044011588485483574,0.1453183751463971,0.14004807988658077,0.057603402576588796,0.058682117980644766,0.05775750477716822,0.019386056832891574,0.024348147691549034,0.04086790359366332,0.03834062750416076,0.06647968932996363,0.023947481970042532,0.01873882759045799,0.0158725266596807
B:AGCCC,0.02471169686985173,0.0004224221687154142,0.037342119714442616,0.05064841802897816,0.05368985764372914,0.040974950365395175,0.04194652135344063,0.040045621594221266,0.1450175305200017,0.1573522578464918,0.057998563764626365,0.059096861403286446,0.05875892366831411,0.018121911037891267,0.021543530604486123,0.03666624424449795,0.03523000887086554,0.05998394795758882,0.027457440966501923,0.016347737929286527,0.016643433447387317
B:AGCCG,0.017550208069477113,0,0.03980459562149448,0.05120318436764972,0.06242084313370726,0.04251854532296002,0.04396598516374163,0.04034738556178759,0.1242988963271214,0.16862674145105844,0.054640853989506064,0.05138411434774742,0.06097340329292564,0.027320426994753032,0.019540437850551838,0.03057716663651167,0.03690971593993125,0.058078523611362405,0.031662746517097884,0.017731138049574813,0.02044508775104035
B:AGCCT,0.024853651021875322,0.0003081031118414296,0.0380678511519633,0.04816678648454349,0.05566396220601828,0.04142275170312554,0.037691280681934884,0.04323713669508062,0.14843723254938207,0.1422067029543665,0.05980623737633083,0.05751258087706686,0.059840471055424324,0.019615898120571018,0.02389510800725754,0.040258806613946804,0.036698503988223614,0.0665502721577488,0.024922118380062305,0.01670603539762418,0.01413850946561227
B:AGCGA,0.025589054978464656,0,0.042310615657461366,0.05751203445654928,0.06384595895616925,0.036990119077780596,0.04281732961743096,0.037243476057765394,0.13377248543197365,0.13250570053204966,0.05193818089688371,0.06511274385609324,0.06080567519635166,0.027869267798327844,0.029136052698251837,0.03242969343805422,0.0354699771978718,0.06232581707626045,0.031162908538130224,0.01418799087914872,0.016974917658981504
B:AGCGC,0.015980193562907946,0,0.040738239927976594,0.05311726311051092,0.05356740940805762,0.03848750844024308,0.04613999549853703,0.042988971415710106,0.12761647535449022,0.17128066621652036,0.05581814089579113,0.05176682421787081,0.061219896466351564,0.02363268062120189,0.025658338960162053,0.03015980193562908,0.03488633805986946,0.056043214044564485,0.03308575286968265,0.015304974116587891,0.022507314877335136
B:AGCGG,0.019937694704049845,0,0.041744548286604365,0.05379023883696781,0.059813084112149535,0.039044652128764276,0.04714434060228453,0.03655244029075805,0.11983385254413292,0.16448598130841122,0.05711318795430945,0.0573208722741433,0.054413291796469365,0.023260643821391484,0.023260643821391484,0.031568016614745585,0.03592938733125649,0.06209761163032191,0.034683281412253374,0.013707165109034268,0.024299065420560748
B:AGCGT,0.020186727226848347,0.0005046681806712087,0.041382790815039115,0.04844814534443603,0.0643451930355791,0.0408781226343679,0.04113045672470351,0.03961645218268988,0.1279333838001514,0.14736310875599293,0.06156951804188746,0.06056018168054504,0.05677517032551098,0.021196063588190765,0.023971738581882413,0.03709311127933384,0.03305576583396417,0.06939187484229119,0.03204642947262175,0.018420388594499116,0.014130709058793843
B:AGCTA,0.03220439053190918,0.00010734796843969728,0.04025548816488648,0.05104395899307606,0.0633353013794214,0.043744297139176644,0.03612259137995814,0.04728678009768665,0.14336321185121573,0.10622081477108046,0.05673340132038001,0.06795126402232837,0.0571627931941388,0.02007407009822339,0.026729644141484623,0.04304653534431861,0.0434759272180774,0.06977617948580322,0.021898985561698246,0.019429982287585208,0.010037035049111695
B:AGCTC,0.026248800233693612,0,0.03935233484955974,0.048032383257522016,0.060718607853774566,0.04193965697116388,0.04022868589074824,0.04494428911238159,0.14555773484121354,0.13249593122730877,0.056003004632141216,0.058798981763552145,0.058632057755706714,0.020740307974794474,0.02224262404540333,0.04077118891624588,0.0391019488377916,0.06493343905187164,0.02712515127488211,0.017443558819847264,0.014689312690397697
B:AGCTG,0.02258142632279937,0,0.03986560116236833,0.051065504298341204,0.0573616660612665,0.04019857125559995,0.04010776123017314,0.04543528272187916,0.14160309964886791,0.14293498002179442,0.057240586027364086,0.06359728780724058,0.05536384550187674,0.01937280542438552,0.024185736772006295,0.03989587117084393,0.03711103039108851,0.06353674779028938,0.027000847560237316,0.01734471485652016,0.014196633975057512
B:AGCTT,0.02993459667952373,0.0002934764380345464,0.043057185980211306,0.04724970652356197,0.06309743417742747,0.04200905584437364,0.03538487338587959,0.04901056515176924,0.13692772094583264,0.11793560288445414,0.057102129800436024,0.06473251718933423,0.05856951199060875,0.020585275867851752,0.02767063558611437,0.045488847895354685,0.037858460506456484,0.0682961596511823,0.023897367097098776,0.019075968472245516,0.011822907932248867
B:AGTAA,0.036779061790934514,0,0.04432483773943328,0.047701968233866285,0.08094559653844124,0.05144847237612791,0.03282148699277083,0.050076513112764495,0.12806712046857685,0.08273969711360878,0.05883594533270012,0.06617065062529681,0.052556593319613744,0.02047385362250013,0.032715951664819796,0.04986544245686243,0.03978681863753892,0.07529945649306105,0.021159833254181838,0.019049126695161206,0.00918157353173975
B:AGTAC,0.03602845559550218,7.649353629618297e-05,0.04015910655549606,0.05247456589918152,0.0633366480532395,0.048802876156964735,0.03556949437772508,0.04528417348734032,0.13592901399831714,0.10640250898799052,0.05966495831102272,0.05675820393176777,0.0552283332058441,0.02057676126367322,0.029985466228103726,0.04887936969326092,0.043830796297712846,0.06892067620286085,0.019658838828119023,0.02027078711848849,0.012162472271093093
B:AGTAG,0.035339486660766216,0.0005057529396889619,0.0421671513465672,0.05386268807687445,0.07093184979137691,0.04381084840055633,0.032810721962321404,0.05025919838159059,0.13794411430016437,0.0943229232519914,0.055316727778480214,0.06239726893412568,0.05733973953723606,0.02004046023517512,0.030534833733721078,0.048425843975218104,0.040586673410039194,0.0727652041977494,0.023201416108231128,0.01820710582880263,0.009229991149323555
B:AGTAT,0.03624194974112893,0.0002525571410531633,0.04729132466220482,0.054804899608536434,0.07551458517489582,0.04527086753377952,0.031759060487435285,0.048048996085364316,0.13353958833186008,0.0769667887359515,0.05928778886223008,0.062129056699078165,0.0556888496022225,0.02153049627478217,0.03295870690743781,0.05310013890642758,0.039146356863240306,0.0798080565727996,0.020583406995832807,0.017173885591615104,0.008902639222124005
B:AGTCA,0.028027940078197075,0.0002196547028071871,0.041295084127751173,0.0466107279356851,0.06567675613934894,0.043403769274700174,0.03532047621139569,0.04858762026094979,0.14976057637394016,0.1111892105609981,0.058164565303343144,0.05961428634187058,0.05711022272986865,0.020032508896015464,0.027368975969775514,0.046391073232877916,0.03940605368360937,0.06980626455212406,0.02214119404296446,0.018143478451873654,0.011729561129903792
B:AGTCC,0.026117203160004716,0.0005305978068623983,0.04144558424714067,0.05205754038438863,0.05618441221554062,0.042978422355854265,0.03820304209409268,0.04445230515269426,0.15239948119325553,0.1279919820775852,0.057363518453012616,0.05759933970050701,0.05930904374484141,0.01880674448767834,0.02529182879377432,0.04380379672208466,0.03784931022285108,0.06656054710529419,0.022933616318830327,0.016035844829619148,0.012085838934087961
B:AGTCG,0.02378656380585021,0,0.0392156862745098,0.05785920925747348,0.06428801028608165,0.04403728704596593,0.04243008678881389,0.04339440694310511,0.13404050144648022,0.13918354226936677,0.05657344905175185,0.05400192864030858,0.0585020893603343,0.01992928318868531,0.024108003857280617,0.03664416586306654,0.030215364834458372,0.06685953069752491,0.026679524268723883,0.019286403085824494,0.018964963034394086
B:AGTCT,0.029120636323464427,0.00017675651789659743,0.04003535130357932,0.050287229341581974,0.06429518338488732,0.04436588599204596,0.035307114449845335,0.046442775077330974,0.1444984533804684,0.11431727794962439,0.059213433495360145,0.06425099425541317,0.05779938135218736,0.01882456915598763,0.02686699072028281,0.041051701281484755,0.03932832523199293,0.07105612019443217,0.023022536456031816,0.017896597437030492,0.011842686699072028
B:AGTGA,0.030346407099914114,0,0.04224776082777801,0.0468692487014846,0.06629585702016277,0.04228865895055417,0.03472250623696373,0.046991943069813094,0.14690605701198314,0.11296061510776656,0.05701198314997342,0.058279824956034516,0.058279824956034516,0.02048995951085845,0.030182814608809456,0.04650116559649912,0.04020285468896977,0.06854525377285182,0.021062533229724754,0.018813136477035704,0.01100159502678827
B:AGTGC,0.024142587091547395,0.00016203078584931137,0.04250607615446935,0.04828517418309479,0.06319200648123144,0.04412638401296246,0.03705103969754253,0.047745071563597086,0.13567377801782338,0.13918444504455846,0.060167431812044286,0.05336213880637321,0.05638671347556035,0.020253848231163923,0.02516878206859303,0.04293815825006751,0.03316230083715906,0.06816095058061032,0.02835538752362949,0.017553335133675397,0.012422360248447204
B:AGTGG,0.026396983201919782,0.00017140898183064793,0.036724374357216316,0.051765512512855674,0.060164552622557425,0.04010970174837161,0.03702434007541995,0.04422351731230716,0.15096846074734316,0.1294994857730545,0.05797908810421666,0.06080733630442235,0.05750771340418238,0.018297908810421665,0.025797051765512512,0.04263798423037367,0.040581076448405896,0.06453548165923895,0.024854302365443948,0.0164552622557422,0.013498457319163524
B:AGTGT,0.02564102564102564,0.00012467273407305821,0.0401861779495491,0.048456135976395295,0.06665835515106179,0.04496529942234966,0.037858953580185345,0.046586044965299424,0.14831899596891493,0.12163903087728047,0.056185845488924906,0.057391015251631136,0.05564559697460832,0.01865935253293438,0.027635789386194574,0.04471595395420355,0.037526492955990524,0.07064788264139966,0.022939783069442714,0.018202219174666502,0.010015376303869011
