,X,1,2,3,4,5,6,7,8,9,10,11,12,13,14,15,16,17,18,19
B:AACAA,0.032757699,0.04847383,0.052114667,0.081194814,0.050729753,0.055350558,0.060044922,0.097820534,0.083016086,0.054635571,0.074883677,0.057010442,0.024982024,0.034825993,0.046557487,0.021587845,0.06221839,0.025676203,0.022488085,0.013631419
B:AACAC,0.028803518,0.046845045,0.049527727,0.080681877,0.046156906,0.059506554,0.062299615,0.106155816,0.097399869,0.050546393,0.073593056,0.057856165,0.021066981,0.028739505,0.046784421,0.02202772,0.061865678,0.027389046,0.019897378,0.012856728
B:AACAG,0.02924343,0.046010983,0.055163842,0.077721345,0.046896607,0.055549717,0.060361155,0.103740537,0.098028188,0.055228318,0.068106565,0.056825508,0.023783991,0.027288508,0.045286932,0.022635195,0.06252108,0.031306863,0.01915269,0.015148545
B:AACAT,0.035767964,0.048635887,0.048460463,0.083014483,0.049047988,0.054993452,0.063568627,0.102549586,0.072589927,0.052422344,0.076952438,0.056449924,0.024116843,0.032767682,0.053002599,0.020277913,0.063705454,0.026371675,0.022807076,0.012497677
B:AACCA,0.029636702,0.04779702,0.050140144,0.070967311,0.048119282,0.05412798,0.05726715,0.115035045,0.103597674,0.055560558,0.067554215,0.059275567,0.02102257,0.02795595,0.04425169,0.020747979,0.06213138,0.027638712,0.022387067,0.014786004
B:AACCC,0.029993054,0.044837669,0.055803814,0.069785565,0.043955196,0.056685671,0.053356198,0.113181377,0.111720017,0.054683095,0.068752474,0.060794519,0.023152613,0.024854009,0.040545865,0.020881444,0.057398596,0.031942041,0.02139235,0.016284434
B:AACCG,0.021086245,0.044379983,0.055213938,0.070913071,0.041174733,0.057313906,0.050461327,0.112283243,0.116845852,0.053020812,0.061752968,0.063387144,0.023555841,0.028345049,0.038997387,0.026443082,0.055488871,0.038434343,0.020074866,0.020827338
B:AACCT,0.030651391,0.046147718,0.050267065,0.072059093,0.046431988,0.056296584,0.060891236,0.10697415,0.10085557,0.054102686,0.07082049,0.059310739,0.02323872,0.030099273,0.044064552,0.022595821,0.058270966,0.032055646,0.019691271,0.01517504
B:AACGA,0.02484091,0.047754383,0.055473167,0.07694835,0.05171006,0.053679806,0.060891071,0.1000887,0.097296033,0.053401927,0.073974224,0.053225089,0.023161961,0.028390504,0.041446392,0.022941431,0.06301344,0.031975145,0.02150207,0.018285338
B:AACGC,0.022391395,0.0483353,0.055577728,0.081399645,0.045241446,0.054232928,0.053584672,0.100132657,0.113468116,0.055697174,0.065878807,0.062762533,0.021096017,0.023477601,0.033854381,0.023550798,0.063432843,0.035111415,0.02101717,0.019757374
B:AACGG,0.021135486,0.043537929,0.054000169,0.073318889,0.044833475,0.05514379,0.055184548,0.105422322,0.118826602,0.058077886,0.067374481,0.055760823,0.025580521,0.023951756,0.032872875,0.023759471,0.062464793,0.038208561,0.022033831,0.018511793
B:AACGT,0.02299673,0.045440539,0.053186023,0.083026192,0.044710403,0.065117636,0.060257811,0.093247991,0.103362325,0.045292112,0.068978432,0.056888423,0.02481311,0.027164981,0.038287963,0.021990965,0.072590033,0.038250206,0.017589494,0.016808631
B:AACTA,0.038017043,0.048799774,0.054110356,0.08446595,0.051715184,0.051144074,0.066505405,0.096371614,0.072651129,0.053174839,0.074083221,0.056099231,0.025377219,0.032242224,0.047616099,0.019832273,0.066989324,0.027676592,0.020065374,0.013063075
B:AACTC,0.027789806,0.043858872,0.052456582,0.076650913,0.048053164,0.055430775,0.057802483,0.113757359,0.105195389,0.05368818,0.067005738,0.062642851,0.023205439,0.026980192,0.043084857,0.020941564,0.057473162,0.028090403,0.02016269,0.015729579
B:AACTG,0.027751835,0.044885052,0.053133903,0.081925886,0.045113602,0.05700356,0.060793496,0.106207941,0.096615022,0.051955422,0.06913214,0.05736428,0.02586354,0.028670665,0.046020064,0.02144147,0.064401165,0.027602208,0.019630031,0.014488717
B:AACTT,0.03272135,0.048270411,0.056489354,0.082525613,0.052678333,0.053857667,0.060999628,0.102461596,0.076147474,0.054779956,0.071502471,0.054114517,0.024786752,0.033632829,0.048340327,0.020192445,0.062938192,0.028213891,0.022199757,0.013147435
B:AATAA,0.036722197,0.052275508,0.052019576,0.084795583,0.052775468,0.056138401,0.064668737,0.100603137,0.071138513,0.049641977,0.072402145,0.055326423,0.02622014,0.033979836,0.048349503,0.018132587,0.064173748,0.025416121,0.02386824,0.011352161
B:AATAC,0.035296685,0.049202229,0.050163577,0.090706446,0.050424806,0.051905052,0.065973922,0.103360309,0.069584267,0.050996852,0.074289662,0.053264833,0.024300959,0.036978001,0.048263152,0.01939242,0.064843496,0.025939533,0.023549311,0.011564488
B:AATAG,0.039855928,0.048555882,0.049436902,0.077364454,0.048744395,0.054604259,0.068133022,0.103330307,0.067778406,0.052166227,0.078507976,0.056650484,0.023083093,0.032136204,0.049811868,0.020731741,0.067392496,0.024378565,0.024390566,0.012947224
B:AATAT,0.044658932,0.052582131,0.049489493,0.090905443,0.050553774,0.053660377,0.064306578,0.09746227,0.054757102,0.050477561,0.08407231,0.054197599,0.02483316,0.038223509,0.047213495,0.020234228,0.062909935,0.024610792,0.024701199,0.010150112
B:AATCA,0.037140131,0.047441153,0.048925478,0.080600919,0.047104161,0.055209125,0.063282272,0.102383349,0.080211832,0.050949006,0.073031989,0.057580549,0.024309759,0.031830822,0.053420324,0.0189375,0.061340789,0.027399637,0.025696826,0.01320438
B:AATCC,0.030165677,0.042991083,0.05164919,0.072502606,0.048640122,0.05560254,0.058966865,0.116891246,0.098125869,0.054365037,0.069657142,0.059761601,0.021157344,0.028117258,0.049572003,0.022000987,0.056509442,0.026320598,0.020621287,0.016382102
B:AATCG,0.032412318,0.049538375,0.057748549,0.068538691,0.041358337,0.053789803,0.047912685,0.112135441,0.089643042,0.05804422,0.075477842,0.065357188,0.021122919,0.031445742,0.039973529,0.020762996,0.060032207,0.037701767,0.019455748,0.017548603
B:AATCT,0.034265187,0.048428418,0.051183148,0.079655063,0.050750301,0.055835079,0.06138733,0.104564797,0.078835605,0.055484732,0.074039212,0.054304469,0.022564495,0.03286931,0.0493487,0.018619915,0.064397964,0.025359315,0.022853274,0.015253686
B:AATGA,0.038837326,0.046891647,0.048850479,0.081232141,0.045233054,0.058289584,0.065294206,0.104490458,0.070462417,0.050428371,0.07960144,0.059984699,0.027344406,0.032012392,0.049034415,0.021018208,0.064585801,0.024453415,0.020825654,0.011129888
B:AATGC,0.035641369,0.045631335,0.050671537,0.076806084,0.043073923,0.057136965,0.069262071,0.10061615,0.081778094,0.051118461,0.072299936,0.060507173,0.023647064,0.028097634,0.049990362,0.021693754,0.067341433,0.028675614,0.022951785,0.013059254
B:AATGG,0.037829824,0.047221943,0.049571803,0.071964458,0.046548775,0.056887669,0.060370835,0.112419007,0.082295285,0.051506473,0.077097856,0.059026667,0.023985124,0.029977884,0.046521783,0.021531448,0.0592498,0.027901966,0.023850308,0.014241093
B:AATGT,0.034644143,0.049247744,0.050090606,0.084913165,0.046198608,0.05448568,0.067485379,0.104340666,0.074899234,0.050073411,0.074812263,0.055865004,0.025745499,0.03526071,0.048130413,0.021138443,0.061583864,0.026129667,0.022993285,0.011962216
B:AATTA,0.039568497,0.050846294,0.05529154,0.089624713,0.050115788,0.055492249,0.069015449,0.091022979,0.062215387,0.052835336,0.07570021,0.055413841,0.023270052,0.035266557,0.052246248,0.019078504,0.066614213,0.023596842,0.02280024,0.009985061
B:AATTC,0.039938296,0.047927276,0.050944364,0.076090836,0.046631821,0.060661783,0.066079295,0.10555312,0.070280883,0.050795972,0.076367557,0.058020645,0.023709046,0.034165294,0.045878731,0.021580378,0.06357653,0.025670287,0.024504358,0.01162353
B:AATTG,0.042136203,0.04829785,0.052438106,0.078994065,0.04978372,0.056966971,0.065398117,0.102345588,0.064089121,0.051917793,0.077670957,0.055965468,0.024737174,0.033863537,0.052769692,0.021207578,0.063102481,0.022365413,0.02384775,0.012102416
B:AATTT,0.041975007,0.052391771,0.051549053,0.088022565,0.049232802,0.05740033,0.068766311,0.096119998,0.059885234,0.050317698,0.077149345,0.052094718,0.025647363,0.037840781,0.051610237,0.018006078,0.065026534,0.025055241,0.021357445,0.010551489
B:ACCAA,0.030634923,0.046356457,0.051374678,0.072449709,0.046042735,0.054916433,0.059076359,0.11588985,0.100010917,0.054442297,0.067610973,0.060982484,0.02355467,0.028430094,0.0446503,0.021867398,0.059467442,0.026443574,0.021382725,0.014415983
B:ACCAC,0.026496517,0.042426352,0.052972004,0.068033922,0.047334424,0.055642389,0.053320874,0.108733367,0.124440457,0.0543432,0.060205636,0.059715213,0.023650684,0.027360365,0.040161318,0.021590592,0.058707847,0.038917752,0.019104559,0.016842528
B:ACCAG,0.025036692,0.042750309,0.051439587,0.067307133,0.044611573,0.058946062,0.05348306,0.11409631,0.123487376,0.056217536,0.063738165,0.060921237,0.02186771,0.026223961,0.041840187,0.021169101,0.054592779,0.033030323,0.02023813,0.019002769
B:ACCAT,0.030840419,0.048896699,0.049378091,0.068985795,0.047637244,0.056395846,0.057036931,0.113811967,0.099326724,0.053312219,0.074145481,0.059425152,0.023085753,0.025227519,0.046599972,0.021725566,0.060896527,0.027460744,0.020641784,0.015169567
B:ACCCA,0.028435892,0.042899222,0.051393495,0.06226076,0.044935636,0.060119163,0.052111537,0.116961107,0.120377765,0.053544519,0.074091346,0.060933712,0.021143234,0.023428287,0.040838937,0.021929335,0.054938786,0.033553347,0.020712489,0.015391431
B:ACCCC,0.026201485,0.04149544,0.056953518,0.062567312,0.045041082,0.0574947,0.050151093,0.115139228,0.130202424,0.054657237,0.070502919,0.060478537,0.023220822,0.023083418,0.035969112,0.022448767,0.049303926,0.039708292,0.019242328,0.01613836
B:ACCCG,0.017841678,0.042411284,0.067093544,0.065056669,0.045611144,0.062179162,0.041674415,0.10990157,0.146264697,0.053970451,0.054554797,0.06214697,0.024328048,0.023452497,0.02864426,0.021406191,0.053600943,0.039392275,0.017492879,0.022976527
B:ACCCT,0.02682091,0.041842492,0.054406795,0.065775783,0.043807864,0.058673729,0.04991889,0.111130753,0.121242578,0.055274873,0.066847655,0.063262519,0.022699561,0.022849344,0.04079331,0.022161031,0.058766766,0.034948976,0.021059682,0.017716491
B:ACCGA,0.018770668,0.045662795,0.054162337,0.072452288,0.042711816,0.058440708,0.046817964,0.106957676,0.12591977,0.048928175,0.062599367,0.070996487,0.027384683,0.027613431,0.035125332,0.026644303,0.0562105,0.034610538,0.02098641,0.017004752
B:ACCGC,0.015241092,0.046716927,0.06314472,0.073008315,0.045344926,0.059372754,0.041970514,0.096923845,0.145324587,0.048148153,0.068141469,0.065910865,0.022636701,0.023938306,0.031785979,0.028281907,0.050209432,0.041369364,0.012204664,0.020325479
B:ACCGG,0.015305601,0.048213482,0.070041933,0.063810986,0.045281342,0.055968429,0.0454043,0.115594744,0.125945357,0.047254301,0.053747095,0.067164039,0.021026422,0.027825178,0.030842934,0.02712197,0.052698803,0.043968811,0.019638596,0.023145677
B:ACCGT,0.0195379,0.044132799,0.05028032,0.075541931,0.049503971,0.061281523,0.051358538,0.102075035,0.127263937,0.053016803,0.063708561,0.056040766,0.02651352,0.028666825,0.035619529,0.022420088,0.058719933,0.036816671,0.020840739,0.01666061
B:ACCTA,0.034656625,0.043370418,0.050489653,0.074261033,0.048618367,0.056853778,0.059384324,0.10895651,0.096321348,0.053206231,0.071608535,0.059895436,0.023034447,0.026692013,0.045657964,0.020886051,0.060410287,0.029607189,0.021041667,0.015048125
B:ACCTC,0.024645161,0.044007301,0.052545898,0.066101385,0.04520887,0.055772498,0.0526337,0.111846787,0.128894523,0.054961193,0.064846811,0.062226019,0.021587093,0.025290728,0.041064923,0.023182546,0.056810882,0.03313739,0.019524921,0.015711372
B:ACCTG,0.025813167,0.040508442,0.054559248,0.067491861,0.044248578,0.060694696,0.052398077,0.109897057,0.12706166,0.055319003,0.063788219,0.059276819,0.023284111,0.02593827,0.039109817,0.022392908,0.054344703,0.037305153,0.019553954,0.017014256
B:ACCTT,0.030777241,0.044399149,0.053986258,0.07073989,0.047566537,0.058008099,0.059631147,0.11551031,0.099567655,0.054659639,0.065158818,0.058788208,0.02467804,0.029704189,0.042457636,0.022941707,0.05674259,0.028525488,0.020223075,0.015934323
B:ACTAA,0.037763691,0.047509771,0.053070954,0.090616798,0.050702964,0.053767916,0.062618629,0.095302221,0.072991538,0.055961047,0.073003834,0.052339921,0.026129269,0.033001084,0.048712605,0.020308465,0.065103883,0.02578545,0.0223545,0.01295546
B:ACTAC,0.032268759,0.046489517,0.056722268,0.080168904,0.04705414,0.052873693,0.058936292,0.110870953,0.088083888,0.053529401,0.068111863,0.056728212,0.024816356,0.03079882,0.045374033,0.022906203,0.065743449,0.029410664,0.016374322,0.012738261
B:ACTAG,0.03429194,0.046861425,0.052399425,0.081691983,0.04456216,0.052588476,0.063619248,0.098463989,0.088319889,0.055959635,0.070378398,0.058362458,0.024078392,0.029005936,0.050381169,0.021822277,0.062080142,0.031132687,0.020371686,0.013628685
B:ACTAT,0.03932184,0.050221432,0.050567047,0.081422859,0.051268952,0.054409506,0.063317398,0.103831691,0.071412,0.049006629,0.068942257,0.058509488,0.024362878,0.032770273,0.05248399,0.020602688,0.065134352,0.027977118,0.022966884,0.011470719
B:ACTCA,0.027913966,0.043301351,0.051760336,0.073183938,0.047173755,0.058391374,0.054097011,0.112890535,0.11467407,0.052058419,0.067494044,0.059475181,0.023990353,0.028401609,0.041302622,0.022312923,0.055615996,0.029358823,0.022709377,0.013894316
B:ACTCC,0.028819267,0.042156351,0.051541613,0.067806591,0.044821772,0.057662564,0.05581074,0.113368201,0.112492538,0.057877735,0.068066745,0.062378154,0.024541283,0.02596828,0.040012178,0.02122932,0.055540263,0.034395554,0.018902633,0.016608218
B:ACTCG,0.016642603,0.046523705,0.059025313,0.083600805,0.045567726,0.0617881,0.048562131,0.101871204,0.134312023,0.052800994,0.050570312,0.054555606,0.023442904,0.023886597,0.037763111,0.022063163,0.062124264,0.039849507,0.016513838,0.018536092
B:ACTCT,0.026623525,0.044097357,0.050491662,0.078011772,0.045424837,0.05545172,0.062219148,0.110808459,0.100038862,0.053674639,0.070128519,0.06077917,0.023313563,0.02672646,0.043350333,0.021163483,0.063256747,0.029311461,0.02100477,0.014123515
B:ACTGA,0.028571551,0.044835967,0.050404069,0.078581606,0.045663128,0.057456144,0.06034893,0.110197862,0.099762946,0.054403706,0.066089476,0.056922719,0.026450753,0.028421272,0.043669687,0.021512679,0.064555834,0.028151578,0.019023698,0.014976394
B:ACTGC,0.024453999,0.04316603,0.056959059,0.07653816,0.044085598,0.06027209,0.058285519,0.100845706,0.116601749,0.055112284,0.059238551,0.054597461,0.024031701,0.026683921,0.04240161,0.022360051,0.061016777,0.036840368,0.019836241,0.016673123
B:ACTGG,0.026093121,0.043499152,0.054471464,0.068754877,0.043312803,0.059166991,0.056762164,0.113585114,0.116623863,0.054605064,0.066631503,0.060111566,0.022992825,0.026279315,0.040073343,0.021332332,0.058592321,0.030272199,0.020164515,0.01667547
B:ACTGT,0.024524091,0.044150285,0.054406416,0.082483315,0.044518586,0.054712151,0.058847848,0.105617754,0.107072418,0.053286965,0.067969579,0.05448522,0.023571097,0.029231447,0.044925909,0.023151285,0.064039337,0.029321579,0.019226263,0.014458455
B:ACTTA,0.031920213,0.047775513,0.050927883,0.088209502,0.051074521,0.053117521,0.064673093,0.096476558,0.077806012,0.053420146,0.074690898,0.055251786,0.024859556,0.032671893,0.047368713,0.020239422,0.065264483,0.029392546,0.023147908,0.011711835
B:ACTTC,0.032233545,0.045193686,0.05181275,0.075919819,0.048377058,0.052981447,0.062468696,0.103165176,0.094687956,0.055285295,0.067586631,0.057014714,0.025683314,0.027649395,0.046619959,0.023213997,0.065442576,0.029744525,0.020442045,0.014477417
B:ACTTG,0.029563195,0.044340873,0.056004323,0.073755979,0.046480557,0.058602547,0.058258465,0.109451351,0.100052204,0.058104107,0.065701033,0.059928973,0.023474196,0.028323545,0.042325241,0.022430408,0.058112363,0.028509337,0.021268612,0.015312689
B:ACTTT,0.033648117,0.050941315,0.05476384,0.083337407,0.048735351,0.053997042,0.062410201,0.098861273,0.075049861,0.056172863,0.06973412,0.05683625,0.024257054,0.03417952,0.050401821,0.021282242,0.063889427,0.02736804,0.020774618,0.013359637
B:AGCAA,0.029443328,0.044692547,0.050984768,0.075870599,0.044920116,0.05810785,0.06063632,0.10457124,0.097656884,0.055730604,0.072045747,0.059572197,0.023382745,0.029147991,0.044224792,0.023320638,0.062960416,0.027835627,0.021683943,0.01321165
B:AGCAC,0.022236292,0.042090373,0.052045721,0.072190437,0.04411494,0.061503663,0.054652188,0.108061944,0.127123636,0.053120711,0.058273476,0.058002451,0.022459503,0.025942429,0.04423038,0.022970953,0.061134243,0.036600074,0.019028955,0.014217631
B:AGCAG,0.02249216,0.044807152,0.055747413,0.072349267,0.042128957,0.058640351,0.054399151,0.104490561,0.129691986,0.054607398,0.063904027,0.057834861,0.022297911,0.024813697,0.040115289,0.023016419,0.058614727,0.034469989,0.018719272,0.016859411
B:AGCAT,0.032329988,0.045009022,0.051065745,0.076472058,0.04400779,0.054534957,0.064360866,0.103748108,0.097255956,0.054421815,0.0701232,0.060040419,0.023244391,0.031834682,0.045280167,0.023043005,0.061602301,0.028456351,0.019466912,0.013702269
B:AGCCA,0.025296337,0.041192276,0.053611369,0.066031948,0.043852882,0.058338404,0.052982849,0.109568272,0.12764083,0.055149633,0.06461728,0.060513959,0.023254496,0.024179892,0.041129086,0.023587968,0.058440854,0.031288241,0.020224751,0.019098676
B:AGCCC,0.021630747,0.039758373,0.057661569,0.063729799,0.044975981,0.063142032,0.050569424,0.105849924,0.14222263,0.057117392,0.061456748,0.061618522,0.022420002,0.021795383,0.037185306,0.023379406,0.053071701,0.03584724,0.018487873,0.01807995
B:AGCCG,0.014905345,0.047809711,0.064330984,0.071893313,0.04550729,0.060471961,0.048662283,0.097970854,0.143944064,0.05044373,0.055523413,0.067210205,0.023531707,0.02271362,0.03453171,0.02594894,0.049783284,0.036013281,0.018251515,0.02055279
B:AGCCT,0.023935201,0.039762799,0.054374451,0.066163438,0.044729983,0.059695,0.053041708,0.110197613,0.128143612,0.059230752,0.063487739,0.060364053,0.022294878,0.023680782,0.04120569,0.024205854,0.05773409,0.031843316,0.018910267,0.016998774
B:AGCGA,0.023040914,0.046683659,0.06725143,0.069643851,0.04850808,0.056681481,0.048412512,0.096789392,0.11507074,0.049941056,0.068218567,0.067452257,0.028348043,0.031458446,0.029109629,0.019159319,0.057229771,0.041894227,0.01815563,0.016950997
B:AGCGC,0.012792699,0.052248883,0.069833921,0.064836288,0.047846935,0.064076302,0.047976861,0.096398837,0.144991701,0.054486696,0.053285048,0.066812446,0.022393874,0.025836443,0.031754809,0.022242197,0.046410642,0.039792536,0.015770987,0.020211893
B:AGCGG,0.015247464,0.04713545,0.063590701,0.067002331,0.045716395,0.057253887,0.048243467,0.095756053,0.139565414,0.052375755,0.067274263,0.061481814,0.023236796,0.024121435,0.033399374,0.023646716,0.055850008,0.043362021,0.016405475,0.019335182
B:AGCGT,0.017587475,0.04435945,0.048810828,0.078108183,0.04179874,0.05599346,0.046336312,0.101147772,0.131633504,0.058107146,0.063617564,0.064695609,0.023278998,0.023710288,0.038374738,0.020551405,0.062307668,0.04222997,0.020436508,0.016914383
B:AGCTA,0.032438285,0.043937569,0.049411337,0.074885433,0.044414803,0.05755592,0.060448175,0.106846872,0.096212899,0.056662324,0.076497749,0.059185873,0.022696161,0.026889723,0.045073547,0.022940129,0.0604912,0.026057889,0.023714325,0.013639788
B:AGCTC,0.025365043,0.04159519,0.05241986,0.070762114,0.043022764,0.061760236,0.054268581,0.109449098,0.11957008,0.055714941,0.069210529,0.059840463,0.023745085,0.022898967,0.042126926,0.021215409,0.05684788,0.033296386,0.020359963,0.016530486
B:AGCTG,0.022376144,0.042630695,0.056757421,0.068984324,0.0422757,0.058355235,0.053891572,0.107905007,0.129212835,0.057230676,0.066378479,0.057439196,0.022996069,0.02291061,0.041488007,0.021616769,0.057376933,0.034206922,0.019855438,0.016111967
B:AGCTT,0.029820147,0.047112671,0.050853709,0.072634865,0.045002561,0.057247995,0.061226723,0.101278305,0.106144017,0.055289872,0.070763798,0.05983958,0.023558197,0.029197385,0.045190514,0.020564206,0.05875047,0.02972971,0.021378748,0.014416526
B:AGTAA,0.0360345,0.048751222,0.053040293,0.091975605,0.051262485,0.053894116,0.06477007,0.094389817,0.073299873,0.054489288,0.073045619,0.05310526,0.024707834,0.033113922,0.046624644,0.020840223,0.065124569,0.02718041,0.021258831,0.013091418
B:AGTAC,0.037043006,0.045129259,0.058298693,0.074062515,0.048329852,0.058598646,0.056525828,0.096686782,0.095862422,0.056560928,0.064913261,0.05882475,0.026825677,0.028731516,0.04674243,0.023128927,0.056245426,0.029433622,0.02285632,0.01520014
B:AGTAG,0.034624664,0.045677698,0.055610827,0.08032655,0.045256968,0.054102022,0.064020144,0.102064718,0.085147888,0.054532479,0.069360003,0.058536607,0.024346288,0.03102773,0.047064147,0.022206451,0.063038632,0.028822008,0.021025169,0.013209007
B:AGTAT,0.034992176,0.052493013,0.055121846,0.088351601,0.045773778,0.05277208,0.064740441,0.09804839,0.069860868,0.053499042,0.070818426,0.054549449,0.024210871,0.036300755,0.052403615,0.020243271,0.066311595,0.025834803,0.021916792,0.011757187
B:AGTCA,0.028220882,0.044292927,0.050134397,0.073551127,0.045684521,0.056489965,0.061300809,0.112687897,0.100531263,0.056629399,0.066580445,0.056473165,0.025462168,0.028031164,0.043779723,0.022403741,0.062509089,0.030540674,0.020095937,0.014600706
B:AGTCC,0.025037183,0.044616944,0.052384224,0.06818274,0.045512612,0.056936042,0.05524382,0.114845943,0.115714128,0.058534977,0.063886472,0.059132043,0.024051999,0.024960717,0.043090087,0.023099713,0.058299685,0.033365266,0.017902722,0.015202683
B:AGTCG,0.023584696,0.051974464,0.064148822,0.078242374,0.048487132,0.055273232,0.048618796,0.097930201,0.115699151,0.052078794,0.060599953,0.063116257,0.020911842,0.024032858,0.038213384,0.020663816,0.059151951,0.037368079,0.02140447,0.018499728
B:AGTCT,0.027900902,0.04322998,0.05334936,0.074073544,0.045610146,0.056181757,0.05952084,0.108442766,0.102534115,0.053959593,0.072060021,0.056952077,0.02391329,0.027095298,0.040732587,0.021727296,0.065723005,0.029231518,0.022673794,0.015088113
B:AGTGA,0.029398663,0.04514644,0.050789187,0.078065071,0.044134198,0.057159577,0.058771858,0.109806513,0.103423689,0.054137428,0.065551133,0.059653139,0.024580328,0.028743807,0.044167991,0.021538219,0.060492428,0.029885772,0.020304694,0.014249866
B:AGTGC,0.022315911,0.043460431,0.052061707,0.077081307,0.045539455,0.058740101,0.056890099,0.101501076,0.125347136,0.054659835,0.058283892,0.058610438,0.024219715,0.025831928,0.042036174,0.022767021,0.060748179,0.035381996,0.019114691,0.015408907
B:AGTGG,0.027911826,0.041719057,0.051969379,0.069490487,0.042621549,0.056189411,0.054337405,0.112043824,0.116152969,0.05633059,0.069280216,0.059017555,0.023448504,0.025914015,0.043117244,0.023572932,0.057793678,0.033339049,0.019547665,0.016202646
B:AGTGT,0.024338947,0.044106273,0.050587185,0.0784166,0.045076903,0.060042002,0.058507117,0.110179152,0.110375745,0.05311989,0.063169001,0.057442022,0.022331558,0.02888185,0.042959233,0.022646495,0.062514354,0.031046627,0.020034933,0.014224114
B:AGTTA,0.032927301,0.04995754,0.053658991,0.089193245,0.051728567,0.054124872,0.063763607,0.101859982,0.077392307,0.054431806,0.07175939,0.052736536,0.023924304,0.033505845,0.046535514,0.019282837,0.06542872,0.026339313,0.02013914,0.011310186
B:AGTTC,0.028168606,0.04428405,0.054197453,0.074783632,0.047067559,0.056350422,0.05681399,0.108820975,0.103249049,0.054828637,0.0656035,0.062496914,0.022173595,0.027217447,0.044776662,0.021239836,0.062515712,0.028779654,0.020235775,0.016396532
B:AGTTG,0.032722373,0.044336903,0.05408853,0.077219898,0.0465808,0.05466518,0.063279076,0.110889228,0.091592113,0.054050609,0.071551491,0.055882566,0.02484929,0.028062434,0.044579878,0.022129421,0.05967506,0.027817047,0.021142734,0.014885369
B:AGTTT,0.031276016,0.046802846,0.054297094,0.083913452,0.051096433,0.053502001,0.061807522,0.100629064,0.081839823,0.051080242,0.072032146,0.057784411,0.027580405,0.032125258,0.048234255,0.020127736,0.063229852,0.028265412,0.020642862,0.013733169
B:ATCAA,0.038622186,0.047635461,0.049000607,0.073273582,0.04761437,0.057084129,0.063076624,0.105741499,0.085677868,0.050779983,0.07607683,0.057287398,0.023551308,0.030839776,0.047820632,0.020711341,0.058837705,0.026318063,0.026070316,0.013980321
B:ATCAC,0.030978084,0.048212857,0.047674941,0.078870093,0.043184396,0.055288433,0.062401674,0.11070644,0.090278045,0.051959149,0.070164267,0.060037319,0.024264204,0.028908421,0.049167409,0.020607481,0.060941171,0.031275196,0.020799041,0.014281379
B:ATCAG,0.030397025,0.044216824,0.051388644,0.07485859,0.044684824,0.060100628,0.060439617,0.110595588,0.088161046,0.054280391,0.073184861,0.060529448,0.021742075,0.027300097,0.051011879,0.020913222,0.060064266,0.027842772,0.02295758,0.015330622
B:ATCAT,0.041602915,0.05156499,0.048652983,0.079707465,0.045965452,0.058223644,0.058615394,0.101302633,0.073492076,0.049429166,0.078989727,0.053777796,0.024741908,0.030956606,0.055849099,0.023099163,0.06265173,0.025016342,0.024974482,0.011386429
B:ATCCA,0.032702724,0.04256797,0.052335962,0.066281663,0.047029806,0.058168584,0.058109916,0.117518503,0.092826837,0.051688145,0.076877117,0.058774824,0.024239209,0.027093169,0.04719862,0.021675708,0.057520821,0.029982348,0.022167674,0.0152404
B:ATCCC,0.02714114,0.040299642,0.050261697,0.065973646,0.043768774,0.062757971,0.052364697,0.119286346,0.119869803,0.056223364,0.074524313,0.063261967,0.020924714,0.024611494,0.039044665,0.022613138,0.052341907,0.028715949,0.020529048,0.015485725
B:ATCCG,0.022890084,0.040293372,0.056536214,0.077684716,0.051983202,0.052782212,0.048790824,0.108598884,0.116756363,0.054234073,0.067084678,0.070620428,0.02369812,0.023368891,0.034901108,0.020736932,0.050571147,0.037039791,0.018827867,0.022601096
B:ATCCT,0.031662811,0.043748804,0.05150229,0.071892666,0.044745395,0.057409097,0.057281747,0.119526957,0.098307747,0.053275564,0.069861674,0.059636009,0.021821981,0.027390025,0.047580693,0.022270027,0.056651527,0.028163162,0.022550623,0.014721202
B:ATCGA,0.023141445,0.043512364,0.06772803,0.067227528,0.04218582,0.063367166,0.047345372,0.109189567,0.099551722,0.042828031,0.065010733,0.068792313,0.025353397,0.033762266,0.050858152,0.020397488,0.049815543,0.037869315,0.019135332,0.022928415
B:ATCGC,0.026105512,0.047314677,0.065661961,0.071623237,0.046749571,0.055987105,0.046472408,0.10294467,0.114226112,0.04781143,0.073740574,0.05996334,0.017600481,0.031161844,0.038515675,0.02003782,0.06224805,0.037442061,0.019128763,0.015264706
B:ATCGG,0.025162753,0.040038091,0.05078882,0.070511508,0.042214606,0.055982893,0.048658842,0.116946918,0.110289547,0.051918008,0.072582607,0.067762172,0.021929019,0.028941404,0.03416999,0.025500761,0.051562552,0.044842422,0.019506303,0.020690783
B:ATCGT,0.02167873,0.045004878,0.055216691,0.083208241,0.05006821,0.062017317,0.054358994,0.10794868,0.089153542,0.05473389,0.078025809,0.05758249,0.022277151,0.029095237,0.033343596,0.026095672,0.061880548,0.031056157,0.020486667,0.016767498
B:ATCTA,0.037291484,0.048525795,0.052012143,0.082442652,0.047571581,0.055668512,0.061312338,0.104938366,0.070895535,0.051138196,0.08239717,0.052901854,0.020806549,0.030545601,0.05148399,0.019770207,0.069640329,0.026655142,0.022510628,0.011491926
B:ATCTC,0.030390643,0.042972138,0.048110478,0.070660972,0.047376651,0.055501031,0.059127955,0.109163114,0.102017868,0.055255984,0.073813866,0.058883697,0.022553103,0.027722962,0.046660347,0.022183481,0.064259252,0.027822158,0.02060399,0.014920309
B:ATCTG,0.029038636,0.045736984,0.052284076,0.072334469,0.047149595,0.057907261,0.059382908,0.112029948,0.100539671,0.050807628,0.068885636,0.061297336,0.02302836,0.027248643,0.046938003,0.021155187,0.060310332,0.028294526,0.021309112,0.01432169
B:ATCTT,0.036649855,0.049105045,0.05144483,0.077741382,0.047717899,0.055314522,0.063703206,0.107175494,0.081239565,0.053264108,0.072664214,0.05857538,0.023225402,0.030994461,0.046152186,0.021362718,0.058908938,0.025850382,0.024639052,0.014271362
B:ATTAA,0.038811157,0.051810745,0.053462936,0.085342926,0.049344359,0.054422272,0.067594915,0.094024324,0.069252581,0.051314345,0.073744658,0.057693426,0.024827094,0.036577166,0.0510015,0.017646912,0.06642684,0.025277686,0.02159785,0.009826308
B:ATTAC,0.036750521,0.048026316,0.051034873,0.088128649,0.05299301,0.054072186,0.064711285,0.093230738,0.071518039,0.057986384,0.0763676,0.056959182,0.023806819,0.032990664,0.047158816,0.019826298,0.063452218,0.026447197,0.022309594,0.012229611
B:ATTAG,0.037042847,0.047329549,0.050952316,0.089530731,0.049678546,0.055013187,0.062988996,0.100526276,0.067863375,0.052047924,0.080654228,0.055431479,0.02420088,0.030300349,0.048616189,0.021590802,0.065049295,0.025487532,0.023207157,0.012488341
B:ATTAT,0.04141493,0.052012313,0.048328296,0.091024477,0.0470994,0.056200918,0.068267807,0.095497402,0.059207338,0.049626346,0.076610356,0.054288854,0.025740972,0.035884248,0.051816476,0.018743278,0.068308682,0.024554789,0.024521964,0.010851154
B:ATTCA,0.037253046,0.04640347,0.049068971,0.077050208,0.04466535,0.0584273,0.065860112,0.107641798,0.072953013,0.051089417,0.074445867,0.059936168,0.025911476,0.033838529,0.048177596,0.022294857,0.06424993,0.02627894,0.022821002,0.011632949
B:ATTCC,0.036936189,0.044440644,0.05145395,0.069870235,0.044666931,0.056634593,0.063211745,0.114434149,0.084610786,0.052793666,0.076862217,0.058363762,0.023372374,0.027844299,0.047304767,0.022418392,0.059489392,0.02776129,0.022762934,0.014767686
B:ATTCG,0.036664625,0.04537514,0.053961501,0.0784997,0.049055393,0.057043792,0.063791465,0.104835439,0.091883313,0.046612431,0.07088989,0.053577782,0.020541056,0.035332035,0.037007962,0.02591472,0.056917991,0.033711576,0.023496029,0.014888158
B:ATTCT,0.036190124,0.050030962,0.050014564,0.079846435,0.049211075,0.053464994,0.066325525,0.107900988,0.073772303,0.050944133,0.0756212,0.05509845,0.022914218,0.032877344,0.049469805,0.02045119,0.0641706,0.025893839,0.023817936,0.011984315
B:ATTGA,0.039718745,0.04780247,0.049602169,0.072970746,0.050957746,0.055621569,0.066120811,0.105232951,0.076843006,0.050136105,0.076546628,0.059305303,0.024927773,0.031511649,0.049702405,0.020208615,0.058802411,0.024282769,0.026214306,0.013491822
B:ATTGC,0.035062615,0.046229559,0.049031806,0.076752943,0.045123861,0.057848886,0.058140031,0.106393745,0.080018318,0.050254645,0.074932394,0.060184338,0.026152241,0.031280892,0.046649104,0.024082935,0.065532042,0.026509491,0.024650362,0.015169792
B:ATTGG,0.035642136,0.045180886,0.050910678,0.071821677,0.04646701,0.061688163,0.058806251,0.1175667,0.086721208,0.053483633,0.073561888,0.056946328,0.022850766,0.026660793,0.048501317,0.021983218,0.054860157,0.027137989,0.02464507,0.014564132
B:ATTGT,0.039606833,0.048347199,0.052031369,0.079442814,0.047231926,0.056792321,0.064214525,0.10830245,0.075782628,0.047713409,0.075549436,0.057779171,0.02292028,0.032494687,0.047436993,0.020567762,0.062681147,0.024479498,0.023352407,0.013273145
B:ATTTA,0.036470963,0.052119502,0.050737166,0.089607299,0.050940694,0.056508393,0.066317156,0.099545756,0.065821286,0.051177023,0.077449912,0.055030537,0.024629022,0.034945104,0.047444558,0.017331194,0.064800717,0.025076383,0.023368543,0.010678793
B:ATTTC,0.03830132,0.048151722,0.051014418,0.080210391,0.046797007,0.054446393,0.067378168,0.100886063,0.070270606,0.051547103,0.077583565,0.056315928,0.026129453,0.035973193,0.050894576,0.020862972,0.063614717,0.025372105,0.021537354,0.012712947
B:ATTTG,0.038137037,0.049183711,0.050867831,0.077403678,0.047698234,0.054573161,0.065906567,0.102656883,0.073219505,0.052271638,0.076842366,0.058070209,0.024278391,0.032500192,0.052000872,0.021145871,0.062851197,0.025345544,0.022939256,0.012107857
B:ATTTT,0.03991901,0.051013455,0.052493885,0.089056897,0.051075667,0.057063617,0.064639697,0.097321055,0.065683169,0.051509728,0.074264935,0.052493206,0.024574177,0.03722859,0.050671652,0.017701063,0.064087592,0.025077703,0.022507249,0.011617652
B:CACAA,0.031377983,0.044263149,0.049115141,0.077345518,0.045702568,0.057086298,0.059335132,0.112054647,0.10312939,0.052277578,0.073183779,0.054319017,0.021339995,0.028573042,0.046433151,0.020717732,0.061380749,0.028371741,0.020795532,0.013197857
B:CACAC,0.022042767,0.039119364,0.041653155,0.06844567,0.044714846,0.064540295,0.054052079,0.118151296,0.119083846,0.05311295,0.070637104,0.066586231,0.021159379,0.023439022,0.04443825,0.01896137,0.070571558,0.026667211,0.017271512,0.015352094
B:CACAG,0.021464845,0.041248065,0.051352486,0.067822565,0.042125238,0.058232422,0.054161331,0.113865949,0.131200592,0.051948621,0.064774653,0.056507179,0.022939506,0.024989334,0.044616505,0.022555782,0.063553462,0.032026632,0.019296121,0.015318714
B:CACAT,0.029420196,0.043139781,0.052018446,0.076111461,0.046751623,0.062255062,0.058800281,0.112680706,0.097409421,0.050826987,0.074247526,0.059228137,0.021834889,0.028399808,0.046240901,0.021241022,0.060255566,0.026987352,0.019494925,0.01265591
B:CACCA,0.024863149,0.043552453,0.053088754,0.063796899,0.046383968,0.059941528,0.051359793,0.112066389,0.130102888,0.053769325,0.061581009,0.060181852,0.02348545,0.026043156,0.041880388,0.021349305,0.055743956,0.034357021,0.018305238,0.018147476
B:CACCC,0.02418225,0.040689514,0.053002281,0.061285894,0.042344759,0.062831731,0.047387714,0.11468041,0.137957783,0.055776039,0.066644745,0.061958611,0.022909221,0.021445106,0.035514814,0.023650072,0.052917724,0.039683111,0.01796382,0.017174401
B:CACCG,0.013279242,0.047374193,0.062897684,0.070999765,0.046904739,0.060471015,0.044181675,0.103636719,0.141930436,0.051011773,0.061819833,0.063692333,0.024864752,0.025362041,0.029537648,0.026854509,0.049607052,0.042670854,0.01633886,0.016564878
B:CACCT,0.026016747,0.041807023,0.053295134,0.066333052,0.043848543,0.059378323,0.053135658,0.113549669,0.130819367,0.054147923,0.05928598,0.062046327,0.024753779,0.024182863,0.036757343,0.021898205,0.057090122,0.035493205,0.019005714,0.017155023
B:CACGA,0.020094622,0.044974218,0.049250505,0.068525305,0.045203222,0.067722078,0.04865876,0.102219562,0.130124029,0.052133437,0.072447392,0.057529749,0.025512289,0.023942783,0.036838534,0.022475027,0.056164346,0.040296683,0.021253818,0.014633639
B:CACGC,0.017395016,0.039943645,0.05585733,0.070104622,0.044431499,0.063614284,0.046938872,0.096040872,0.153410533,0.056950897,0.05806973,0.064016837,0.02268024,0.023123799,0.033805966,0.023195893,0.056718097,0.039365785,0.015534387,0.018801694
B:CACGG,0.014779943,0.039443844,0.055074508,0.06987488,0.04178379,0.064244566,0.048188989,0.100038566,0.153924553,0.050896553,0.064876497,0.058385362,0.023637901,0.024456552,0.033788103,0.022547488,0.053795593,0.042424718,0.01706285,0.020774744
B:CACGT,0.020564545,0.042914818,0.05211874,0.074933214,0.043909115,0.066972705,0.052118362,0.103074315,0.130572058,0.046867955,0.06220831,0.056396161,0.024485986,0.02399395,0.033981111,0.023914471,0.061755525,0.040024048,0.017797223,0.02139739
B:CACTA,0.031023305,0.047076341,0.051459519,0.082369567,0.046532886,0.055499826,0.058962102,0.10817315,0.093438399,0.050749317,0.064731835,0.056958928,0.023708483,0.03086013,0.048273181,0.022714299,0.062291532,0.030381109,0.021232071,0.013564021
B:CACTC,0.023508549,0.041891424,0.049434912,0.07369957,0.043420504,0.058193946,0.054093175,0.112958106,0.122196426,0.054296452,0.066718613,0.061143066,0.022994397,0.026925243,0.041354407,0.021495203,0.058065609,0.033440106,0.019748668,0.014421624
B:CACTG,0.022203121,0.041092386,0.053671793,0.073860992,0.042798698,0.059800156,0.055777616,0.109479376,0.126080874,0.054636451,0.060695899,0.057130073,0.022725835,0.026713121,0.040444155,0.023293607,0.059668277,0.035105136,0.018315905,0.01650653
B:CACTT,0.030953809,0.046474264,0.049461403,0.076008723,0.045635719,0.057019965,0.060613554,0.104566197,0.09980204,0.056889432,0.06716935,0.05980645,0.025296036,0.026764485,0.045193063,0.022571268,0.062177533,0.028377086,0.02094874,0.014270883
B:CATAA,0.041021669,0.048917115,0.046636261,0.082606819,0.049714314,0.055585997,0.066117663,0.102604187,0.071983816,0.052184637,0.076944407,0.055883013,0.023991918,0.033633629,0.048563594,0.019022186,0.064906301,0.026870027,0.022059445,0.010753002
B:CATAC,0.030423789,0.050144788,0.044511543,0.075091149,0.05052055,0.060826696,0.058325832,0.10812757,0.093049079,0.051145902,0.075799724,0.061271739,0.021874565,0.032532057,0.046037738,0.019460334,0.061646463,0.023805558,0.021018747,0.014386178
B:CATAG,0.037441509,0.044798527,0.051306586,0.067490193,0.046787783,0.056271904,0.060924531,0.11039532,0.089347644,0.05056535,0.073898505,0.05955905,0.021675509,0.029097325,0.048623264,0.02475146,0.065622021,0.027676093,0.020027154,0.013740274
B:CATAT,0.040855514,0.051673036,0.050517596,0.078195572,0.049778416,0.056116898,0.05866859,0.10904699,0.071355907,0.047924771,0.082634001,0.054467677,0.025849312,0.033676503,0.04905548,0.022953455,0.062054511,0.02301228,0.021783112,0.010380379
B:CATCA,0.031451977,0.046069083,0.049655935,0.072494219,0.043666385,0.057701684,0.058177637,0.111878112,0.095596609,0.053919804,0.07474061,0.058628062,0.023387004,0.025672112,0.049754268,0.022957677,0.058088107,0.028885828,0.022914831,0.014360057
B:CATCC,0.029312562,0.040906605,0.051955294,0.065196696,0.043843557,0.060210414,0.053608416,0.117518711,0.11402342,0.053529698,0.073154274,0.061653625,0.024329071,0.023610957,0.040562059,0.021661034,0.055727497,0.032179727,0.020442357,0.016574026
B:CATCG,0.020151361,0.042529352,0.062555216,0.070418969,0.044537651,0.059179913,0.053128323,0.106856662,0.118759637,0.044911324,0.074218443,0.0603212,0.023373197,0.025627624,0.036438521,0.027743764,0.051953336,0.040224203,0.015692631,0.021378672
B:CATCT,0.030165827,0.044331264,0.050716487,0.074109086,0.045676858,0.054113718,0.059684072,0.11149153,0.103165816,0.051423292,0.070812412,0.06069133,0.023712429,0.025364799,0.044661084,0.023587894,0.061487065,0.027905303,0.021442628,0.015457107
B:CATGA,0.029294017,0.045939711,0.049587832,0.072821293,0.044115504,0.059003755,0.057918629,0.109468617,0.097019807,0.053213265,0.071084352,0.054239157,0.024069432,0.026478756,0.049307002,0.024114288,0.063436449,0.032148521,0.023138863,0.01360075
B:CATGC,0.026791535,0.042301423,0.0471661,0.073711276,0.043577432,0.063878628,0.055810356,0.103814771,0.125731607,0.053925349,0.067546559,0.056362617,0.02283929,0.02857056,0.042463736,0.021964745,0.060222133,0.031128829,0.017145244,0.01504781
B:CATGG,0.027490175,0.040845714,0.048924835,0.06558504,0.043877091,0.06057596,0.054937909,0.117242334,0.119805616,0.052605033,0.069773334,0.057873223,0.024160888,0.023752457,0.043376323,0.023940332,0.058326887,0.030507089,0.019354562,0.017045197
B:CATGT,0.028368991,0.044401197,0.050526034,0.076208443,0.045375435,0.063511205,0.058101738,0.112952178,0.097164812,0.05556629,0.071176163,0.054425129,0.022574379,0.029295169,0.046884833,0.020719345,0.062334092,0.027544097,0.019900697,0.012969774
B:CATTA,0.035295682,0.049869922,0.048660824,0.086283793,0.044735399,0.057423809,0.063486268,0.098009438,0.071317408,0.049074708,0.079075104,0.05767509,0.025404465,0.032383583,0.051854639,0.020037718,0.067967449,0.029291336,0.02086925,0.011284116
B:CATTC,0.035750141,0.046933021,0.049918558,0.073057366,0.043019704,0.054474157,0.06540678,0.110814256,0.085623144,0.05102238,0.074392326,0.058820601,0.025207379,0.031110858,0.046095122,0.022517667,0.064249611,0.027582258,0.021484647,0.012520025
B:CATTG,0.035925387,0.044726509,0.050422071,0.071688031,0.045170118,0.059227204,0.061905537,0.114498649,0.084441067,0.050034994,0.073815514,0.06229648,0.023568431,0.028032767,0.044698787,0.022914715,0.059898079,0.026135698,0.025348098,0.015251865
B:CATTT,0.038639231,0.047937879,0.049830066,0.083169763,0.047300769,0.056272747,0.068464522,0.101627531,0.070165584,0.051604783,0.077136602,0.057310092,0.02632381,0.03358923,0.049833441,0.020352052,0.061411703,0.024863966,0.022571292,0.011594936
B:CCCAA,0.031118503,0.04273422,0.056385273,0.064562915,0.047322649,0.058134477,0.052297405,0.118449005,0.109898346,0.055473271,0.070469226,0.060264979,0.02227533,0.024663873,0.044390771,0.020561585,0.053512242,0.030654856,0.021402469,0.015428605
