,X,1,2,3,4,5,6,7,8,9,10,11,12,13,14,15,16,17,18,19,20,21,22
AACAA,0.057253145,0.076576055,0.085175228,0.07128785,0.072433402,0.064950299,0.061919782,0.054429514,0.051573606,0.042311574,0.045098939,0.044797873,0.04556551,0.036842676,0.031337842,0.027767148,0.023767428,0.022376213,0.027641946,0.014284709,0.018728899,0.013863368,0.010016996
AACAC,0.05352539,0.076959927,0.083469949,0.067576587,0.066279511,0.064349671,0.058268169,0.055057737,0.050326566,0.042429375,0.046521704,0.044400075,0.045462307,0.034681119,0.030608647,0.028319903,0.027537814,0.025908902,0.028701353,0.019659363,0.022265222,0.014680109,0.0130106
AACAG,0.053712848,0.078658284,0.084415393,0.068806706,0.06697242,0.063970838,0.059562004,0.055079847,0.050600109,0.042787414,0.046155367,0.046274776,0.045349935,0.034550495,0.03131935,0.029019427,0.026860428,0.025337667,0.025909283,0.017345565,0.020794854,0.01415881,0.012358183
AACAT,0.056508076,0.075049601,0.085047922,0.070010468,0.072469787,0.06429599,0.061655708,0.053973104,0.052064627,0.042659742,0.044324301,0.045048877,0.046022944,0.037405554,0.031126749,0.027891999,0.023276088,0.023279399,0.029864694,0.014324943,0.019254898,0.014190899,0.010253629
AACCA,0.057024225,0.077923065,0.084970133,0.070353963,0.068193836,0.063620422,0.060721666,0.054395377,0.051247513,0.042402226,0.046223599,0.045993878,0.045490573,0.034284787,0.031143715,0.028730165,0.025751583,0.024033672,0.026485849,0.015461443,0.020570964,0.01363284,0.011344507
AACCC,0.051165708,0.082688884,0.080301824,0.065488462,0.05812563,0.058640364,0.056342664,0.053924947,0.048016816,0.042888609,0.047194379,0.047476792,0.046326223,0.029709238,0.030991992,0.030585306,0.032852582,0.033137023,0.02386505,0.027353293,0.023381471,0.013326895,0.016215848
AACCG,0.04964213,0.078963571,0.078520125,0.064357819,0.057269603,0.058223073,0.055524573,0.054225087,0.047534489,0.041927498,0.047398963,0.044858909,0.044222352,0.032138842,0.03093471,0.030306831,0.034042947,0.036948243,0.025376891,0.028691002,0.023861912,0.016725334,0.018305099
AACCT,0.052717285,0.078840743,0.081651543,0.067271493,0.063311299,0.060598308,0.057623496,0.054267645,0.049871498,0.043589124,0.046460587,0.045957435,0.04661041,0.032726877,0.031297475,0.030737019,0.028579058,0.029574427,0.027451161,0.021024174,0.022005842,0.013958197,0.013874904
AACGA,0.055995319,0.076415684,0.074051683,0.060273415,0.059801902,0.062719718,0.052380354,0.052822699,0.049296528,0.040750058,0.045122059,0.043454092,0.044073267,0.033926931,0.031262336,0.028715868,0.032497839,0.03569463,0.031997909,0.027938165,0.02477309,0.01856671,0.017469745
AACGC,0.042006114,0.080853959,0.073662088,0.059304254,0.052905883,0.063149736,0.055154331,0.058533206,0.045251375,0.040471311,0.053973573,0.040594747,0.048470492,0.03034264,0.028938062,0.028641672,0.038533422,0.031944831,0.036917675,0.034147522,0.022605845,0.016444906,0.017152355
AACGG,0.056470813,0.074130484,0.07135965,0.0580861,0.052776772,0.055317357,0.049818486,0.053067561,0.048542072,0.043516537,0.044376566,0.052750213,0.044484991,0.030662387,0.029254148,0.028235394,0.035602305,0.044344443,0.034080585,0.029399854,0.026627815,0.018028885,0.019066584
AACGT,0.053918818,0.075483916,0.07997974,0.067106505,0.063573286,0.062072995,0.056568925,0.05741652,0.052328253,0.042913822,0.046065445,0.041944478,0.043296497,0.036183603,0.031376168,0.028674995,0.028467744,0.028819018,0.028906493,0.021370939,0.021569342,0.017128948,0.014833552
AACTA,0.058803974,0.074461614,0.084373102,0.072252514,0.074340451,0.066410188,0.061661284,0.054132817,0.051339201,0.041997616,0.043900592,0.047027835,0.046471761,0.037173603,0.031070676,0.028270422,0.02066856,0.021813286,0.03076159,0.012060316,0.01799906,0.013968268,0.009041269
AACTC,0.054616706,0.080730312,0.078319247,0.068711224,0.061923963,0.063130365,0.056148891,0.055984089,0.04758355,0.040906117,0.046390966,0.045586876,0.047343823,0.032607628,0.030920581,0.029255795,0.030079289,0.03115975,0.024963637,0.023758468,0.021709971,0.014355546,0.013813206
AACTG,0.054776036,0.078160666,0.083096056,0.070327532,0.066470282,0.064282929,0.059579702,0.053688447,0.050743663,0.041891776,0.046378764,0.046017929,0.045792693,0.034789471,0.031256903,0.029012008,0.026075675,0.025359709,0.028471679,0.016517029,0.020914909,0.014291706,0.012104434
AACTT,0.055054816,0.076084172,0.084900577,0.071249084,0.073354133,0.066032811,0.061663274,0.053890044,0.05115664,0.042400286,0.044097681,0.045379987,0.046153454,0.037243377,0.031344971,0.027953773,0.022860982,0.0226265,0.029282832,0.013616414,0.019296677,0.014466724,0.009890791
AATAA,0.055992649,0.07560827,0.086652205,0.072591698,0.078044177,0.066646146,0.063433639,0.055241544,0.052296893,0.041545771,0.043953675,0.044209404,0.046190624,0.039330074,0.03108207,0.026259168,0.021850222,0.02015512,0.027276916,0.012310474,0.017021716,0.013853354,0.008454192
AATAC,0.055760979,0.07636398,0.085231829,0.072092429,0.073524816,0.065519768,0.062247897,0.05538422,0.051113851,0.041859128,0.045469431,0.043524011,0.046621,0.037385016,0.031010084,0.027573532,0.02354113,0.022730749,0.027269919,0.014813958,0.017863994,0.013526899,0.009571379
AATAG,0.058318893,0.076595853,0.086129124,0.07259095,0.075525933,0.0668432,0.062824419,0.054096534,0.052342051,0.041240933,0.044601164,0.044533907,0.046432321,0.038082563,0.031254819,0.02694006,0.021745979,0.02100902,0.027018685,0.011905729,0.017396558,0.013756419,0.008814886
AATAT,0.056324378,0.072797032,0.086096461,0.072781163,0.080317451,0.06832891,0.0633992,0.05517921,0.052555891,0.041551919,0.042608358,0.043090516,0.045612639,0.041601166,0.031399333,0.026165003,0.020461751,0.018447977,0.029249845,0.011561052,0.01655714,0.01522636,0.008687244
AATCA,0.056632382,0.076605623,0.085047911,0.071332332,0.072546924,0.065734807,0.061404482,0.055715514,0.052109348,0.041588537,0.0457371,0.044315548,0.0458811,0.036782086,0.030716386,0.027580158,0.025102492,0.022277273,0.027109567,0.013901986,0.018387092,0.013805747,0.009685607
AATCC,0.052482668,0.079826643,0.082217556,0.066743123,0.062894681,0.060095488,0.057673723,0.054215438,0.049493793,0.042502773,0.046826863,0.046350895,0.046926309,0.032099721,0.03145833,0.029256433,0.029369267,0.029757056,0.027554463,0.022582147,0.022147001,0.013456521,0.014069108
AATCG,0.049193919,0.07860429,0.078008514,0.060965993,0.05825589,0.057160101,0.055854284,0.061415074,0.047250143,0.041156468,0.052070753,0.045595714,0.048503909,0.03180171,0.02998792,0.029517574,0.035324332,0.033705034,0.026328421,0.026245451,0.022278836,0.014799709,0.015975961
AATCT,0.056065877,0.07620012,0.083424092,0.069972389,0.071443047,0.064625744,0.06022385,0.054846471,0.051178412,0.041628502,0.044789034,0.046832447,0.045837012,0.03672932,0.031699345,0.028610939,0.024185147,0.023480267,0.028243276,0.015076537,0.018835237,0.014897404,0.011175532
AATGA,0.055183975,0.077607938,0.086038,0.071944944,0.072842554,0.066466007,0.061831862,0.05545171,0.051957015,0.042031128,0.045935164,0.045193208,0.046096257,0.036977655,0.030694486,0.026933972,0.024657963,0.020904723,0.026728676,0.013264186,0.018349721,0.013433281,0.009475576
AATGC,0.057345692,0.073508162,0.083077757,0.068340181,0.068960824,0.062983517,0.058512264,0.053875774,0.051109132,0.043317371,0.044681463,0.048099665,0.04337958,0.035891642,0.031010367,0.030139622,0.024594833,0.02639389,0.030420524,0.014462264,0.022243218,0.015385536,0.012266722
AATGG,0.057201103,0.078265316,0.08339835,0.069312712,0.067852256,0.063532296,0.05906059,0.054313985,0.050331384,0.041805979,0.049226351,0.045206017,0.045033739,0.033734749,0.030568141,0.028153426,0.027951266,0.025746899,0.025226624,0.015936207,0.021832909,0.014357126,0.011952574
AATGT,0.055849215,0.0742531,0.086529215,0.071128581,0.074510683,0.065582281,0.062397687,0.053872932,0.052788908,0.042222724,0.044421194,0.044825886,0.045445225,0.038840986,0.031313994,0.027416846,0.022086662,0.021076066,0.029603034,0.012393806,0.018924342,0.014748982,0.009767651
AATTA,0.053373588,0.075689562,0.086991441,0.072587073,0.078032778,0.0668367,0.063647159,0.055737358,0.052260465,0.041263115,0.044322458,0.0432796,0.04611601,0.039586246,0.03128016,0.026235095,0.022052265,0.021273687,0.02719642,0.012976795,0.016746821,0.013977207,0.008537997
AATTC,0.053137118,0.077454986,0.084484005,0.072956271,0.071991246,0.066791555,0.062276423,0.056005187,0.051022168,0.04098692,0.046641132,0.044066879,0.046377948,0.036678537,0.030693437,0.02675758,0.02445207,0.022181543,0.02817273,0.015337343,0.018176381,0.013865546,0.009492992
AATTG,0.057272574,0.075317167,0.086695357,0.071416517,0.075498483,0.066866048,0.062405545,0.055470787,0.052182105,0.041167302,0.044874,0.044787633,0.045504462,0.037943543,0.03074271,0.02682924,0.02260332,0.020418311,0.028495608,0.012699281,0.018288658,0.013823049,0.008698299
AATTT,0.054617294,0.075318845,0.086661654,0.073018522,0.077708046,0.067160896,0.063920022,0.056089996,0.052030616,0.041254482,0.044309908,0.042743925,0.045937824,0.039464962,0.031290673,0.026619202,0.021666697,0.020469534,0.02732383,0.01309846,0.016694212,0.014149617,0.008450785
ACCAA,0.058530101,0.078148412,0.084518659,0.070656212,0.068958273,0.063989278,0.061077465,0.053514091,0.05095849,0.042020024,0.04564209,0.046097123,0.045772762,0.034522463,0.031331378,0.028684314,0.024952212,0.024436739,0.026278951,0.015636818,0.019607346,0.013426078,0.01124072
ACCAC,0.052696205,0.081206041,0.080934842,0.065606751,0.058948468,0.058533784,0.056143297,0.054509213,0.048598214,0.042891905,0.046928065,0.046799389,0.046406948,0.030479487,0.031052414,0.03056539,0.03177826,0.032827099,0.024792911,0.025719332,0.022846881,0.013704711,0.016030392
ACCAG,0.050749315,0.082400863,0.08218502,0.066110487,0.059345954,0.058949261,0.056524369,0.054716738,0.048815281,0.043618061,0.04776305,0.046889278,0.045424774,0.030255081,0.031324949,0.030584272,0.03151687,0.031204564,0.024269043,0.024250576,0.023470647,0.013472853,0.016158696
ACCAT,0.054565105,0.079123779,0.083208435,0.068641624,0.066131234,0.062270138,0.058861888,0.054442687,0.050152782,0.042570855,0.046308898,0.045014611,0.046284604,0.033654334,0.031175023,0.029079574,0.028218042,0.027120407,0.025260408,0.019885376,0.021307346,0.013682541,0.013040311
ACCCA,0.052092858,0.081977986,0.081205057,0.06565728,0.058928951,0.058988347,0.055909102,0.053638572,0.04908684,0.043248074,0.047781682,0.04729425,0.045614258,0.030334306,0.031170831,0.030221455,0.032265004,0.030879376,0.024052529,0.025622982,0.023941641,0.01362356,0.016465059
ACCCC,0.048616876,0.08485275,0.078840221,0.061472885,0.052329495,0.054532956,0.052522028,0.053708636,0.046529502,0.044436087,0.048074337,0.048797475,0.045338958,0.02737462,0.030953873,0.031104114,0.036107837,0.037341204,0.022938799,0.033698263,0.026214264,0.01410329,0.02011153
ACCCG,0.043747116,0.083993953,0.073159525,0.054110603,0.048541569,0.052418884,0.049959211,0.054297313,0.043264644,0.043696285,0.047123013,0.051238,0.045102202,0.026073675,0.029770071,0.03069891,0.043433523,0.047330455,0.021636676,0.04520612,0.026658264,0.015074837,0.023465155
ACCCT,0.050514513,0.0829118,0.081624625,0.06584031,0.057702904,0.058392756,0.056035779,0.053023635,0.049182024,0.043031602,0.047608625,0.048544196,0.046267041,0.029688988,0.031116256,0.03067475,0.032257233,0.032139875,0.024221191,0.024942328,0.024115663,0.013476713,0.016687194
ACCGA,0.047903475,0.081312537,0.079507853,0.061199594,0.056785533,0.056542659,0.057057091,0.054782989,0.048925119,0.043220993,0.048679093,0.046536379,0.044247092,0.030789654,0.030596145,0.030220549,0.035393404,0.034271208,0.024824497,0.029078171,0.024158438,0.015668138,0.01829939
ACCGC,0.045676967,0.083291868,0.074082161,0.057083405,0.049544632,0.052495649,0.052598053,0.0576453,0.044500553,0.043585121,0.046794836,0.04570923,0.044606641,0.027190554,0.030038304,0.031097824,0.03947237,0.046921507,0.021945535,0.041967721,0.02564477,0.015461398,0.022645601
ACCGG,0.04380591,0.082067611,0.075847311,0.056183759,0.051778723,0.051836009,0.051969258,0.053583682,0.047060639,0.044307022,0.049362521,0.04787001,0.044387507,0.028236505,0.03063224,0.031213334,0.039836332,0.040210941,0.024859671,0.038887828,0.026451071,0.01651209,0.023100026
ACCGT,0.046995451,0.077498105,0.077508019,0.060045241,0.05374872,0.054378794,0.054770719,0.053591999,0.047375226,0.04224102,0.046686005,0.043269878,0.046027011,0.033405247,0.032959306,0.031118455,0.036807352,0.036975063,0.02865685,0.030079105,0.025138346,0.018639076,0.022085013
ACCTA,0.058402755,0.079045277,0.084641006,0.07095976,0.069867784,0.064457077,0.061265938,0.053308319,0.051530695,0.0421627,0.044665109,0.046868776,0.04595017,0.035126221,0.031597096,0.029084755,0.024183963,0.02334838,0.025733144,0.014590757,0.019034325,0.013367159,0.010808834
ACCTC,0.049622022,0.084490741,0.079075225,0.064218985,0.056008581,0.057387162,0.055099976,0.054167318,0.046958483,0.042544421,0.047200137,0.047477587,0.047650043,0.029379404,0.031059772,0.031088361,0.03435214,0.035535157,0.023156866,0.029529702,0.023638971,0.01324837,0.017110575
ACCTG,0.047863229,0.082406927,0.080743929,0.063601447,0.057532457,0.056680114,0.05442432,0.054493068,0.048616259,0.044232523,0.047945357,0.046839562,0.0455041,0.030139359,0.031159448,0.031176444,0.03307918,0.03390694,0.026052472,0.027163271,0.024716849,0.013885429,0.017837316
ACCTT,0.051606896,0.079348904,0.083076336,0.069345412,0.064729159,0.062388082,0.058149604,0.054486715,0.050557004,0.043193057,0.047017748,0.045903218,0.046701487,0.033613202,0.03127074,0.029884942,0.027500794,0.027114294,0.027157303,0.018475149,0.021592294,0.013926702,0.012960958
ACTAA,0.054926678,0.076954848,0.085430708,0.070713377,0.073168258,0.064571508,0.062239863,0.054596479,0.051498496,0.04231065,0.044111138,0.045543873,0.045871269,0.03712777,0.031388442,0.027745115,0.023280359,0.024156368,0.028278966,0.014579914,0.017943919,0.013587267,0.009974734
ACTAC,0.056811292,0.077479942,0.083276238,0.069780904,0.068461185,0.062111847,0.05976691,0.05384119,0.049319632,0.042431545,0.044859175,0.046945726,0.04715746,0.034907651,0.031808599,0.029502018,0.024964079,0.026337229,0.027741444,0.01677322,0.019708584,0.013958064,0.012056064
ACTAG,0.055279245,0.078991864,0.083746145,0.071744287,0.068765907,0.065829866,0.059827195,0.053130375,0.050029497,0.042691381,0.045159128,0.046599973,0.046318618,0.034775439,0.031368697,0.02864757,0.023432713,0.023092215,0.030437771,0.015430972,0.019983219,0.013687917,0.011030006
ACTAT,0.058922803,0.076931903,0.086059123,0.073055141,0.07621139,0.066772943,0.062788331,0.054542131,0.052373716,0.041541546,0.043407558,0.045322127,0.046271346,0.038120233,0.031297002,0.02721015,0.021167307,0.021281373,0.026406286,0.011529478,0.01702208,0.013349857,0.008416176
ACTCA,0.052789234,0.079683872,0.082020722,0.06889274,0.064793219,0.062487903,0.058067405,0.054679748,0.050252328,0.041766551,0.046737019,0.046768559,0.046193389,0.033547987,0.030971282,0.028916588,0.028691804,0.02763303,0.025883946,0.020033168,0.021501237,0.014258516,0.013429753
ACTCC,0.049468343,0.084192875,0.078930986,0.063514078,0.056586732,0.056951415,0.055160907,0.055261257,0.047014973,0.042545483,0.047265023,0.045587824,0.047759769,0.029561221,0.031160831,0.030805334,0.033344645,0.03566206,0.024859026,0.030019219,0.023694188,0.013561456,0.017092355
ACTCG,0.047573163,0.081484161,0.076675646,0.058777864,0.053257664,0.053356791,0.054290665,0.055091739,0.045603745,0.042802681,0.049669181,0.04391057,0.045415361,0.028659014,0.030284055,0.031230271,0.04023411,0.039646081,0.026009816,0.034734969,0.025383,0.01558354,0.020325912
ACTCT,0.051777222,0.07973768,0.080635091,0.067750043,0.062928399,0.062445229,0.056211623,0.054894235,0.04909341,0.04265744,0.046225576,0.045295702,0.04545855,0.033368673,0.031346723,0.029717954,0.0284613,0.02942085,0.028314077,0.021905911,0.022870695,0.015082573,0.014401046
ACTGA,0.052666165,0.079990471,0.085115405,0.070991988,0.067541915,0.063855115,0.06031012,0.054532581,0.05136965,0.042684507,0.046605541,0.045575275,0.046139227,0.034640029,0.030837502,0.02870708,0.026479246,0.024086066,0.026409577,0.016087524,0.020475672,0.013257683,0.011641661
ACTGC,0.050030574,0.08086725,0.079205447,0.064570355,0.057466423,0.058874956,0.055371544,0.054726358,0.047916936,0.042237578,0.047945488,0.047155293,0.045882659,0.030830485,0.031270231,0.031061727,0.03215585,0.034209779,0.026652049,0.027116059,0.023366885,0.014071014,0.017015063
ACTGG,0.053941189,0.081661737,0.083100573,0.067965145,0.062188884,0.061522931,0.057723487,0.053077713,0.049522985,0.042894406,0.047123567,0.04727178,0.045366089,0.031519448,0.03108853,0.029900475,0.029214462,0.02813189,0.025512392,0.02084469,0.022659466,0.013395433,0.014372727
ACTGT,0.052117123,0.07866276,0.085605202,0.070034661,0.066608054,0.062971075,0.059467381,0.055206445,0.051198958,0.042110463,0.046195074,0.045890312,0.045768045,0.034717288,0.031467267,0.029251159,0.026639008,0.025407697,0.026597374,0.0171999,0.020729632,0.013766686,0.012388438
ACTTA,0.054710338,0.077648501,0.086397694,0.072372837,0.075180925,0.066620736,0.062614853,0.053989235,0.05235293,0.041989074,0.044484708,0.044812314,0.046811649,0.038029008,0.031189459,0.027197058,0.022294916,0.020523225,0.028373013,0.011865545,0.018220006,0.013524301,0.008797675
ACTTC,0.053438967,0.078345288,0.083468675,0.069568762,0.067973418,0.063169022,0.059510658,0.052957693,0.05115486,0.042846253,0.045581976,0.04761767,0.045325908,0.03453073,0.031207842,0.029338793,0.025902122,0.025108678,0.028035177,0.016548419,0.021828366,0.014270093,0.01227063
ACTTG,0.051969568,0.079607674,0.081431922,0.068351417,0.064435399,0.062266888,0.05754967,0.053995635,0.049733785,0.042801322,0.046449693,0.046007157,0.045142315,0.034025189,0.03162552,0.029353969,0.028031077,0.028735573,0.028491472,0.019668143,0.021894611,0.014606179,0.013825821
ACTTT,0.053943571,0.077653522,0.084548958,0.071185472,0.070954105,0.065113732,0.061605075,0.055541331,0.050911582,0.041827237,0.045324729,0.045003219,0.046710456,0.036366788,0.03121973,0.027859151,0.024338887,0.024155189,0.026859402,0.015884948,0.018708556,0.013884041,0.010400319
AGCAA,0.05517881,0.07874059,0.085072059,0.069896182,0.06825739,0.063514557,0.060543085,0.054651344,0.051065068,0.042140166,0.046254501,0.04570045,0.045690339,0.034861903,0.03141188,0.028514196,0.025965534,0.024686852,0.025908455,0.015965834,0.020708645,0.013658013,0.011614147
AGCAC,0.048785808,0.081883002,0.081458841,0.065637182,0.05991819,0.059087856,0.056488853,0.054671262,0.049917925,0.043281574,0.048059439,0.046828977,0.045742501,0.031518672,0.031233095,0.030921968,0.031261716,0.030996084,0.025417109,0.022911905,0.023509931,0.013934393,0.016533715
AGCAG,0.049268075,0.081199327,0.081936925,0.064922908,0.057772757,0.06022417,0.055017298,0.053173694,0.049036111,0.042635844,0.047840577,0.048972655,0.044945262,0.031325973,0.031416968,0.031250498,0.0309465,0.030314524,0.028185386,0.022056034,0.025320032,0.014798543,0.017439938
AGCAT,0.055011747,0.076961546,0.084607138,0.068822504,0.068890402,0.063319271,0.058536913,0.053467661,0.051834323,0.043398204,0.045041603,0.047501896,0.044096543,0.035277458,0.031128113,0.029299448,0.02524488,0.025332173,0.029476912,0.014542047,0.02158756,0.014407513,0.012214145
AGCCA,0.050204218,0.082465795,0.082457261,0.065423256,0.058550648,0.058619545,0.05551085,0.053981662,0.04827723,0.043174941,0.047810823,0.0465179,0.045781857,0.030250007,0.031291042,0.030993509,0.032482872,0.032236213,0.025080878,0.02504827,0.024002843,0.01337544,0.01646294
AGCCC,0.045254576,0.085662512,0.079589521,0.061434759,0.050924783,0.054764663,0.051732621,0.052456718,0.047653904,0.044520401,0.049488203,0.050902272,0.044073509,0.027124831,0.031379321,0.032343966,0.036487397,0.037713096,0.023217557,0.030793352,0.02706728,0.014139042,0.021275715
AGCCG,0.040288773,0.087091847,0.074424813,0.054885041,0.048126148,0.052294371,0.049890592,0.05546459,0.043568703,0.044764143,0.048222904,0.045403139,0.045310033,0.02629542,0.030470871,0.031670518,0.043353844,0.045939417,0.021553657,0.045292788,0.026611084,0.015141249,0.023936054
AGCCT,0.046019165,0.085772521,0.079289687,0.063331224,0.054653049,0.056352062,0.05406235,0.054952645,0.047324929,0.043328919,0.048649234,0.046469947,0.046673415,0.028572299,0.031190732,0.031585572,0.035354664,0.036589832,0.023289667,0.031022791,0.024424134,0.012960894,0.01813027
AGCGA,0.04424012,0.082587661,0.075517295,0.057516086,0.051381607,0.05313153,0.052491119,0.059485113,0.046064994,0.042251109,0.050405915,0.043695559,0.048833672,0.028317109,0.030631318,0.031493118,0.037939785,0.040602447,0.025390748,0.038232968,0.025152511,0.014154769,0.020483448
AGCGC,0.036857943,0.075847704,0.071724171,0.051640447,0.049237377,0.053008323,0.046147327,0.046781981,0.045602188,0.051019413,0.042600127,0.039859216,0.04423724,0.027977169,0.031078651,0.033149156,0.04268686,0.043444927,0.044939797,0.042985063,0.032926544,0.019828522,0.026419855
AGCGG,0.043046136,0.085393577,0.072439022,0.055145875,0.047785537,0.054160388,0.049959894,0.052432019,0.045697359,0.044253941,0.048527559,0.046678936,0.04187855,0.026898559,0.030424804,0.031139899,0.042209327,0.043492572,0.028480274,0.04266603,0.026582313,0.01633241,0.024375018
AGCGT,0.042488516,0.078328427,0.078122038,0.058458652,0.053796358,0.055278875,0.054632774,0.054448791,0.047848668,0.043179238,0.052236598,0.044653263,0.044931979,0.031337566,0.030801415,0.031576902,0.036507172,0.034487124,0.035959148,0.029017702,0.024864031,0.016882845,0.020161917
AGCTA,0.052399664,0.080488102,0.083659826,0.068549148,0.06562527,0.060829687,0.058508972,0.054276468,0.049923619,0.043000687,0.045668275,0.044797684,0.046663316,0.033939609,0.03202985,0.029312311,0.02778454,0.028823205,0.025583131,0.020116188,0.021056959,0.013590022,0.013373468
AGCTC,0.049017487,0.083198081,0.081300207,0.065051454,0.058504455,0.058752824,0.055854537,0.053581459,0.049632226,0.042984711,0.04852037,0.049862373,0.045495047,0.030068488,0.031204509,0.031181309,0.031886457,0.032124112,0.024356439,0.023204338,0.024051576,0.013546099,0.016621444
AGCTG,0.047115981,0.083426156,0.080890964,0.064625862,0.056701619,0.057407006,0.05489245,0.053650599,0.048241002,0.043136702,0.048259651,0.048328021,0.046268453,0.030106768,0.031673428,0.031542576,0.033070499,0.034818167,0.023843655,0.025536324,0.024629161,0.013949416,0.01788554
AGCTT,0.052111805,0.078641683,0.086422918,0.069814078,0.066585218,0.062461213,0.059269289,0.05306327,0.051096134,0.04309379,0.046140799,0.046749844,0.045861167,0.034150136,0.031418446,0.029483468,0.026149512,0.027200499,0.026464687,0.015924503,0.021412971,0.01398521,0.012499359
AGTAA,0.052569785,0.07805863,0.08598439,0.073066983,0.075029169,0.066753327,0.062881038,0.055315007,0.052109921,0.041888883,0.044973114,0.044765672,0.046778813,0.038199261,0.031254729,0.026905332,0.022743575,0.021292854,0.027067894,0.012647995,0.017315662,0.013458814,0.008939154
AGTAC,0.055615586,0.0794686,0.085097117,0.071179636,0.070257124,0.06361349,0.060918496,0.05378093,0.052049465,0.042236059,0.044823424,0.045352573,0.045578582,0.035977425,0.032046095,0.02930861,0.02426406,0.023602774,0.026946278,0.014482237,0.018986854,0.013476285,0.010938302
AGTAG,0.052161497,0.080745695,0.082149254,0.06903274,0.0647855,0.060685702,0.058772879,0.05543442,0.049065637,0.042208463,0.045115925,0.045884051,0.047886437,0.033217724,0.031508387,0.029584073,0.027571695,0.029209934,0.02637011,0.02149955,0.020855916,0.013099497,0.013154914
AGTAT,0.057032254,0.076175316,0.087198594,0.072996651,0.075918788,0.066843951,0.063385226,0.054196762,0.052447854,0.041800469,0.043438352,0.044297855,0.046086172,0.038602719,0.031717824,0.027406985,0.020786114,0.020189016,0.028671022,0.011100171,0.016913575,0.01390824,0.008886089
AGTCA,0.052497183,0.07899933,0.085670574,0.070037866,0.067678671,0.063001877,0.059706836,0.052956076,0.0517982,0.042865991,0.046814162,0.04617315,0.044927189,0.034941441,0.031199926,0.028620411,0.026157987,0.024920241,0.027665304,0.016011939,0.021196549,0.013947592,0.012211505
AGTCC,0.050303725,0.082995841,0.082763556,0.065591468,0.059304781,0.058879582,0.056353027,0.053265311,0.049126013,0.04313492,0.048427673,0.048427796,0.045163018,0.030642957,0.030944892,0.030627859,0.030983292,0.031111617,0.024982398,0.023451806,0.023811794,0.013790389,0.015916285
AGTCG,0.047076485,0.080283825,0.078455811,0.060210976,0.054726538,0.05529506,0.05559485,0.054585182,0.048440911,0.042546641,0.048762488,0.052220135,0.044588329,0.030463061,0.030167587,0.031348207,0.035330006,0.036724384,0.024408455,0.030029736,0.025194894,0.015487891,0.018058548
AGTCT,0.052638965,0.08169618,0.082904413,0.069136183,0.064860534,0.063579277,0.058838126,0.054759588,0.049606311,0.042112886,0.046678279,0.045792823,0.046740898,0.033001286,0.031225875,0.028931154,0.028005508,0.026815188,0.025705915,0.020464213,0.020509224,0.01329196,0.012705212
AGTGA,0.051116416,0.080951282,0.082622618,0.067378572,0.063614742,0.060403568,0.058345741,0.054925856,0.049737251,0.042536096,0.047141911,0.045712537,0.046598314,0.032840649,0.030988884,0.029667313,0.029807622,0.028786377,0.025522482,0.022255348,0.021832282,0.013386304,0.013827835
AGTGC,0.047890052,0.082862857,0.080270782,0.064750316,0.058509088,0.057449562,0.055750173,0.054935743,0.048385429,0.04352075,0.0480104,0.04576964,0.046492108,0.030673817,0.031323915,0.031200492,0.032775901,0.034082481,0.024531531,0.026723406,0.023443508,0.013583403,0.017064645
AGTGG,0.051155889,0.081762744,0.079740575,0.064962611,0.05810922,0.058689854,0.055142585,0.054511687,0.048359598,0.042914705,0.046911288,0.048558652,0.044955755,0.030637292,0.031355315,0.030591045,0.031863441,0.033032968,0.026557733,0.025065751,0.023788684,0.014559087,0.016773521
AGTGT,0.053325782,0.077220255,0.084170902,0.068214396,0.066176738,0.063524916,0.058487234,0.054348413,0.050758259,0.042847964,0.045824259,0.044934712,0.044431239,0.034645147,0.03115801,0.028466013,0.026754141,0.02655407,0.028670179,0.018711657,0.022596025,0.014698594,0.013481094
AGTTA,0.054427352,0.078624659,0.085373468,0.072712528,0.074101926,0.067697499,0.062832167,0.054844852,0.051762593,0.041118117,0.044610584,0.044892086,0.046675412,0.037532662,0.03101794,0.026798587,0.023786043,0.021628814,0.026575761,0.013663809,0.017336686,0.013309015,0.00867744
AGTTC,0.05546359,0.079799608,0.082720193,0.069006849,0.0662244,0.062745699,0.059280156,0.053550267,0.050409391,0.042617095,0.045760347,0.047534011,0.046501051,0.033525998,0.03120123,0.028947773,0.02633086,0.028669831,0.025823416,0.017954019,0.02042542,0.013444274,0.012064522
AGTTG,0.055581247,0.077851662,0.080996501,0.07012886,0.065742755,0.063999032,0.057370923,0.05369608,0.04933722,0.042157969,0.045310286,0.045386687,0.045911788,0.034295085,0.031095771,0.030083811,0.026520565,0.026768368,0.030779091,0.018219926,0.021233772,0.014926296,0.012606303
AGTTT,0.056667025,0.074979224,0.082355376,0.070704989,0.069900495,0.065287884,0.059825451,0.054939177,0.049839236,0.041625819,0.045053932,0.045978229,0.046477749,0.036175471,0.031252545,0.028613518,0.023768484,0.024220018,0.02960216,0.015986429,0.020508252,0.014944534,0.011294003
ATCAA,0.060907171,0.074474608,0.085660486,0.071268116,0.074436443,0.065584746,0.062233917,0.054835008,0.052592847,0.041840895,0.044210945,0.044736364,0.045807501,0.037728994,0.031402356,0.027358124,0.022591025,0.020773608,0.026966156,0.011890958,0.018241917,0.014618457,0.009839356
ATCAC,0.052554385,0.077600515,0.08062168,0.066300679,0.063720834,0.060620773,0.057352238,0.055261392,0.049871749,0.042449373,0.046251449,0.046602837,0.046348311,0.033602542,0.031166423,0.02949748,0.0294513,0.029972379,0.02720658,0.022370754,0.0221389,0.014583602,0.014453825
ATCAG,0.05475515,0.078827536,0.085344474,0.070505179,0.06832548,0.063840456,0.060507369,0.053803064,0.051353169,0.042348352,0.046485416,0.046522623,0.045484533,0.03479347,0.031058699,0.028597299,0.025586216,0.023972746,0.026904835,0.015610922,0.020244221,0.01358022,0.011548572
ATCAT,0.057339747,0.077128611,0.084774547,0.070983403,0.07236302,0.065597117,0.061043728,0.055643677,0.051577123,0.041510238,0.04528099,0.045016461,0.046246419,0.036827443,0.030495456,0.02666157,0.026370946,0.022164637,0.027156918,0.014092147,0.018112792,0.013531419,0.01008159
ATCCA,0.055415828,0.077297834,0.082075871,0.067391565,0.065749898,0.062282333,0.057726591,0.053264899,0.051236109,0.043009653,0.045394973,0.047552123,0.044899204,0.034037932,0.03177417,0.029067113,0.028013456,0.026575066,0.026269174,0.019223185,0.022414908,0.015143947,0.014184168
ATCCC,0.053038579,0.082111848,0.079807452,0.064771538,0.057218809,0.058065011,0.055293608,0.054097199,0.047785219,0.042705749,0.047465748,0.046736376,0.047249652,0.029567015,0.030701462,0.029848465,0.032611543,0.034373405,0.025733988,0.027598865,0.023851856,0.013102065,0.01626455
ATCCG,0.047426134,0.081862068,0.076688659,0.059391028,0.053863661,0.054307326,0.055320782,0.05466811,0.046832803,0.045422673,0.047371771,0.044794958,0.045602286,0.029367427,0.030702517,0.030644154,0.037112563,0.03939705,0.023946655,0.035124445,0.024674146,0.015162073,0.02031671
ATCCT,0.053493937,0.080554676,0.083537021,0.067335463,0.064517607,0.061438495,0.058384008,0.053225357,0.050583522,0.042392954,0.046141647,0.047369581,0.045694802,0.033047295,0.031553284,0.02953882,0.027702156,0.027746581,0.027158214,0.019416284,0.022304303,0.013282888,0.013581106
ATCGA,0.049812055,0.080067377,0.080851324,0.063324189,0.060170239,0.058017548,0.056001041,0.05842226,0.047562649,0.041771287,0.050448353,0.042038062,0.044153959,0.032866645,0.029521561,0.02981605,0.041239867,0.031945828,0.025421365,0.022304214,0.021934614,0.015448596,0.016860915
ATCGC,0.047901043,0.081069973,0.073727284,0.057084144,0.051800977,0.054333893,0.052926786,0.060249697,0.045681092,0.043923373,0.048666663,0.046438556,0.049813684,0.02822962,0.030238929,0.030613482,0.036843339,0.040383905,0.023318456,0.038886459,0.024041387,0.013991598,0.019835658
ATCGG,0.048208088,0.079710717,0.080074499,0.061570107,0.057238892,0.057108735,0.055098386,0.054559786,0.049858078,0.043073154,0.048750409,0.046555506,0.045104332,0.031449674,0.030859122,0.031405218,0.034749101,0.033966563,0.02504167,0.028607514,0.024121079,0.015198533,0.017690836
ATCGT,0.052264176,0.080106513,0.079665433,0.062782731,0.06111573,0.061555875,0.057015826,0.054576147,0.049242479,0.041201256,0.047033966,0.042685301,0.044893054,0.034407748,0.031314688,0.029175053,0.033205185,0.029934539,0.0262968,0.026537331,0.023182412,0.015796904,0.016010852
ATCTA,0.057844285,0.075644786,0.085618587,0.071851023,0.075446026,0.065961504,0.062111245,0.053570738,0.052772883,0.041820179,0.043497634,0.047071343,0.045347259,0.037960772,0.031356741,0.027332097,0.021986351,0.021394681,0.028027124,0.011793932,0.01780854,0.014269892,0.009512379
ATCTC,0.052443259,0.081062278,0.081418771,0.067067733,0.063503302,0.061391737,0.058066427,0.055310721,0.049731098,0.042408453,0.046309732,0.046261925,0.047450504,0.032582773,0.031031973,0.029732437,0.029330373,0.028527238,0.025279717,0.022822608,0.021079794,0.013612808,0.01357434
ATCTG,0.053590509,0.078116762,0.083299347,0.067887294,0.065092374,0.062148772,0.057724809,0.053707511,0.050759141,0.042878887,0.046196511,0.047473222,0.046079942,0.034012531,0.031143214,0.02897514,0.027360521,0.026572248,0.028701056,0.017871895,0.022599652,0.014459076,0.013349586
ATCTT,0.054696049,0.076724733,0.084447649,0.070259975,0.071269293,0.064871084,0.060662931,0.054322969,0.051174272,0.042350755,0.04490118,0.046172618,0.045719707,0.036956905,0.031783497,0.028920707,0.024050965,0.023250214,0.027971487,0.014774587,0.019037962,0.014694428,0.010986031
ATTAA,0.054172048,0.07526073,0.08783649,0.073667148,0.079510512,0.067902518,0.064385332,0.055304128,0.052751283,0.041351743,0.04454139,0.043726811,0.045863223,0.040352495,0.031389416,0.025957908,0.020942612,0.019003546,0.02755355,0.010355846,0.016388765,0.013969731,0.007812776
ATTAC,0.052001436,0.077730269,0.084785556,0.070088375,0.071405216,0.063712906,0.060702268,0.055599768,0.050835365,0.042422838,0.045395864,0.043335254,0.047111946,0.036563102,0.031340317,0.028049029,0.025757519,0.025361445,0.026396731,0.018419882,0.018564718,0.013534795,0.010885401
ATTAG,0.053556222,0.077949602,0.085609025,0.071173784,0.072563725,0.064946137,0.062077107,0.054927317,0.051634631,0.041759416,0.045282533,0.044626563,0.046486087,0.036871696,0.031672936,0.027489751,0.024354841,0.023381499,0.026235633,0.015450546,0.018197983,0.013497421,0.010255544
ATTAT,0.056181306,0.075281817,0.086945204,0.073602463,0.080281007,0.067711436,0.063989595,0.055168067,0.052372925,0.041211754,0.043619544,0.043893672,0.046409166,0.040299242,0.030938394,0.025421991,0.021287044,0.019416543,0.027261089,0.011038841,0.016073609,0.013764727,0.007830565
ATTCA,0.056708563,0.075861636,0.083767746,0.070907854,0.072471347,0.066059389,0.060903945,0.054514779,0.051798663,0.041972087,0.044963648,0.045644668,0.046012913,0.037159076,0.030985581,0.027852356,0.024450235,0.022088831,0.028188212,0.013976827,0.0190001,0.014391058,0.010320488
ATTCC,0.053912226,0.077748462,0.082687894,0.067555877,0.067013658,0.062292089,0.057827381,0.053020099,0.049867919,0.042154471,0.048600152,0.045167993,0.043800083,0.034272049,0.031157412,0.028406063,0.027946414,0.027946376,0.029946084,0.016583932,0.022809993,0.015798072,0.013485302
ATTCG,0.052152305,0.07695321,0.079571837,0.061566207,0.061513836,0.05823012,0.054784364,0.058048807,0.047990612,0.041139371,0.054072533,0.046511725,0.042553404,0.032543692,0.029077658,0.027272435,0.042642181,0.033524349,0.024772351,0.019739634,0.022681905,0.016364029,0.016293435
ATTCT,0.055735815,0.076938769,0.082438602,0.070819733,0.07000479,0.065381297,0.06007581,0.055454288,0.050699222,0.041952795,0.04500507,0.046939809,0.045948226,0.035599882,0.03082403,0.027988091,0.02424582,0.024228628,0.028095574,0.017020722,0.019409582,0.014258025,0.010935418
ATTGA,0.059095342,0.075154329,0.085999084,0.071261103,0.075492089,0.06643981,0.062061283,0.054717225,0.052354469,0.041008694,0.044367972,0.045455078,0.045709796,0.038045835,0.030956665,0.026873168,0.022555396,0.020186656,0.027663166,0.012364857,0.01869725,0.014317202,0.009223531
ATTGC,0.056329979,0.077881494,0.084078471,0.068943579,0.06899047,0.063496671,0.060192946,0.054946658,0.051325816,0.041306452,0.045807378,0.045152966,0.045720608,0.035273442,0.031065902,0.027923666,0.026206087,0.025762597,0.026979577,0.017497343,0.020081501,0.013714659,0.011321737
ATTGG,0.059020869,0.077528301,0.085321969,0.071645978,0.069835555,0.064684404,0.06090782,0.053773641,0.051079252,0.041809938,0.045980847,0.046749916,0.045625918,0.034968755,0.030850707,0.027923154,0.024839938,0.022783771,0.025928698,0.015286667,0.019655176,0.013438319,0.010360405
ATTGT,0.058921673,0.075450154,0.086111109,0.071910487,0.075070192,0.066347395,0.062465881,0.054595952,0.052544056,0.041702125,0.044578187,0.045928678,0.045280119,0.037977349,0.030777114,0.026877865,0.022430341,0.020302514,0.027557721,0.012715828,0.01778014,0.01380909,0.008866029
ATTTA,0.054835953,0.075426997,0.087313004,0.073410549,0.078836329,0.067609435,0.064421989,0.05536675,0.052691461,0.041192062,0.044246902,0.043501558,0.046003151,0.04005672,0.031194228,0.026153528,0.021065616,0.019517425,0.027404078,0.011284478,0.016626584,0.013902058,0.007939143
ATTTC,0.055696008,0.075221952,0.085069315,0.071139324,0.073495926,0.066041591,0.061692677,0.055456073,0.051856741,0.041708313,0.045560926,0.043902673,0.045594132,0.037645424,0.031041074,0.027630933,0.023537689,0.021167072,0.02943617,0.013534934,0.018884418,0.01474124,0.009945394
ATTTG,0.056617946,0.074709466,0.085217918,0.071132444,0.072435967,0.065815029,0.060967546,0.055741239,0.051676647,0.041642085,0.044913659,0.044446673,0.046161908,0.037616179,0.031190385,0.028016408,0.023445781,0.02150522,0.029720883,0.012972244,0.019123729,0.014795452,0.010135192
ATTTT,0.054323935,0.075068711,0.086414043,0.071933263,0.076171526,0.066052596,0.063149924,0.055948447,0.05183785,0.041876866,0.044619607,0.042865094,0.04599973,0.038964128,0.031176766,0.027253074,0.022630167,0.02179966,0.027148595,0.014102229,0.017375503,0.014079182,0.009209103
CACAA,0.056120146,0.077258016,0.081708792,0.068778446,0.066850931,0.065250322,0.058038997,0.055131255,0.050090152,0.042083346,0.046148471,0.046162015,0.045888932,0.034634477,0.030594743,0.028945871,0.026833046,0.024495861,0.027526372,0.019583808,0.020878998,0.01463554,0.012361464
CACAC,0.048950531,0.079084186,0.081214495,0.064081952,0.058934394,0.059844992,0.055788193,0.055775098,0.049134695,0.04326464,0.049180336,0.044999744,0.046289091,0.032423612,0.030348908,0.030109125,0.032592988,0.02987255,0.027372097,0.024928235,0.023710997,0.015516167,0.016582972
CACAG,0.049372636,0.079729549,0.080153374,0.064635695,0.057893227,0.059342711,0.054642581,0.054402828,0.049511036,0.042917373,0.049019189,0.049444247,0.044777942,0.031272465,0.030500808,0.03099466,0.032127971,0.032127501,0.026365677,0.024179262,0.024387252,0.014965131,0.017236884
CACAT,0.055130238,0.075819788,0.083844294,0.068761985,0.067819201,0.064464958,0.05947873,0.054592618,0.051305645,0.042513125,0.046027203,0.046161055,0.045768697,0.035531326,0.031085725,0.028601024,0.026060893,0.023638475,0.027298708,0.017085441,0.021261322,0.015094324,0.012655223
CACCA,0.051002441,0.081284182,0.080459421,0.064284541,0.058539704,0.057649566,0.055401407,0.054876601,0.048504186,0.043076003,0.047474539,0.046217709,0.046402078,0.030438327,0.031311937,0.030628879,0.032959909,0.033408933,0.023860948,0.027022909,0.0237287,0.014139065,0.017328015
CACCC,0.047009176,0.084155207,0.078892383,0.060483051,0.052026774,0.054526754,0.052322201,0.053781122,0.047237872,0.044147867,0.048508985,0.048345267,0.04581219,0.027648016,0.030916137,0.03120772,0.037042636,0.037508852,0.023250176,0.033283021,0.026539027,0.014399955,0.020955611
CACCG,0.041104335,0.081776288,0.075169021,0.054557251,0.049449724,0.050794982,0.053396528,0.054660601,0.045259077,0.043916868,0.047881175,0.045388075,0.044784541,0.029196944,0.031951905,0.031647597,0.040665075,0.04245765,0.025840108,0.040495741,0.026766159,0.017657909,0.025182446
CACCT,0.047411656,0.083429119,0.080142748,0.063261734,0.055853396,0.056130512,0.054426612,0.054789237,0.048065045,0.043263626,0.048360492,0.047088579,0.046171296,0.029719515,0.031260387,0.031452515,0.03426501,0.034854578,0.024343169,0.02885837,0.024773761,0.013833578,0.018245066
CACGA,0.046343519,0.079013222,0.078081035,0.060567311,0.054797509,0.055710694,0.054024965,0.054995979,0.048837691,0.042896634,0.049369676,0.043398061,0.045049929,0.030431095,0.030314515,0.030575684,0.035871936,0.039767619,0.028863282,0.031408557,0.025305628,0.015429675,0.018945784
CACGC,0.041828285,0.083445714,0.074039724,0.054735773,0.048099361,0.050911458,0.050435997,0.05639829,0.044490384,0.043906821,0.04926279,0.044026639,0.046553133,0.027587739,0.030747865,0.032242132,0.041864874,0.04561211,0.022691168,0.044256977,0.027057756,0.015726851,0.02407816
CACGG,0.039797598,0.080397738,0.076292322,0.05461842,0.049371146,0.051899334,0.050760386,0.054905981,0.047195538,0.044695119,0.050507976,0.048859588,0.044196374,0.028514371,0.029960924,0.031917126,0.042674929,0.042489439,0.023585318,0.037745757,0.02761419,0.01748375,0.024516674
CACGT,0.04982395,0.077479335,0.079056526,0.060067655,0.056119188,0.058171398,0.053825498,0.054484057,0.050834294,0.042295711,0.048946128,0.044090846,0.043778811,0.032287555,0.030596236,0.030500328,0.03740686,0.034466987,0.02544375,0.029526926,0.025250452,0.016798063,0.018749446
CACTA,0.055766861,0.078777061,0.085117856,0.070464176,0.070059514,0.063976756,0.060782272,0.053733995,0.051300374,0.042503018,0.045252265,0.046234262,0.045919555,0.035727025,0.031499516,0.02800427,0.024923664,0.024146116,0.026534816,0.015101329,0.019476767,0.01364692,0.011051609
CACTC,0.049501106,0.081124869,0.079555314,0.063174025,0.058053778,0.057923265,0.054833,0.055275822,0.0480107,0.043322349,0.047339984,0.045382166,0.045220108,0.030725933,0.031127455,0.03060017,0.03255371,0.033765122,0.02719687,0.027584045,0.024962218,0.015106275,0.017661717
