,X,Y,1,2,3,4,5,6,7,8,9,10,11,12,13,14,15,16,17,18,19
B:ACA,0.032108185,0,0.059619006,0.072604113,0.067150857,0.061428606,0.06656396,0.049323845,0.089330692,0.094563862,0.060841709,0.045704644,0.062260045,0.027217372,0.031032206,0.032695082,0.021495121,0.033771061,0.047171888,0.017484655,0.027633091
B:ACC,0.027403491,0,0.057251691,0.078372847,0.060662914,0.056171471,0.066575701,0.043919495,0.091534482,0.107055546,0.058303485,0.046335778,0.072488487,0.025271476,0.026465405,0.028824834,0.021121155,0.033259424,0.051765308,0.015549491,0.031667519
B:ACG,0.019123205,0,0.056462585,0.070975057,0.070975057,0.05170068,0.07037037,0.049659864,0.082993197,0.117157974,0.05600907,0.044897959,0.069690098,0.029402872,0.026379441,0.028495843,0.024187453,0.03015873,0.057067271,0.01579743,0.028495843
B:ACT,0.031675051,0,0.061114217,0.078069685,0.069001925,0.060213651,0.062294267,0.048723682,0.085740016,0.091267623,0.06387802,0.04229551,0.067169741,0.027575927,0.033041426,0.031892429,0.020060866,0.037078442,0.044469288,0.017017577,0.027420657
B:ATA,0.043471421,0,0.077713686,0.071840587,0.070582066,0.063240692,0.052333508,0.05453592,0.080597798,0.061562664,0.067645517,0.048243314,0.06103828,0.028316728,0.042160461,0.037231253,0.020870477,0.035500787,0.040849502,0.017881489,0.024383849
B:ATC,0.035623131,0,0.064427915,0.076059214,0.068329323,0.056989718,0.059687887,0.046926274,0.087398819,0.084591264,0.06100051,0.047108583,0.068949172,0.026252461,0.03204988,0.034675126,0.021840589,0.032450959,0.048676438,0.017829797,0.02913294
B:ATG,0.037792509,0,0.062156496,0.070853873,0.065046178,0.058303587,0.063488016,0.048133039,0.08615219,0.086973766,0.060881636,0.044081818,0.068389144,0.029406765,0.033259675,0.034279563,0.022352541,0.034222902,0.048642983,0.0169698,0.028613519
B:ATT,0.042722285,0,0.073180571,0.067734388,0.071970308,0.064264967,0.056156205,0.0533726,0.081813781,0.057124415,0.063982572,0.050185574,0.063095046,0.027997418,0.043569469,0.039494917,0.021058577,0.035581733,0.040745522,0.020211393,0.02573826
B:CCA,0.029453493,0,0.054196697,0.077426555,0.059096154,0.057828727,0.068251896,0.045513875,0.091046668,0.105007283,0.05983391,0.045627376,0.071108337,0.026143049,0.027183474,0.027940147,0.021394927,0.034561035,0.050791669,0.016344135,0.031250591
B:CCC,0.02664079,0,0.053259527,0.080187015,0.056479358,0.055486944,0.071740473,0.045320219,0.090199365,0.119971771,0.055531052,0.047657904,0.072666725,0.023707657,0.023200423,0.024655963,0.020973006,0.031426429,0.054516584,0.014996471,0.031382322
B:CCG,0.016556291,0,0.058695455,0.08690919,0.059874807,0.050394629,0.069672503,0.045087544,0.08387009,0.118116665,0.054204844,0.045223623,0.080150594,0.025219995,0.024630318,0.027170462,0.025310714,0.028395174,0.052481176,0.016329493,0.031706432
B:CCT,0.028496966,0,0.05442578,0.080449712,0.058211425,0.055833508,0.06934008,0.044248293,0.09051306,0.111096315,0.058858219,0.045636997,0.071356554,0.024140621,0.025890768,0.028496966,0.020925676,0.034013735,0.051895676,0.01531379,0.03085586
B:CTA,0.036587762,0,0.06448286,0.081278853,0.06266575,0.061585306,0.058294863,0.045771535,0.082408408,0.085797073,0.06404086,0.046999312,0.068117081,0.027158432,0.033002652,0.033002652,0.021215991,0.035949317,0.044936647,0.016746881,0.029957764
B:CTC,0.027540555,0,0.057165039,0.077309688,0.062027541,0.056041352,0.069055694,0.046336779,0.089465942,0.105340579,0.059575859,0.04455931,0.074224656,0.025150165,0.026743758,0.029890083,0.02075757,0.03401708,0.050320762,0.015874637,0.02860295
B:CTG,0.025233274,0,0.054278222,0.079496249,0.061794841,0.057525767,0.070881869,0.044413612,0.088613771,0.11239861,0.060087211,0.045587607,0.068061231,0.024714887,0.026010856,0.028922974,0.020765994,0.03502165,0.050192108,0.016557907,0.029441361
B:CTT,0.033001709,0,0.06148924,0.078472192,0.064381821,0.061029057,0.061817943,0.047661831,0.085506421,0.087960731,0.062584915,0.043388701,0.071350309,0.026186615,0.033023623,0.032300478,0.022439409,0.037274839,0.044944559,0.016807643,0.028377964
B:GCA,0.026241383,0,0.054819488,0.077836196,0.064259843,0.054071737,0.070779297,0.045309031,0.085126767,0.11120458,0.059376095,0.045706274,0.067788293,0.024956186,0.028624839,0.031569109,0.021123963,0.034443276,0.050987265,0.0170347,0.028741675
B:GCC,0.025142357,0,0.052146299,0.083026719,0.054927727,0.055234341,0.071397284,0.043057381,0.087428822,0.117257994,0.058607096,0.044196233,0.073653088,0.024507227,0.024463425,0.027989488,0.023850197,0.032720105,0.052759527,0.015549715,0.032084976
B:GCG,0.015745535,0,0.056641657,0.089453662,0.058860826,0.051780619,0.069639649,0.04633837,0.082690479,0.122635528,0.052943041,0.043485153,0.077618092,0.026048822,0.02388249,0.029324738,0.026260171,0.026154496,0.053260066,0.017753355,0.029483251
B:GCT,0.0245758,0,0.055071163,0.082254135,0.061012096,0.058832329,0.0703509,0.042676412,0.083514981,0.10886011,0.060328247,0.045091251,0.069795273,0.0261572,0.02703338,0.030473992,0.022695217,0.035068599,0.04908749,0.016839766,0.03028166
B:GTA,0.034141834,0,0.064772465,0.078216678,0.065973666,0.061538462,0.05955186,0.048279048,0.082698083,0.085747286,0.065280665,0.043705244,0.065650266,0.027396627,0.035666436,0.034372834,0.021159621,0.033864634,0.048140448,0.015800416,0.028043428
B:GTC,0.026814594,0,0.059613145,0.07368353,0.064756113,0.056507957,0.067602536,0.045769181,0.089241817,0.109781343,0.0561845,0.043246216,0.07255143,0.027105706,0.026135334,0.028722991,0.021121749,0.033477811,0.051623755,0.016528658,0.029531634
B:GTG,0.02711848,0,0.053850244,0.074950452,0.065113356,0.056871465,0.070019819,0.046019239,0.092207667,0.111761009,0.058660028,0.044158167,0.064871659,0.025837482,0.026731764,0.029342099,0.022526224,0.032725866,0.050998211,0.016483782,0.029752985
B:GTT,0.031261346,0,0.061796529,0.076210878,0.070002178,0.060925133,0.062268535,0.051521313,0.085469465,0.081729722,0.06397502,0.048616658,0.066189819,0.028320383,0.033693995,0.033040447,0.019715344,0.037143272,0.04298889,0.017645777,0.027485295
B:TCA,0.03274081,0,0.062843618,0.074011982,0.067996351,0.058627746,0.062917581,0.046300634,0.087941619,0.092650576,0.061438327,0.043490052,0.068070314,0.027760657,0.031532753,0.033628362,0.021917606,0.034836419,0.045955474,0.017356574,0.027982545
B:TCC,0.028085783,0,0.056579852,0.078842187,0.061522262,0.056214544,0.068162283,0.047447138,0.090295685,0.103941035,0.05832044,0.046372701,0.07248152,0.025550112,0.027591542,0.027591542,0.020392814,0.03393072,0.050197696,0.016481864,0.029998281
B:TCG,0.024620524,0,0.056721621,0.084900864,0.067179897,0.051419856,0.064710582,0.040090057,0.082576803,0.109013,0.056648994,0.043430895,0.077856053,0.02730772,0.025637301,0.031665335,0.024911032,0.026871959,0.058900428,0.013871741,0.031665335
B:TCT,0.032392723,0,0.062657308,0.073911887,0.064703595,0.060078987,0.063107491,0.049069963,0.088727005,0.089750148,0.062350365,0.04577544,0.072806892,0.024985164,0.030653379,0.031737912,0.020851665,0.03650576,0.046307475,0.016922794,0.026704046
B:TTA,0.039239172,0,0.072824837,0.071339594,0.072776926,0.067889996,0.058403603,0.053995784,0.075459946,0.059697202,0.064152932,0.048198544,0.060415868,0.028171713,0.04268877,0.039478727,0.021272518,0.038280951,0.040101571,0.018924875,0.02668647
B:TTC,0.033048487,0,0.061470186,0.078018035,0.065978943,0.060880034,0.061399367,0.0486757,0.087507672,0.084887399,0.063641943,0.045890185,0.070110004,0.026438789,0.033402578,0.03134885,0.021977244,0.036943487,0.044450215,0.016736698,0.027194183
B:TTG,0.034729989,0,0.063666867,0.073991224,0.067165677,0.05965184,0.060626918,0.049642949,0.086466489,0.082049958,0.06220425,0.046516963,0.069259227,0.027675012,0.034930741,0.034586596,0.020677393,0.035590352,0.044136626,0.018497806,0.027933121
B:TTT,0.038236224,0,0.069739177,0.071999806,0.077930917,0.062714213,0.059505579,0.056102482,0.078854615,0.060453584,0.06375945,0.049758137,0.062471134,0.028002625,0.04176086,0.038357763,0.020515812,0.039986388,0.037166679,0.018692725,0.023991833
N:ACA,0.054472723,0.003204278,0.063105904,0.058064779,0.026266914,0.044349654,0.0437986,0.101210278,0.086923689,0.03441027,0.033267343,0.034308223,0.043329183,0.092842419,0.042206666,0.078310917,0.035920567,0.029103823,0.054717636,0.017184726,0.023001408
N:ACC,0.050067899,0.001682707,0.065507469,0.053758045,0.027100431,0.048296629,0.048237586,0.098246443,0.079559544,0.036901458,0.034037905,0.034834977,0.049359391,0.086054201,0.037078585,0.070201334,0.044458877,0.029019307,0.062083014,0.018834504,0.024679695
N:ACG,0.047848774,0.001279905,0.069508713,0.053362213,0.035148174,0.0449936,0.066751994,0.059072561,0.066948902,0.038692527,0.040661613,0.043516786,0.051590036,0.069016442,0.044205966,0.072265433,0.05375603,0.025696564,0.060450921,0.024318204,0.03091464
N:ACT,0.057424459,0.002930878,0.06486837,0.054000778,0.026715082,0.043107249,0.042536636,0.109894955,0.082661133,0.034288679,0.029931267,0.034937103,0.042251329,0.09537025,0.04087667,0.080819608,0.035014914,0.026896641,0.051614577,0.019608352,0.02425107
N:ATA,0.071097263,0.004921573,0.069645576,0.071911624,0.02836101,0.045037708,0.038841483,0.10682293,0.097298446,0.031689268,0.041603229,0.037673052,0.036292179,0.064334525,0.046489396,0.060333534,0.026342811,0.029494034,0.048790851,0.017703502,0.025316008
N:ATC,0.065790717,0.003276932,0.070359517,0.056936698,0.028421086,0.043923496,0.045593471,0.111132117,0.088319627,0.031824054,0.034785897,0.035857201,0.043671425,0.079119009,0.039197152,0.06509752,0.034502316,0.027129218,0.051737719,0.019409522,0.023915304
N:ATG,0.062827992,0.003807757,0.069760062,0.059972174,0.027069247,0.046278894,0.044423833,0.097537162,0.09363177,0.033659596,0.036173692,0.035368205,0.044350607,0.078010203,0.043667163,0.061046157,0.034733579,0.029070761,0.056579365,0.018477385,0.023554395
N:ATT,0.069750387,0.004155689,0.068365157,0.069451612,0.028872532,0.044626124,0.040144498,0.107559008,0.095933944,0.033707255,0.039465464,0.039058044,0.040416112,0.064997148,0.045984192,0.060406877,0.026183557,0.028410788,0.048075617,0.019501861,0.024934134
N:CCA,0.051892094,0.001667291,0.066448108,0.052529037,0.027088797,0.049587861,0.046253278,0.100299738,0.082746347,0.037223679,0.032446609,0.035425253,0.049718996,0.087411015,0.035050581,0.06749719,0.045597602,0.029393031,0.058992132,0.01931435,0.02341701
N:CCC,0.043546593,0.000338508,0.062333769,0.057038542,0.031432855,0.051163016,0.049470477,0.084578558,0.077977658,0.041733159,0.034285991,0.038517336,0.054185405,0.073117656,0.032424198,0.066637652,0.051694956,0.029377629,0.070046907,0.019657624,0.030441511
N:CCG,0.040453074,0.000711974,0.059676375,0.062265372,0.038252427,0.047055016,0.061100324,0.059288026,0.065954693,0.046407767,0.042653722,0.041812298,0.054498382,0.073398058,0.034822006,0.060647249,0.051779935,0.03197411,0.065242718,0.025566343,0.036440129
N:CCT,0.04920727,0.001430781,0.063573086,0.053480278,0.027822892,0.049787316,0.048994586,0.094276875,0.079021655,0.03866976,0.03300464,0.034841454,0.048549884,0.085808198,0.035808198,0.072989172,0.044218871,0.028828306,0.065448569,0.019682908,0.024555298
N:CTA,0.061851442,0.003240228,0.070054551,0.061564333,0.028505804,0.04704483,0.043681555,0.09638653,0.085271318,0.035109306,0.034165949,0.036216726,0.042204996,0.079775235,0.042492105,0.063081908,0.037898363,0.030023379,0.053115131,0.022681596,0.025634716
N:CTC,0.050616091,0.001711363,0.063562052,0.054763631,0.030341467,0.049871144,0.048522187,0.097366514,0.080273013,0.037146654,0.030784408,0.033482323,0.045240396,0.083514537,0.0359789,0.077273093,0.042884755,0.028448901,0.064447934,0.019670613,0.024100024
N:CTG,0.047812176,0.001877638,0.061691677,0.05140222,0.026977904,0.047241374,0.047376564,0.109068241,0.075255734,0.036621453,0.030988539,0.033196641,0.046174876,0.096420471,0.03535968,0.080873627,0.043260781,0.028795458,0.057350578,0.019332162,0.022922206
N:CTT,0.061254642,0.002795192,0.067124546,0.058139999,0.029728866,0.044822905,0.046380226,0.088348041,0.084035459,0.037096195,0.033901689,0.036876572,0.046240466,0.075989298,0.044683145,0.07786607,0.037136126,0.027892026,0.055903845,0.018328475,0.025456215
N:GCA,0.052292382,0.001919204,0.061248667,0.051865893,0.028361569,0.045373771,0.050491648,0.097666153,0.074967421,0.038905343,0.032555384,0.036915057,0.045823955,0.085440114,0.040634996,0.083023338,0.042625281,0.030351854,0.054282668,0.021371875,0.023883426
N:GCC,0.047036398,0.00103037,0.063651117,0.056464285,0.029262513,0.050488138,0.053991396,0.082326576,0.07596404,0.041395121,0.035315937,0.037376678,0.052007934,0.084722186,0.032740012,0.063264728,0.051956415,0.032920327,0.05973571,0.02140594,0.02694418
N:GCG,0.036728939,0.000634473,0.056538597,0.057666549,0.042086711,0.044554106,0.057596052,0.060063447,0.062248854,0.044977088,0.046246035,0.046387029,0.060133944,0.072611914,0.034966514,0.059640465,0.052661262,0.035953472,0.064363765,0.02848079,0.035459993
N:GCT,0.052550024,0.001796582,0.062363853,0.055065238,0.03090121,0.046800961,0.050753442,0.08958207,0.074513239,0.038783714,0.03197916,0.036807474,0.046913248,0.085899077,0.036829931,0.077747086,0.046261987,0.031507557,0.058793146,0.020391206,0.023759797
N:GTA,0.06048124,0.003507341,0.069453507,0.055301794,0.025489396,0.041924959,0.046003263,0.109624796,0.08225938,0.032014682,0.03266721,0.037153344,0.038295269,0.090905383,0.045880914,0.07365416,0.036460033,0.027732463,0.051835237,0.017495922,0.021859706
N:GTC,0.048015586,0.002231091,0.064230274,0.053923263,0.028312855,0.047827043,0.046601515,0.099833454,0.077459699,0.036608742,0.033183546,0.032900732,0.05002671,0.093360148,0.036168809,0.075102913,0.042265028,0.026773089,0.060867926,0.019671307,0.024636269
N:GTG,0.04856456,0.002126578,0.059497943,0.054597568,0.026327955,0.046669132,0.045952568,0.096366326,0.081688318,0.035527715,0.032661458,0.033146873,0.045836993,0.100249642,0.037700522,0.081988812,0.041653183,0.028200268,0.058758264,0.018260829,0.024224493
N:GTT,0.061051972,0.002786475,0.068096431,0.058108954,0.028960551,0.042391985,0.046524734,0.096649969,0.088071384,0.037006888,0.033406387,0.039448967,0.045021916,0.072260488,0.044740138,0.073544145,0.035003131,0.029774577,0.051283657,0.019599249,0.026268003
N:TCA,0.061003731,0.003291267,0.065322209,0.059641105,0.026686512,0.044149092,0.044526435,0.10416754,0.088277221,0.033373863,0.033394826,0.033667351,0.043163809,0.088319148,0.039474236,0.072596537,0.034463964,0.027063855,0.056265985,0.017756069,0.023395245
N:TCC,0.050504416,0.001653481,0.064109004,0.052346268,0.029909163,0.049143957,0.046067228,0.097304199,0.081104274,0.03876261,0.0325045,0.035748671,0.048243962,0.084139144,0.035999833,0.073443844,0.041567249,0.027062665,0.065009,0.020365022,0.025011512
N:TCG,0.053819951,0.001265207,0.069294404,0.048175182,0.040389294,0.043600973,0.062871046,0.071532847,0.069391727,0.040486618,0.038442822,0.04136253,0.053333333,0.071532847,0.035717762,0.066861314,0.047396594,0.029489051,0.059270073,0.025206813,0.030559611
N:TCT,0.056286184,0.002876849,0.06716818,0.058019441,0.029107998,0.048102352,0.045011079,0.103244943,0.084339933,0.034897434,0.033110571,0.032717461,0.044153384,0.077263955,0.041937674,0.077567722,0.037184619,0.027374741,0.056161104,0.019137303,0.024337074
N:TTA,0.069957423,0.00415383,0.070268961,0.067984354,0.030288345,0.044480598,0.043719063,0.103014988,0.090415037,0.033265257,0.038699851,0.040153692,0.039669078,0.061545917,0.050919035,0.062030531,0.027519125,0.02886912,0.045380595,0.018830697,0.028834504
N:TTC,0.059386341,0.003093039,0.066438469,0.059077037,0.029919993,0.045240845,0.044168591,0.094440779,0.08817222,0.03688964,0.035528703,0.035755526,0.045158364,0.074851534,0.044024249,0.076294952,0.033569779,0.026723854,0.056437644,0.019176839,0.0256516
N:TTG,0.064951395,0.002708323,0.067224452,0.059244571,0.027832858,0.042752817,0.045630411,0.095589302,0.087367607,0.036925086,0.033249504,0.039778498,0.045823862,0.075325241,0.042414277,0.072181651,0.036973449,0.029936645,0.051869227,0.019054989,0.023165836
N:TTT,0.064640137,0.003577276,0.069659002,0.062913789,0.030077597,0.044529081,0.046006265,0.099309461,0.091567595,0.036182103,0.036911796,0.040667046,0.041343347,0.057325408,0.050722574,0.065814765,0.029739446,0.029810636,0.05273368,0.020360219,0.026108778
T:ACA,0.03540621,0.001171753,0.065725037,0.09336339,0.044147397,0.061337419,0.06206184,0.049218342,0.081325326,0.040763636,0.057994752,0.047695532,0.076813253,0.029206953,0.040697886,0.038630293,0.042309928,0.032052975,0.046075272,0.022091897,0.031910909
T:ACC,0.032064874,0.00066928,0.061086254,0.088621946,0.041367005,0.06455526,0.061960357,0.047889603,0.086110702,0.042525264,0.057441272,0.04735591,0.086628529,0.028179009,0.035445894,0.037694618,0.046637588,0.029961834,0.048782458,0.021141469,0.033880874
T:ACG,0.024432092,0.0004814,0.058936558,0.085718048,0.04374982,0.064869713,0.064742163,0.04871606,0.075818483,0.046823375,0.057414181,0.053929172,0.084142182,0.031504972,0.038433844,0.037417555,0.048057735,0.030097802,0.047736802,0.023720278,0.033257763
T:ACT,0.038199434,0.00123224,0.066733862,0.093286835,0.04472552,0.062074081,0.060595094,0.04955279,0.078831944,0.040448571,0.058103697,0.046512567,0.077330526,0.029813026,0.040469507,0.038618157,0.042421052,0.031941032,0.044529618,0.02229397,0.032286478
T:ATA,0.049603998,0.002317836,0.073264463,0.099265941,0.048197072,0.057333979,0.057869399,0.051335421,0.072956191,0.038044952,0.057989927,0.046261679,0.066375856,0.030043784,0.04488952,0.040186632,0.035972807,0.033787088,0.040944564,0.022629028,0.030729863
T:ATC,0.039235141,0.00123679,0.065662752,0.091512168,0.044529558,0.061517881,0.059666973,0.049977933,0.080921622,0.039751753,0.059056276,0.047364081,0.077828793,0.029356219,0.040386398,0.039558451,0.042028609,0.032081262,0.044084793,0.022075754,0.032166794
T:ATG,0.038937944,0.00117547,0.065844759,0.094087635,0.043928098,0.061015196,0.059962143,0.049931815,0.082372423,0.039381542,0.058479971,0.047104368,0.076292359,0.028914197,0.040886091,0.039156452,0.041499495,0.031836419,0.045426065,0.021919294,0.031848266
T:ATT,0.04852641,0.002274037,0.073974639,0.097104382,0.049193153,0.058159506,0.058271519,0.051564978,0.070969853,0.037641616,0.058378198,0.047237375,0.066151527,0.031050644,0.046051462,0.040504164,0.036501931,0.032881963,0.04050772,0.022973281,0.030081645
T:CCA,0.032503082,0.000637822,0.06046013,0.089229995,0.041423021,0.064620793,0.061499579,0.048094807,0.089012926,0.042053193,0.057102722,0.04660305,0.086379402,0.027762929,0.035523889,0.037275746,0.046280793,0.029911633,0.048888498,0.020962049,0.033773943
T:CCC,0.026658749,0.000272981,0.054879954,0.084020675,0.039339194,0.067262276,0.063474066,0.04739812,0.094014413,0.043909231,0.056545378,0.048069797,0.093346328,0.026021793,0.031093492,0.037108652,0.049446675,0.027567488,0.052900842,0.020547806,0.03612209
T:CCG,0.021961129,0.000169874,0.055576751,0.082751073,0.040430088,0.068615301,0.066643645,0.047024554,0.084040447,0.047250125,0.055908145,0.051583312,0.090896686,0.029766994,0.034389803,0.035798925,0.050410901,0.028366227,0.049762037,0.022924679,0.035729304
T:CCT,0.031049337,0.000562527,0.060101509,0.086880134,0.040749997,0.065093935,0.062596745,0.047583332,0.088299147,0.04137405,0.057326962,0.046612582,0.08808527,0.028074586,0.035061248,0.038219602,0.047406565,0.029779745,0.049337322,0.020897484,0.03490792
T:CTA,0.041320974,0.001304134,0.06698024,0.092816132,0.044754307,0.061439484,0.058499737,0.048923182,0.080694216,0.038986114,0.05885783,0.046056022,0.07732863,0.029513599,0.039503897,0.039741012,0.042051677,0.032146063,0.04442283,0.022337231,0.03232269
T:CTC,0.030508485,0.000512133,0.061235411,0.087382405,0.041537109,0.065443261,0.062610853,0.048572142,0.086056086,0.041220423,0.057079819,0.046589457,0.087588304,0.02890206,0.036473265,0.03758846,0.046397145,0.029956636,0.048139442,0.021708162,0.034498941
T:CTG,0.030274052,0.000636747,0.060298261,0.088894685,0.041569451,0.064904296,0.062567992,0.04765418,0.086566213,0.04196967,0.057857007,0.046785604,0.086825454,0.028892476,0.035942115,0.037370683,0.046913267,0.030522328,0.048319122,0.021370564,0.033865835
T:CTT,0.038766621,0.001138968,0.066738177,0.092044656,0.044551295,0.062289251,0.06076421,0.049655796,0.076865902,0.039580475,0.057964381,0.04696719,0.077787771,0.029936143,0.041163266,0.039873505,0.042719321,0.032032272,0.043893581,0.022538733,0.032728486
T:GCA,0.031477197,0.000660056,0.060708267,0.090507518,0.042499897,0.064091963,0.062274994,0.048187746,0.084175328,0.042447915,0.058051117,0.047568792,0.083718366,0.029563517,0.03660291,0.037513207,0.046520681,0.030702295,0.047823869,0.021660973,0.033243392
T:GCC,0.027373483,0.000344205,0.055682812,0.086979742,0.038978458,0.067096698,0.063354541,0.046542394,0.091384586,0.043694434,0.056448393,0.047575009,0.091030582,0.027896528,0.033259266,0.036485728,0.049786005,0.028496743,0.050914164,0.021021003,0.035655227
T:GCG,0.021269067,0.000225801,0.053245125,0.083428259,0.038810739,0.067177358,0.066014653,0.048813367,0.085965988,0.05035353,0.055590755,0.051506124,0.089447362,0.030799873,0.035656271,0.034672185,0.050545629,0.028140819,0.050609662,0.022721605,0.03500583
T:GCT,0.030365657,0.000592262,0.060048109,0.088825684,0.042083581,0.065092,0.062501279,0.047467369,0.084120553,0.041925568,0.05764382,0.047087684,0.087592278,0.02979954,0.036060922,0.037190881,0.047591278,0.030471377,0.047440086,0.021963719,0.034136354
T:GTA,0.040236008,0.001499018,0.068161763,0.094575427,0.045558831,0.060808293,0.059897553,0.049241013,0.076016358,0.040310088,0.058189369,0.046759353,0.075404114,0.02983221,0.041074849,0.039741419,0.042050954,0.032124314,0.04404674,0.022602932,0.031869394
T:GTC,0.030534651,0.00062904,0.061172504,0.089780721,0.042089985,0.064519194,0.062756571,0.048373833,0.083503425,0.042522451,0.057578458,0.048519626,0.084176695,0.029107844,0.037136295,0.037722744,0.045846206,0.030567414,0.047934816,0.022095031,0.033432495
T:GTG,0.030178126,0.000673597,0.060364764,0.0900383,0.041264515,0.063859201,0.063116299,0.048384704,0.08732081,0.042961882,0.057181592,0.048195027,0.084076844,0.02824731,0.036579731,0.037008937,0.04608426,0.030241352,0.049669889,0.02115387,0.033398991
T:GTT,0.038865022,0.001374186,0.069113048,0.091852636,0.046554087,0.061041477,0.060825432,0.049938197,0.075181779,0.040441085,0.058647277,0.04754931,0.075192404,0.030683657,0.042512989,0.039344924,0.041135262,0.03269004,0.042681221,0.02280511,0.031570857
T:TCA,0.037752376,0.001132791,0.065096727,0.092784734,0.04340476,0.062333596,0.060504237,0.049499154,0.080859764,0.039680088,0.058234026,0.04703918,0.079156528,0.029420171,0.040403269,0.038923351,0.04258207,0.031653354,0.044978403,0.021887515,0.032673908
T:TCC,0.031709538,0.000612444,0.061974756,0.086546754,0.04248244,0.064597021,0.062609034,0.048628715,0.086362257,0.04151301,0.0572597,0.047068675,0.085670119,0.028473737,0.036639658,0.038128738,0.045833961,0.030383121,0.047959502,0.021479211,0.034067611
T:TCG,0.02793613,0.000482146,0.058607124,0.085149486,0.043247317,0.064089007,0.064040387,0.04941798,0.07772281,0.045937613,0.058165494,0.051532942,0.084873973,0.031817611,0.03697131,0.036598558,0.048883163,0.029540583,0.046780356,0.023681897,0.034524113
T:TCT,0.036860245,0.000969379,0.06601611,0.091154415,0.043891223,0.063082149,0.060631884,0.049893229,0.080133687,0.039506173,0.058242206,0.046485504,0.079557621,0.029559111,0.040551036,0.039366129,0.042401398,0.031957729,0.044709633,0.022538065,0.032493072
T:TTA,0.046223274,0.002573426,0.076094253,0.095776477,0.05031408,0.057618936,0.059619518,0.050860687,0.064829776,0.037910475,0.058867387,0.048125466,0.0661307,0.032396303,0.047012574,0.041148574,0.037269851,0.03355511,0.039753633,0.023775218,0.030144282
T:TTC,0.039629238,0.001178683,0.067612723,0.091218242,0.04512445,0.061673798,0.060537211,0.05051044,0.077328895,0.039442651,0.058384635,0.046897026,0.076208236,0.030053007,0.042207323,0.039867023,0.0414587,0.032392169,0.043408761,0.022643004,0.032223786
T:TTG,0.040740477,0.001267621,0.067251014,0.094313226,0.045438616,0.061712357,0.059821876,0.049697331,0.078012107,0.040020424,0.057784921,0.046937585,0.075903967,0.029698755,0.040982776,0.039223712,0.041578257,0.031886292,0.043497485,0.02221486,0.032016339
T:TTT,0.046396304,0.00206186,0.074844193,0.095182542,0.048681699,0.058606209,0.060056406,0.051157266,0.06652224,0.038534767,0.058259229,0.047969946,0.066532249,0.032284684,0.046842262,0.040254096,0.037446007,0.033674827,0.040073933,0.024011664,0.030607615
U:ACA,0.038274419,0.000688793,0.062667542,0.082140553,0.048224668,0.059008115,0.064362592,0.051526519,0.079658148,0.051154043,0.060572512,0.047167984,0.071947335,0.037401108,0.032116542,0.033099877,0.035946735,0.030227806,0.048639548,0.033417341,0.03175782
U:ACC,0.035159649,0.000614644,0.059604675,0.081326884,0.044660783,0.06253285,0.06538635,0.048868509,0.084108579,0.055388332,0.05982296,0.046012138,0.079564809,0.034586652,0.02902039,0.031497635,0.037227611,0.028471805,0.052158578,0.030990697,0.032995471
U:ACG,0.027918813,0.000474851,0.05995706,0.077067936,0.04466036,0.062339433,0.072043443,0.045654706,0.075412045,0.059965178,0.057797908,0.051145934,0.076154761,0.040049839,0.030650221,0.030650221,0.039193484,0.029396127,0.050861835,0.034842711,0.033763135
U:ACT,0.041241391,0.000841511,0.062141368,0.080827613,0.050198943,0.059489288,0.063985656,0.05123104,0.077477694,0.050756041,0.060053716,0.047401723,0.07189645,0.037850422,0.03129279,0.033465473,0.035815548,0.031253207,0.047189147,0.033582757,0.032008222
U:ATA,0.054153893,0.001125851,0.063829883,0.08138231,0.055655028,0.053559317,0.061218723,0.053161426,0.070214228,0.0442247,0.062642992,0.048590199,0.063452339,0.040171184,0.034322635,0.035265366,0.033483899,0.031729561,0.04410488,0.035726558,0.031985025
U:ATC,0.043082796,0.000775135,0.062702259,0.08182115,0.049643823,0.058543649,0.06331835,0.051860409,0.078502967,0.050043947,0.060487348,0.046789382,0.071737693,0.03740405,0.031291697,0.033362631,0.035589262,0.029793325,0.04686472,0.033776148,0.03260926
U:ATG,0.042594526,0.000719765,0.062316087,0.082355382,0.048530318,0.05793006,0.062759618,0.052136924,0.080770602,0.050212363,0.061364182,0.046439757,0.071558907,0.036932375,0.032228613,0.033215534,0.035460423,0.029793084,0.047914303,0.032635831,0.032131347
U:ATT,0.053048806,0.001025645,0.064905462,0.079965972,0.05703304,0.054642156,0.061936582,0.052810403,0.068188211,0.043485271,0.060763436,0.049001111,0.062305333,0.040626158,0.035160055,0.035264678,0.033717636,0.032179169,0.043423526,0.038297018,0.032220332
U:CCA,0.035749449,0.000625154,0.059244347,0.082136077,0.044145059,0.062265926,0.064065873,0.050126082,0.086710982,0.054978196,0.059221406,0.045443162,0.079111631,0.034269726,0.028541058,0.031713668,0.037188068,0.028585985,0.052073237,0.030915497,0.032889417
U:CCC,0.029856601,0.000393501,0.056561572,0.081282138,0.041572315,0.065928349,0.065323612,0.047470005,0.092249475,0.057954518,0.058446998,0.045322647,0.086056056,0.032037757,0.025305989,0.030916399,0.038050117,0.027020013,0.05663641,0.027382131,0.034233397
U:CCG,0.02576668,0.000258948,0.056497914,0.079276951,0.041982926,0.066485496,0.072641767,0.042915694,0.080499296,0.061693573,0.056386539,0.049503545,0.083214069,0.03643922,0.028303253,0.030901082,0.03973036,0.027275815,0.053939067,0.031268621,0.035019184
U:CCT,0.034270866,0.000589608,0.06036273,0.081999131,0.044093799,0.063707717,0.064969227,0.049541625,0.085117568,0.055233428,0.059203845,0.045022263,0.081250744,0.034413185,0.027970092,0.032173835,0.037300233,0.028501611,0.05240931,0.028933409,0.032935775
U:CTA,0.044579577,0.000913808,0.062926938,0.081836825,0.050567985,0.05905809,0.062217254,0.050617829,0.078105641,0.04891601,0.060311312,0.046867657,0.072625168,0.037451877,0.031048102,0.033554546,0.035223135,0.030746664,0.045607314,0.033761043,0.033063226
U:CTC,0.033521587,0.000529591,0.061126148,0.081666063,0.044793141,0.06214214,0.065881158,0.049631446,0.0835366,0.054731975,0.058650951,0.046345923,0.080410469,0.035373614,0.02846219,0.031654135,0.036869838,0.02921493,0.052128237,0.030545592,0.032784272
U:CTG,0.033466901,0.00057221,0.060484636,0.082263441,0.044283131,0.062560541,0.065344932,0.04981862,0.083780299,0.055172921,0.059188454,0.046417883,0.078870448,0.035156428,0.028450969,0.032283766,0.037425135,0.029244629,0.051542991,0.030954289,0.032717376
U:CTT,0.041457285,0.000783318,0.063504182,0.081035235,0.050297588,0.05969322,0.064151543,0.051107051,0.075716203,0.050110386,0.059743419,0.047456099,0.073377753,0.038665996,0.032401544,0.033932622,0.035562007,0.030893474,0.046236675,0.032026095,0.031848306
U:GCA,0.035269468,0.000589204,0.060817662,0.082324226,0.044039135,0.061998471,0.065087295,0.049459576,0.081849022,0.054960418,0.058752447,0.046903556,0.07756619,0.036239075,0.029684626,0.032466247,0.037669486,0.029642625,0.050106381,0.03153504,0.033039851
U:GCC,0.030844624,0.000472268,0.056786247,0.082634642,0.040773293,0.065731126,0.066107714,0.047512619,0.088450286,0.058578412,0.058571052,0.045629681,0.083349791,0.034046233,0.027223493,0.03166036,0.038295419,0.027542427,0.053317223,0.028593684,0.033879406
U:GCG,0.025735603,0.000218355,0.055179874,0.077898825,0.040630742,0.06557691,0.072067079,0.041705719,0.080818057,0.06437428,0.055441899,0.050930358,0.080005106,0.039243351,0.029346851,0.030270659,0.039491939,0.027435409,0.05193143,0.035480934,0.036216621
U:GCT,0.033714704,0.000535422,0.06055233,0.081853125,0.043989179,0.062111255,0.0665175,0.048564504,0.08176633,0.055157527,0.058647354,0.047510568,0.080155554,0.036385053,0.029122471,0.032100547,0.037434481,0.029606042,0.050124556,0.031061264,0.033090233
U:GTA,0.043339062,0.000938206,0.062894387,0.081420712,0.050064313,0.058750284,0.063975269,0.050557195,0.075380741,0.04941146,0.061601652,0.047664754,0.071042079,0.038323768,0.032201649,0.033608958,0.035630209,0.030993223,0.045710518,0.033799194,0.03269237
U:GTC,0.033325822,0.000547248,0.060705951,0.080431039,0.04611856,0.062057976,0.066543804,0.049303868,0.082034155,0.055811296,0.059072253,0.047037615,0.077049365,0.036424214,0.029847575,0.03185308,0.037396385,0.029223068,0.051496081,0.031811231,0.031909414
U:GTG,0.033335303,0.000580069,0.059391397,0.081209728,0.04348471,0.062093966,0.065681714,0.05004034,0.085903347,0.055795208,0.059784542,0.046334407,0.077431438,0.035120132,0.02949189,0.031317723,0.037144949,0.028964883,0.052439005,0.03190744,0.032547807
U:GTT,0.04187042,0.000787838,0.063857798,0.081169639,0.052344033,0.05769069,0.064472277,0.050715148,0.072681928,0.049331711,0.059846517,0.048693201,0.070143338,0.039292353,0.032866066,0.034070995,0.035682716,0.031286957,0.045960656,0.03487943,0.032356288
U:TCA,0.04114695,0.000729857,0.062044617,0.081153287,0.04897622,0.059056165,0.064319055,0.051713466,0.078874323,0.051036793,0.061042054,0.04693149,0.072525135,0.037296248,0.031293318,0.033151341,0.035533276,0.030204756,0.048290494,0.032667033,0.032014122
U:TCC,0.034932612,0.000582409,0.061309878,0.081080379,0.045847903,0.062254939,0.065570771,0.049907442,0.083049526,0.054448714,0.058158593,0.04595724,0.079020298,0.03525954,0.028638701,0.032162382,0.037254668,0.029010014,0.051966441,0.030824357,0.032763194
U:TCG,0.031277001,0.000380012,0.060269929,0.077890492,0.046729495,0.061781977,0.07220231,0.04529745,0.075650421,0.05842587,0.056529809,0.050533617,0.077294473,0.038333227,0.030084963,0.031285001,0.039109251,0.028896925,0.050229607,0.0343851,0.033413069
U:TCT,0.039262358,0.000704041,0.063767817,0.081907971,0.049342686,0.05936997,0.063728275,0.0515744,0.078478422,0.050478796,0.059530067,0.047291322,0.073760381,0.037453068,0.031270042,0.033250038,0.035480788,0.030464735,0.047993434,0.032836293,0.032055097
U:TTA,0.050372076,0.001057094,0.065420482,0.079631587,0.058493903,0.055427286,0.062552724,0.050945628,0.064128944,0.043592025,0.061566801,0.050369983,0.063873567,0.04290753,0.036158878,0.035750693,0.033582082,0.033113193,0.041306191,0.037682767,0.032066565
U:TTC,0.042187597,0.000760876,0.064235264,0.080596323,0.051568781,0.058405576,0.064611265,0.051742917,0.074768853,0.049237349,0.059467032,0.048001757,0.070891268,0.038281174,0.032270695,0.034112991,0.035425115,0.030976317,0.046839369,0.0335928,0.032026682
U:TTG,0.04412928,0.000821934,0.062779938,0.081730091,0.050454951,0.058497015,0.06328626,0.051507887,0.075984609,0.049536319,0.059705742,0.047109464,0.071216852,0.038511386,0.03261817,0.033771833,0.035619842,0.030721811,0.046206947,0.033625442,0.032164226
U:TTT,0.049926206,0.000916321,0.066229919,0.081184103,0.057647509,0.054998354,0.064118028,0.051686646,0.065121415,0.044215925,0.060364617,0.050452851,0.063790998,0.041945828,0.036127244,0.035665368,0.033724424,0.032552213,0.041510496,0.036577441,0.031244094