,X,Y,1,2,3,4,5,6,7,8,9,10,11,12,13,14,15,16,17,18,19
ACA, 0.037139546331418784, 0.0009648338284070898, 0.06410463038286857, 0.08652581695364919, 0.04618527322662613, 0.059700049225100756, 0.06280762273358294, 0.0517420823255664, 0.0807712333100411, 0.046860547638806864, 0.05864397686365631, 0.047041932027839226, 0.07323667876442265, 0.03487114879147187, 0.03637849677141251, 0.0369226499385096, 0.03856712888726687, 0.03114566641553306, 0.04756259263852549, 0.02731364802796379, 0.03151444491733078
ACC, 0.033787893011808214, 0.0006489822407438398, 0.06039276350787826, 0.08410510519090554, 0.043032828705423284, 0.06294651542795413, 0.06337644915557479, 0.049447820875459354, 0.08512959916843198, 0.0501498645572703, 0.05809003302054294, 0.04640495131272645, 0.0820384300888303, 0.03251169732665576, 0.032185165381627405, 0.03531987205389954, 0.041457312070661514, 0.029309643440721525, 0.05082061559434937, 0.025667451703884507, 0.03317700616465101
ACG, 0.0263960040486929, 0.00047894020421855186, 0.05954564668561744, 0.08058993023373058, 0.044700439384009215, 0.06292149646514983, 0.06846130279491665, 0.0475178487634811, 0.07562601556652615, 0.05486483027677702, 0.05720911653953099, 0.05213079915148083, 0.07933343933359445, 0.0363025040622661, 0.034493389849570115, 0.034613609657916475, 0.043244228479684794, 0.02967296334071457, 0.049724463955386815, 0.0288372417697907, 0.03333578943694471
ACT, 0.03993663928754771, 0.0010636843514943196, 0.0644174218244314, 0.08592825815235587, 0.047459852018838025, 0.060188491842064144, 0.06181296453362498, 0.05197824364439881, 0.0783987679396469, 0.04641151262192264, 0.05840987210677857, 0.046527297279200054, 0.07353581233399549, 0.035417550164051514, 0.03590370622502957, 0.0371278151016673, 0.038522113474544116, 0.03157642903377006, 0.04598673637926032, 0.027570698390732763, 0.031826133294645446
ATA, 0.05224186825935634, 0.001779959609848322, 0.0688447986937653, 0.08927834830060585, 0.05166072272590556, 0.055228161388733724, 0.05880311949469342, 0.05401108580758819, 0.07238538220255232, 0.041367679285008375, 0.059896661367249596, 0.04716839255789971, 0.0639399733596872, 0.035959051261118036, 0.03981008035062089, 0.038360976238559705, 0.03410926825076269, 0.03271065182829889, 0.0426835818330254, 0.028722124350105273, 0.03103811283461522
ATC, 0.04159329435796295, 0.0010429540171739229, 0.06436779217120134, 0.08561267745426371, 0.04712183111668918, 0.059508410867853, 0.061049229350631055, 0.052393431390754766, 0.08005612581403242, 0.04556020157907881, 0.05918904121869537, 0.04679445721567296, 0.07382161404137878, 0.03443028936971319, 0.03578540920937202, 0.03713332522235812, 0.03826912856109165, 0.030886807071916603, 0.04572108704143641, 0.02754743319651399, 0.03211545973220975
ATG, 0.041164409365176416, 0.0009998826573780718, 0.06421111790463133, 0.0870324050914346, 0.0461619698738258, 0.059036308277595595, 0.06102001618092997, 0.05218164637874493, 0.08190082695668822, 0.04553573082837715, 0.059356838913283805, 0.046436181053489706, 0.07307233863845503, 0.034042329806878754, 0.03665721749763771, 0.03678876475274674, 0.03800665764981256, 0.030845669748454475, 0.04695310618272099, 0.02690234005891835, 0.031694242182819805
ATT, 0.05111722289254959, 0.0016815145770908814, 0.06947854182336878, 0.08731654060775679, 0.052878301817922316, 0.056134698340386126, 0.05949116548646217, 0.05393068386787725, 0.0705136986020462, 0.04075499184260367, 0.059113029769370024, 0.04791824394101083, 0.06341032482760374, 0.03668162531097766, 0.04076811585881512, 0.03856164063326659, 0.03447104883036307, 0.03249998564560727, 0.04210840601440853, 0.03027792565080766, 0.030892293659705743
CCA, 0.034368800715259946, 0.000640625698848997, 0.059874558440379116, 0.08468095891456863, 0.04276425019460474, 0.06290465474657109, 0.062470944823513945, 0.05027059433168238, 0.08782264516971386, 0.04968056812385671, 0.057607068748895957, 0.04575820400720862, 0.08171637087800508, 0.032261693339073964, 0.031976167639728006, 0.035149026795592966, 0.041321261138100016, 0.02937255275787556, 0.05073367003077985, 0.02555861612199176, 0.0330667673837488
CCC, 0.028510917267897663, 0.0003238268635896321, 0.05578427243123774, 0.08201934355992156, 0.040614229360000365, 0.06585234400829722, 0.06423773873739226, 0.04826831886302802, 0.09272940755535627, 0.052563553852633865, 0.05690860835971504, 0.04654105354692319, 0.0885360761242227, 0.029902466971924443, 0.028156519336766352, 0.03454190953681435, 0.04334920764321979, 0.02744376055834092, 0.05512869287173286, 0.02362690616267431, 0.03496084638831144
CCG, 0.02397696526893154, 0.00021976691547264364, 0.05616558055312832, 0.08082421805089117, 0.04167149188836367, 0.06661306284017814, 0.06943186962426437, 0.0452864602524556, 0.08197569141040353, 0.05618926800509543, 0.055802372956299286, 0.0502345057744744, 0.08620258561697916, 0.033698032362323264, 0.031234537357743692, 0.0337414593575963, 0.044656110836219697, 0.02791039826502574, 0.052147925505595515, 0.026733921483992545, 0.035283775674566
CCT, 0.032897654292537236, 0.0005839249858379829, 0.060172276233243144, 0.08360272535051566, 0.042425455456898346, 0.06375616173987611, 0.0635335173859992, 0.04957073250451486, 0.08662472077643661, 0.049723599658826216, 0.057677282288251454, 0.04554798513745649, 0.08354580184560693, 0.03239636020092161, 0.03143095592009042, 0.03592148596055201, 0.04183510362373196, 0.02925914058361282, 0.05125135308089288, 0.024599676270518858, 0.03364408670367919
CTA, 0.043307099910278764, 0.0011392457787679261, 0.0651520251444602, 0.08641269290909562, 0.0475252362077525, 0.059876821864513055, 0.05990158807709497, 0.05097336844131589, 0.07950066812487125, 0.04478969545438683, 0.05900550147640399, 0.046206998256233485, 0.07395303650652309, 0.03462203945257664, 0.035378534673260485, 0.03727652714658333, 0.03812871000678819, 0.031503748141126886, 0.0452264813853769, 0.027706637457545646, 0.03241334358504436
CTC, 0.03232049497838091, 0.0005353392406599451, 0.0611324137634055, 0.08358387601269156, 0.043311587011710916, 0.06320330559747578, 0.06395052956501485, 0.05024212601122352, 0.08482239851553462, 0.049241912658473136, 0.057250470256864965, 0.046096916954888614, 0.08282001444535135, 0.03323800967329626, 0.032388024059926676, 0.03554280658692363, 0.04108899941474796, 0.02966288308073542, 0.050509306290382874, 0.025762833950881893, 0.0332957519314296
CTG, 0.032046146215230116, 0.0006213913798675811, 0.06026650704139386, 0.0845614392453882, 0.04299918042521554, 0.06308740329366846, 0.06368048275859534, 0.05013782754955229, 0.08499898702174466, 0.049963543813423744, 0.05789198305844425, 0.046239240093495504, 0.08162619227172967, 0.03345144672046911, 0.03209651936259217, 0.035816778523243165, 0.04164057619526838, 0.02999371622563199, 0.05014040136000144, 0.02578994838774675, 0.0329502890572978
CTT, 0.04044124620755683, 0.0009828654946823433, 0.06510972253143024, 0.0855607125350542, 0.04740865939941877, 0.06048790860798491, 0.06207526882793914, 0.05131166869496028, 0.07662657001406661, 0.04577188136129617, 0.058329997214632064, 0.04686955592849091, 0.07469428340669466, 0.03520944669015427, 0.03683574216078661, 0.03783308358200313, 0.0386327537305461, 0.031521080443222924, 0.045346089453239265, 0.026910747427028852, 0.03204071628881171
GCA, 0.03358896647758688, 0.0006405049408755919, 0.06063522617901829, 0.08537771588884566, 0.04342748642197785, 0.062294509405069885, 0.0635658491411773, 0.04993492560813839, 0.0828071636438929, 0.05008851027424533, 0.057806992994263895, 0.04696960388808115, 0.07949599200904671, 0.03399454376252853, 0.033214106125866616, 0.03607590040432585, 0.0415639924732137, 0.030277226010643987, 0.049154487971476486, 0.02627435454621988, 0.03281194183350512
GCC, 0.029363798826813833, 0.0004103142231461204, 0.056305644164394215, 0.08417286671327312, 0.040022130346816794, 0.06568673521827095, 0.06463809012329104, 0.04772897732796896, 0.08949074738533193, 0.052768492497442046, 0.05703078340501776, 0.0463695582727218, 0.08604619131175548, 0.03200798174014898, 0.030132342251832235, 0.03458271795845236, 0.04365940099910645, 0.028279851661859413, 0.052292203914015734, 0.02447995999870366, 0.034531211659637115
GCG, 0.023546933052371412, 0.00022339641773545745, 0.05432177006012691, 0.08039577606489587, 0.04034285804821243, 0.0654171254743213, 0.06880134354724993, 0.045599803537902134, 0.08282778671187407, 0.059111325881504834, 0.05523753693566658, 0.05088209897570366, 0.08401606552961587, 0.03559132714900224, 0.0323243525860908, 0.03296443877591438, 0.044636505509652785, 0.0279213834734182, 0.051652103649600344, 0.02873733492826757, 0.03544873369087323
GCT, 0.032303972757501354, 0.0005793092538774708, 0.06024549031260254, 0.08452731250741505, 0.0432055682093893, 0.06300950088553084, 0.0643434085402155, 0.048875744578060855, 0.08269853366353248, 0.049916791097021476, 0.0575691243131391, 0.04698230114034141, 0.08267288159325009, 0.03417710830624724, 0.03252575628181792, 0.03558530008112467, 0.04206405108182262, 0.030201571830606552, 0.04906065325134647, 0.026155492161689275, 0.033300128153467785
GTA, 0.04203808866181534, 0.0012478344744496158, 0.06561888184605738, 0.08688534163310593, 0.04769842156110444, 0.05936229306488842, 0.061477874501455296, 0.05139889620947227, 0.0759498858200721, 0.04548756212279388, 0.0593202887845498, 0.04688292382574985, 0.0721971619449416, 0.03537272651832667, 0.03682443542661493, 0.037558998085219515, 0.038378593799143726, 0.03151345520038603, 0.04514435641758811, 0.027734094464552998, 0.031907885637712054
GTC, 0.032159620812369616, 0.0006128052521781813, 0.0610082525463247, 0.0840432875199411, 0.04422398453798012, 0.06263651981838263, 0.06428856301386673, 0.05002070806233894, 0.08278009571726593, 0.050435636274389496, 0.05764741072524236, 0.04730795189593815, 0.07969996318566695, 0.03414299300527672, 0.03337142594183335, 0.03561863418824396, 0.04108172781936434, 0.02989860719106639, 0.05005215363848325, 0.026557706467051172, 0.03241195238679592
GTG, 0.03199241160202052, 0.0006474137733994651, 0.05976606249000023, 0.08462320861237457, 0.042524742291604765, 0.06233971794930401, 0.06409967772165208, 0.05032513542547599, 0.08654716463623689, 0.05058284382071267, 0.05782610683184383, 0.04686521450938264, 0.07952389659664921, 0.03327181093003589, 0.03301010262622569, 0.03522433772942333, 0.041123631459852344, 0.029642179607323262, 0.05126225686270028, 0.02612568855569015, 0.03267639596809215
GTT, 0.04064606586987181, 0.001094901602597537, 0.06638241389251893, 0.085459000329374, 0.049441419478734844, 0.05885198786655178, 0.062257435761802635, 0.05162875853928791, 0.0744812359492419, 0.04559817521875444, 0.05870003228029481, 0.04792432776080712, 0.07178874723707782, 0.03589108809234957, 0.03773426828456928, 0.037545350528682235, 0.037806549860734756, 0.032045379687727166, 0.044508201905440914, 0.028475655483009312, 0.031739004370571214
TCA, 0.03979835170299521, 0.000970190557316372, 0.06362017823400455, 0.08591402219925715, 0.04620971682326641, 0.06013992363870643, 0.062008959263887505, 0.051935732847895745, 0.08020638304312294, 0.04618431350505256, 0.05902271813342904, 0.046555634347880605, 0.07483979694641305, 0.034698770695596896, 0.035818678681535356, 0.03691210235699553, 0.03846765022549499, 0.030928269677302188, 0.046881553515603046, 0.026862657770820992, 0.03202439583342342
TCC, 0.03356920208462527, 0.0006093504232084995, 0.06157468059154733, 0.082927099717861, 0.04425003182790753, 0.06279594820470068, 0.06373384477016143, 0.05042413253551378, 0.08474334386049931, 0.04918797767528963, 0.05709567263662386, 0.04624646299543732, 0.08133673104802112, 0.033007593522712805, 0.03258048353778486, 0.035904959814699974, 0.04096867723216303, 0.029724698866926493, 0.05038922450789948, 0.02579959917370645, 0.03313028497271014
TCG, 0.029926478598143524, 0.0004338278716251727, 0.0595414420285562, 0.08093278725807407, 0.0454563697207257, 0.0622533440102131, 0.06795235155728917, 0.0476427093028367, 0.07666522057376125, 0.05353091931374929, 0.05699007547076058, 0.05063745941224924, 0.08045882553048357, 0.0355910856972493, 0.03336078998717628, 0.034539960898157474, 0.04351274441040499, 0.02915820192680731, 0.04900343813366103, 0.028577216583309285, 0.03383475171476678
TCT, 0.03835640213476808, 0.0008696382692536714, 0.06492699008224637, 0.08548350318359615, 0.04661750410123993, 0.06076528167694323, 0.061749856214267054, 0.05208967059911798, 0.07959082688567026, 0.045870649154502965, 0.058325770926940225, 0.046512261253368464, 0.0757065349346248, 0.03450026726144262, 0.03586334677795328, 0.0372356581232246, 0.0384214865275307, 0.031228507148666602, 0.04661796569267796, 0.027305903108264425, 0.031961975943700614
TTA, 0.048646393491616806, 0.0018322879831192823, 0.0706980345276468, 0.08658688976385849, 0.054182370320745674, 0.056354639489566885, 0.06057181024436524, 0.052513554117182185, 0.06532653237242682, 0.04104746297815495, 0.05974743108611453, 0.04896631679025668, 0.06419526754212657, 0.038227324057229166, 0.041806654003453965, 0.03910585951054744, 0.03484255561550635, 0.03329609252302144, 0.040668368912682, 0.03038368732161016, 0.031000467348768546
TTC, 0.04117444594176774, 0.000999688691107862, 0.0658590666991234, 0.0849565679016667, 0.04833773249391304, 0.059568187519324224, 0.06208623627549405, 0.05218321933700222, 0.07655334916925075, 0.04517532206151188, 0.05842848937757844, 0.04713333301513003, 0.07273597028405478, 0.03508986856612822, 0.0372955477525036, 0.03784656979497631, 0.03788528452943301, 0.03168615396690792, 0.0454150352118465, 0.02771815885451056, 0.03187177255676879
TTG, 0.042792277142875416, 0.0010648026757563937, 0.06507894888307635, 0.08688150313045591, 0.047895016211860555, 0.05953366119449756, 0.06116124246164472, 0.05180760646427956, 0.0773890910486228, 0.0454936143815511, 0.05817851592727366, 0.0468161440713194, 0.07270715688092756, 0.03511738410278384, 0.03688757858115843, 0.03739088170777722, 0.03806109984843349, 0.031364674132009954, 0.045035077733792936, 0.027565279118995697, 0.03177844430090748
TTT, 0.048352283254061296, 0.0015087120978192576, 0.0704664502954391, 0.08695254957543229, 0.053153519622189095, 0.05646748026195243, 0.06161425049010175, 0.05291976111718191, 0.06674621941553228, 0.04171925807704537, 0.058767296470603844, 0.04902140421490062, 0.0644152694321965, 0.03765808684485734, 0.04166821910215298, 0.038717655963623504, 0.03504131860212414, 0.03315951159784145, 0.04104503321871681, 0.02995120163610538, 0.030654518710122612
