 ,I,II,III,IV,V,VI,VII,VIII,IX,X,XI,XII,XIII,XIV,XV,XVI
B:AA,0.026257353227628656,0.05411196384744244,0.031010167906813667,0.14285714285714285,0.07990182710662667,0.022322645993221396,0.09045930889399664,0.050800576570961084,0.04098328723362811,0.06583817055592349,0.049592894152479645,0.08718687911488567,0.04885270170244264,0.07627877985118237,0.0929136312283299,0.04063266975729479
B:AG,0.03060321952945339,0.051064331623326846,0.03496668435638894,0.13662362167580636,0.07889616133026711,0.021109735243823338,0.09918037620142697,0.04994398254614069,0.03868152603337461,0.06692611592664661,0.05188985199599033,0.09275311044283271,0.047585352909959314,0.06834129370835544,0.08656170764785659,0.04487292882835073
B:CC,0.0366000481579581,0.046231639778473395,0.03764347058351392,0.1372501805923429,0.08090536961232844,0.023918452524279637,0.0935067019825026,0.05666586403403162,0.03860662974556545,0.0663777189180512,0.049763223372662334,0.09318564892848544,0.0447869010353961,0.06445140059394815,0.08580142868609038,0.044305321454370335
B:GA,0.03154907634097485,0.050022256843979526,0.032828844869797466,0.13359670598709103,0.07890051190741153,0.024371244157578454,0.0973736924104162,0.05146895170264856,0.03828177164478077,0.0672713109281104,0.05102381482305809,0.09236590251502337,0.04657244602715335,0.06944135321611396,0.09119741820609838,0.04373469841976408
N:AA,0.024143070044709388,0.05959053040482764,0.028169358188170335,0.11637756223888984,0.05284136717891085,0.02399892502015587,0.08826806088294935,0.04511006327722264,0.0361730717549046,0.0541655468959957,0.052992841611492515,0.08174733087390976,0.06628350150252865,0.059277808995626784,0.08794923163372505,0.12291172949598105
N:AG,0.024038648949965827,0.058576340252132944,0.02730010888858281,0.11211365992978116,0.05224053202077979,0.024589588796170448,0.0862090920667261,0.044358453938050456,0.037409335311865737,0.054509260727084674,0.0514349124343485,0.08330366400985455,0.06532275459528011,0.058981748818208043,0.08653653744701752,0.13307536181415136
N:CC,0.024612770349018247,0.056956788640670455,0.026094073896139713,0.10959422069198672,0.05262853533331554,0.024292488500991985,0.08571987793702902,0.04292221599451962,0.03841157996814975,0.05401197498242898,0.050711292604158326,0.08551080506401189,0.06522628802234856,0.05793987597975107,0.08447433741692689,0.1408928746185532
N:GA,0.024198679503092634,0.05720849457094281,0.027111386938971346,0.11142866083255974,0.05214189604998279,0.02428733845816862,0.08636686032563913,0.043815777121817404,0.036634401760662544,0.05418365963305623,0.051221407486987995,0.08382964964067047,0.0648696713360383,0.058986888905114054,0.0851204197219238,0.13859480771437213
Q:AC,0.019984487680908297,0.06714303788416369,0.026808650750430048,0.12548240247631307,0.04818170316462311,0.022463786907571254,0.08975613282757201,0.04722848923056854,0.036903445636551235,0.062341605784350475,0.05458544623849837,0.08915575735715346,0.07641035191904047,0.06577883393567338,0.09017969615028876,0.07759617205629385
Q:AT,0.018319420865736038,0.06711252047949826,0.026256384784752132,0.12878824384132373,0.04754394288722005,0.022105811358800808,0.09146829662468214,0.0461993387253412,0.035282190805909955,0.06162753630709239,0.05566531495800313,0.08891530939795834,0.07693155955549295,0.06412955645669466,0.09065931010964408,0.07899526284185009
Q:CA,0.01971352043489484,0.06760153552433504,0.02653622717990528,0.12640728709551277,0.047791533658601414,0.022394554102441556,0.09020885993452042,0.047013292713160064,0.036664221618485586,0.06209250971842757,0.05496310703432694,0.08907344601001362,0.07641137637470065,0.06531090022925522,0.08983187950938873,0.07798574886203027
Q:CG,0.019994637237330474,0.06673534766225885,0.026619060387530164,0.12323628614572602,0.0493091914929649,0.02328285750575086,0.08919403322090348,0.04691852834502321,0.03735869825992464,0.06204151907308881,0.05464372909580999,0.09103430756855163,0.07614558489394431,0.06635430926205563,0.09039077604820842,0.0767411338009286
Q:GC,0.019707579209266253,0.06816449277123608,0.026111050960410283,0.1244169371606856,0.0488789505200335,0.02275243223655282,0.08965081413359789,0.04701845251642298,0.037923666551030015,0.061489238057569374,0.05500180083832891,0.08974582768960176,0.07561090402084111,0.06551295167345388,0.08991154900821315,0.07810335265275639
Q:TA,0.018288438154046443,0.06698000623816218,0.02633589339071237,0.12823152622514342,0.04799881565326667,0.021969179862489207,0.09121391019758701,0.04637146899678599,0.03568974635994196,0.061596201049638595,0.055424714875304565,0.08855704076051334,0.07674182597335671,0.06422933834797193,0.09115740510534809,0.07921448880973153
T:AA,0.015779247953800965,0.07224896263382778,0.025341514193845463,0.13076520431817198,0.04449228419963084,0.021210415772950946,0.0938332631479521,0.04727346192344677,0.03564892616366706,0.06608052034260961,0.05661270919507207,0.09302252360393405,0.08133632965876786,0.06607396096118552,0.09220784843106156,0.05807282750007543
T:AG,0.017651435180409826,0.07163282907976834,0.0262478135966308,0.1300693284641737,0.04568129097105937,0.021206741035471856,0.09079417193195759,0.0476235413918803,0.03772135619555938,0.06555808426074876,0.05590828188747238,0.0922426298729088,0.08013703289974695,0.06726989819096382,0.09200341484932746,0.058252150191920676
T:CC,0.01695610482252049,0.07173067990122974,0.02627082501419347,0.12909403548231996,0.0455006016945239,0.022685105955281736,0.09150374734806195,0.04809209865073738,0.0363026890176488,0.06351612351172285,0.056887976160401164,0.09143040309458421,0.0810725646312278,0.0685116821097067,0.09154177770171706,0.058903584904122765
T:GA,0.017535853976531943,0.07173529040669555,0.0262753921857257,0.1301762207175001,0.04569541994364302,0.02141565378306767,0.09090297346174875,0.04758800521512386,0.03663834798334525,0.06529208899356521,0.056146696387265,0.09167052193296042,0.08083652268999453,0.06773142112125163,0.09251797956007907,0.05784161164150229
U:AA,0.015612036353870162,0.0706979539715994,0.024115439412379605,0.13596459261640637,0.04442496448179361,0.02116615531764708,0.09123211984037524,0.04634589291722536,0.03569492381681691,0.06349447233873037,0.05764482592334857,0.09148970795697679,0.08280759066253061,0.06634691128884913,0.09242720889298013,0.06053520420847065
U:AG,0.016173449236711754,0.07067799128188218,0.024369784438558285,0.1341995890961928,0.04499469158661772,0.02203988013493878,0.09126122829076336,0.0469966700123561,0.03591422473611931,0.06388394685064334,0.057374346412925714,0.0917032941150893,0.08167166104421746,0.06768317649659211,0.091484072948108,0.05957199331828377
U:CC,0.019173291888337617,0.07128638890549345,0.027174367864187938,0.12813975730766933,0.046993245262717434,0.02188714208858868,0.09003526809731603,0.04826648335226254,0.038047701596030846,0.06406240659931856,0.0548000478211489,0.09149979078247356,0.08074899874469484,0.0684499970111782,0.09221710801602008,0.057218004662562015
U:GA,0.01639746056604104,0.07011295038109017,0.024939164036675055,0.13468103493551944,0.04476476495593869,0.022407051083110918,0.09154280639601228,0.04673188727561516,0.03575674527198331,0.0642290901740967,0.05737121794473914,0.09246588968518085,0.08156873230425461,0.06686783516278892,0.09136773887565272,0.05879563095130099
