 ,X,Y,1,2,3,4,5,6,7,8,9,10,11,12,13,14,15,16,17,18,19
AACAA,0.06975195477337308,0.04309260220000681,0.07323166916147975,0.06566348011976827,0.0618435913923127,0.05626918278376289,0.05321339255333876,0.05525400733393105,0.050130433226338846,0.04523697705418855,0.04333514029388338,0.04807092945479386,0.04120775690644904,0.04321714878875424,0.04400669136035667,0.04635901761721848,0.036883644246986924,0.03607417767122892,0.033064790532734235,0.03311628243957787,0.020977130089515704
AACAC,0.061152486825757676,0.03548269724565845,0.07313599720765458,0.06688375747576127,0.06043882636598261,0.05637154195702066,0.055414039872457244,0.055793162448756234,0.0524349578804437,0.04740757570274713,0.04520292371757551,0.04833209732960593,0.04289169599408062,0.04410159019246693,0.04499145180127503,0.04656825359162529,0.03764368066183228,0.0362297962250507,0.034236768843483756,0.03375076515425311,0.021535933506511274
AACAG,0.06166224131168503,0.03327795507027419,0.07334267378889314,0.06735185432401035,0.05986997899946782,0.05711328796860326,0.05502033563152264,0.05565825294060384,0.053002652630850515,0.04690286692252216,0.04584160801123953,0.04817792689914348,0.04391559092626213,0.044160377653244105,0.0451280340449793,0.04608665295206854,0.037915475762886355,0.03567934384762904,0.03445734681657185,0.033631966254548756,0.02180357724299395
AACAT,0.06943780510132243,0.03683532031274085,0.07459851984766876,0.0659540426731327,0.06313718557144035,0.055394918055580895,0.053510470099048024,0.056091519543786425,0.04947405706822127,0.04616356419372719,0.04286829689366824,0.048940281144636034,0.039171502254580416,0.04381127585909675,0.04481301799197323,0.047576774329933166,0.03776005375508594,0.037489013363901924,0.032891141546880616,0.033587113879117746,0.02049412651445706
AACCA,0.06311525788344484,0.03189769594782946,0.0726277345126064,0.06713882295570137,0.0592419451888866,0.05748984253242176,0.05541086028675336,0.054973571153900384,0.05342671520945476,0.047001777635740254,0.0459427158250546,0.048595631289363214,0.0450917065597719,0.04400865487365543,0.04486176851397593,0.04571684623766503,0.03764263980099907,0.03563478543160802,0.034728080373658446,0.03323495613851109,0.0222179916489981
AACCC,0.05959107308307382,0.031436078233611685,0.0709098942546512,0.06787264349304725,0.0564414973283916,0.058435852091642704,0.057168092966729,0.054015533246386256,0.056218339325065335,0.04807978612639269,0.04716349552820775,0.047625797065184515,0.04825733208319381,0.04418741606264452,0.044261802063753276,0.04478420919474916,0.037935155442231173,0.03414104310487595,0.035851707989973024,0.032832574162736536,0.022790677153458748
AACCG,0.04944671475167774,0.02840399484350261,0.06934883358760134,0.0674540803525337,0.056570064052464765,0.059198781820751153,0.05974961571405088,0.05366592933752851,0.05358662079268169,0.05067239226294676,0.047426509818397855,0.05131118654234932,0.04954188500549392,0.043476944285026256,0.04605951889994722,0.04358220835364113,0.03935866784716234,0.034996697880587284,0.03787199312467015,0.03306301135986757,0.025214349367117812
AACCT,0.060023245390803635,0.035441244615957275,0.07221795972318235,0.06715259155721329,0.05822457630337514,0.05751050220679282,0.055546988354515,0.054980286997014564,0.05360930271424122,0.04737178951526523,0.04639924338531894,0.047691793465462366,0.045729229179802336,0.04432444032543547,0.04495077446653348,0.0456420589642887,0.03787346455077902,0.03570845266220497,0.034331770979724854,0.03302611688025585,0.022244167761833498
AACGA,0.05465467955620947,0.03438244828849746,0.07083122759560423,0.06693052354149415,0.06009168503467604,0.05696753596749451,0.05650922285111099,0.055092822413192244,0.05078086918130038,0.048602481166020284,0.0454570412694713,0.051473381420725835,0.04409778989985466,0.04368542015210617,0.04620334086729874,0.04533714028303356,0.03888041613486284,0.03695415636209201,0.03544026633706969,0.03414936973542222,0.023478181942463216
AACGC,0.05039838387157823,0.02474513261612989,0.0702889695127408,0.06764676972370601,0.05863453579586549,0.05883699197070547,0.05900130422854662,0.05495658195293921,0.05302151170211361,0.050719673018606894,0.04676737638803513,0.05150895868573667,0.04746863763132144,0.044183859548229315,0.045841652863947986,0.04522401482331297,0.03935131867922286,0.0358186051356383,0.03723579835951815,0.033742695806663156,0.024607227685441786
AACGG,0.04299085306955531,0.030169191615173768,0.06850258561073329,0.0683751949357307,0.055934305608829435,0.05825953540200857,0.06017459521962992,0.053558679504660256,0.05299032110849486,0.05164921927714891,0.0488032276037394,0.052034191097211684,0.05023952246695542,0.04351721453989568,0.04613782271137753,0.04374399793935084,0.039793487116743055,0.03480565222625704,0.0381612065996769,0.03426809157569666,0.025891104771130755
AACGT,0.04819628774864991,0.03081721001567172,0.07097468044550365,0.06752020689178982,0.060580920676834106,0.056406677951419765,0.057167247991864935,0.05514812807706552,0.04963896462041592,0.04969231960262046,0.046116489618794346,0.05307146847557492,0.044794123001018975,0.0441475861578345,0.047774678771621844,0.04664271620798818,0.0392546204368413,0.03738928841192557,0.03571017573666491,0.03447150320862216,0.024484705951277486
AACTA,0.0702912671723357,0.03535454346565984,0.07493013782977312,0.0661397589238256,0.06315807081922745,0.056267146022273194,0.053186970489106616,0.056038970949215824,0.0488392391958915,0.04532489198334886,0.04355719300303206,0.0486307991991694,0.040085323192887254,0.04414623804336304,0.04455747944356858,0.047101424759739545,0.037814661695682865,0.03721603104684618,0.03256889045265875,0.033759761344661646,0.021031200967732963
AACTC,0.06301986062471591,0.03259924620847258,0.07223351365609301,0.06725277451333658,0.059132048543483536,0.05813426784013842,0.056029900449590095,0.05505786892568614,0.053965569892928944,0.04692756551713851,0.04635935649032404,0.047957218680401655,0.04587137813847563,0.043918993709506866,0.043912713421838286,0.04500281435391148,0.03744794230299719,0.03529505969020911,0.03464285181582742,0.03298988010145805,0.02224917512346653
AACTG,0.059831136084004255,0.032553380564181694,0.0730155598312134,0.06782188804535448,0.05979263351538812,0.057109514757849,0.055680744741732034,0.05577785162161531,0.05240570697751589,0.04690679796094108,0.0463246205680103,0.048346701249910896,0.044603138253136915,0.04461891038967847,0.04485858501359419,0.04616674457380517,0.0379892010345903,0.03611912045288917,0.03427285270478998,0.03351115128710685,0.022293760372692494
AACTT,0.067136992286061,0.03869936587983241,0.07405924903243137,0.06634108622522156,0.06233649466526117,0.05603922058368228,0.05370021697697335,0.05600416298432813,0.04975532189141521,0.045550944253207666,0.044074864447469005,0.048479450544638814,0.041062445187302614,0.043966031016542256,0.04456116544413262,0.04644104121351669,0.037385480268696085,0.03671375413809906,0.03291317246353693,0.0335374511604699,0.02124208933718188
AATAA,0.07176959021077756,0.03833310922109793,0.07476249705852692,0.06576226174067973,0.06439876290046055,0.05581638484553064,0.0533517665646956,0.05604321444179245,0.04742184085790164,0.045366339462802975,0.04206735132954584,0.04935808652973409,0.038919470871012204,0.04402006925068074,0.04325629475241201,0.047188876189195546,0.03783398325881601,0.03817729518943087,0.032390745285238845,0.033299744512051636,0.02046231552761623
AATAC,0.07211309861014482,0.037383105810836245,0.0749137836590187,0.06550044805342557,0.06357995155217505,0.05552285540655815,0.0531602046157462,0.05605808495317678,0.04871337970865759,0.045291880822470654,0.04239587322663076,0.04910702999102021,0.0386329735484614,0.043901932013862034,0.04431786792115383,0.04742867897744563,0.03774079945465765,0.0374932230163687,0.032726721119749655,0.033572638496263414,0.02044546904217695
AATAG,0.07420959743227323,0.03769281374611422,0.07513288272742945,0.0652629996002098,0.06357114348333635,0.05578257014750891,0.05243103452300094,0.05581224598400906,0.049218375144586345,0.045272322480979954,0.042281064849038354,0.04869488005126917,0.038347182612760676,0.04388389345641137,0.04409745944830286,0.04698685227068498,0.03764729968226849,0.037287188407884704,0.03247903602213084,0.033527026517860686,0.020382131411939623
AATAT,0.0781557322554316,0.04271607288288092,0.07538430035093666,0.0641595386854281,0.06603500654544052,0.05468165330378412,0.05195785895920783,0.05610938777182623,0.04606512263290307,0.044613022398305495,0.039656130411947536,0.04923913667215941,0.03509207425372878,0.04365778489722271,0.042981112751739395,0.048238946818084494,0.038001147876235035,0.039181544950712036,0.03195068050602426,0.032992839149839616,0.01913090592616218
AATCA,0.07094253786528137,0.03839985423975141,0.07442612240017593,0.06552620659664765,0.06323162143330437,0.055632587379639255,0.05305616111062477,0.0560687293734658,0.05000017792999095,0.04582864487807169,0.043007386941504445,0.048433112913660537,0.03916182163301299,0.04382970818769764,0.04447196428304533,0.04698917545107032,0.03749796270160358,0.03690993966749867,0.03267136259498792,0.03340628462962449,0.020508637789340856
AATCC,0.06560047499526835,0.03772829329348758,0.07148582244919838,0.06647138010703886,0.058371560301932544,0.05759860687363368,0.055367239365554675,0.054583625897781485,0.0549380219270978,0.04650472390598328,0.045379184643750535,0.04749751550683761,0.04465731895180033,0.04356134621414732,0.04395174501829202,0.04551313910205057,0.037066968580438744,0.03510009073101522,0.034245276244866334,0.03257687950072398,0.02180078638910069
AATCG,0.05605580235318996,0.037235258354881694,0.06994730434268814,0.06630883169265168,0.06041885972754992,0.056313916224944686,0.056268824042529704,0.054645505475590356,0.050607422795186645,0.04893590224014852,0.045280325658851206,0.05154658411169178,0.04396954256313294,0.04354038937876967,0.04604222805138021,0.045098402026349384,0.0387979357109871,0.03658997367549489,0.034943331565927105,0.033973072192584046,0.02348058781547035
AATCT,0.06843103022883217,0.040054961242627356,0.07388343058927178,0.06592805990353079,0.06190620449609616,0.05620246605783363,0.05322358931298595,0.05576716040470487,0.050586621586431076,0.045587968252877635,0.0437585542319904,0.0481667861637942,0.04088259225036961,0.043635413445932796,0.04419430604738749,0.04669965590478659,0.03726748811089096,0.03650425319054356,0.0329596426894602,0.03317915452547594,0.021180661364176828
AATGA,0.06794102254365511,0.03771541720669451,0.07407268679356353,0.0662833379402607,0.06289051223829965,0.05604659505293458,0.053637004412823694,0.05612994749027661,0.049691116213991256,0.046028811272856456,0.04326234272140737,0.04853516472857799,0.03967576017480659,0.04428997075959504,0.04426187832925646,0.04729574519911348,0.03803079230942552,0.03735391502698781,0.03256062964962959,0.0335149630341767,0.020782386901667362
AATGC,0.06448140905799543,0.03255569684604875,0.07391666983249855,0.0671376533606912,0.06157355271052798,0.056338762210009004,0.05450932501346353,0.05601594281114034,0.051323320904818295,0.046955236537276096,0.044687291854508676,0.04833490288595961,0.04206903753429359,0.04470428234918598,0.04510021814649739,0.04685844798894587,0.037837068028604356,0.03690621800560992,0.0333708587816899,0.0339269633996109,0.021397141740624636
AATGG,0.07119855862405494,0.03624522017869878,0.07334670888365896,0.0658062400357183,0.061104100973081166,0.05676603125747012,0.053653661676846966,0.0555495034122329,0.0529957968334998,0.0463863859513259,0.04362496228777791,0.047645388553716174,0.04058385434290986,0.04376790889573816,0.04410417914921227,0.046256703885466606,0.03768075408075171,0.03574906985926321,0.03343003278599693,0.03320891004693108,0.020896028285648245
AATGT,0.06740508342507903,0.03941012780531963,0.0743409852991587,0.0661281430308713,0.06288638121357841,0.05502092672706279,0.05358347672755871,0.05599160463399819,0.049106383637551654,0.04614753965506522,0.0429013024380768,0.04886930841043721,0.039324974254356077,0.04434613079924107,0.04482439378291989,0.04732348116425225,0.03785655932722889,0.03762589480778642,0.0327714166623727,0.03345494324830316,0.020680942949781903
AATTA,0.07194880786097888,0.03623118845587347,0.07562280183955038,0.06592244119700612,0.0657626133052685,0.055217947070349924,0.05336890577874785,0.05637239344736959,0.04622747760632981,0.04536895973722223,0.0418484101701607,0.04972068660713329,0.03745223982470241,0.04418548659162023,0.04377622119891153,0.04785032690043132,0.03805662291493555,0.038911286607301906,0.03221031857059184,0.0337563252159152,0.020188539099599275
AATTC,0.07320202853159002,0.039783016131647746,0.07421718721692136,0.06521498062572026,0.0634068777324964,0.05627124394886791,0.052798764700647,0.05571203538380314,0.05056538679000458,0.04496581238185405,0.0426382489441572,0.048081279517585764,0.039109315985530566,0.04330158004142435,0.04404282301963408,0.04666936069917344,0.037027873443454554,0.036580276168094956,0.03289551944758316,0.033043134379128716,0.020473254910680725
AATTG,0.07620983210086955,0.04268509190051621,0.07400573291441512,0.06441896334996529,0.06355550865512119,0.05580714762619646,0.052483743026325747,0.05540196769444986,0.04987944154856385,0.044594017008929225,0.041878382306678404,0.0479205741144114,0.037633782382869484,0.04342941506751671,0.04380306994314871,0.04717990121706627,0.03706583360876277,0.03684515821596057,0.03230969816915748,0.03294501101054065,0.019947728138535036
AATTT,0.076408043467801,0.04295154067265317,0.07476650669784068,0.06487478414900802,0.0657962829969117,0.055137654570694875,0.051986274639090016,0.056009077770510965,0.04702085534909498,0.04409018249989753,0.0410036692441072,0.048646264552678335,0.036758733389052146,0.04357686255571139,0.043445436255125626,0.04755983683536161,0.03724113473913439,0.03787590149531944,0.03205670131568865,0.0330831629989076,0.019711093805410664
ACCAA,0.0665140513655275,0.03610410077758742,0.07282001718046514,0.06653871009415137,0.06000662839032317,0.056720814029606915,0.0542842524861504,0.054992997076157166,0.053297127909477965,0.046536448935262466,0.04488586498089879,0.04776566329421073,0.043159909063571596,0.043617879036063935,0.04458965006472528,0.04632444590363462,0.037435672123276274,0.035527489752282135,0.03408006890796417,0.03322709401845931,0.021571114610203657
ACCAC,0.054738210980074725,0.02894417633594939,0.07061430697176198,0.06868713385031076,0.055620422792675726,0.05891962111447804,0.05872009649167249,0.05417171754120721,0.056581270780147144,0.04874836443602703,0.047765607862522055,0.04797882535159857,0.05000047925031948,0.04441359419938887,0.04469371112081783,0.04428644615544416,0.03833083177707388,0.03460226429148904,0.03625499325039499,0.032865617623579584,0.023062307823067042
ACCAG,0.058755730702385385,0.030883841601362826,0.07103646413865315,0.06814908303745536,0.056000111027394675,0.05933293938673417,0.05714432859025641,0.0541935749249311,0.05732508252646181,0.048200770971553245,0.04736639341219623,0.04668083269208324,0.048734337863719224,0.04401751289941019,0.04402988643435857,0.04462883240983288,0.038075039135484524,0.034123032398930796,0.03599126896620453,0.032587041966014245,0.022743894914577463
ACCAT,0.06403272400527613,0.03522528487686703,0.07243730716277517,0.06686295936231218,0.058609344606316116,0.05703988115713396,0.055399492955567835,0.054957395332374495,0.05423886004334178,0.04721426992508489,0.04542747277038331,0.047842460589057084,0.04422546708593327,0.044037516492115784,0.04452048028215893,0.04568550377429447,0.0379205943359155,0.03566062776173809,0.03427033374655445,0.032849981145836656,0.02154204258896286
ACCCA,0.06061259548401493,0.029327615245652593,0.07114724483339396,0.06792134470837446,0.0567831477400206,0.058845052254477316,0.05765507459903591,0.05477137328862384,0.05752852675692116,0.048696159853766935,0.04690003637486283,0.04691195754839538,0.04730764880834115,0.04407425974097429,0.04355767555456382,0.04482789187801277,0.038195592833846354,0.034326255009185416,0.035897251710994074,0.03242528633741812,0.022288009439124068
ACCCC,0.053583308525646835,0.025653563893814475,0.06906589352972392,0.06890954038907081,0.0531000116488267,0.06053895238218506,0.06048666209342359,0.05360738276750236,0.05942739545178033,0.0499012438358292,0.048558522411048265,0.047804713891873005,0.05263069336405172,0.0440255756461863,0.04323940927505469,0.04325054037612767,0.03920917409818667,0.03330088919377176,0.03792676770945238,0.03202754300358525,0.023752216512859012
ACCCG,0.045817531276941076,0.023661597866165857,0.06635177232626507,0.06863725224331861,0.05279539558095577,0.06307600772260157,0.06328647694754864,0.052390647071442156,0.058271642914674966,0.05250262749240759,0.04931860588423383,0.049743591819223124,0.055308883825035314,0.04403528867338279,0.04368180830840757,0.04180647354766116,0.03958440423043142,0.032926291248932475,0.039955423697485566,0.03168371332472568,0.025164563998159743
ACCCT,0.05621377043280305,0.034623811681983106,0.06979828037065916,0.0682948276156748,0.0543097505580731,0.05905506629002749,0.05762489040393236,0.05370133644828785,0.05755888228611258,0.04853384379611114,0.047558259530953384,0.046734533227327436,0.049968341642301614,0.044541531384404365,0.04362115033682803,0.04375847079622096,0.03850021698204206,0.034074726297143004,0.03650248915433582,0.03207857009128962,0.022947250673489076
ACCGA,0.048728036846267406,0.02820217127783451,0.06892521887654843,0.06835072500003511,0.05657851673827941,0.05939901479216385,0.0600072198007953,0.054301610689799995,0.05435498664898705,0.05097685028464837,0.04781221775705792,0.05060181393983406,0.049934614449995855,0.0436460836794577,0.04519539112638725,0.04341853353766025,0.03921166517541728,0.03467049475300275,0.03779439299595045,0.03321389291939809,0.024676548710478963
ACCGC,0.041908587448250385,0.019394108421559714,0.06668864025730833,0.0704084552445045,0.05258811470214315,0.06190757328252846,0.06340165671214718,0.05282535704066443,0.057760359883950466,0.052338195292097836,0.04946050005614132,0.050655766799836285,0.05677879234594642,0.04372865271705863,0.04385723444251673,0.041962917754781975,0.04115339618746129,0.03338597336366172,0.04074410787825665,0.032683301399186494,0.02636830876999808
ACCGG,0.045974023850976355,0.027901882412561405,0.06677129055197273,0.0680921671039618,0.05235281135823055,0.06215312686463467,0.06168395412896529,0.052019322723817464,0.057397644327832405,0.05167602560015694,0.048601064221083345,0.04985001185192451,0.05421152007062112,0.04337150470398797,0.04451419370131515,0.04252143563587618,0.04056464203101117,0.03347473905331731,0.0394481090050105,0.03212607178179381,0.0252944590209493
ACCGT,0.0389923174143342,0.022363282636788367,0.06834519092858461,0.07003649583209078,0.055483605276984906,0.05962169300898905,0.06133287891052131,0.05394424800124966,0.054402931027137565,0.05287209417912779,0.04989846490293813,0.05148326445987589,0.052167738820488786,0.043905764069356285,0.04650733466820035,0.043881622857467446,0.0402149987929394,0.03527599085474091,0.03912864425794175,0.03396952527016856,0.02617191383007427
ACCTA,0.06833196648525154,0.035859623945074935,0.07306235241446882,0.06597274924819371,0.05982898423866004,0.05733495458805605,0.05432701236808283,0.055452600409552466,0.0534880202199498,0.046583186549545595,0.04467095373328798,0.04751826839669557,0.04268581704091055,0.04357811267879676,0.04393713439004912,0.046077639998747484,0.03780245248639267,0.0357398703649568,0.033642150965522206,0.03289972657461018,0.021206422903194886
ACCTC,0.05641883526690542,0.03303541697079931,0.07053635149535382,0.0679246807570409,0.05534676119300103,0.05917378241602763,0.05744301170347531,0.05435236459181737,0.057237676614728276,0.04836349392022794,0.04771229430307584,0.04672206271383431,0.04907945947308017,0.044246796116626165,0.04413100878463494,0.0447713793707375,0.03824251490085085,0.034500043420249496,0.03571247839660368,0.03224698021015401,0.022802607380776014
ACCTG,0.054996274408362175,0.03122287258099844,0.07042164518222176,0.06852828084538992,0.05484488746247222,0.059377590724706775,0.058288940481468716,0.05437445766568522,0.058220268348774286,0.04884900539290307,0.048087789358422464,0.04646055094230667,0.04973677680409484,0.04441477214637748,0.04353898838927201,0.04479272575449866,0.03840313487429489,0.03435507534154967,0.03628919770227496,0.032084613657602803,0.022712151936322953
ACCTT,0.06083924193375756,0.03649779156734125,0.07210341886710327,0.06742120928015227,0.05788096602467648,0.05759400111105095,0.05550394594624536,0.0548487153495674,0.05415631868686571,0.04720965931761316,0.04628068635002965,0.04726683788072659,0.045776442896573094,0.04409396367696042,0.04457122599594782,0.045244146210589004,0.03782897998982579,0.03546035801285195,0.03446384286759071,0.03275241700040186,0.022205831034129705
ACTAA,0.07028469252303382,0.03761497298632186,0.07444574418284045,0.06584642422290608,0.06337687975858988,0.05619371839048467,0.05332609531395532,0.05620511341410973,0.048936956377981525,0.04529895498293175,0.04331678128316933,0.0485398117840983,0.0395945314347605,0.04404830443916496,0.04423305326482371,0.0472056600016364,0.03754324037858378,0.03683843014682395,0.03262152419088794,0.03358281585604461,0.020946295066851427
ACTAC,0.06695342410698049,0.03597474414048896,0.07298846004720526,0.06700212109276037,0.06007759464012619,0.056552610928959725,0.054109748211926816,0.05552350184339666,0.05198618978139985,0.04586886209938253,0.04461876732518553,0.04767712295742342,0.042994198894516784,0.04388153194553088,0.04459595987614939,0.0465709616791707,0.03773461622152074,0.03643305058260704,0.03364807613003205,0.03328839649455673,0.021520061000679908
ACTAG,0.06721549372973473,0.036156933832577204,0.07340981582127598,0.06691199616101716,0.059658321721730974,0.056945279085688125,0.053714392003293074,0.05557307384979099,0.0521443492769989,0.04570871497533498,0.045593149264671895,0.04712026758414835,0.043261198317363254,0.04431587300539087,0.044047320306326174,0.046066418365482614,0.037942974375229754,0.035888105977058556,0.03330356140501489,0.03332282235679207,0.021699938585079476
ACTAT,0.07505015216032097,0.035939467750012596,0.07528345477514745,0.0654993634058626,0.06310331987052792,0.05603470499862211,0.05268846199053949,0.05599084963834144,0.0494643028232382,0.04513309212885179,0.042480830565210646,0.04837127710957617,0.039090337103511494,0.04388262172084878,0.043879065880826025,0.04702756467430975,0.03760300824065925,0.03719724738472905,0.03253119508819965,0.0333442971734035,0.020405385517261135
ACTCA,0.060385028935383354,0.031077629010718078,0.07198082388795672,0.06806643153100708,0.058533027428688836,0.05827743724959764,0.0566860938944629,0.05515488134780673,0.05490011300208883,0.047425538472074785,0.04673533541074547,0.047392391192685686,0.046368797726261,0.044212580899222684,0.044044105057699554,0.045187412252165875,0.037939526760949215,0.03544060541725165,0.03510064034517002,0.032914426600006846,0.022177173578057048
ACTCC,0.06105282817078109,0.031600087602379,0.07150355748571122,0.06733888511316494,0.0574551425150844,0.05886486244290875,0.05653787190706443,0.05501048339176982,0.05663188115221416,0.04767859976893407,0.04678415100439143,0.046965050754523646,0.04665999180088633,0.044189579588143194,0.04384327381647804,0.04500279096489498,0.03813865044598907,0.03457844286352579,0.035197145133943286,0.03268025173540229,0.02228647234181008
ACTCG,0.0438624033121975,0.022373564151209478,0.0682448918772933,0.06935578716576686,0.05520816980333827,0.06039279128738795,0.06185225491787357,0.05361566482093964,0.05506714597031049,0.05153223724998204,0.049552581933516575,0.04965635418800872,0.0538484871867874,0.04430942225462518,0.04573695596065169,0.043058833546642965,0.03940684843663107,0.03487945123103163,0.038788206150235614,0.033474534554830335,0.02578341400073971
ACTCT,0.0593830425565867,0.032008004459022146,0.07268387605188983,0.06763616617874053,0.05882112711313861,0.05778804972989488,0.055591058662308485,0.05553569902508049,0.054044921471749566,0.04759007852446904,0.04654323685983802,0.047845247125571845,0.045518176036083595,0.04444804097218178,0.04453229047473914,0.04587619860799251,0.038131294606292394,0.03584642389600254,0.03455197642223975,0.033325594076216304,0.022299497149961846
ACTGA,0.05965435737818683,0.030648542272883952,0.07285285997139399,0.06789948502306918,0.059510067644401386,0.057622276960708534,0.056510473029843925,0.0558034819632107,0.0534308605966495,0.047208938405461025,0.046519410977242305,0.04792866933946221,0.04494839924282244,0.044659390341520055,0.04466425725714377,0.04596071769255522,0.03806672369546621,0.0362797067940997,0.03431247087007855,0.033307882227512846,0.022211028316287677
ACTGC,0.05398823987635159,0.028048907098317696,0.070964320168922,0.0695106147372829,0.056972595040842254,0.058637843114687976,0.057256313605031244,0.05531449953584163,0.055632680477193386,0.04829479507565142,0.04821351588422982,0.047250736768777175,0.048307149512747505,0.044838153622873654,0.04471807716408015,0.04538001489901765,0.03859439451012164,0.035398930192445284,0.03604092743242069,0.03341896908941513,0.023218322193749218
ACTGG,0.058739157543804585,0.030444132455050198,0.07171473047085421,0.06799760776712206,0.056886958513422375,0.058430033550641955,0.056972468114165495,0.05481555630018281,0.056968056904603354,0.04808574712741185,0.04721351526745079,0.04699499073221837,0.04744866666949436,0.044394243371521404,0.0442009984603182,0.04479227020355187,0.03836361091435043,0.034611707519839836,0.03565818215750563,0.03280192396601672,0.022465441990473484
ACTGT,0.05478674349325335,0.030367029306974408,0.07256053169820494,0.06872623923885947,0.05928979035944155,0.05721974289672743,0.056634978614938,0.0557349120863147,0.05301149081416438,0.04776369129512471,0.04695726546247647,0.04846471479848703,0.045743555378896496,0.044848917296416685,0.04531139074980714,0.0462459882275098,0.03860032341475801,0.03617999038561872,0.03513184790941492,0.03394663716808822,0.022474219404523585
ACTTA,0.06565717136084785,0.03607050018218582,0.07446511084307346,0.06697467655333461,0.06240589930662446,0.05604906565793524,0.05410918774152989,0.05605173924435281,0.04925815615730771,0.04580311862397382,0.04423219563319311,0.04890734342523086,0.04130576432870446,0.044296361707214786,0.044525526257292204,0.04678699842563954,0.037869823841210355,0.037136115340045815,0.03293247360979235,0.03368241459992071,0.021480357160590113
ACTTC,0.06357121528814572,0.03444134601272325,0.07306726183547496,0.06675067859028667,0.06038011177972006,0.05706822004376043,0.05463862220445263,0.05592950421156159,0.05255131390937172,0.046954905166058505,0.04519908970212881,0.04788629036747625,0.04306741366425259,0.04412616634023479,0.04492579790240109,0.046340504712596556,0.038089960237730126,0.03584593090441029,0.03396190447270709,0.03350523724933491,0.02169852540517196
ACTTG,0.06125838612632381,0.031277264854011125,0.07268037675886051,0.06825559255279108,0.05886474839291732,0.0573523757856541,0.05585758277396525,0.05552497682569813,0.053380441961580496,0.04719998354549854,0.04649433857914325,0.04778538407812513,0.04557650789420529,0.044105974724409074,0.044888969911291605,0.04568514979485491,0.037865921479329996,0.0358912055084608,0.034179831879295686,0.03355364668493655,0.022321339888647325
ACTTT,0.06840031860976493,0.0370201260543159,0.07429291562793228,0.06663890648272225,0.06275694670542659,0.05616991034772713,0.05350538323874557,0.056290373104934684,0.04978206437596142,0.045648271039306666,0.043562107443768434,0.04818320583172538,0.04045118045202464,0.04427089323371601,0.04451822129625041,0.04676859839447806,0.037427280688420946,0.03694756384229718,0.03273824415097588,0.033443947232569715,0.02118354184693594
AGCAA,0.06222629584057187,0.029406654405227623,0.07380059714273467,0.06772720251235212,0.06009360698105565,0.05725082505990578,0.05534426513928807,0.055727403403120046,0.05249488831919108,0.04721085236278742,0.046041526049470365,0.04848379468456218,0.04432482312354199,0.04449413447151143,0.0452347923532654,0.04615554170626777,0.038059795948753576,0.0360753654905679,0.03417184936946425,0.03372200116628252,0.02195378447007831
AGCAC,0.0518631090791467,0.026105337729438596,0.07081655753045407,0.06993397531539987,0.05638258009124264,0.05943366625464722,0.05893244672511027,0.0550338674073044,0.05618626603085289,0.04894499198769002,0.04911563563002316,0.04662449700293252,0.05053175624626832,0.04475535814573152,0.04451342830649297,0.04493191152459568,0.03823451792155305,0.03510309627717994,0.0363831082739451,0.03307975023237269,0.023094142287618382
AGCAG,0.05179696670750739,0.024370984855695266,0.07122488937501605,0.06982605678522563,0.05603400305071653,0.059303023573306586,0.057851314582858075,0.05519603799647793,0.05666159556805117,0.049320714506212476,0.048935975743328884,0.04702436796334709,0.050202491435282055,0.045007636863009334,0.044776617350610316,0.04506920010091839,0.03911342894393742,0.03501185690336662,0.036674945600255415,0.033284309356151766,0.023313582738725618
AGCAT,0.060983533152321724,0.029047104590552635,0.07395866985014703,0.06769002838386282,0.060142986150658356,0.05708702531407819,0.0554773041791444,0.056025447808402164,0.0525474103669467,0.047907122110713594,0.04588268704574926,0.04849192885552479,0.043775910229460015,0.04485762239695636,0.045037482025306566,0.04643143170968823,0.03823181607136686,0.036739747475278695,0.034072656077437306,0.03380414383360956,0.021807942372794768
AGCCA,0.0530131283692744,0.023123706718832487,0.07080122742096455,0.07010171564062614,0.05494507047138052,0.05998037359529274,0.059330056271779466,0.05459685592189513,0.05753542193558994,0.04943477752673905,0.04924082549069223,0.04765106102039322,0.05133191101840232,0.044529717690609254,0.04414374029437038,0.044120363293999175,0.03881545399547617,0.034599630335125996,0.03652309506347112,0.03273717700884858,0.023444690916237125
AGCCC,0.0473814552749964,0.021549234224663726,0.06858222947056741,0.07122989020225722,0.051540309834982465,0.06195640500248794,0.06173567834576174,0.05346245348482271,0.060793883033089295,0.05086160714002014,0.050718622021699425,0.046624587382018745,0.05585316466314506,0.044417320814756744,0.04295124673490834,0.043189767095247786,0.03921647544437127,0.033198178856801146,0.038180204038704695,0.03218393775084621,0.024373349183851537
AGCCG,0.03650458577657495,0.017231694482032777,0.06624688016839574,0.07150202976995941,0.05070515711923019,0.06436686212599609,0.06517877010975794,0.051194707562772515,0.05814223425048865,0.053273192001202826,0.05151225379642159,0.0498992632686814,0.05979491805743497,0.04413291234400842,0.04388392722898812,0.041567283115321006,0.040760186438129606,0.033285821680950234,0.04131108104044504,0.03260141332130507,0.026904826341903474
AGCCT,0.05258236509712237,0.026356315475082902,0.06986253237121613,0.0699935564655462,0.05410521689719477,0.06031824599986018,0.05854957237466158,0.05433708708264694,0.05862433496552353,0.048857883897184304,0.04943793848145804,0.04652386556867263,0.05217958732566327,0.044763684245884304,0.043918245211289245,0.04431510870071261,0.038683044071864896,0.03418500511130451,0.03662730029554729,0.03235066779068355,0.023428442570880774
AGCGA,0.04213752103675531,0.022148936226959584,0.06810441165096189,0.07064215779100066,0.055164973502356385,0.060441831871317735,0.0618393925411867,0.05401812028089903,0.0542634935282806,0.05235518310978586,0.049055979772709694,0.05119899503652594,0.05241652642163125,0.04401115914855483,0.04624618938013917,0.04309367657138895,0.039771802879935134,0.034888341836938806,0.03817020902066736,0.03381750098015944,0.02621359741184566
AGCGC,0.03553692629760709,0.015279955189646055,0.06539745720016647,0.07257274641783151,0.05182292400076353,0.0635731250528055,0.06467460861347628,0.05290876148812933,0.057882648191783306,0.05350018305905767,0.05181510096411104,0.04971383331925187,0.059010730077072554,0.04343506410196233,0.04439886221754926,0.041746852792354704,0.040753327137488304,0.03337150975219749,0.04161542577659285,0.03333395917626553,0.02765599917388733
AGCGG,0.03752225844168185,0.0174721020645092,0.0662444276430221,0.07173518754931975,0.050787119093163885,0.06400240177709471,0.06395970963837004,0.05225793213051676,0.058405600106868065,0.05310902057347937,0.05081466240847012,0.050491028453621876,0.06016010929187514,0.04370435556216595,0.04371675005405375,0.04091559488740981,0.04141550606021795,0.03279995703242812,0.041462329696238545,0.03217885527227256,0.026845092263220446
AGCGT,0.03986271022986746,0.019477299165295992,0.0683687876444441,0.07058541813057184,0.056424629983656605,0.06078199687787465,0.06111043504317457,0.05427996801980574,0.05454167173717619,0.05215755087193136,0.04959939703463518,0.05197435826977204,0.05207642271954652,0.04434307787124962,0.04599704536503089,0.043837989696724644,0.040107403205608835,0.03551842852151793,0.03911816315394852,0.03406989844587247,0.02576734801229484
AGCTA,0.06448414360656202,0.025649933220364605,0.07418478392403616,0.0679936582617784,0.060266619602569016,0.05770266883965776,0.05552036918507994,0.055708774512706005,0.05262819846900192,0.047483355357394855,0.046233401434784764,0.04825038099950888,0.04481775507977625,0.044745706797373795,0.04437038551230052,0.04605393232823187,0.038118195672709416,0.03624158924734305,0.03396936886821643,0.033564260179565916,0.022012518901038426
AGCTC,0.054679565211780745,0.024412489622807884,0.07191159707675036,0.06931491175622954,0.056359014285038346,0.059801015997006206,0.057961381790339855,0.054946769843557106,0.05652866255737028,0.048763210757008096,0.0485250837702866,0.046958676192893185,0.04952404712643184,0.04495644805381945,0.044555383020547915,0.045164981224272094,0.03864350204962986,0.03486530082028209,0.036266877723340835,0.0329184750581768,0.02294260606243091
AGCTG,0.05250366484575645,0.022716314796257492,0.07151384634106094,0.06995045099563564,0.055847099908877665,0.05990421026277975,0.058507150383723935,0.05485646223822742,0.0569458622176034,0.04922937160357267,0.04884481138045399,0.04710717864626636,0.050518570241966085,0.045202288554763416,0.0445148213065855,0.04512484971531349,0.03910885280022399,0.03485696005933817,0.0365366453626449,0.03297840970914472,0.023232178629804024
AGCTT,0.059937667055866936,0.02849450719767601,0.07344891874219929,0.0684248753937227,0.05943198024693805,0.05787605656569911,0.055307985098187004,0.055518713740854556,0.05335692585773603,0.04771014143592448,0.04699976449796804,0.04788572283253359,0.04549849710685522,0.044569185341028154,0.045219641643633866,0.04605729186907945,0.0380996147273464,0.03575233609190184,0.03425555887759824,0.0336834484186294,0.02247116725862164
AGTAA,0.06663704640412861,0.036292967181318726,0.07475909327819408,0.0667498312499466,0.06308517819151209,0.05583413792219555,0.05388313097567436,0.05618001144937071,0.048580705247058625,0.04545964096824081,0.04387091261737741,0.048912395225441524,0.04072387364679546,0.04445397609303041,0.04467629894819587,0.04696275536796056,0.03791843605013799,0.0373661320778899,0.032701966044925965,0.03367225749122073,0.02127925356938404
AGTAC,0.07236607866615859,0.033877753792532904,0.07324940872403768,0.06666574571667025,0.061097821049684906,0.05707526785309353,0.0541497746192089,0.055828336310782045,0.05263906909679306,0.045648016039126126,0.0439530336353528,0.04710190068440486,0.04200418180804031,0.044100298752703555,0.04357431466984724,0.046338728536434955,0.03764148528730252,0.03571452774292359,0.03323760666295159,0.03260606085880846,0.021130589493142136
AGTAG,0.06683632493528546,0.03506091198057635,0.07332034489653869,0.06709441821382406,0.06004066990612704,0.05701982029627185,0.053907621837619775,0.05573022805524201,0.052186854288751965,0.04615695611649382,0.04490626362447319,0.04773873355092425,0.042616641880824715,0.04383914298170947,0.04447989615078242,0.04640718203006426,0.03807039761881087,0.03604149160869038,0.03342034784680055,0.03353857685923864,0.021587175320950246
AGTAT,0.07206934531378581,0.038639666811393934,0.07455878328525745,0.06570553576971538,0.06277843479875335,0.0556479897575641,0.0528771555579623,0.05593499457030989,0.04871171778375812,0.0452258857453954,0.04263704044659806,0.04846726085430347,0.03907365522096373,0.04408831006576549,0.04439948981219945,0.0472830759025228,0.0378028273068447,0.0374164151667732,0.03279900283233523,0.033370691664192764,0.02051272133360538
AGTCA,0.05750260265977064,0.028390981383364718,0.07328191470312714,0.06835947930469245,0.05910707879477847,0.057499147106665385,0.05652106850728274,0.05573398775226323,0.05378065782422041,0.0478627089902811,0.04691682986301559,0.04827015011550972,0.04543439758086151,0.044763549066655105,0.04513769122559673,0.04586131545995611,0.03855407720710889,0.036077545124811435,0.03478328341629802,0.033775989686116406,0.022385544227624194
AGTCC,0.058589042556745914,0.034247788542206836,0.07096963619362424,0.06757973354033259,0.05627929520781776,0.05865289071986401,0.05627380289271083,0.054515117826178294,0.0570088577311887,0.04807881106024108,0.04698423842872188,0.04656087247256245,0.047542166105001164,0.044491642756025414,0.04397422090365976,0.045076574314913784,0.03826038242074704,0.034403175290440485,0.035427720904346295,0.032453403427479245,0.022630626705192204
AGTCG,0.05106098892716944,0.026581741233191004,0.06896390266300745,0.06802442638327309,0.056555867875197674,0.059810805789711374,0.05978966002135722,0.053968532075864974,0.05463009254294479,0.05076343775818606,0.04762631198164547,0.05051724059806274,0.04896604744808336,0.04344700190765039,0.04513564255193174,0.04396054199625116,0.03959998247922051,0.035218277193835704,0.037544311712792135,0.03350546995714961,0.0243297169034741
AGTCT,0.06022993595787909,0.03068830179800198,0.07285510779637794,0.06783490824687592,0.05912600617285995,0.05796199106668477,0.05522519142536733,0.055532241609857654,0.054116215104188105,0.04726175736474928,0.04673549826580516,0.04791764936130565,0.045240461928379244,0.04458520074884288,0.04490833676734349,0.04573076445718274,0.038026123079024185,0.03580958977496076,0.034527454181788535,0.03348250578814042,0.02220475910438492
AGTGA,0.05937554829204856,0.029933660265054444,0.07263728715552109,0.06827149670666326,0.05922167546372851,0.05756528841843121,0.05627296359806407,0.05613608920899167,0.05435125308798821,0.0474929001953638,0.04621446975142517,0.04716253922389856,0.04518126027019832,0.04473900522472898,0.04466169927928096,0.046070795986653715,0.038346853005035826,0.03600934588971087,0.03450491011003607,0.03353363407267675,0.022317324794499955
AGTGC,0.052688505685634636,0.02648263399730133,0.07057486432346001,0.07003774571868443,0.056406013160475776,0.05936955733485505,0.05828580939303696,0.0550676153622103,0.05642265694194292,0.04855918350363488,0.04881835095790907,0.04653506190892285,0.05049033769043755,0.044806010782792706,0.044163560818160745,0.04517169843845665,0.03825145187272262,0.03516070165427299,0.03623327448567743,0.033243813565870736,0.02323115240354037
AGTGG,0.061486278880229554,0.0301097468252253,0.07145049512684777,0.06789913499269613,0.057291436115226684,0.0587919191340553,0.056796048879943134,0.055036968516546325,0.056900203883419306,0.047746769241985926,0.04675436734948951,0.046842573618058395,0.04674476556010655,0.04402729642253602,0.04394934291212182,0.044947115296984974,0.03826020133162172,0.03475717562877074,0.035295201318602344,0.032552344398934493,0.022360614566598012
AGTGT,0.05652990917632321,0.03334784555639469,0.07236349238062813,0.0679479767121265,0.05896565848151011,0.05706396100618215,0.05647927809168713,0.05574345987365271,0.053438684392195054,0.04813651838226712,0.046605610227357826,0.04792262478819077,0.04512563633723213,0.04430280541685906,0.04485065194343022,0.04608080539199829,0.0381224781096354,0.03607525416349717,0.03508127804984827,0.03364420415059686,0.022171867368387225
