,X,Y,1,2,3,4,5,6,7,8,9,10,11,12,13,14,15,16,17,18,19,20,21,22
ACA, 0.05356292860234146, 0.00889279856247424, 0.07682153611453942, 0.08272189365669627, 0.0678076127562546, 0.06648138247791816, 0.06263698359085323, 0.058540959275940406, 0.05408508160029398, 0.050300266897057, 0.04218859553727308, 0.045841080216101726, 0.04521922175834043, 0.04527751784437304, 0.034661967723471965, 0.030743858590497837, 0.028596101695722624, 0.026720487199430945, 0.025368713572451414, 0.02728452292275316, 0.018449568843517502, 0.020808789612130816, 0.014339424343665782, 0.012648706605900674
ACC, 0.05142098338428814, 0.008064816219110276, 0.08075707497838187, 0.0807930745421029, 0.06548040394504905, 0.05994567945828806, 0.058849025193557995, 0.05621839929122373, 0.053654859394400574, 0.048587274329112105, 0.042745886859315414, 0.04667318731939034, 0.046503570753091604, 0.045663332481688655, 0.03096183222487083, 0.030920953240556718, 0.029987918293576082, 0.03086290380033978, 0.030963850864425164, 0.024698756879762203, 0.02423133148429135, 0.022759896316188306, 0.01367300169465421, 0.015581987052334946
ACG, 0.04785037133960666, 0.006633086833114704, 0.07786314844605977, 0.0764738915220734, 0.05978133312084149, 0.05516700561939152, 0.056235305619906834, 0.05300952456728989, 0.0552113888097487, 0.048057467239085834, 0.0426691436977372, 0.04779118710642924, 0.04432578762454762, 0.044691710790745486, 0.031645657590551914, 0.030695215868685188, 0.03010416887209005, 0.03599818612177144, 0.03663692371796544, 0.02697979023508336, 0.03104690180218023, 0.024746372067739972, 0.016874085523803917, 0.019512345863549965
ACT, 0.05281758022829577, 0.008561487274478556, 0.07856214438995375, 0.0824970790689749, 0.06864707710101342, 0.06615883595718564, 0.06241477020262856, 0.05868208340365131, 0.05399065407283523, 0.04981794720445441, 0.041966635978529475, 0.045527587931458474, 0.04559231885098476, 0.04572802215961464, 0.03408788335539383, 0.030986684428193516, 0.02875398644853671, 0.02655333482179601, 0.026477553161741593, 0.026903614770103855, 0.018446379738372074, 0.020576570064090794, 0.013801828565028448, 0.01244794082268486
ATA, 0.05742232148471318, 0.008994268483147742, 0.07424319124397395, 0.08523934547637946, 0.07165215028441119, 0.07612418202782402, 0.06616190499713923, 0.06205146373686162, 0.05420841518977796, 0.05167977251096786, 0.04132231853473991, 0.043320239322037206, 0.04395625179707279, 0.045475301272801846, 0.03874803161444336, 0.03098252253049181, 0.02650146340991038, 0.02152401445036674, 0.020170907423163006, 0.027686378670241093, 0.012277450680261062, 0.0171738380249124, 0.014118461413874805, 0.00896580542048757
ATC, 0.054392390103907284, 0.008493739771438458, 0.07751264076713225, 0.08242612699896769, 0.0678130148823646, 0.06656775435946795, 0.062203839149111005, 0.05858395679342839, 0.05397416060217969, 0.05031516136247542, 0.04200158945543028, 0.04535458447125413, 0.045961080418933306, 0.0456465621460655, 0.034313802746324076, 0.03093603132371766, 0.028491181138790442, 0.026950636544033377, 0.02596509677298582, 0.02672234560346169, 0.018208020057410814, 0.020576650880303866, 0.014032064614646761, 0.012557569036169374
ATG, 0.05470463780581267, 0.009218380931737094, 0.07664480841362127, 0.08356384914400228, 0.06849074570928082, 0.06797774106770499, 0.06294024837352774, 0.05913534400191821, 0.05380894296022704, 0.05086758402115961, 0.04213162496348634, 0.0457564795971368, 0.045407450349974086, 0.04511355860798841, 0.035010798305612885, 0.030675001290174184, 0.02809735889766304, 0.02617582862507477, 0.024439836366730347, 0.026899730202826776, 0.016437057833563903, 0.02054728519759831, 0.014075924106091531, 0.011879783227086813
ATT, 0.055061938890241365, 0.00909717100470775, 0.07520256427704913, 0.08472627476737789, 0.07088058344380369, 0.07368100965267041, 0.06531951123492079, 0.06149379392366561, 0.05468419059726968, 0.051306824739814204, 0.04128242961233986, 0.044608749570598155, 0.04406238408040177, 0.04545869486646197, 0.03754143459715452, 0.030814378371610808, 0.02695875059169975, 0.02316964280957608, 0.021729272012074027, 0.0275038218460849, 0.01370040781869127, 0.018096552464750067, 0.014043509930693815, 0.00957610889634243
CCA, 0.05090771503745844, 0.00841278227502211, 0.08087457768910654, 0.08052189019997479, 0.06483562435885583, 0.058866803539684, 0.058419816758495786, 0.05533336467413599, 0.05351870102006114, 0.04836441525347744, 0.042789971144008475, 0.047249241964589093, 0.046793349855447204, 0.04529819571440185, 0.03052272432524138, 0.030922938421095742, 0.030173698331859598, 0.03144854831343369, 0.03159833304172752, 0.024971044730220434, 0.02454023054725292, 0.023549377394764228, 0.013865975439814321, 0.01622067996987147
CCC, 0.04759536429809329, 0.006860484059678174, 0.08382596614241225, 0.07892144792516485, 0.06154120948649201, 0.05302913575728754, 0.055222468307424964, 0.0527964390632707, 0.052890841049483286, 0.046914665814248496, 0.04388977123389545, 0.047798368253079315, 0.048380270318906356, 0.04494767424420537, 0.02799965159400843, 0.030956949028948213, 0.030972311630631827, 0.03501576515242986, 0.0362285477200828, 0.02369765808019543, 0.0309855601326722, 0.025816449039835484, 0.014065127734678582, 0.019647873932875162
CCG, 0.042080817175047094, 0.005429328032778045, 0.0828424864788511, 0.07366153592894938, 0.054606372974936576, 0.048364719404795566, 0.05058990489755764, 0.049975067032308716, 0.05503878695429115, 0.044639062431846246, 0.04476096173295087, 0.04762069540590135, 0.046693755114678756, 0.04461108560707146, 0.027004721927279818, 0.03051743823443776, 0.03135473673071115, 0.04147646479342764, 0.04513912360574111, 0.023549733390471988, 0.04291085905658393, 0.026874667077296126, 0.016231769865609213, 0.024025906146477406
CCT, 0.04925655899636081, 0.007641584337205909, 0.08242986103617773, 0.08054469464276001, 0.06461570481526802, 0.05800541532117953, 0.05813207041023349, 0.05537703413000359, 0.0534154182180735, 0.04822284161135772, 0.04302087879889184, 0.04711766642898078, 0.04742772072328076, 0.045659242084118284, 0.030087684992688355, 0.030886216217177163, 0.030478526594014288, 0.03160286678667614, 0.03221385522522204, 0.024928244082885017, 0.025273313841827887, 0.023625853710151846, 0.013526834058982161, 0.016509912936483025
CTA, 0.05467747197823253, 0.008408420245786391, 0.07806146462449201, 0.08357687152606125, 0.06993111955934561, 0.0687491286877639, 0.06351902912434233, 0.059976371839501615, 0.05363420573633806, 0.05045839093702096, 0.041883540995907326, 0.04470059449858477, 0.045766752651011516, 0.04581563977390808, 0.03495482527936986, 0.031173403406615657, 0.02832038408411561, 0.024605422931650987, 0.02449010239935372, 0.027103553878000678, 0.016004798017493604, 0.01944176899470116, 0.013534822477613416, 0.011211916352789009
CTC, 0.04927708817905492, 0.007583338572826488, 0.08196310251187304, 0.07984128780639907, 0.064299748196635, 0.0581383320876259, 0.05820523190250013, 0.05524734012027819, 0.053877225345867245, 0.0480724293086341, 0.04264112162492862, 0.0469752045161707, 0.04694514354914219, 0.04588082584221526, 0.03033811474535287, 0.030813534443760646, 0.030399982615374417, 0.03172546825281068, 0.03262843982497401, 0.025237194951216287, 0.025983941479677034, 0.02364709680787546, 0.013867804108807925, 0.016411003205999895
CTG, 0.04871416708181454, 0.00785636703853231, 0.0813686177774638, 0.08053756423947764, 0.06446273294468763, 0.05825023629492234, 0.05842026117307794, 0.05500727698689202, 0.053649655693078835, 0.04843555662909528, 0.04298422193518985, 0.0473265655722766, 0.04715059359677166, 0.04513762329595896, 0.030605723737864448, 0.030951971699936846, 0.030451599011724697, 0.031721837354387994, 0.03201823453989124, 0.02543630723754409, 0.025038523940025936, 0.023747989128154925, 0.01395670285838095, 0.016769670232849615
CTT, 0.05323784588167942, 0.008392681997703615, 0.07826437345064673, 0.08305664287589949, 0.06885672583165074, 0.06644100730362447, 0.06272663238189859, 0.059019333342712164, 0.05370932150939607, 0.05021949373830852, 0.042148144840389756, 0.045668715162275074, 0.04590798059322409, 0.04572048830744135, 0.03412649711295226, 0.03100153864978091, 0.028707825451822808, 0.026133814943908682, 0.025722563748086957, 0.027087464740640138, 0.01708454972579228, 0.020721080836838313, 0.013932457448554834, 0.012112820124772898
GCA, 0.05073075545849974, 0.008164428864394249, 0.07941251433520645, 0.08117534214430226, 0.06517721115185514, 0.060675982511267865, 0.05957211916333085, 0.05598565054379028, 0.05410143665381478, 0.04924933497523978, 0.04260115735087928, 0.047116623239564386, 0.04652231259060673, 0.04496354691580658, 0.03188255020000099, 0.03077027584768074, 0.029866854701289327, 0.030436495756688532, 0.03027179260774175, 0.026089560558797, 0.02243627757111677, 0.023131206412452757, 0.014161764681959222, 0.015504805763714801
GCC, 0.04624851082513605, 0.006859168717635097, 0.083911542686136, 0.07873661927749792, 0.061895118535060994, 0.05343357492338789, 0.055397615250310846, 0.05275886503918853, 0.053814445720884174, 0.0465968774500138, 0.043778321246242514, 0.048008154259593164, 0.04745392308609492, 0.04524849050487869, 0.028128469649946208, 0.030918304220260706, 0.031397912714202544, 0.03560705442533587, 0.03664584576065099, 0.023406475377140072, 0.031137438981826148, 0.025251132862877126, 0.0138224192122506, 0.019543719273449153
GCG, 0.04115083861849695, 0.004918599994377271, 0.08261635137990844, 0.0739478274762923, 0.0544386876919809, 0.04843796051385495, 0.051370003445666806, 0.05048325714161747, 0.055248375361861106, 0.04450387376284133, 0.04450996954280476, 0.04774334903596836, 0.04507381362314089, 0.04523880665134057, 0.027234862345707468, 0.030606135208321138, 0.03165307538712216, 0.041082318260043445, 0.04451095827189803, 0.024786545097541645, 0.04402031736212636, 0.026636046663305865, 0.01610331195835208, 0.02368471520542963
GCT, 0.04917108536588863, 0.007518978074428024, 0.08109787330994922, 0.08132020631893447, 0.06501247984649784, 0.05949012202374142, 0.05879647824250508, 0.05565203554133801, 0.053483958367502575, 0.048786873320894555, 0.042887445207460836, 0.04712776140650917, 0.04683870032018729, 0.04526321291540342, 0.031123994915903428, 0.03111234755365731, 0.03041308995943096, 0.03100136180755605, 0.03140738847352709, 0.025634199354690974, 0.023426981074848852, 0.023459650930200266, 0.013874777121339157, 0.016098998547605537
GTA, 0.05488025832116079, 0.008679790656556859, 0.07725720014941372, 0.08378489510755968, 0.070208125861621, 0.06974780055381087, 0.06367842975831184, 0.06028485641013696, 0.05390890067730524, 0.05059590706613942, 0.04185835598408947, 0.04473550652448975, 0.04472359071663475, 0.04585220253621057, 0.035788132970588714, 0.031101956746057705, 0.028199501072185478, 0.024674856574428385, 0.023847976938199122, 0.026819276591989075, 0.01591733200174841, 0.01894335199763407, 0.013603570451386543, 0.010908224332341586
GTC, 0.050617180729692214, 0.008266961909320119, 0.08009355684782049, 0.08147134054979295, 0.06558339567421323, 0.06102304408496841, 0.05966752460037787, 0.05638680341238001, 0.053645903086368844, 0.04927978342568587, 0.04257706395053547, 0.046851507870694954, 0.046231015304408, 0.04516807053005532, 0.03190912456535189, 0.03086596915635984, 0.02944016529279775, 0.030154075995142887, 0.029536607749345585, 0.025789361727871284, 0.023211926758481705, 0.02275209894259565, 0.014191042784269052, 0.015286475051470651
GTG, 0.04995550712363218, 0.008331292858928278, 0.07948771831573237, 0.08022582265835236, 0.06433469934754646, 0.05943865604313735, 0.05895310100825438, 0.055511516823012294, 0.054342376230622845, 0.04870864999632803, 0.04264406372181866, 0.04725226041177944, 0.046157531790379076, 0.04534145960857217, 0.03155776384515545, 0.030683878383095813, 0.029974465837540935, 0.031440351641480326, 0.031020920047408737, 0.025732342003790796, 0.024826431071049804, 0.023308445306633268, 0.014516019801541484, 0.016254726124207485
GTT, 0.054630299409380065, 0.008623251112460524, 0.07683710230493428, 0.0824115892095857, 0.06863627108774618, 0.06722658396783408, 0.06317755000244137, 0.05905013954120552, 0.05399533594466032, 0.050094066814927174, 0.042003732712334756, 0.04524774873784968, 0.04524730239778204, 0.04553415781926446, 0.03468520153267083, 0.030849309342041737, 0.028475390853825836, 0.02594722258403385, 0.02565228647299621, 0.027691438851401958, 0.017548410428328096, 0.020399039370840203, 0.0141520225199588, 0.011884546981496536
TCA, 0.05308223691042193, 0.008483913313497314, 0.07798090547562189, 0.0824078959116741, 0.06782586273307947, 0.06575727640891624, 0.06209643496089344, 0.058221540376348406, 0.05403245159568853, 0.05002057690234478, 0.04215698267440384, 0.04571572032646831, 0.045708718567932086, 0.04543841677624569, 0.03401060362962692, 0.030771550514161913, 0.0287147592627736, 0.02737700034036296, 0.026449035788017473, 0.026775979962214116, 0.01894240671053708, 0.021071623631328886, 0.014054999168757586, 0.01290310805868369
TCC, 0.0506023530841449, 0.008438177735189354, 0.08078212038401018, 0.08047526491491665, 0.06450939834059315, 0.05932878925159892, 0.05866686898715146, 0.05572104492344566, 0.05334701236970564, 0.04871273810098803, 0.04268823995688437, 0.04701818560987796, 0.04721266311283873, 0.04535321590149668, 0.030888347360622584, 0.03081370683967415, 0.02994155112507422, 0.03069651472631528, 0.031361046910320996, 0.02605724566953105, 0.023882189557268296, 0.023526376508139334, 0.014078451252071807, 0.015898497378140607
TCG, 0.04844089267789301, 0.0070434046148171925, 0.08022032305243848, 0.07568891497270705, 0.0588230816775504, 0.05397783148311879, 0.05449770489785486, 0.05276674749910884, 0.055084785993100564, 0.046525350691355646, 0.0422565386723348, 0.048415368635706744, 0.04509110373904614, 0.04544012650256257, 0.02969413766391181, 0.030447688503624223, 0.03085651714668259, 0.03792980610517652, 0.03906949327854149, 0.02467794807908422, 0.033315084456634315, 0.02452512764727954, 0.015522043996104625, 0.019689978013365573
TCT, 0.05296297720388136, 0.008320470923972522, 0.07848066291788428, 0.0821175747367793, 0.0679521039797419, 0.06528204594976154, 0.06217265949913575, 0.058307987620744066, 0.05390778894713002, 0.04988043861404836, 0.04210633214205857, 0.04564686457493263, 0.046183473056652664, 0.04569625367935714, 0.03364352278235129, 0.030946597801825623, 0.028846903672302783, 0.0268796369807106, 0.02671302102017945, 0.026948211249098786, 0.01898137011523684, 0.021038172646415436, 0.014127277818085097, 0.012857652067713943
TTA, 0.053815961956108944, 0.008583116581541785, 0.07591362999061925, 0.08565829973907838, 0.07179379846938841, 0.07477577046348596, 0.06583083347324871, 0.06239001356099255, 0.05468297767900768, 0.05157230691739579, 0.04135377314515151, 0.04438517482160146, 0.043841293343793074, 0.045926827205902715, 0.03802794932722984, 0.031023019310230198, 0.02676966930311272, 0.02254794061692895, 0.02109369478887457, 0.027068912077159793, 0.012828742904226096, 0.017427557520439743, 0.013700942038334855, 0.008987794766146976
TTC, 0.05399241492104517, 0.008956825914628484, 0.07692705307367363, 0.08242338414799409, 0.0684189385436644, 0.06702499628673354, 0.0630175741509894, 0.05889265622790168, 0.053833435749320896, 0.05025072990378068, 0.0420221868438514, 0.04559764428661192, 0.0458757732878122, 0.04527565250368548, 0.034576397832792524, 0.030773089602772884, 0.028442202378716797, 0.025899676784210967, 0.025633165730606994, 0.02796761748787742, 0.0169841264787396, 0.020695191156918608, 0.014426870055736918, 0.012092396649934034
TTG, 0.05527633150469875, 0.008690340112223735, 0.07710772036491811, 0.0825987199203195, 0.0686223232960905, 0.06689638283337575, 0.06280656902352733, 0.05877242697919387, 0.0540223482712439, 0.05005001536564672, 0.04189602463460127, 0.04541806654166356, 0.04525012363845923, 0.04548127551270665, 0.03433548450640802, 0.030857147060500235, 0.02861473245586669, 0.02623354058820333, 0.025541740955106428, 0.02719106350340804, 0.017721143742223194, 0.020624452661333052, 0.013975921361165069, 0.012016105167117
TTT, 0.05438585372838966, 0.008571637172493521, 0.07555484174938439, 0.08386746605004117, 0.06994604900818352, 0.07069900377651178, 0.06413060382548762, 0.0606130813833028, 0.054882812585176736, 0.050498414584785566, 0.04172665575674585, 0.04474729186940197, 0.043770542425054876, 0.04579367439480995, 0.036355917886999045, 0.03099117294625278, 0.028006869651440943, 0.02431400331719218, 0.023813613080634656, 0.027504465422372497, 0.01602704754936127, 0.01903081741464564, 0.014128020419583468, 0.010640144001748073
