 ,X,Y,1,2,3,4,5,6,7,8,9,10,11,12,13,14,15,16,17,18,19
B:ACA,0.028472765337921573,0.00018529436536679863,0.040827327309261106,0.04876851439640962,0.06462201152675338,0.045681077113739456,0.036945771317876096,0.0453562103692652,0.14587238752992984,0.1151520256043123,0.0560094331676914,0.06246345249124664,0.05753751007688513,0.018450024665808376,0.028294690233543092,0.046256211572475364,0.03848347390838758,0.07161025616344407,0.02124387866828699,0.017025423830780522,0.010742260350615441
B:ACC,0.02776784503273696,0.00020550506981007222,0.03969946938590975,0.04964591476471725,0.05761129127055564,0.043530083887169495,0.03787458436599631,0.04291767877913548,0.15020365552418177,0.13099304159833622,0.05665363764524071,0.059575919737939936,0.059752654097976594,0.018516006789887508,0.025988171128181733,0.04123253720669289,0.037233408548188886,0.06436829796591081,0.02512915993637563,0.017213104647291647,0.01388803261776468
B:ACG,0.021737644404949075,0.0001367147446852143,0.04060427917150865,0.048499555677079774,0.06427301934513638,0.041629639756647754,0.04405632647481031,0.043560735525326404,0.13191263927814614,0.14666074236106363,0.0564290108688222,0.058343017294415205,0.055318203568254835,0.021464214915578646,0.024489028641739012,0.03628067537083875,0.03616104996923918,0.06693895686649805,0.02831704149292501,0.01681591359628136,0.016371590676054412
B:ACT,0.030305332668250095,0.00018829343384458856,0.04167561335760227,0.0504097859731302,0.0676799275896128,0.04547781936383247,0.03535291805271556,0.04709317882260446,0.1420723509261064,0.1085990638182605,0.05806374888923391,0.060286932766030546,0.05645499621761436,0.019922766658187957,0.028723007145240304,0.046356522055107215,0.03882808809489989,0.0710692093988154,0.0225753916998933,0.017864752460202367,0.011000300608815437
B:ATA,0.03666650151818639,0.00014509473624608067,0.0453226411488672,0.05207485472831895,0.07203068930616405,0.04939237155576946,0.032833877143686255,0.04655063806294988,0.14108870596728645,0.07863780814936973,0.05641354123167737,0.06937651730166257,0.05430082031609419,0.020369885410547326,0.033070983176088385,0.04912341545931331,0.04169527274271518,0.0751767678554998,0.019520550369106854,0.01836687027115021,0.00784219354930036
B:ATC,0.03193365638138673,0.0003251264875650253,0.04104610560820922,0.05102258961020452,0.06406327941281266,0.04446216062139243,0.0349355091569871,0.045192581771538516,0.14891238509228247,0.10260190265802038,0.05773890116154778,0.0649540369129908,0.05891024727428205,0.018541117366208223,0.028005415805601085,0.04766888762203378,0.04072988669564598,0.06808059573861612,0.02158305422931661,0.01794430984108886,0.01134825055226965
B:ATG,0.03188021299361144,0.00032850072270158994,0.041140804795484834,0.049093650863174756,0.064226584155628,0.0444664835405495,0.03640100865364761,0.046246644599760973,0.14687110883072516,0.10375617112071932,0.055848251437581736,0.0647490567336391,0.05841368565296558,0.019638086060932192,0.0283198908751885,0.04703191775593335,0.04071218956681705,0.07064955542902195,0.02119611806003116,0.018017482495604347,0.011012595656281873
B:ATT,0.03672533242349284,0.00020218677635299283,0.04350490776807913,0.052126278278505966,0.07308104214646537,0.04860064636585065,0.033082811280758455,0.049839040371012736,0.13896233955373588,0.07944676643320413,0.05621424216289304,0.06749247328133343,0.055753003579337775,0.020673597882093518,0.032406749247328136,0.04974742448797778,0.04064586038371259,0.07399404180843434,0.020581981999058568,0.01837688246945874,0.008542391300913948
B:CCA,0.027313546198460006,0.0002173918877935797,0.038435422531998206,0.05045638877184319,0.05645747841513262,0.04265980316640678,0.038188508289072165,0.04298991677379703,0.15164023521265488,0.13185757342343915,0.057313626713974004,0.06100928880646486,0.05949828099377615,0.018497097415720386,0.025166465825190085,0.04118368540978371,0.037520229522891906,0.06398836282437688,0.024337156031014575,0.017050502014229776,0.014219039771980064
B:CCC,0.025771111835670036,0.0002510596674274535,0.03748614281056407,0.050802086729703294,0.05402999673948484,0.04085425497228562,0.04023475709162048,0.040886860123899575,0.1524779915226606,0.14257254646234105,0.05600260841212912,0.06313987610042386,0.06002282360612977,0.01812846429735898,0.021969351157482882,0.03743723508314314,0.03701336811216172,0.060306488425171174,0.027088359960873817,0.01718943593087708,0.016335180958591457
B:CCG,0.019269776876267748,0.00012677484787018255,0.039807302231237324,0.05497802569303584,0.0552315753887762,0.04061020960108181,0.04455431597926527,0.0385113815641199,0.1331417624521073,0.1606800766283525,0.05428780707685373,0.05463995943204868,0.05890804597701149,0.02479152580572459,0.023157538877620013,0.0312429569528961,0.03714503042596349,0.057865675005634436,0.031735970250169034,0.016593418976786116,0.022720869957178275
B:CCT,0.027793484973642313,0.00028663822867997885,0.0389176540485044,0.04913500399990619,0.05685078395555544,0.04202898173072162,0.03781018816496812,0.04426475991442546,0.1497215700478686,0.13231220635867824,0.05692374641376489,0.06100964407349404,0.059508702076042516,0.01882692002011679,0.02446066411471783,0.04115603803428714,0.03821148168512009,0.0645431116924945,0.024656099270635997,0.017453662324531802,0.014128658871844047
B:CTA,0.033495007371666,0.0002052338828575258,0.041352533172496986,0.05035350489210562,0.06625284814368047,0.044908524326497785,0.0337253719340571,0.04762263771612384,0.1432783809140866,0.10183370191663316,0.056715755260688915,0.06409998659697091,0.05724768797748291,0.019216592950006703,0.02860290175579681,0.046822644417638386,0.04105096501809409,0.0721585578340705,0.02260923468703927,0.017955870526739044,0.01049205870526739
B:CTC,0.026774197135486167,0.00029746019037452185,0.039929165554665955,0.04847489102393025,0.05842729739347033,0.04299272751534561,0.03741604394626812,0.043976848145182816,0.14880237523352016,0.1286529223378703,0.057087336535895386,0.06184947958366693,0.06092929899475136,0.019232052308513478,0.024213815496841918,0.040574125967440616,0.03961224535183702,0.0651743617115915,0.02450849568543724,0.017589071257005606,0.013485788630904725
B:CTG,0.025158072359825,0.00018384324299480643,0.03922864627903465,0.04917369028103941,0.05838554992110061,0.04210229125584632,0.03860051519880239,0.04416396190943094,0.14597372354791197,0.13689318050998991,0.05726935880291786,0.060528199146004366,0.05809884200643014,0.018975249009106805,0.025295954792071102,0.041355975233688835,0.036849627170280425,0.06579837211185548,0.02474880228315799,0.017023008857304813,0.014193136081206186
B:CTT,0.031175428942502536,0.0002920903498042734,0.04212360116105914,0.05010392678964018,0.06563426637075133,0.04544612889008275,0.03493087629712891,0.047613334967648385,0.14224539240512932,0.10815166791413587,0.057899088000041725,0.0620587675352008,0.05814945115701682,0.019580485235093613,0.02792853175048182,0.04530529961428426,0.03937221438388496,0.07005734881064461,0.022290144819438612,0.018307805853803562,0.011334148752226537
B:GCA,0.026445777009858725,0.00021682420300166006,0.03932987769759799,0.0490869668326727,0.06109021919571772,0.04090862892570383,0.038659077819561606,0.04582444015313209,0.1426195074025138,0.1317274790798523,0.05636412914591591,0.06248263712436901,0.05783446827252092,0.019443032828539486,0.02591388013687028,0.04201985296608734,0.03747670833756818,0.06725615746857742,0.024555340989938,0.01721042111325677,0.013534573296744248
B:GCC,0.024611300432057445,0.0001939694517130165,0.03764528692265563,0.05092648938112335,0.05336441915657519,0.04064991176291608,0.04032282602081178,0.04228153715085499,0.14534016917178846,0.1491701150124749,0.057658370352339804,0.05864723422381793,0.058966713320757015,0.019956033590945048,0.023325777399135886,0.037706140083977366,0.03653852005111666,0.06183822187062618,0.02669171788474411,0.017019868557171546,0.017145378202397615
B:GCG,0.020514615205146153,0.00019998000199980003,0.038729460387294606,0.05571109555711096,0.056394360563943605,0.038629470386294704,0.044778855447788556,0.038646135386461354,0.12732060127320602,0.16503349665033495,0.05497783554977836,0.054077925540779254,0.057460920574609206,0.0254974502549745,0.023647635236476353,0.030646935306469354,0.0375295803752958,0.05861080558610805,0.0342632403426324,0.014848515148485151,0.022481085224810852
B:GCT,0.025818468823993686,0.00015785319652722967,0.040249408050513025,0.04917442778216259,0.06007576953433307,0.04164167324388319,0.0383078137332281,0.04501341752170481,0.14161641673243883,0.13452249408050512,0.05675138121546961,0.06165114443567482,0.05769534333070245,0.02,0.02539542225730071,0.04090923441199684,0.03788161010260458,0.0663930544593528,0.02527229676400947,0.017490134175217047,0.013982636148382004
B:GTA,0.03270941798119512,0.00017969539202735256,0.04242753904732303,0.049790193488227524,0.06912930297614422,0.0473278809542311,0.03530285958504934,0.04688107079027119,0.14006041650477893,0.10123164193021991,0.05710913823917942,0.06178607506410755,0.05661861838526692,0.019960758411687,0.030834757945450306,0.047201608516590256,0.03980010101795011,0.07106709923070946,0.022049110264977852,0.01821237081358303,0.010320343461030383
B:GTC,0.026215915850829826,0.00023979377735147773,0.04036374871456701,0.049263786989343014,0.06018362669642569,0.04272479513772002,0.03807187357334231,0.043836147067368214,0.1486306391887592,0.12988983320498218,0.05634692625880205,0.060234352303173117,0.05822377370845688,0.019211170700889544,0.0254089175616662,0.04202385948084647,0.03776751993285774,0.06681023550515787,0.023721138282615413,0.01722364920014941,0.01360829686469636
B:GTG,0.02532619120867189,0.00015985329689884603,0.03879910964729727,0.04788360267105811,0.06006563033472677,0.042949263166784296,0.03893181804472273,0.04384202874946464,0.14879929061329375,0.13410786779830736,0.05557767362179313,0.05961019924356213,0.0587626751600041,0.018099615748867454,0.025682091001767434,0.042457638876321806,0.037185496178601375,0.0685921448693124,0.023981010634768395,0.01651917937952792,0.012667619754248178
B:GTT,0.03092504353123907,0.00018803990959041146,0.04238419562167874,0.051327373721798714,0.06741982918454613,0.04715288772889158,0.035419197370449906,0.0466602231657647,0.1410299321928086,0.10421923949138966,0.058439043102508074,0.06230890444187875,0.05650223203372684,0.019480934633566628,0.029473375429201094,0.04701749899398648,0.038397749538362023,0.07141003606605466,0.021827672705254965,0.017668229905115063,0.01074836123218792
B:TCA,0.030483580029995353,0.00029819940184708216,0.04163389884023821,0.04948940661242556,0.0641041008264801,0.04417151727948593,0.03575761650972218,0.04654834192362002,0.14672579980295453,0.10963798007911055,0.0565847982622576,0.061367682786001,0.05789453681154675,0.0199355070705417,0.027831944172394336,0.046466483264289454,0.03976869081692019,0.069316743311709,0.022511131315907183,0.018125845994626563,0.011346194887926726
B:TCC,0.027963624250084838,0.0003082162993496325,0.03901271158737621,0.05013651802754022,0.05830580660828199,0.04244356372761151,0.037642861368044504,0.04414342331796403,0.15148364118641483,0.1252416695983537,0.05641292266884182,0.06260838161536474,0.05965075045998948,0.01906582441633484,0.024769382602279556,0.04174929873008658,0.03928045503933649,0.06475655582295309,0.023838507112324606,0.017334831866452058,0.013851053695015303
B:TCG,0.023794466403162056,0.0001383399209486166,0.0408102766798419,0.05369565217391304,0.06225296442687747,0.04217391304347826,0.04391304347826087,0.03988142292490118,0.13646245059288536,0.13950592885375493,0.0575098814229249,0.05646245059288538,0.05800395256916996,0.022450592885375494,0.02492094861660079,0.037549407114624504,0.03705533596837945,0.061778656126482215,0.028537549407114626,0.01626482213438735,0.016837944664031622
B:TCT,0.029989231337954596,0.00030767605844008236,0.041352580690342415,0.04923964980035497,0.06279576509162547,0.045359257720028565,0.034875310833182176,0.04619962665576789,0.1461254629491439,0.11101135875717241,0.0575078698484351,0.0638427821263171,0.060208071674745074,0.01858225627578796,0.026793074074159113,0.04421121272584915,0.040342301095464536,0.06953249311747026,0.022419022646335555,0.01782225048964119,0.011482746031782478
B:TTA,0.03479354433032907,0.00011644425813363143,0.04491754083034737,0.05096266131688475,0.07585511672705134,0.050150878488753145,0.033509330512055305,0.04947882877038191,0.13128258359865988,0.08483463251855622,0.05875777265423042,0.06602389436176902,0.0544393541668746,0.0204509387070695,0.032394792612776266,0.04901970569545502,0.03875597608567636,0.07585178974824751,0.020996563230895656,0.01859448453453903,0.00881316685131399
B:TTC,0.032130878265064666,0.0003158813664453583,0.04165900893657102,0.05058122171425946,0.06518355579039262,0.04569654712949987,0.034956580670357694,0.04814319189505847,0.14413379586023112,0.10238289416251235,0.05660881251579407,0.06281157389326655,0.05842082289967608,0.019874681246984768,0.02842357968251051,0.04607847641802017,0.040427071607434126,0.07092111006455466,0.022275379631969492,0.017973649750740884,0.011001286498656069
B:TTG,0.032023129041513096,0.0002553779120175801,0.041585613080393595,0.05181018800228264,0.06533891171175715,0.045299627652698654,0.034813369191334806,0.046702629761931035,0.1462842513801442,0.1046166651428067,0.057286625448881856,0.06307834426834229,0.05756722587072833,0.019446555078079433,0.028927065960016016,0.04682558949734691,0.03926514217613509,0.06868089426408598,0.021448591795748116,0.017945815743260072,0.010798387020496443
B:TTT,0.03432646435702419,0.00022481671721867426,0.044372723254431555,0.05178595924339648,0.07219855507628527,0.0504027648645765,0.033063299242481976,0.04817936563581216,0.13612652227590727,0.09059732658629152,0.05917442728893902,0.06463480620036885,0.05442088737825603,0.0203401972290387,0.03195255224130836,0.04852802207014282,0.037955920681613804,0.07361604353061318,0.0205459616820863,0.018210154094712615,0.009343230349494734
N:ACA,0.07090930291607683,0.052660633430226055,0.0713171136541162,0.060076258401594744,0.06420873247479701,0.05697147761311841,0.05160852154924975,0.052393320433587624,0.04933795534980971,0.045409346284311,0.040656868580473814,0.04585196193061467,0.038529544691930616,0.04720176542549296,0.04718485403404022,0.04680039904426018,0.03790302943562893,0.03525776223113696,0.03295295618185824,0.0341159405982061,0.018652255739469964
N:ACC,0.07196383969825683,0.05142494419427003,0.06995102339746799,0.060718440207173305,0.061868258845646826,0.0578549302645874,0.05197917959061883,0.05192727035384013,0.05197646003243562,0.04500818626618365,0.041604329156417603,0.04493008477971803,0.04025434575496374,0.04737190478304012,0.04735228699925244,0.045661197071886026,0.03799626755161266,0.03389681082692549,0.03367169477770107,0.03341584508065853,0.01917270036734366
N:ACG,0.05631293455851446,0.04237705988653104,0.06854019856613684,0.06291296601537628,0.0616295381750838,0.05843399983695769,0.054580079684655565,0.052555688191585015,0.05025051844726748,0.04737939793748449,0.0434263795788599,0.048807684929526626,0.04299255975515773,0.047476374775475894,0.05088374689408948,0.045564567330260985,0.03925334501904231,0.03521789634812503,0.03544321597014568,0.0346857359496472,0.021276112150076507
N:ACT,0.07426502917421196,0.052103798288753285,0.07126449703981104,0.05984113098270637,0.06493001918235837,0.05710787358671232,0.05073890007821233,0.052408782440625884,0.04939927459106822,0.04484685651914274,0.04037115038565434,0.04541559738547306,0.03785815932156829,0.047185714905918816,0.04685119836921905,0.04691425657146431,0.03807964269959922,0.03520524598603451,0.032522534036834166,0.03404319513476684,0.01864714331986488
N:ATA,0.0826193840923504,0.05589145843026793,0.07267419891034177,0.057322445895623714,0.06768382141180092,0.05605622216078197,0.05000700381701419,0.05224452435593888,0.0461738495712868,0.04445002060611376,0.03718978370292114,0.04632667347535392,0.03401195410136857,0.046261746079632154,0.044853478062632304,0.04823661980899156,0.038325359595116223,0.03712672144614003,0.031683262046352315,0.03355559719237551,0.017305875237595938
N:ATC,0.07769471553342555,0.05653810354801565,0.07098543253435319,0.05875611025976692,0.06482639728328635,0.05674995908800635,0.05044595165228973,0.05215547448782247,0.049855731160889726,0.04460451404546094,0.03948221448823661,0.04523538441415991,0.0365045290647278,0.046512043940485956,0.046214454510974334,0.04664380109248347,0.037885336154171244,0.03492464460736237,0.032305927525353426,0.033511815637145,0.018167458971583006
N:ATG,0.07445805258133288,0.0526463252680075,0.07154670272427188,0.05949889439732018,0.06490928912057581,0.056575653138461954,0.050994369799392376,0.05224869545770818,0.04917912076455502,0.04535916482646285,0.03982784468438973,0.04570956694491528,0.03714099934407414,0.047346444952794275,0.04683311936587515,0.0471246437587849,0.03829562388529171,0.03567763281871133,0.032332367480102375,0.03399964177755506,0.01829584690941743
N:ATT,0.08121897408171001,0.05792426835648746,0.07204362877827493,0.057793513006858324,0.06779849431111475,0.0562059124051106,0.049678528556009766,0.05211136764782213,0.046651077787913685,0.04420988311693983,0.03762121150030008,0.045874860708236466,0.03417024914376608,0.04614851268595271,0.045246542787859535,0.04802461061480068,0.03793420770999034,0.036698406735721695,0.031591052213081276,0.033632639282603495,0.017422058569446158
N:CCA,0.07261716787821793,0.04953439850567252,0.07006231490189159,0.06102413849290685,0.061888087033137314,0.05802891455690568,0.05197603105952329,0.052041636519516196,0.05247091305804601,0.045030603067105,0.04175159462914014,0.04468052181142964,0.04040893361907706,0.04740890637198805,0.04711878220079864,0.045719704878955485,0.038090637981147174,0.03383850717785443,0.033698107109655775,0.033451888520019055,0.01915821062701217
N:CCC,0.06901546709075725,0.04603788641994301,0.0691837017221167,0.06210528137033854,0.05978507615312298,0.05882312343002925,0.05375975842373218,0.051951372980461534,0.053299796516774425,0.04532872592408089,0.042844284295631536,0.04472292417825331,0.04280615841086172,0.04813476248442449,0.047426315956441964,0.04500777356327827,0.03863458688402451,0.033273425875152675,0.03472887319661531,0.03320288584864971,0.01992781927530975
N:CCG,0.058400418568333216,0.04069995515107234,0.06701284212738882,0.06359841090876663,0.058202732422136104,0.061101587775491566,0.05634363797412797,0.052223904169813214,0.05269351029031924,0.04663265122137388,0.04437038749246088,0.04715862307132149,0.045999633216665475,0.04779570200754586,0.04989179241882563,0.043850750695678176,0.03900849595604318,0.03312940418175235,0.03695610116787517,0.03344761877534326,0.021481840407665546
N:CCT,0.07024249019718307,0.050610748484975134,0.06985688024041646,0.06102850189605557,0.061248946900298785,0.05810634607722331,0.05198038837586377,0.052125106807534946,0.05224647015315223,0.04510637540525576,0.04215935827910446,0.044658871873513147,0.04113869427375187,0.047783294164078186,0.047372822899992555,0.045776176420268835,0.0381609813969901,0.033795225029283886,0.033800072637953336,0.033423032560798795,0.019379215926305822
N:CTA,0.07767658295581642,0.05415747079428629,0.07156757549516349,0.05911267310555642,0.06512557651577648,0.05686256495232431,0.0501890658523787,0.05217721978706931,0.0487664943835898,0.04459670949259354,0.0397438667884326,0.045462046658305,0.03692256620388088,0.04684955584323201,0.046215251300961,0.046874756164077505,0.03797610435230245,0.03526867270867363,0.03225173571105633,0.0338404022273967,0.018363108707127148
N:CTC,0.06772086692700878,0.048582477446533046,0.07038989013236764,0.06134166292390865,0.061774749708174426,0.05821179367936431,0.05236277200845083,0.05244007738099929,0.051703847517546905,0.0455985607453602,0.04243988972772924,0.04523707198842388,0.041313457683251106,0.047890422081679776,0.0475316721436566,0.04595511962825286,0.0383515752219795,0.034170511938971054,0.03370848202322314,0.03375110157947157,0.01952399751364718
N:CTG,0.06812289852059514,0.04765185061352688,0.07001173696362092,0.06167838348854814,0.06170740298831262,0.058447212290634126,0.05234372641444005,0.052277666640705635,0.052318109200854855,0.045298592409548796,0.04255898228722091,0.04476087724362107,0.04162147540278719,0.04813492906610493,0.04766311972431075,0.0459360053370016,0.038276735584309475,0.03390749196194495,0.03407300317784306,0.033784424651007415,0.01942537603306148
N:CTT,0.07408671300169208,0.05233836312001251,0.07142178675119658,0.0598874153954008,0.06469381559925977,0.0571005246879972,0.050431213451160056,0.05234773838503577,0.04941339511489631,0.04503346912272233,0.04048802813061172,0.045587770915771875,0.038008757931058484,0.04692381785792454,0.04715276641707819,0.04671892387783668,0.03802391030893247,0.034982568601279844,0.03252230696659028,0.034064523727648954,0.01877219063589355
N:GCA,0.06845108398379031,0.04729655257516865,0.07056685236205673,0.06144088941172612,0.06281925354021313,0.057736050396501266,0.05210138738494377,0.05242905153905411,0.05116942683283881,0.04577582906238048,0.04211633397813089,0.045196660283566094,0.04066043972282774,0.04812048720808874,0.04787366545786828,0.046375214152989876,0.03831674099530637,0.03464788016208959,0.033469417665826465,0.034142152561152,0.019294630723480578
N:GCC,0.06630885330006284,0.04472875502544902,0.0689863103701808,0.06290212423953535,0.059364747103905144,0.059377533670719455,0.05345269504875996,0.052119203066124935,0.05349918312908486,0.04545108662995932,0.043678912237694836,0.04463387182182691,0.04416151916168642,0.0482718220269966,0.04779884410686518,0.04493424672146487,0.0385115135687358,0.033251951577115156,0.034972323179131924,0.03343352707847832,0.02016097693622229
N:GCG,0.05538364482558875,0.0351577324872995,0.06708395476426683,0.06475025966935435,0.05813077181721941,0.06166335699209673,0.057353636369689265,0.05259740097609045,0.05235500129834677,0.046962284690827014,0.044856424486154296,0.04784761570267193,0.04756963632974013,0.04788361153464588,0.05023499244295597,0.04402997682950376,0.03924232310857508,0.03363217503046121,0.037439826620769556,0.03370936840423194,0.022116005619511155
N:GCT,0.0675557676642618,0.04173830737252411,0.07091556597012905,0.0622842451126769,0.062425725941146856,0.05861562427301451,0.05249483412667031,0.0524265695143971,0.0515729129979783,0.0459158405590739,0.04296225383326167,0.04544561824466181,0.04183391834282961,0.04841838118203248,0.04823296612238636,0.04614721550604672,0.03860968144801464,0.034399670241184524,0.0339895423925718,0.034301493439755006,0.019713865715382528
N:GTA,0.07711526058157538,0.054681307877090315,0.07153820125504366,0.0588100886049038,0.06547454625977155,0.056580965886023654,0.0505436234159893,0.052202003541984836,0.04835644126763966,0.044653046364503374,0.03919022060713521,0.045828950459548254,0.036567685768488,0.046779683126497835,0.046355041494453623,0.047302079776546595,0.03799204388971735,0.035689458726638035,0.03233152867505777,0.03380635900378866,0.018201463417603137
N:GTC,0.06891922287345693,0.05083081725354877,0.07017092849528928,0.06101094597787571,0.06228685329339636,0.0578397173815847,0.05183838455547106,0.052083389355772426,0.051505207905695384,0.045360517392771256,0.0418127582485049,0.045222089680600985,0.040169612640239855,0.047846300242267915,0.04775833754323289,0.04603419095769747,0.03831268540439477,0.034261411516874916,0.03364860072977966,0.03382252425935945,0.019265504292185313
N:GTG,0.06569561100799207,0.04737089569317598,0.07058837874088293,0.0617345567954518,0.06219816696038673,0.05786249546573741,0.05319674271797328,0.052582343455759115,0.05132407197703192,0.046110902154661,0.04248992505952092,0.04545469840656422,0.04132787119721199,0.047941906966254395,0.04803679839869817,0.04592325701916518,0.03815257109266514,0.03453840306151352,0.03383510988542681,0.03418181792269947,0.019453476021227968
N:GTT,0.07526171438720408,0.05484231639107086,0.07119740372095024,0.059337063217498244,0.06522478053763132,0.056788380473901695,0.05040432750678735,0.05223757890107382,0.048799534363870044,0.044663678553554485,0.039913410485291456,0.04592515144324899,0.037263467554648856,0.04648553817679828,0.04682741185592042,0.046915974336971804,0.037743247964700376,0.03523525011768483,0.032481696317082615,0.03394653341576127,0.018505540278348984
N:TCA,0.07381370962625765,0.052911956769201754,0.07117141786497819,0.059711751633775616,0.06475093348691469,0.05707820098826642,0.05091864922760661,0.05227910633307163,0.04963300718924251,0.04498993589811419,0.04020786341573519,0.045342118783958184,0.037645145949743726,0.047282805125898164,0.04692357858233729,0.04691648733233854,0.03819504303857302,0.035245923836072446,0.03256522510332324,0.033922810807782054,0.018494329006808884
N:TCC,0.07265260928087738,0.05122011774551458,0.07021210956712803,0.060417260894507094,0.06229811439985529,0.05778162989101787,0.05159705675378477,0.05218773507740817,0.05198756294286468,0.04506097370269971,0.04144404575130709,0.04479382766730822,0.039703005417259116,0.047367975355553364,0.04714042524979026,0.04607817495782884,0.038087330331300996,0.0340203617523858,0.03343871572316887,0.03345694896478194,0.019054018573657922
N:TCG,0.06351515878213228,0.05006568432259501,0.0676952049785686,0.06144135911865738,0.061238277950754545,0.05827803640110524,0.053598440178513784,0.05214129574020368,0.051432076349295655,0.04618276580409601,0.042347611712759886,0.047406523368993043,0.04179008555432429,0.04693151437610435,0.04947208778640539,0.04469877446362195,0.03839008186493406,0.03434921132695508,0.03468603289091395,0.0339025315805216,0.020437245448544205
N:TCT,0.07306040143788714,0.05415343409150886,0.07114791258179488,0.059812584072316446,0.0640494635731185,0.05727140172020254,0.050742396191694794,0.05233728482812247,0.0497870295871326,0.04498419334559462,0.04062580588646329,0.04546298160051285,0.03837839360880662,0.046926184437098145,0.046755358759398465,0.046503736489421826,0.03797399322087003,0.03473483684238667,0.032727101068974154,0.0338390394622171,0.018726467194477986
N:TTA,0.07821706706214808,0.05469078437341153,0.07231045870681277,0.058488011863036427,0.06770395641570498,0.056386795806573145,0.05008802095777111,0.052287438418603956,0.046141142580849545,0.04466139473508494,0.03834234367701753,0.04655706850944441,0.03518158783426166,0.046492069597473144,0.04580140023442749,0.047968925407085646,0.038186653067812035,0.03693032699837341,0.031753662176591466,0.03396114857806971,0.017849742999447013
N:TTC,0.07594572409008417,0.05500199003326475,0.0713477454750392,0.05918869804467922,0.06531007738274021,0.056871825171317954,0.050143520940531906,0.0523100396620034,0.04903259529950265,0.044716097400817965,0.039710946346305974,0.0454589814601991,0.03698143681459306,0.046627413598360874,0.046680469401079304,0.04698468831860462,0.037883737991057015,0.03518752787926732,0.032324086229839386,0.0339236628645104,0.01836873559620151
N:TTG,0.077285343620739,0.05566915701365534,0.07117157258900787,0.05913671883045425,0.06510345082693461,0.05675888211750982,0.05017749257347821,0.0520828879956332,0.049346223829701864,0.04448589770227871,0.039636952058748634,0.045366890406449444,0.03682816905013261,0.046415486600681934,0.046509124903819,0.046879094089288635,0.03768619386862822,0.0350401597380636,0.03237418190635488,0.03371841601363646,0.01832770426480371
N:TTT,0.08009342021143606,0.059281688366607604,0.07149457084537457,0.058297762746980786,0.06686711436110429,0.0564472055071025,0.04946110842043041,0.05213496659314807,0.04675533977447115,0.04406293045573008,0.038273703983741546,0.045803315692081105,0.03541881128920876,0.04581538823460405,0.045627312140984276,0.047386239587353884,0.037450537090974595,0.03599792695411191,0.03183726055405393,0.0336205832936046,0.017872813896895823
T:ACA,0.04108024119791457,0.002618403779776191,0.08170500090310229,0.07674046342211782,0.04940081479895028,0.057839562396990236,0.06466260665137358,0.05867718811934581,0.0543708855105637,0.04631388691139326,0.060565249370627953,0.052407862158617785,0.059390403981607366,0.031716390136146896,0.04503957511463778,0.04340476895095261,0.03933222337897971,0.03804947999269438,0.03467701983887145,0.0323110806851738,0.02969689270016253
T:ACC,0.038727140327826655,0.0024145740496813576,0.07807829505795559,0.07620591926509146,0.046894453680171706,0.060264326015389086,0.06612889734618024,0.05829350477917706,0.05907508177872956,0.04549434994661164,0.06043652239475858,0.05130944911626091,0.06513729231462033,0.031764287019685596,0.043472476765960756,0.042016415445092305,0.040850784811397985,0.03638324079406228,0.035525252170830114,0.031078744215290874,0.030448992705225907
T:ACG,0.028370329442903335,0.0014574397590933342,0.07426942889095214,0.07501030043081433,0.04958333095996218,0.061539045752899785,0.0688744714502437,0.05785481424098641,0.055609035518923364,0.04612656333958005,0.059912242228158816,0.05515334825709116,0.06603402085148963,0.03345314110925672,0.044824436988894524,0.04012060522863159,0.04306206650375847,0.03697978077645312,0.038233680225261406,0.031845704293143616,0.031686213751502344
T:ACT,0.04389631736033942,0.0027043106278797583,0.08221768631352477,0.07740843440732564,0.0499303755407019,0.05780426221490824,0.0629555354957794,0.05885294288748372,0.05418099253493671,0.045661270904592925,0.05975766645533238,0.05173064048093505,0.05907830724192977,0.03190486308791934,0.045000584209483226,0.04349193100707855,0.03939845896877413,0.03767516424421041,0.034197084178423987,0.03223677788503349,0.0299163939534072
T:ATA,0.05419835097961074,0.0037131456688531536,0.08658372422620265,0.07780574464418427,0.052436135465247787,0.05537091739100776,0.05990865179209346,0.057330093993803156,0.049108609426666526,0.04761577789027355,0.05692231553985402,0.05457089970882745,0.05142889070796937,0.03121740689479372,0.04536601215672336,0.04490853061979184,0.03751415920783832,0.03999404011790514,0.03227334496587429,0.032957126995752685,0.028776121606726768
T:ATC,0.0458993997213501,0.0029983052334429288,0.0826044295769228,0.07631889165877771,0.04972117590384646,0.057950501161252395,0.06279203526229292,0.05847388029329501,0.054646007258579696,0.04663783145893398,0.05934280050434428,0.05253261657577342,0.05802635550444405,0.03117114671813571,0.04466609361534468,0.04369265593768479,0.03877400061506946,0.0380704872129214,0.03362168541066021,0.03224981448149677,0.029809885895431223
T:ATG,0.04528324856722137,0.002723821915727792,0.08266631691622019,0.07668596091295057,0.049725673724706,0.057117345890378715,0.06339468699088961,0.05882016383696327,0.05388734217612645,0.04672391983994486,0.059680047021348034,0.05258585843592206,0.05735146674193391,0.03133375552997661,0.04520880843840894,0.043863568967726994,0.03897500152037316,0.03830404339505033,0.03374048686724367,0.03247566932143946,0.029452812989448
T:ATT,0.052970008508871756,0.003684750659906744,0.08637843158429202,0.07794334713807273,0.052945446922925535,0.055719880598900685,0.05960061117840336,0.05786263540792077,0.04923495531073278,0.047141887718376345,0.05729238614422994,0.05363281239183801,0.052273156832443525,0.03114132203274762,0.045411552190703745,0.04494257460184336,0.037388989579426685,0.03960183977046865,0.03258271280716981,0.0330997367551776,0.02915096186554834
T:CCA,0.039066065935801905,0.0023255229256862082,0.07786134330551749,0.07644826832357544,0.0465197383769174,0.060492460758587815,0.06633354115910671,0.058406271978978304,0.05988905384025557,0.045351176999578524,0.06060149915110833,0.05105796914726042,0.06507838570952863,0.03159313238329115,0.043207744412713064,0.04190635150524776,0.04087348115076346,0.03626980576383093,0.03535881454279732,0.03100342944897683,0.03035594318047672
T:CCC,0.03533845366653399,0.001889262613085645,0.07467342983487395,0.07552626909569572,0.044619908500501675,0.06259369554705409,0.0689925692254412,0.05796763083175394,0.06289394527936262,0.04476109441840058,0.06073503028254214,0.05135217315018359,0.06941951883302136,0.031655889639815506,0.041625396166767,0.0405038938129264,0.04265390519330281,0.03498746745321874,0.036683959703927904,0.030353064430455087,0.03077344232113606
T:CCG,0.026032583250152033,0.0010986630699593807,0.06960134757426954,0.07510359514414743,0.04605266585830075,0.06639728579605807,0.07129363110377676,0.055232010694844846,0.06141831745259038,0.0457199406602846,0.059433875891268084,0.053689341851693884,0.07359888823634059,0.03343441629058298,0.0415519434650017,0.03803116004975247,0.04526253655697156,0.034802162490481604,0.04020429476028527,0.029892418852641444,0.032148920950596634
T:CCT,0.037809173631106655,0.0022367129269820836,0.07740831675676786,0.07639585523094779,0.04637567019539234,0.06073522702761924,0.06626829770370345,0.05863845911551327,0.06014971548793306,0.044944818011565364,0.06109177653990872,0.05073156577501292,0.06599899984250836,0.031764950578439394,0.04290480914410143,0.04195718452884322,0.04126436041276504,0.036056597701306835,0.035704488340483224,0.031117865372039755,0.030445155677059972
T:CTA,0.04720835079723603,0.002830673041067191,0.08309438963127795,0.07697748662148458,0.049856071081176276,0.05723988011195553,0.06205124867157744,0.05856328401263606,0.05363420520029905,0.04596965569599001,0.05926749244312344,0.051991204276258356,0.05827722072406101,0.0316958427902014,0.04482593482319434,0.043833610018328736,0.03905623143478153,0.03785502415949709,0.0335884837398646,0.03242027791786075,0.02976343280812864
T:CTC,0.037503890962038496,0.002110116744917775,0.07809641125677604,0.07604780797788128,0.04719267711808692,0.060532627993687645,0.06617149157032971,0.05879480336896685,0.05920906417255308,0.045022929407456454,0.06167309097581397,0.0510413936349121,0.06521324354471265,0.031637853892063854,0.0431207182115184,0.04172478886374828,0.040910441376559525,0.036568731249051134,0.035530366224932435,0.03139971760280639,0.030497833851187022
T:CTG,0.035721812290002514,0.0020287883216205138,0.07730652417652716,0.07708378834213865,0.04676330863708923,0.060919413399988416,0.06670872125921208,0.05858007159463811,0.05963456732481268,0.04498675667899731,0.06148407267799603,0.050650630294535655,0.06590181111362901,0.03202143370747786,0.04330873740015074,0.04193078455448958,0.04128323198130934,0.03619901868564428,0.03606232226159172,0.03111982093589175,0.030304384362257377
T:CTT,0.044178119471676054,0.0027498886226378703,0.08233291454384091,0.07712507934597071,0.04972468075560756,0.0577659406121484,0.06251543692409511,0.059211808561450134,0.05435224918124315,0.04567911541704329,0.05974263859180622,0.05182610401770231,0.05939199945672638,0.03163686209903004,0.044962017389482474,0.04355463775239446,0.039261454625728415,0.03761615162504358,0.03392903883832435,0.03230384815116473,0.030140014016883827
T:GCA,0.03777751949379378,0.0019707447808593338,0.07858475569943493,0.076824178115674,0.04787005732764957,0.05955696700156224,0.06593342882244153,0.05906019574127693,0.05736436387503461,0.0456093583883991,0.061161799342971127,0.05115041585620571,0.06355616024394163,0.03204967712602853,0.043975947683819384,0.04243558758276957,0.04092811311015318,0.036833544708387886,0.03558648886093345,0.031788301330808226,0.02998239490785529
T:GCC,0.03354255898111273,0.0016743656489277814,0.07378592620094858,0.07709991428291031,0.044592102635405896,0.06292485376966465,0.06873168903843818,0.0578388758913994,0.06286094340956366,0.04446754177249765,0.06130993762348854,0.050401854618600125,0.06993663523706711,0.03230878878114965,0.04200755051577805,0.04057467166374194,0.042713309619873185,0.0350368604074204,0.0371203381467128,0.030264086186509134,0.030807195568790195
T:GCG,0.02561206199069335,0.000976706554438539,0.06923217901667776,0.07557429004385122,0.04664097876277876,0.06505178556262321,0.0718118465341445,0.055904716352794454,0.06169030579631757,0.046373669600511376,0.05890456884104939,0.05343858817849815,0.0723625570490499,0.033777060582626695,0.04203995333264793,0.037983827348677536,0.04533259428459039,0.03449316305411893,0.041065034799361674,0.03015050668049403,0.03158360563405465
T:GCT,0.0367491503146278,0.0018230310285436762,0.07792773011278932,0.07713879387884541,0.047342070421043124,0.06022390143970708,0.06625131661350203,0.05887795342524574,0.058253984923993314,0.04499793004149548,0.0612897056793516,0.05082552329920266,0.0654496703953873,0.0322478504566848,0.04371317339412462,0.04192054150297921,0.0411884071055101,0.036359268274418516,0.03562012373104075,0.03143663899275079,0.030363234968756696
T:GTA,0.04682810469329235,0.002994671122201831,0.0832719018026446,0.07739683502043569,0.050427384042001755,0.05716972469158661,0.06233456903435467,0.05814314305246287,0.05260789773362504,0.04622119858432765,0.059021552811746425,0.05254019858123434,0.057495493719931436,0.03187622544524787,0.04530681812658062,0.04375212388414607,0.03876686789341184,0.038236233806004806,0.03376084258046897,0.0322898442875305,0.029558369086764066
T:GTC,0.03734614178578083,0.002168570270076437,0.07849856019324303,0.07668495342638847,0.04767180312622757,0.06004399277757174,0.06572778075906192,0.05853102595893865,0.05810443722052787,0.045594485266177515,0.06080889447751763,0.05166384026047029,0.06356209410235023,0.03184643996070472,0.04384096928105286,0.04243934714621343,0.04094610052220378,0.03672142090327608,0.035778293293431566,0.0316590050919961,0.03036184417678931
T:GTG,0.03558012438041458,0.0019519541171108645,0.07838529797780178,0.07624783464231884,0.04757557949321174,0.059578185486997455,0.06738003303825213,0.05896521906044279,0.05775654287880994,0.04577408936781011,0.061636043560566664,0.0517053019113773,0.06378834054173656,0.03189635690389783,0.04407359804909783,0.0421097651957994,0.04079140277354897,0.03706608926947073,0.035935895484141826,0.03164554418558912,0.030156801681603538
T:GTT,0.04462991459963463,0.0031441198375991262,0.08293233658117362,0.07683429649560493,0.050544637990074866,0.05734902660538574,0.06261266906450355,0.05859619345949202,0.05296107913972541,0.04610701101856003,0.05922703459213296,0.052505104415894746,0.05828142029413948,0.031849469870606356,0.0454583152486984,0.04370815191624894,0.03889101168258898,0.03804039495820481,0.0339284447472918,0.03239648961476849,0.030002877867671106
T:TCA,0.043618809857856176,0.0027417096096181335,0.08171250822376055,0.0770266616449925,0.04962780927174975,0.058027380286702256,0.06336463509039524,0.05886621593581687,0.05494553256029671,0.04614025334199517,0.059768743641190614,0.051924586673700875,0.05890125461546068,0.031450675921886176,0.04484382219517381,0.04361923912192532,0.039348920162087964,0.03781456940494395,0.0341572395358432,0.03221535620305629,0.02988407670154777
T:TCC,0.03967901092337496,0.002421680285589222,0.07873830876053994,0.07587471556438465,0.04738405484821219,0.060172853067499685,0.06550827531673352,0.058639311150615415,0.058912911490197735,0.04547291858741888,0.06058556387021573,0.05140193220613608,0.06401662671912778,0.03145559878028833,0.04325060121533751,0.042197600313707034,0.040745750369415905,0.03658149282530702,0.035172275494164046,0.031426335064615826,0.030362183147118554
T:TCG,0.03215929430954085,0.0016493890523753521,0.0745553297082763,0.07534589432845729,0.048834318713539,0.0618987113618234,0.06778110104415205,0.0571861074775278,0.05671944235748868,0.04610749537350163,0.059805410460080054,0.05417018375719851,0.06677594185156302,0.032948074359473126,0.043562698198833245,0.03958756796981935,0.04281674783487015,0.03682817622274292,0.03792434849801645,0.03139906738358802,0.0319446997371328
T:TCT,0.042949153453733444,0.002671673520406895,0.08167544119585425,0.07655578524456759,0.04916286986213749,0.05854920121389135,0.06325654806072697,0.058862664180290965,0.0555738564879849,0.04572967590242156,0.060491726194171716,0.05180495707051448,0.060336028754687646,0.031348828991918376,0.044354017907695685,0.04316837072147003,0.03936021984866749,0.03763881140009139,0.034261371389293444,0.032124066337660684,0.03012473226181362
