,X,Y,1,2,3,4,5,6,7,8,9,10,11,12,13,14,15,16,17,18,19
AACAA, 0.07240068451005846, 0.00022562458179795425, 0.07668956490988128, 0.06967708657940769, 0.06544514129718562, 0.059001903669165384, 0.05558474574492584, 0.05841248844195414, 0.05051790622906668, 0.045995047207313955, 0.04538082208061163, 0.050578680737752554, 0.04336930975120135, 0.04539681546904878, 0.045669127658510306, 0.04890316604369872, 0.03849741425461728, 0.03773797739943683, 0.034506211244619715, 0.034549464937356604, 0.021460817252389044
AACAC, 0.06283606765218183, 0.00020408881241161495, 0.07598212745018922, 0.07044582975574544, 0.06342807070333997, 0.058671266043672385, 0.05743461079965841, 0.0585438340317951, 0.052414325458679134, 0.04782808725909668, 0.04697502012161481, 0.05046008617862205, 0.04482469799339778, 0.04603333592339149, 0.0463421472383016, 0.04874027617275531, 0.03900155944596477, 0.03761226316599892, 0.035413949632878555, 0.03494090069653059, 0.02186745546377427
AACAG, 0.06334154057267988, 0.0001874776010251624, 0.0760215862560331, 0.07076893383091407, 0.06271666370030377, 0.05935891163622113, 0.05690932729287809, 0.058265435433596253, 0.052825579435748456, 0.04725998964511529, 0.04754756462700385, 0.05019955636457132, 0.04554826779402808, 0.045996939729085994, 0.04638110167569006, 0.04808829228157157, 0.03918447516397979, 0.03696849859110343, 0.03560480938152701, 0.03473639870826113, 0.022088650278662553
AACAT, 0.07161037697587407, 0.00023030899945491217, 0.0776183590321857, 0.06954139439843411, 0.06637850114568562, 0.05769044991553862, 0.05552836467942047, 0.05891559764389347, 0.04951691262647223, 0.046607324897870235, 0.04458259178461629, 0.051175882289580206, 0.04096723817472543, 0.04572989880383943, 0.046225666004722506, 0.04982257601152028, 0.03915587459217336, 0.038961473979295336, 0.03410918789672513, 0.034812368661885126, 0.020819651486087616
AACCA, 0.06478468575860136, 0.00020685617620029418, 0.07516535034318811, 0.07042734159029436, 0.06198113740189163, 0.05961532027315219, 0.05720123038079197, 0.05746092135590012, 0.053138102423964294, 0.04724460930661277, 0.04757576165280865, 0.050548342580218335, 0.04694925868188292, 0.04576200052552692, 0.0459930953961863, 0.04765777307771844, 0.0388590395973848, 0.03685703765477949, 0.035827673283353526, 0.03427224539171214, 0.022472217147831215
AACCC, 0.06109553196337314, 0.00018698864590632665, 0.07337742167860412, 0.07123178594663018, 0.05905738476262601, 0.060567058518135965, 0.05904006716721785, 0.05645286102375553, 0.05593877331863836, 0.048342828874941034, 0.04866517289910205, 0.04948250204591458, 0.05025267185769475, 0.045971056411344906, 0.04538122502482047, 0.04667365075169816, 0.03915893952440825, 0.035305732016475896, 0.03698670696283775, 0.03378509865684976, 0.023046541949024904
AACCG, 0.050298749407398806, 0.00016468268973779973, 0.0714710335666917, 0.07051575499828286, 0.05899986796958977, 0.06115316161507349, 0.061551940531629344, 0.05589243372215271, 0.05317815558259083, 0.050788180915252536, 0.04900010257902546, 0.05317029841358364, 0.05141108362746443, 0.04509993429695768, 0.04704485713816443, 0.045312142680302266, 0.04048480122062186, 0.036111899295678235, 0.03894249642017527, 0.03398493600553111, 0.025423487324096033
AACCT, 0.06177545173640659, 0.000184213471647058, 0.07500888181633693, 0.07071120503911285, 0.06115662876169218, 0.0598357500686581, 0.057584654922162304, 0.05767619393814625, 0.05353746205538783, 0.04782219239359092, 0.04824208047615299, 0.04978400479751042, 0.047743929537224276, 0.04626169737835058, 0.04631026603212687, 0.04774856839340436, 0.03923697128040552, 0.03707622674825342, 0.03553656115535061, 0.034186205723881, 0.022580854274199057
AACGA, 0.05623339657873905, 0.00017176303275673037, 0.0734342786871205, 0.07038159153612476, 0.06300199546821178, 0.059198617026721925, 0.05850180034793966, 0.05773597955777282, 0.050703438797628474, 0.04902728546058207, 0.047224764461475596, 0.053675331537487055, 0.04602862637862858, 0.045549815290021306, 0.047489146629248864, 0.047319663966980445, 0.040229458778328835, 0.03831823117954996, 0.036654914663986134, 0.03530371779091854, 0.023816182829777263
AACGC, 0.05129532062091073, 0.000173735827079223, 0.07212304360866655, 0.0704035803351867, 0.060905355342689295, 0.060587513332096436, 0.06048378418080053, 0.05702897991909167, 0.052523705101078254, 0.05066234933001382, 0.048115969875080454, 0.05317800181156781, 0.04900954969058866, 0.045611923274146364, 0.0466553449397928, 0.04670805556467164, 0.04034515646064154, 0.03678039305267125, 0.038159179350802847, 0.034539464838442877, 0.02470959354398057
AACGG, 0.04391745082070687, 0.00014545248264913254, 0.0706781124023101, 0.07160741931724121, 0.058446245055538526, 0.06041823166763227, 0.0620804823290905, 0.05590480143652124, 0.05258136487996067, 0.05195499536500112, 0.0505626602676644, 0.05406607442053056, 0.051972069122544755, 0.045211189858743416, 0.04718645917208584, 0.04553770410573694, 0.040982905592054586, 0.03596211506363203, 0.03933185095554986, 0.035293421024928495, 0.026158994659877397
AACGT, 0.04923871078753691, 0.00021417881004230177, 0.07327272744901199, 0.07072015944800226, 0.063261311678922, 0.05841987680870936, 0.058994515637570674, 0.05756914066557954, 0.04937019588030737, 0.0499830064045624, 0.04773590999144798, 0.05514014876549911, 0.04657000434337881, 0.045833849281565045, 0.04896460791714032, 0.04857031899057314, 0.04051776401249053, 0.03859107424468627, 0.036799983814311994, 0.035502744200150406, 0.024729770868511376
AACTA, 0.07247655000078813, 0.00019959980805195368, 0.0778147279459274, 0.06959578538694391, 0.06629892458261721, 0.05856329944931183, 0.05513072860718029, 0.05875643068283919, 0.04881810690707227, 0.045669570641435356, 0.04523491077600522, 0.05075088057081336, 0.04186046289937756, 0.04599330312309084, 0.045869728612882944, 0.04922899509231706, 0.03914560925912541, 0.03861099732120359, 0.03371919819657181, 0.034928357240512665, 0.021333832895931795
AACTC, 0.06472935268538094, 0.00020936772157674415, 0.07480921556403775, 0.0705948598351018, 0.06190737129476217, 0.060339824355752775, 0.057899979659786355, 0.057581235002342815, 0.053787792860526956, 0.047170254928509396, 0.04804528734604276, 0.04991682802364953, 0.0477735144547497, 0.045689971383016635, 0.04506702773013197, 0.046960347823515707, 0.038669721789397246, 0.03652834887056475, 0.03575999419950062, 0.03404094719222561, 0.022518757279427766
AACTG, 0.061503337138241056, 0.00017758000547540257, 0.07559329356398224, 0.07117791563429852, 0.06256102124622866, 0.05930332161957633, 0.05750348157430835, 0.058329198041598, 0.05216906794895803, 0.04720390911747155, 0.04801311607226911, 0.05032955498806917, 0.046451839058113474, 0.04641791562157419, 0.04604033784551014, 0.04812049593017818, 0.0392261528604151, 0.037374894416683846, 0.035367700192790584, 0.03457850714332047, 0.02255735998093785
AACTT, 0.0694180789651341, 0.0002019964101506329, 0.0771913156254175, 0.07008154851562533, 0.06567169421560377, 0.0585144580929884, 0.055840608533453504, 0.058940905864552896, 0.04984968858568979, 0.04610622162010151, 0.04594019669986048, 0.05077314167406252, 0.042991179811128793, 0.04598846173847836, 0.046028710313576325, 0.048721290570011976, 0.03884613718125372, 0.038236230771509894, 0.034203510862552376, 0.03482655255912153, 0.021628071389726267
AATAA, 0.07421790334055424, 0.00020945675616718633, 0.07789649169791558, 0.06939904271313702, 0.06779610135204288, 0.058182099812274596, 0.05545339543337595, 0.05893373501889778, 0.04760829307593291, 0.04592672708876335, 0.04381530311193404, 0.0516729762395675, 0.0407600949783724, 0.0459817325024562, 0.04469426210368346, 0.04942996381808187, 0.03928901286611837, 0.03972728212424796, 0.0336397245475152, 0.034552084839246905, 0.020814316579714387
AATAC, 0.07445566910663455, 0.00021242969932032312, 0.07797614543201786, 0.06908022163753835, 0.06687250533423648, 0.057845266732107034, 0.055192740837245804, 0.058903531884467966, 0.04886755531504127, 0.04578636387373646, 0.04411338059312517, 0.05136208146820703, 0.040425621079152985, 0.04582656562485328, 0.04574961590814961, 0.049646975834396964, 0.039159123362350126, 0.03897973540538126, 0.03395321479621068, 0.0348093399066596, 0.020781916169167167
AATAG, 0.07665115152560352, 0.00020218296824597723, 0.07824614524480375, 0.06885143876864325, 0.06688759968650797, 0.058185999166105916, 0.05446562419753454, 0.05866762257634715, 0.04936261615892074, 0.045759917837747036, 0.04400406838734212, 0.05093939689631453, 0.04012776113036582, 0.04584031494483647, 0.04550951116418351, 0.049218324927838245, 0.039061543590453406, 0.03879645904562992, 0.033709878784898555, 0.034780031229342916, 0.02073241176833452
AATAT, 0.0811596872700229, 0.000216475689534769, 0.07892499128741236, 0.06803718992063221, 0.06982546281667636, 0.05722186390667018, 0.05425018623531985, 0.059284842295048885, 0.04652967402693475, 0.045347191297872756, 0.04147210987637457, 0.05178890433197363, 0.03688670499492381, 0.04579989000349385, 0.04462167106862901, 0.05074166993898537, 0.0396320026649916, 0.04096169874307659, 0.033347601006389754, 0.034400604627637416, 0.019549577997399297
AATCA, 0.07327532226413903, 0.00020747976512370595, 0.07757394200491105, 0.06920637138197167, 0.06659806915658519, 0.05804707557902651, 0.05514927232600542, 0.05899085190672789, 0.05016152561232397, 0.04636627358838504, 0.04480144739208221, 0.05071843043056891, 0.04103845466355613, 0.04584857182063935, 0.04588930901076866, 0.04925144372070481, 0.0389387142700052, 0.038431490354190544, 0.03394657302589106, 0.034687287257509934, 0.0208720944688837
AATCC, 0.06772304994665115, 0.00019870469224140408, 0.07445477643424132, 0.07017167843014217, 0.061453431115357206, 0.06006215936322689, 0.0575424275538679, 0.05740589555830971, 0.055057976078006804, 0.047000520082718746, 0.04729262544435316, 0.04968416704436884, 0.046775601445095086, 0.045577007898786645, 0.045265628436126526, 0.04777787463536653, 0.03848428467877636, 0.03654095288098943, 0.03553681942596503, 0.03380864164243097, 0.022185777212977677
AATCG, 0.05759567646756901, 0.0001689738702505209, 0.07280352362245053, 0.0699863133844431, 0.06357774904008104, 0.05872954528937767, 0.05848897050905457, 0.057453222591754644, 0.05067749432649843, 0.049442231463467934, 0.047174701963198076, 0.053886023736503225, 0.0460440227653139, 0.0455801220082028, 0.04741144596566833, 0.047242322553284574, 0.0402484410103441, 0.0380852900617604, 0.03627866743892114, 0.03523699759241298, 0.023888264339443206
AATCT, 0.07084161366589319, 0.0002107329534627473, 0.07713001795717797, 0.06975581614454086, 0.06531414976816206, 0.058714632589668636, 0.05542582780784952, 0.05877481451714504, 0.05082655426100529, 0.04620887452337028, 0.04567701866914133, 0.05051203435458821, 0.04287438369968015, 0.045704117977489744, 0.04568867645327132, 0.0490782288654085, 0.03878220164781068, 0.038077337057145465, 0.034299895219221097, 0.03450388196439605, 0.021599189903571757
AATGA, 0.07022442131058095, 0.00021913961829596256, 0.07713980855728499, 0.06992936422575277, 0.06616747427372176, 0.0584189007026604, 0.055710601054821174, 0.05900107729799707, 0.04980386835253475, 0.0464805900871149, 0.04504300161602601, 0.050787032221929485, 0.041547442771953526, 0.0462704165093112, 0.045693727869345634, 0.04954406585050649, 0.03947363510069493, 0.03884944201977908, 0.033800919267134154, 0.03476070167631157, 0.021134369616243275
AATGC, 0.06620097343537837, 0.00017304902477863099, 0.0765525627495681, 0.07048415940252425, 0.06443522615716123, 0.058438705419172725, 0.05632547468409572, 0.05858540800812754, 0.05111982363685817, 0.04725284572078848, 0.0462987737110858, 0.050312349489534516, 0.043828802440045354, 0.046493478884191024, 0.04630463146559017, 0.04882862319411519, 0.0390539685656391, 0.038193480766549104, 0.03445735249444914, 0.035008695150712706, 0.021651615599634584
AATGG, 0.07340774076071155, 0.00020765579838872528, 0.07629022421016449, 0.06934670952963476, 0.06420774079777954, 0.059126711291577, 0.05566047614029401, 0.058327197101813666, 0.053033173681238985, 0.04671533800347671, 0.04537344135383914, 0.04978472760719586, 0.04243314156225788, 0.04572659216746363, 0.04546221407112899, 0.04841017505417466, 0.039055188505128374, 0.03715112085103014, 0.034644847000887435, 0.03440214657682676, 0.02123343793498789
AATGT, 0.06969104905430502, 0.00020222581444923312, 0.07756093242493882, 0.06990868495849077, 0.06625522143960323, 0.05743599259117452, 0.05576370255528607, 0.05896147920261763, 0.049315523695631545, 0.04671813061542109, 0.04473665121368919, 0.05122868651766412, 0.04125238740369285, 0.0464341700413194, 0.04636679381861433, 0.0496751124785449, 0.03938462308334967, 0.039202861171637224, 0.034081161251662793, 0.03476310788033965, 0.02106150278756779
AATTA, 0.0742792178308742, 0.000206582791558475, 0.07860577360883983, 0.06942236426090681, 0.0690781616666071, 0.057436005245894255, 0.055343056324654395, 0.05914776740628623, 0.04629433721542401, 0.045841855015995636, 0.04347419524171246, 0.051927618815533656, 0.039131727647585116, 0.04603607790459864, 0.045129799037312394, 0.0500107633504559, 0.03942023787522592, 0.04040229282902682, 0.03338293928189598, 0.034942119475023375, 0.020487107174588796
AATTC, 0.07573543278676816, 0.00022099519062802412, 0.07748214586256189, 0.0689753646903172, 0.06687938259473725, 0.0587194121828773, 0.054973831934640734, 0.0587036805693968, 0.05085898152757972, 0.0455111234770738, 0.044483965272621044, 0.050396313358720274, 0.04103378552333622, 0.04535533342234044, 0.04554985592781457, 0.04901452313022813, 0.038513786788251535, 0.03815712215391672, 0.034215113127410005, 0.034351418754947696, 0.02086843172383251
AATTG, 0.07905112461113732, 0.00022621242489925998, 0.0774983035991601, 0.06834187292042652, 0.06722425289705139, 0.05844925158934814, 0.05479509046286237, 0.05854902859523832, 0.0503398165818007, 0.04530492227523726, 0.04381982095118674, 0.05037180806382662, 0.03960815409098846, 0.04562800940360772, 0.04539459971261933, 0.0497268488028808, 0.038653356876925865, 0.03855071402157335, 0.0337184295048386, 0.03435586847148637, 0.020392514142904668
AATTT, 0.07934402414200442, 0.00022893393894309893, 0.07832225930838872, 0.06884566641400201, 0.06963185984353702, 0.05773217879619397, 0.054313036867847365, 0.059219192200075495, 0.04748031267030501, 0.04481385149126932, 0.04291705213045022, 0.051174100660004725, 0.0384020786339806, 0.045760169237764436, 0.04509571105908328, 0.05009226127625006, 0.03885640563796659, 0.03963263535836923, 0.033470878746305686, 0.034511194781761664, 0.02015619680549676
ACCAA, 0.06853545488851581, 0.00020198310651332613, 0.07573548937382683, 0.07013232605458491, 0.06307227900982773, 0.05909124221268502, 0.05631840941801786, 0.05774974185706554, 0.05328071658039145, 0.04697126516360771, 0.046705180822958076, 0.04991502330328279, 0.04485883816124299, 0.04557020243312018, 0.04593039159389832, 0.04852843461445311, 0.03880574371735438, 0.0369186323211525, 0.03532804716588223, 0.03443012714216835, 0.021920471059451004
ACCAC, 0.05595854453495225, 0.00017820909826830224, 0.07288590118196725, 0.0718684938523186, 0.05795211377152912, 0.06084482343856774, 0.06036827303932236, 0.05649580144704305, 0.05607031975344987, 0.048937225416710285, 0.04937812622851417, 0.04980493047229315, 0.051819068756794935, 0.04611174174585848, 0.04574753771396933, 0.046060293787739376, 0.039407770528324455, 0.03570513342253328, 0.037317028665496424, 0.033810054075812, 0.023278609068535325
ACCAG, 0.06016114483632563, 0.0001819874042119449, 0.0734505682694842, 0.07144039047572347, 0.05854240627246931, 0.06152149181373817, 0.05896880405269035, 0.05660432844405215, 0.056980522006545097, 0.04840912627117483, 0.04903349253979481, 0.0485154891095226, 0.05070282291628639, 0.04575532398194178, 0.0451027259514772, 0.04650473759962672, 0.039263744987642304, 0.03527085592376039, 0.03709399702999696, 0.0335017570398791, 0.02299428307365668
ACCAT, 0.06596691045880906, 0.0002031199684488386, 0.07524915457403732, 0.07040311220540772, 0.06152920004854768, 0.05929668791671428, 0.05741254161040779, 0.05764778764250488, 0.0541801610814513, 0.04756735540985904, 0.04719373396320015, 0.04994397836769071, 0.046183441775745925, 0.04596291775807389, 0.04585604680980223, 0.04777721258452525, 0.03928758061548768, 0.037008280720794345, 0.03548020236101043, 0.033982284242178584, 0.02186828988530293
ACCCA, 0.06204170273180415, 0.00017575569464911236, 0.07344158719128781, 0.07107244672028215, 0.059267570768898915, 0.06091569207657302, 0.05938384069172454, 0.057103483654882485, 0.057121388746837025, 0.04881165020895705, 0.04846565483405689, 0.04865661863097051, 0.04913237098514482, 0.045743183169549256, 0.044576079042050236, 0.04659711488696423, 0.03931559018468278, 0.03539640544730408, 0.03694095825335355, 0.033351118834730034, 0.02248978724529724
ACCCC, 0.05451167104090255, 0.00015584265966293422, 0.07102261861738081, 0.07185499950521947, 0.05523518486632578, 0.06249768843833445, 0.06212072820369163, 0.055698134058432026, 0.058722457139818066, 0.04981708081220988, 0.050004533341210515, 0.04939440107734608, 0.054477620234139074, 0.04556622786172935, 0.04410758721870331, 0.044815568798656065, 0.0402345869633682, 0.03424416156303326, 0.038879445511074175, 0.03274992941791314, 0.02388953267084924
ACCCG, 0.04628796565221152, 0.00013709990190866132, 0.06804362567433463, 0.07141686292144686, 0.05482673568773297, 0.06497554721467755, 0.06484607939264668, 0.054309417472704055, 0.05756028016431309, 0.052423657934205496, 0.05070617119969006, 0.05129720135500843, 0.05714345876231526, 0.04548556124903448, 0.044428177582685816, 0.04324354360868571, 0.04054521027228169, 0.03378967388251823, 0.040860239405271954, 0.03241578087392066, 0.025257709792406144
ACCCT, 0.05778733022889392, 0.00017771455803161453, 0.07244396206112808, 0.07190289578455794, 0.05701148708043855, 0.061441883639679964, 0.05970767987341501, 0.05630178951720177, 0.05741660304600825, 0.04898983900742283, 0.049257826870263165, 0.04872722099695119, 0.052194939689227386, 0.046524742046126465, 0.04489227990214931, 0.04574973919374699, 0.03988664658457407, 0.03535077656332388, 0.037779344675724406, 0.03317279634801994, 0.023282502333115344
ACCGA, 0.049592452756735, 0.00014643467851551816, 0.07099830556800708, 0.07147321629377665, 0.05900500214347279, 0.06143502747680508, 0.06174535611737449, 0.056580596943101705, 0.05386438573417394, 0.05108677650166001, 0.04940326857302843, 0.052445611140963314, 0.051691867577784066, 0.04523015333641136, 0.04619682431763645, 0.04508465631662754, 0.04035661226899932, 0.035728731701404615, 0.03892224998625131, 0.034136894476110576, 0.024875576091160864
ACCGC, 0.04211682610427765, 0.00012972113864134362, 0.06811985452959299, 0.07301975360048886, 0.05439641493573938, 0.0635059525861567, 0.06474510899307341, 0.05457613594466336, 0.0567813540291603, 0.05211868069797693, 0.05065219644374009, 0.052081219772067096, 0.05765997261659481, 0.0450184045539713, 0.04442353070775271, 0.043357303148648114, 0.041912668500546375, 0.03416360650782527, 0.041530513483725905, 0.033318676702449444, 0.026372105002907712
ACCGG, 0.04680544065647753, 0.00016001646326977147, 0.0687414586213345, 0.07114066272181754, 0.05459250067040596, 0.0642658138164714, 0.06348404398304139, 0.054149628866661435, 0.05699543277985538, 0.05179810727168232, 0.05019143423370458, 0.05165300561872635, 0.056220837294803296, 0.04500242136002778, 0.04539573737030316, 0.04418305141602884, 0.041627077512523286, 0.034525150827899816, 0.040553052784619036, 0.03302646194413368, 0.025488663786213058
ACCGT, 0.03954303454244384, 0.00017494880726850223, 0.06994684466069545, 0.07275438266257143, 0.05740989131035493, 0.06127110942402594, 0.06280884523952364, 0.05584597736136996, 0.053630593327876744, 0.05271336213989226, 0.05123813389335759, 0.053058581411515905, 0.05356776544397486, 0.04526412551373485, 0.04724596681393692, 0.04532623171175824, 0.04113347672486306, 0.036146241589227475, 0.040004921071775584, 0.03468596878900907, 0.026229597560823693
ACCTA, 0.07039754331627715, 0.00021008749334706613, 0.07593926986250818, 0.06949568783713847, 0.06286530251070901, 0.05969333130518535, 0.056330045486780826, 0.058201175173054044, 0.053445622046587926, 0.04700038621220128, 0.046449553260773845, 0.04960315194681315, 0.04460645375627491, 0.045488408113443915, 0.04528737299689477, 0.048226159827033765, 0.03917683148613609, 0.03712217982065581, 0.03485544445966109, 0.034071898353216806, 0.021534094735306434
ACCTC, 0.05783630658630115, 0.00016636572113977143, 0.07311347134241025, 0.07138571798759769, 0.05801569104137365, 0.0613825712383302, 0.059406128160180774, 0.05689585183293313, 0.056975497900112346, 0.04871248654984288, 0.04952804606937113, 0.04867985091406812, 0.051112357770694575, 0.046134985247988904, 0.04536806592240351, 0.04674370232996612, 0.0394971115555053, 0.035738579405730636, 0.036890926074087456, 0.033309123445155686, 0.02310716290480694
ACCTG, 0.05631265909334961, 0.0001728626882119172, 0.07283206861497055, 0.07185610439084386, 0.05735986417077093, 0.061585543787705796, 0.060174973634913906, 0.0568002957360503, 0.057845731747752656, 0.049012609139743785, 0.04980591932065344, 0.04829318771821637, 0.05176572072490273, 0.04621613807000165, 0.04462464120531742, 0.04673350416124357, 0.03963011822798242, 0.03551863080859672, 0.03741594217722683, 0.03307555960790964, 0.02296792497363563
ACCTT, 0.06266509582975255, 0.00018587392726063102, 0.07498724893724024, 0.07108083877535355, 0.06086052007274451, 0.060009652816291684, 0.05760550424546898, 0.057600524662446764, 0.05415090337652713, 0.047699154435679354, 0.048173605758818606, 0.0493809013117956, 0.047870047272317265, 0.04608248790086139, 0.04595786987076012, 0.04736487707949714, 0.039234799479282344, 0.0368591542328908, 0.035723571529567816, 0.03393969520679685, 0.022567673278646522
ACTAA, 0.0726048693711234, 0.00021224557154283434, 0.07749517485748979, 0.06945764035111728, 0.06669480357802121, 0.05860509597170398, 0.05539415413145923, 0.059079502682585765, 0.049055561882558975, 0.04576753011426453, 0.045101193599768566, 0.05077425016472396, 0.04139596062030709, 0.04601962965659023, 0.04562050675037027, 0.04944538590098708, 0.03896870994439465, 0.0383205925947692, 0.03385170584652342, 0.03483246811976518, 0.0213030182899333
ACTAC, 0.0689920291706502, 0.0001864549507538775, 0.07587852534834606, 0.07058948086306617, 0.06311787578970722, 0.05891997280267058, 0.05612821718050851, 0.05828110721027542, 0.05197638916892948, 0.04624807272801808, 0.04640573856505059, 0.049783214299155394, 0.044917814645734994, 0.04578814432722256, 0.04595810182741353, 0.04872420104299611, 0.039079141058558406, 0.03783553101960023, 0.03486648862223844, 0.03447027860639813, 0.021853220772706145
ACTAG, 0.06933398816018559, 0.0001910675901046572, 0.07629803288847672, 0.07048117765010743, 0.06269442294386211, 0.05936535866823132, 0.05568381635935531, 0.058331563544357985, 0.05216914189440668, 0.04615949806908461, 0.04740927409514009, 0.049209376501275034, 0.045232119067029404, 0.04625197506825285, 0.0453492285247305, 0.04818256425489622, 0.03933452320597117, 0.03727090772077967, 0.034500889745604356, 0.034508186138291944, 0.022042887909856528
ACTAT, 0.07741228566193588, 0.00020221782849419765, 0.07826907161692305, 0.06898598106341892, 0.06625072671345918, 0.05831629402579027, 0.054656580607910635, 0.058755647761835596, 0.049477754108708014, 0.04555476414297925, 0.044130669120746556, 0.05050371727686181, 0.04085665516988577, 0.045756088883222815, 0.045218724980156166, 0.04916611381716295, 0.03894702757169059, 0.03862957878136105, 0.033699747303156356, 0.03449408839632198, 0.0207162651679791
ACTCA, 0.06187147191073622, 0.00020011051840952064, 0.07442304307027148, 0.07133511615161675, 0.06118320308808001, 0.060442716941563085, 0.05849790186979472, 0.05759380263830917, 0.05459359095515942, 0.0476273818045725, 0.04835296496171717, 0.04925841484523007, 0.048239098159060786, 0.04593215986660982, 0.04513276549535585, 0.04708657121607002, 0.03912027519029039, 0.03661540302626194, 0.03617078260614964, 0.03391277020420033, 0.022410455480541054
ACTCC, 0.06260743275479148, 0.00019414856260614778, 0.0739878646895628, 0.0706308607178743, 0.060096277634092705, 0.06108504566770414, 0.05837128746012781, 0.05748829931979205, 0.05634367769706669, 0.047906132512237375, 0.04845101154404509, 0.048840292420586434, 0.04858270478778999, 0.045970191135264675, 0.04494359187316126, 0.04689547474140999, 0.03931313620162767, 0.035749508790366126, 0.03630206186887006, 0.033698065161208435, 0.022542934459814756
ACTCG, 0.044538958234159036, 0.00011746794996486544, 0.06983994734829564, 0.07201235926490883, 0.057215628779074997, 0.06209089787697313, 0.06328521261174995, 0.05550219744161259, 0.054180649774879415, 0.05136823902175584, 0.05087572047986952, 0.051152543814864435, 0.055529470965766506, 0.04566245884035499, 0.04648111316537296, 0.044458374826612815, 0.04030593991656875, 0.03574217770927062, 0.039633140365632355, 0.034181679988040885, 0.02582582162427189
ACTCT, 0.06083507284508977, 0.00017509480859102174, 0.07524882370506251, 0.07096778643970782, 0.06152895497490882, 0.059943262856242824, 0.0574226922772488, 0.05806120847319817, 0.053785247489402534, 0.04787863699531759, 0.048224428725038716, 0.049772748987977226, 0.04738642928326966, 0.046222197515871456, 0.04570003567840264, 0.04780616090652748, 0.03936071433802404, 0.0370874452069589, 0.03565405200958855, 0.03437727974217032, 0.022561726741401094
ACTGA, 0.06121907363555234, 0.00016173726559188576, 0.07526660895439222, 0.07113269091397303, 0.06215953864967154, 0.05971288680114912, 0.058256381764103374, 0.058241644481701244, 0.053087683200473634, 0.04741573537197851, 0.04811802894539486, 0.04980368312529938, 0.04673393637947542, 0.04637583181830442, 0.045748797080987544, 0.04779179039252905, 0.039239819338772436, 0.03744572990362429, 0.035348995684534354, 0.03430644438262108, 0.022432961909870347
ACTGC, 0.055040383129143874, 0.00016260408463849798, 0.073137502209616, 0.07266632980769834, 0.0593791238401629, 0.060614746677285176, 0.058882012380559096, 0.05760427329963653, 0.05506767851618179, 0.048338186178540334, 0.04978279487967428, 0.048975640592034124, 0.050068561340518826, 0.04648684609762738, 0.0456776472584178, 0.047143099431853755, 0.039699742977119645, 0.03648193592608853, 0.03705023697845991, 0.03434000979688553, 0.02340064459785776
ACTGG, 0.06022801184250226, 0.00018278272803340113, 0.07409929951884874, 0.0712330530657372, 0.05942642142123026, 0.060584383389506564, 0.05875789937758075, 0.05721308425411597, 0.056586678767513846, 0.048229166908896594, 0.04884715030250894, 0.04880937898759097, 0.049335695216012915, 0.04614279071704135, 0.04529308557326632, 0.046596775455395346, 0.039530650161270206, 0.035745458965745956, 0.03669065983693308, 0.03378388339672999, 0.022683690113539108
ACTGT, 0.05612912637691832, 0.00016128758945538503, 0.07498794930774579, 0.07202630402961302, 0.06162151038431052, 0.05920360509599498, 0.05843685678748936, 0.0581889427675125, 0.052677918030991616, 0.047955868412197566, 0.04856753397534159, 0.050380455203961755, 0.047468178815169244, 0.046585585311401334, 0.04645555119305514, 0.04813574858670846, 0.0398275232632659, 0.03736754845627277, 0.03618443951007871, 0.03492922613237269, 0.022708840770143374
ACTTA, 0.0677333294856052, 0.0001965169506873773, 0.07737605598174398, 0.07053322177103154, 0.06555496153330431, 0.058366868899861896, 0.05612017501857796, 0.05881743399393726, 0.04926846976627301, 0.046250906414463486, 0.045972687613558265, 0.051078251048806506, 0.043149924988006697, 0.0461921048701162, 0.04587156493512764, 0.048917872653991994, 0.03924385984192009, 0.03855976054145317, 0.034117843603674106, 0.034877353877850965, 0.021800836210008112
ACTTC, 0.06537024872198298, 0.00018302135407042436, 0.07584514399494532, 0.07020669877900416, 0.06335319889871446, 0.05935554834056357, 0.05656351786064656, 0.05861990354815602, 0.05244100674072082, 0.047271812784486715, 0.04693091123042203, 0.0499492799283937, 0.04495140551544901, 0.04599468325625451, 0.046200017188525816, 0.048400772908094955, 0.039419322886873366, 0.03717376408740794, 0.03510743715914703, 0.03465268498642752, 0.022009619829713025
ACTTG, 0.06285756626994347, 0.0001736541811539781, 0.07516319029328036, 0.07154596555955334, 0.06154734417840178, 0.059504546953562575, 0.05763890636242503, 0.05798985707344794, 0.05305113422948291, 0.04741739840641152, 0.04812287103084525, 0.04967490992848126, 0.04741868362962799, 0.04582536879848156, 0.04601140875955728, 0.04754869902404079, 0.03906474793129788, 0.03706984624576884, 0.03522995433687294, 0.03457943763629689, 0.022564509171066338
ACTTT, 0.07063632191841958, 0.00020478258269775718, 0.0772959266174532, 0.0702663443904189, 0.06597144074601816, 0.05854550891372844, 0.055538506433375226, 0.059134850810081185, 0.049837723017867874, 0.046126419361452495, 0.04532780598714913, 0.05037257770785013, 0.042294900595810946, 0.04621456458820325, 0.04589342329330416, 0.04895623550356834, 0.038816809686995954, 0.03841138060438343, 0.03395413836695868, 0.03466951979940621, 0.02153081907485704
AGCAA, 0.06371796968874774, 0.0001732559980226427, 0.07616921512889514, 0.07084945522934095, 0.06268936154564399, 0.05925915039895081, 0.05701177806288518, 0.058088874745960285, 0.0520773493544562, 0.047341662271288776, 0.04756395313791415, 0.050289788365280017, 0.046007509348409095, 0.04612793501693182, 0.04627095305604964, 0.0479908571123377, 0.039189406861784605, 0.03720390972372863, 0.03515554574859794, 0.03467648798698439, 0.02214558121779027
AGCAC, 0.05295812109332953, 0.00014377219322024004, 0.07282323689826867, 0.07295971484378022, 0.05845251796590007, 0.061330677385299424, 0.06055759858186372, 0.05720510569467863, 0.05552775469030487, 0.04880312864024233, 0.05060792362605702, 0.048243827796989124, 0.05232300769858068, 0.046291073566208665, 0.04541681759040774, 0.046600845833065556, 0.03925667942803689, 0.03607401937212807, 0.03728959077596725, 0.03390150959962261, 0.023233076726048553
AGCAG, 0.05271943257364705, 0.00014591345459773623, 0.07312096607196075, 0.0727221372083182, 0.05819204703565704, 0.06113266093589523, 0.059299510766090434, 0.057251635228595145, 0.05586567972144545, 0.049067480677623454, 0.050346492163432156, 0.04855061017630522, 0.05185267290376413, 0.04649057842548577, 0.04558009169682756, 0.046645956901981145, 0.04003834891244605, 0.0359391373255582, 0.037551479525514755, 0.03407158442659852, 0.02341558386825602
AGCAT, 0.06246354107849493, 0.0001551272788307137, 0.07631538910714736, 0.07078312283893329, 0.06271706256809352, 0.05904043031002263, 0.05712407974563259, 0.058381563868475976, 0.052121175891857545, 0.04797201437124302, 0.04737471127322105, 0.050296427333234146, 0.045440692405612104, 0.04648291108037753, 0.04609914610636638, 0.04822633898630018, 0.039344986643883036, 0.03786758084286582, 0.03504719531037307, 0.03475721759345343, 0.021989285365581604
AGCCA, 0.05394930977581192, 0.00015165158493121467, 0.07258304132686916, 0.07286551528843481, 0.056985725900454115, 0.06174567623999532, 0.060743394390838416, 0.056556257188157585, 0.05669609087013472, 0.04919484997086098, 0.05056822818916386, 0.049128551742488334, 0.052970994520190356, 0.04594318810616826, 0.04486570552975702, 0.04557792115747828, 0.039721176005246724, 0.035459986393414064, 0.03733481010570572, 0.03345394359683808, 0.02350398211706106
AGCCC, 0.04811138690727696, 0.00012816272425081923, 0.07017779634331059, 0.07393476781780078, 0.05337819477058803, 0.06372572406036084, 0.06313009957762582, 0.05529939589950609, 0.05980158526041639, 0.0505278612770835, 0.05203494618748864, 0.04797879541688675, 0.05755172540353521, 0.04576247752857849, 0.04360441787560614, 0.044594706650219626, 0.040075735341995385, 0.03397573490090239, 0.038973069307503695, 0.032834456706513325, 0.024398960042550485
AGCCG, 0.03674576152775002, 0.0001069559497516416, 0.06743092360298193, 0.07388223756349971, 0.05229052508096359, 0.0658352183438175, 0.06634574304664148, 0.05273089094715491, 0.05698437609440082, 0.05289681608664096, 0.05265833003276221, 0.051139522314944404, 0.06134791970462002, 0.045303759055974155, 0.0443797384819158, 0.042684328066175635, 0.041376949992575254, 0.0339323922178191, 0.04197673691119108, 0.033128893222013116, 0.026821981756406852
AGCCT, 0.05358551788500863, 0.00015241500106510206, 0.07186410553164228, 0.07300302419396339, 0.056305318010814155, 0.0622938971929412, 0.060149816284698544, 0.05647193906330786, 0.05794077954905392, 0.04888532194177858, 0.05094588529990833, 0.048114053383396506, 0.05402876631511061, 0.04634416442918407, 0.044795467894950064, 0.04594178015493969, 0.039724594645107636, 0.03515442390818584, 0.03756172869852377, 0.03317289318694751, 0.023564107429472073
AGCGA, 0.042647080172496445, 0.0001225251018860358, 0.06967219177402328, 0.07343158729525254, 0.057155043058720344, 0.062152089500681386, 0.06328817272388322, 0.055924055589048345, 0.053433823228192484, 0.05224048212581775, 0.05034110829337588, 0.05270519748194162, 0.05402378173064973, 0.045358255876759755, 0.04692179997436915, 0.04446007590146776, 0.040655875812396804, 0.035704542736010945, 0.038983796257289705, 0.03452741298399779, 0.026251102381739215
AGCGC, 0.0357191751709805, 0.0001064306753110951, 0.06637303094306908, 0.07501788947931662, 0.053321483925062925, 0.06493192829549885, 0.06575279111332061, 0.05438073183918251, 0.05665285519781961, 0.05301545210658641, 0.05279239574063321, 0.050821819265114344, 0.06040517148450018, 0.044425538856703584, 0.04478028514625097, 0.042758318346881444, 0.0413769071757862, 0.03391890359341967, 0.04219556494540992, 0.03374388141543998, 0.027509445283712373
AGCGG, 0.037871674136276526, 0.00010997994174686551, 0.06748387952464854, 0.0741804326071218, 0.05240001189253739, 0.06560562082358921, 0.06516750949396496, 0.05386890942266351, 0.057339233896419976, 0.0527895758463087, 0.05194027245649008, 0.05176113957025032, 0.061115605888235974, 0.04486832044442929, 0.0441692825283777, 0.042051630138306574, 0.042146842130054915, 0.033462520521386055, 0.04216911376106196, 0.03272659272040857, 0.0267718522557209
AGCGT, 0.04034049557209782, 0.0001276206398959268, 0.06971833778788036, 0.0730719176936485, 0.058290607447066385, 0.0623011813386276, 0.0623237385859522, 0.05602663170461603, 0.053634520325240576, 0.051886403390724804, 0.05077159422075812, 0.053397542937045406, 0.05349067739087506, 0.04556875988429508, 0.04660958433438984, 0.04500200189204324, 0.040904509845636206, 0.03626333302752847, 0.039852894071012675, 0.034691617189942674, 0.025726030720722756
AGCTA, 0.06585883855566392, 0.00016258578668306288, 0.07625794232224123, 0.07084614605913468, 0.06263794410213366, 0.05952767486895504, 0.05696377388154293, 0.057839108981914494, 0.05202980030400258, 0.04736185970605762, 0.047563998191089994, 0.049856773734468215, 0.04634740742889442, 0.04620180620105637, 0.04524198298969808, 0.0476738775022693, 0.03909034546079381, 0.03723074263740853, 0.03480865141233415, 0.03438169567456358, 0.022117044199094403
AGCTC, 0.05576919129863284, 0.00014461794828963604, 0.07382374759640051, 0.07215268890880752, 0.05852212519031097, 0.06160749060527633, 0.05941226587263254, 0.05700160064191662, 0.05576493348524064, 0.04858856635054037, 0.04989274851142491, 0.04847022433588833, 0.051174099207217646, 0.046418275576058356, 0.04538179722165149, 0.04672435023589871, 0.03958562006692225, 0.03578810355429642, 0.037120039397224906, 0.03362288766911028, 0.023034626326258818
AGCTG, 0.053429932069707475, 0.00014307134945644914, 0.07328362857720917, 0.07269536565209506, 0.05789756173788841, 0.06162293744492693, 0.05986417867868006, 0.056802138907118646, 0.05607454244121071, 0.049066945553209826, 0.05015333279339415, 0.048541250484525185, 0.052063511713898857, 0.04659637119347501, 0.04521773743502279, 0.04661735428578228, 0.03995629399275528, 0.03571186268600984, 0.03733421862393237, 0.033641203965484555, 0.023286560414216947
AGCTT, 0.061248072495321215, 0.00016519143624003333, 0.07572430624667975, 0.07152264168365355, 0.061967445223838145, 0.05986023863233556, 0.05694208047329574, 0.057817074656253346, 0.05288659441101929, 0.047805527627737175, 0.04850727945237766, 0.049619633651929604, 0.04719282013853965, 0.04617876366910636, 0.0462527533276044, 0.04781639297977616, 0.039179151789656246, 0.036844589948452244, 0.03521438313984711, 0.03460623636768044, 0.022648822648656527
AGTAA, 0.06876336980205175, 0.00020721511206291547, 0.07771611086752403, 0.07031787075003788, 0.06628448578323874, 0.05814214976409146, 0.05589323187718042, 0.058964641822406585, 0.048621031782264436, 0.04592313297812255, 0.04561232818143951, 0.05108704019515626, 0.04251054314774589, 0.046371676128918134, 0.04601107456096196, 0.04909581888879544, 0.03930552177629613, 0.0388039566143072, 0.03388718400966527, 0.03487318473062802, 0.021608431227105287
AGTAC, 0.07448208313312986, 0.00020815569112066538, 0.07598389711900816, 0.07009044452887299, 0.06398957087951214, 0.05929879787695673, 0.056040591912387167, 0.05847011115301647, 0.052537751298064615, 0.04597762357709065, 0.045584105201679166, 0.04908706795769854, 0.043828830683454216, 0.04591334103436536, 0.04480135096384413, 0.04836725333905445, 0.038919317705375, 0.03697552923288781, 0.034344742461608825, 0.03369616138959872, 0.02140327286127432
AGTAG, 0.06881179691639897, 0.000188374021940577, 0.07616036106421191, 0.07061031657443015, 0.06300979177592965, 0.059361518899664324, 0.055860262572405124, 0.05844005505226669, 0.05211156388845003, 0.046485971272796925, 0.046658829588811394, 0.04982870375256868, 0.04443295695016546, 0.045710035618003714, 0.0457891167356828, 0.04850522177363362, 0.0394272832187476, 0.037398782250891785, 0.03459489140225974, 0.034707564641888594, 0.02190660202885261
AGTAT, 0.07452884531470445, 0.00020710541533048874, 0.07770967959133575, 0.06939549246349899, 0.06611271886680704, 0.058086170376757465, 0.05498746658757481, 0.05885036950200709, 0.04885431972031263, 0.045794100075560916, 0.044416856981981466, 0.05075637520793664, 0.04095280354536076, 0.046095156870964014, 0.04590428933721666, 0.04955761031259145, 0.03924643132942477, 0.03895273707545321, 0.03406220563096376, 0.03465075096136189, 0.02087851483285591
AGTCA, 0.058796089413280295, 0.00015772895468527408, 0.07555783936804332, 0.07145163311474412, 0.061614636212521785, 0.05946524857806006, 0.058154993300552994, 0.05803997596376859, 0.053296594243096476, 0.04789134581740515, 0.04841369605333041, 0.05004002075020245, 0.047138969086360026, 0.046381280790290254, 0.04613319259565411, 0.0475992046817509, 0.03966620608219843, 0.03716461782744095, 0.035765172000771055, 0.03470876078266417, 0.022562794383179298
AGTCC, 0.06027876305012206, 0.00017365265087683192, 0.07362196627302395, 0.07107809842040103, 0.05904339529194945, 0.06104681978193592, 0.05828032365213686, 0.057127622878365814, 0.056831057118712704, 0.04840027013776382, 0.04880264280215182, 0.04854421638622033, 0.04963228307065864, 0.046422588426841986, 0.04519524282600938, 0.04711470623035302, 0.039590111609078514, 0.035676476052740075, 0.03663278169419684, 0.03355620228979304, 0.02295077935666772
AGTCG, 0.05198451118143636, 0.0001727627722615838, 0.07091248654465637, 0.07099432225911059, 0.05889317466107213, 0.0616970712379607, 0.06141759383625223, 0.05613925369335713, 0.05404397807761463, 0.05077799279180904, 0.049124617580564606, 0.05224294170042118, 0.0507330837717159, 0.04499465073324438, 0.04596696316435863, 0.045515915958722744, 0.040688013328575086, 0.03625718141454896, 0.038572423937281775, 0.034383553394887835, 0.02448750796014835
AGTCT, 0.061734111309158214, 0.0001740325755668913, 0.07529682912069302, 0.07107934461715155, 0.06179729973181117, 0.060063444392380524, 0.056963606658072256, 0.057967164396578334, 0.05376902205034429, 0.04743974499571282, 0.04835347725561481, 0.049761780660328075, 0.04704330889912101, 0.04630976151915767, 0.04600910457550951, 0.047573083874886964, 0.03919299239797114, 0.03698679895079652, 0.03556376990444936, 0.03448581640795767, 0.022435505706738197
