 ,X,1,2,3,4,5,6,7,8,9,10,11,12,13,14,15,16,17,18,19,20
ACA,0.054911886702100364,0.09919493386788521,0.09491970752886666,0.06449985795503416,0.06962749434784134,0.06334848229370084,0.05391063738459316,0.051561435670865796,0.047856493076164935,0.043881849445339016,0.04106684849038333,0.033183408577053985,0.018698881313698245,0.041585995551966654,0.04016851607839859,0.03894366959425963,0.032695877483240585,0.0338450007543857,0.032513037853347734,0.02241388953488118,0.021172096495992887
ACC,0.053644321307832574,0.10193334226260455,0.09078463138895763,0.06535456057148348,0.06829307235054331,0.06475800488439362,0.05356092976178938,0.05263346578840861,0.048590122814816374,0.043384360859251556,0.044919834793927325,0.03178375988322715,0.02070458151666804,0.04026425769990643,0.039261882140391245,0.0376424629309469,0.032002419446471884,0.03346144717540288,0.031708405314112426,0.023451661364951432,0.021862475743913184
ACG,0.03889875808644574,0.09888980939311622,0.0869362928755743,0.06586715629946314,0.0658165810521967,0.0626630154937128,0.05293651463950965,0.05417802330765953,0.04975922417570693,0.04482316528168388,0.0478409874447659,0.03251370415170926,0.02518846205290185,0.03949628474375646,0.04056021178526858,0.03868438154676864,0.0333996233706797,0.03638157404518089,0.03307358350417278,0.026053994901134272,0.02603865184859277
ACT,0.05755973527779074,0.09906955081957257,0.09647614909005758,0.06473223355921878,0.07020801233293968,0.06399266832182414,0.05430087715413982,0.05164401695405002,0.04745996767180118,0.04369584051613817,0.0402364003736074,0.03350225847869213,0.016659581610183792,0.04100861236150378,0.04059143678372946,0.039202834476753184,0.032377348844945496,0.03316725148566702,0.032438204690664,0.021479798761687884,0.02019722043503318
ATA,0.06965738698080108,0.09423289479346798,0.10452557050221967,0.06267755138741128,0.07149435565948964,0.06300820196490642,0.054318204016894085,0.05083874883749665,0.043845417911943046,0.04389583368420367,0.032659321334983754,0.03597406374439972,0.012469388129707014,0.04273019553282196,0.04211499761959272,0.040924938394804634,0.03308377194075834,0.031113323969332352,0.03245426200367717,0.018801009554426262,0.019180562036662546
ATC,0.060937969048706395,0.09916321801175959,0.0979943310079546,0.06386602983615318,0.07029723699011886,0.06390848038253222,0.05390704487427732,0.05159300556738554,0.04645079081318108,0.04357019942717073,0.038440539042389435,0.03358127489766128,0.016256881490296218,0.041588402539656365,0.04053510830132367,0.03924896522273339,0.03251834792887255,0.032782698401162005,0.03227551923273711,0.02099277147467919,0.020091185509249265
ATG,0.059429142772281306,0.0988432419377373,0.09746336718427033,0.06404909958756642,0.07029788236830191,0.06331282710074057,0.05408498114170826,0.051494499051547085,0.04670363345099089,0.04390282908545445,0.03867589626410697,0.03384689723441383,0.016535837897869013,0.04139165915990053,0.04065718288765774,0.0394852870721502,0.032917180695450104,0.03309745250731219,0.032427516083191825,0.021331988911451227,0.020051597605897843
ATT,0.06755453250422663,0.09468789592329832,0.1047248371953481,0.06315228461997945,0.07156443375316941,0.06321458661889008,0.054505738977792866,0.05065737578679825,0.04441535735708989,0.04392967942461837,0.033109343028080884,0.03574764472120599,0.012357557761642704,0.04226734021218559,0.042156817493817125,0.04101653134995838,0.032919146591528045,0.031532456087052234,0.03263889126782179,0.01887828996653848,0.018969259358957415
CCA,0.054064469408235824,0.1026355084281227,0.09048458262223931,0.06559449103358132,0.0683147284263149,0.06493376221790743,0.053485211560845174,0.05250190530657893,0.0487027277790119,0.04322262842928859,0.04503925095821315,0.031601743034353307,0.020722878412587936,0.04012389905206838,0.03909565056016055,0.037535371478552446,0.03192756372720845,0.03337333908526583,0.0316048493980141,0.023439030147354097,0.021596408934095642
CCC,0.04987259251083841,0.10383986007199451,0.08549150540249842,0.06625604995983204,0.06653016537200501,0.06556093211608983,0.052971449685613084,0.053642823266456134,0.04963359678038429,0.043091065922357015,0.04939679777902573,0.030635080258127143,0.024514643200264346,0.039250819673782654,0.03823759586833595,0.03651975371560636,0.031635851268063966,0.033449509986694256,0.03102933016720774,0.024992424782596577,0.023448152212226528
CCG,0.03873341641693421,0.10173357674453719,0.08125861424827749,0.06725858691716305,0.06333492914184558,0.06605131334592507,0.05220384739948553,0.055660934674828064,0.050278870711208616,0.043310556657885614,0.05390248362914784,0.03034507921580013,0.029099123903367035,0.03841910860092996,0.03890039011058721,0.03601232767676342,0.03212690359158474,0.034871141636331746,0.03125604168846249,0.027482256991482025,0.027760496697453
CCT,0.05251928454956447,0.10253949368309573,0.08928359915531674,0.06559984242516194,0.06824156371394886,0.06496798616792389,0.053646857659825645,0.05272705848239959,0.049123425532316266,0.04332165189856745,0.04606836392968476,0.03153137109649649,0.021054900504160475,0.04011373053507021,0.03896288834982375,0.037476149726262516,0.03199366836111585,0.03345544791786353,0.03167756595208954,0.02378423730679353,0.0219109130525188
CTA,0.06133248106222362,0.09834416773387376,0.097525008573647,0.06418250002903562,0.07023758985660072,0.06404647008514953,0.05432876859460992,0.051547133420960435,0.046775570364298025,0.04362676281898534,0.03896085619401755,0.03371672467838754,0.015749331395831095,0.04126828852447199,0.04070967624453911,0.039219508345693786,0.03244644654423123,0.03272410383639299,0.03242141009203912,0.02097695996983708,0.019860241635174518
CTC,0.05115068628725304,0.10181098164487479,0.08982298599875466,0.0652640869588168,0.06829412604960028,0.0648089266579453,0.0535827758243692,0.05255137623784406,0.04936015027648976,0.043444587810383725,0.045945142382562934,0.03174208434672196,0.02128048671399577,0.04041666363636501,0.03914779990064639,0.03766811349273518,0.03208508931671161,0.033745363719392754,0.03196389163762127,0.02382787158596594,0.022086809520949557
CTG,0.050593489222824736,0.10276646396530223,0.08942598435396922,0.06599651088420336,0.06837912228845251,0.06506448996131857,0.05379426580389723,0.05256416241845105,0.0494354268151134,0.04321346863652485,0.046287343116193015,0.031542691845086804,0.02126607589620342,0.03997865527690935,0.03908137235110086,0.03750635248631794,0.03199872378226943,0.033556739097620324,0.03179280542403607,0.023865003991409704,0.021890852382795936
CTT,0.058456702863354165,0.09909494511881269,0.09664489846432764,0.06445767168048958,0.07012453700919939,0.06409540935660836,0.054100217331861704,0.05160204168335634,0.04730629643779971,0.043637714477907194,0.040028185827085457,0.03335769692678227,0.01641654635785981,0.04125825640673235,0.04038194943508434,0.03908986193836049,0.032438686643463714,0.03326149365150483,0.032470675372342696,0.021517599646030307,0.02025861337103699
GCA,0.05211260030965721,0.10150137911791378,0.09122781308736685,0.06555253262750539,0.06886201837305701,0.0642528297369351,0.053922035233731964,0.05223318148776291,0.04884845319741987,0.043581999208070495,0.04467398853640174,0.03211100773326461,0.020183319529211468,0.040154690947833575,0.03948001842842338,0.03808270023272223,0.032383494712614654,0.03374437096453232,0.03208509009042995,0.023404265972285336,0.02160221047286015
GCC,0.04722177865807139,0.10444050230736782,0.083967061886192,0.06727053592248745,0.06646046393776432,0.06585011182920966,0.05331683577860562,0.053596350798607584,0.05056977797627673,0.042941963612783324,0.05085614212586105,0.030362822523702305,0.024465740514619097,0.038839817587447374,0.03819993440798342,0.036261073896372745,0.031689808897962246,0.03365903574018738,0.031257292861300724,0.025589721657870237,0.023183227079327528
GCG,0.03681544580694559,0.10195966088164245,0.07994493815326358,0.06757308687626498,0.0631930492162321,0.06521395587633026,0.05191136166689419,0.05574729123758762,0.050679861527412585,0.04332359806150248,0.05500490411381699,0.030146203429466823,0.03062965927908785,0.038061598934004424,0.03879397009158303,0.03605117194223681,0.032257253785293295,0.03531954270807984,0.03158284539502971,0.027853474575768186,0.027937126441557207
GCT,0.05060155533461275,0.10184443906049935,0.08956132352561724,0.06600473630788481,0.0681875663708066,0.06496380749022931,0.053791603123269,0.0525006224488394,0.04955506385168996,0.04336450101384601,0.04640351238748588,0.03166570660425758,0.021227988516782325,0.039802505276992244,0.03926913280394185,0.037641309290555765,0.032066004039299226,0.03377272357139195,0.03196877133122957,0.023889529488995472,0.0219175981617737
GTA,0.060837438357564624,0.09758222881553964,0.0981060939387655,0.06405368717072725,0.07032477625482818,0.06343489853227889,0.054147686435082575,0.05144628157376448,0.046531302592758436,0.04386407086763949,0.0383350485855474,0.03416713326356066,0.015912491149861978,0.04157629845173895,0.04097935848672902,0.03969424399632661,0.03262434527758781,0.03282483997313904,0.0324738359201179,0.02088461539493414,0.020199324961507434
GTC,0.05153251242295044,0.10150660098329989,0.09113196951252785,0.06548275882812306,0.06858040300680197,0.06441878624402443,0.0538901348551702,0.05262488988216569,0.04870124403742339,0.043632806975810186,0.04425899565131328,0.032180783575176404,0.020179670445784614,0.04042807499413838,0.03969088305666641,0.03807664610611698,0.03246951307957291,0.03377991041358673,0.032143924868179845,0.023463085355332706,0.021826405705834627
GTG,0.04795325763902709,0.10148279257019799,0.08918306908345461,0.06561618707788136,0.06821323464170694,0.06373376875528601,0.05362518997016978,0.052365549460225036,0.04965261856562531,0.0437870363597724,0.046038220475563336,0.03181662485269366,0.022593572677555244,0.04070712621626495,0.03913817149658723,0.037796027218820576,0.03244276828426073,0.03466836447541285,0.032185033337031675,0.024477178187645103,0.022524208654818134
GTT,0.05939509314183732,0.09826333135371888,0.09840744779011269,0.06408582710202544,0.07026261518609606,0.06378281176263066,0.054017857396243825,0.051420583058574325,0.04679488186103687,0.04375033700429152,0.03882058619921783,0.033750212765984285,0.016090185154808815,0.041343632878198595,0.04081610567395088,0.0394385614137386,0.03242416749140091,0.03318938717279209,0.032542389385179935,0.02105416771275952,0.020349818495400945
TCA,0.05811828306714956,0.09932673302997157,0.09684770632286112,0.06442434152917147,0.07019725853567736,0.06391230596639269,0.0541627545541793,0.05163080799842281,0.047123704149224364,0.043629623106198966,0.039607334322745026,0.033526885744965956,0.016849397596390082,0.041228114770422125,0.0405674572953434,0.0392218740711756,0.03255434342059571,0.03308823544128729,0.032368473460515766,0.021477812793033155,0.02013655282427668
TCC,0.054571967406949806,0.10177421204014465,0.09158892457682585,0.0649855055358989,0.06863650396211184,0.06470044235113963,0.05351346047159906,0.0524593398396912,0.048324195899246074,0.04340239112409509,0.043995414695670934,0.0319711607878527,0.020060985673821027,0.04054874587440238,0.039358161175964926,0.03795286866921159,0.032125391128539564,0.033453277596020896,0.0317722995187655,0.023091839909557915,0.02171291176249049
TCG,0.044213038155683664,0.09959792875709973,0.08827302155676471,0.06568199260938488,0.06593446754646443,0.06344201338297038,0.052655577664372996,0.053917870589752184,0.04887605728989903,0.04412768069638605,0.047481394894593756,0.032273295616346676,0.024159840182056667,0.03963488592065501,0.04006216377725399,0.038358284992041074,0.03287472231231722,0.03528296365677242,0.032475569902076847,0.025388039179727897,0.025289191317380375
TCT,0.057611231194965834,0.09963429995717735,0.09574627638201479,0.06426931561678424,0.0698480525378412,0.06432292254634346,0.05397367988592534,0.05169177306346363,0.047556217388135175,0.043486964813540335,0.04072079536300295,0.03308621421904507,0.017296123704070757,0.04142954830937942,0.04012429543718318,0.03875186684815404,0.03240044016328329,0.03319106965627353,0.032403034427362275,0.021853640362547933,0.020602238123506214
TTA,0.06376675677178152,0.0943407261867167,0.10325457741234546,0.06365219800721925,0.07128553519946185,0.06315645735125967,0.05467828573414582,0.05098000459901974,0.04533928772202585,0.04426305417750266,0.03489370788590197,0.035693723121509216,0.013115092844273675,0.041845735059290935,0.042127016623897784,0.04096248865143123,0.03296332602640944,0.03188153956978079,0.03285753940442278,0.01949129449236965,0.019451653159234014
TTC,0.06074099623515125,0.09850102370926347,0.0986735010744982,0.0639137298561991,0.07047314432927916,0.0639395995971701,0.054055159245495955,0.05133617118924597,0.04647373157985446,0.043531700879368036,0.03818193909252788,0.03382676447242866,0.015595679581786934,0.04162871863314875,0.0407218146050232,0.03947398168508075,0.0325377226207233,0.033019854075650015,0.032471007391756616,0.02090518298210159,0.019998577164246596
TTG,0.06186101422620891,0.09873530969940061,0.09854911494643978,0.06405801498418918,0.07035049270063867,0.06393342612457857,0.05397390678763275,0.0512817188942966,0.04644599794604916,0.04356179639016178,0.03824440018736889,0.03358207653255609,0.01567985949797575,0.04149183837359448,0.04066492162192807,0.03930110174426578,0.03234721487366304,0.032856348754958874,0.03233790668910474,0.02080008578025298,0.01994345324473529
TTT,0.06475802418509449,0.09558640546940937,0.10221386400238892,0.06377868120283645,0.07099893950622012,0.0637973675131465,0.05430792170738874,0.05078585569706355,0.04548305090368965,0.043713915193804145,0.03593199507765697,0.03485826000503417,0.01394726519336984,0.04188651661730381,0.04155348072100189,0.040233364496041056,0.03233628579393383,0.03206729367576177,0.03246735514553159,0.019671280989059393,0.01962287690426378
