 ,X,1,2,3,4,5,6,7,8,9,10,11,12,13,14,15,16,17,18,19
B:AA,0.033426176367768456,0.043260917555788016,0.05135309049209939,0.06986041337181254,0.04817728166062661,0.03397370647689202,0.048128970180409826,0.13921288520856803,0.09519978474551592,0.058099922902929486,0.0641757625329709,0.05604467201537379,0.02006536811670443,0.030578483006101338,0.04770154777904745,0.03898266758547945,0.07240817296046712,0.021235579526399876,0.01817853641712669,0.009936061097918647
B:AG,0.0285565715985924,0.0405352045703862,0.04945713455471686,0.06164918754405698,0.04368853746807389,0.03652541088567222,0.04562044049335478,0.14527298992407253,0.1213866322599303,0.0573161355265774,0.06187581596659803,0.05869328554207989,0.019246731614943016,0.026280554864238453,0.04312961338303401,0.03892030326497868,0.06784879574105408,0.02368614605159064,0.017665894090837676,0.012644614655211966
B:CC,0.02656063814680587,0.03844033646650197,0.05040382507058229,0.05586606960944025,0.041843986018488544,0.03902334044521747,0.04258310452705676,0.1500948594219529,0.13674486211206202,0.05665281627965845,0.061199541711244566,0.05962075635284706,0.018909262178035832,0.02394373526503749,0.03954460421438671,0.03760243362265971,0.06281007917740873,0.02566011309042383,0.01719994037659764,0.015295695913591931
B:GA,0.029307220579199038,0.04076883040925493,0.049775189170088587,0.061926984784580225,0.04406048568887156,0.03631874224302547,0.045461745604308566,0.14742211692948268,0.11587026944226374,0.056945114128703546,0.06246224866532169,0.05928199790072117,0.019293869444352574,0.026461183359646846,0.04391513761068648,0.039742690384223726,0.06781575782050991,0.023116436865842853,0.017713317887561513,0.012340661081354887
N:AA,0.08290230631520906,0.07585948017766053,0.06223322104988051,0.07031130966560793,0.059991770409388884,0.05288471697797281,0.05532857522841855,0.05053261101276779,0.0470852186506176,0.04122380471215079,0.04854072145105812,0.03817082846850226,0.04903602898497523,0.04884591563976813,0.050152519691163626,0.04001281616357462,0.03796159688212448,0.03396294454457725,0.035806199152871705,0.019157414821710114
N:AG,0.07541245171601862,0.07458058103038537,0.06380274908143377,0.06661933853244338,0.06076001981013894,0.054105901407576935,0.055100518933887815,0.05333079416637463,0.04756027198214208,0.04358438770770045,0.04765910421872276,0.04169256714304729,0.04999901359471565,0.04971605683005187,0.048815309420179386,0.040192366195014845,0.03638408833982685,0.034945991914329996,0.03567105441285736,0.020067433563152017
N:CC,0.0739421049067185,0.07321866083660297,0.06453902412812311,0.06411452777907797,0.06136009800732012,0.05528581161698096,0.05471910612837485,0.05530433601932502,0.047505708944717596,0.04443304368131682,0.04706793634989909,0.043605030886705504,0.0501822560729664,0.0498147133551666,0.04781722679595003,0.04024753385305902,0.03537584504703856,0.03586343378016626,0.035086802028732496,0.020516799781758112
N:GA,0.07697282805734183,0.07476073067268033,0.0633374598611299,0.06728211074529603,0.060578753173368804,0.05395897237720252,0.055192912900661445,0.05317651833908332,0.04755654711606561,0.04303775764390825,0.04783803754896085,0.04075515173909358,0.04978471058517676,0.04961248298829212,0.04906063395671588,0.04021071184926643,0.03663136116563538,0.03475975811280182,0.03565201345705175,0.01984054771026739
Q:AC,0.061727162491301,0.0747803788359118,0.06983338389629716,0.0606766111841126,0.05954255683573127,0.058378692004173685,0.057097690758622054,0.055431910545847486,0.0494491065917932,0.047771399988685126,0.049780559178166615,0.04690841561181705,0.0456751638688595,0.04603285671102964,0.04717958811293709,0.03937431307452053,0.03696054276244421,0.03615122164941942,0.03432785709276934,0.022920588805561207
Q:AT,0.07175411212708602,0.0767849861839585,0.06838175274202457,0.06435383728845291,0.05827173494450447,0.05616558084669998,0.05789263251943365,0.05264756240487576,0.04808199194949225,0.04502795960072907,0.050436113883516,0.04195877590504462,0.045684376299744645,0.045755463316979404,0.048556002794180375,0.0393142814885444,0.03840295347139299,0.034492599082344755,0.03446918674507896,0.021568096405916698
Q:CA,0.061672519907598373,0.07458474836100618,0.06996038880356141,0.060260525686026536,0.05972006036544911,0.05844068008945139,0.057056570142713994,0.05616045595151345,0.049558245143248573,0.04789688957564556,0.0493616754059955,0.04720397189161414,0.0457070445253142,0.045857410150078694,0.04713981449531902,0.039419206006192156,0.036786705293028917,0.03619884455995825,0.03417863539380748,0.022835608252477074
Q:CG,0.04572657472673179,0.06914720425668676,0.07119639120011367,0.05577557751143073,0.06264400559831304,0.06331803777190959,0.054571761476829475,0.0572629774002711,0.05308726246226115,0.05011503604078947,0.05181176676016372,0.054490209479149426,0.044746172799372215,0.04606663205268624,0.04390272021062967,0.04089736767650311,0.03526854866967544,0.04003922356322154,0.03380936212254537,0.026123168220716482
Q:GC,0.055490925931086094,0.07268836611144229,0.07123094897414488,0.057411123592707,0.06113479351819936,0.05998757250370512,0.056204337901558,0.05795849091842349,0.05051500502793983,0.04959190517189002,0.04883948616060432,0.05122713870458218,0.045714315314010635,0.045428721577673296,0.04589895245633174,0.03981910081778466,0.03581878521276185,0.037395274466331646,0.03377732134844469,0.023867434290378887
Q:TA,0.0715310407655439,0.07694904269860234,0.06857830426165855,0.06444423857665373,0.058275158317564406,0.05606255104638636,0.05786947690857097,0.0518908113919255,0.0478215007204356,0.04517023580294074,0.05064841169308145,0.04227887071726952,0.045758176937028786,0.04573037127546449,0.048469585107474344,0.03928607760331704,0.03852267463886752,0.03441286521781566,0.034554884108053636,0.021745722211345454
T:AA,0.04993535349100035,0.07759860200029378,0.0797188109475128,0.05365613200914366,0.056506767575230564,0.06152925820391747,0.06163452636905331,0.05534295268369002,0.048160169867628076,0.053054120215220026,0.05276866565360825,0.051390623930028925,0.040449666208228985,0.0418568346681345,0.045340438333335946,0.03740759501081798,0.03761352082755059,0.036143258378510616,0.03278116944996364,0.027111534177130494
T:AG,0.041494168780307955,0.07458465186146314,0.07952866530351343,0.049894605472795776,0.059182865726547094,0.06428253257990169,0.059905314848564775,0.0603056184617396,0.051024025169664755,0.054973907552374475,0.05128962496651086,0.05699742789138363,0.039642221985261336,0.040053962101896774,0.04414828232490339,0.038422882779933276,0.03643002006781457,0.038257209432074286,0.031880552999128814,0.027701459694220387
T:CC,0.037286757487053276,0.07211067016266343,0.07902843931069643,0.0473550549854576,0.06147054483211747,0.06630253240874875,0.05794223162409784,0.06362468163133206,0.05313766551652847,0.05553381482065457,0.05065241447839134,0.06105909651310764,0.03912901115656901,0.03852070555439896,0.04326474598519024,0.03926095893598927,0.03518993516626611,0.039692738831073285,0.031132207200949936,0.028305793398714293
T:GA,0.043015035766758615,0.07521703163231683,0.07918518000992607,0.05065329135175781,0.05849140574704515,0.06384242341511102,0.06038883914157882,0.059761167694032016,0.05100195730724269,0.054459241205931715,0.051916476187354774,0.05544182370271102,0.039400343884901434,0.04031249121042581,0.044409288519236256,0.03825292253391248,0.03675047946114359,0.03802041532213356,0.031988982832490256,0.027491203073990084
U:AA,0.04938293507273249,0.077813292344778,0.08049432074229283,0.05426607495004943,0.056488193175374166,0.06117156439142412,0.06223926725562193,0.05482448351067564,0.04916348335939875,0.05279039383396834,0.053374287029370415,0.05127630524437306,0.03987391691702799,0.04130314802219128,0.04503731307838963,0.03734992964460488,0.03808673064866214,0.03557361200650738,0.03274901311156447,0.026741735660993055
U:AG,0.04101721381117839,0.07478873973774118,0.07962235656334922,0.050023072266518434,0.05949882207728145,0.064204868732799,0.059919282529662464,0.06000263288588711,0.051308140392643795,0.055053532910017834,0.05124179036890018,0.05720134083896208,0.0396513805704716,0.0398729533751805,0.044179654640952706,0.03830100463843785,0.036591645571004625,0.03798559162266928,0.031956320840019994,0.027579655626322298
U:CC,0.037823254869355026,0.07193696256341017,0.07906689855119912,0.0473061400723888,0.061102339204738315,0.06648784291606681,0.05810256098355718,0.06351296662503739,0.05344308647420879,0.05543672075160054,0.051015212229211834,0.061029149819420814,0.03888046329940563,0.038536787431405733,0.04293224301733344,0.03914141287266821,0.035211785983056125,0.03977833957035638,0.03114341715832145,0.02811241560725823
U:GA,0.042270363263771614,0.07526944477538765,0.0794654601994573,0.05067971634385884,0.05905142309599103,0.06372293050630572,0.06032478758408028,0.0595913977468074,0.051139969359005735,0.05456153666306984,0.05167151254465047,0.055927483231759605,0.039446576998198604,0.0400717028857969,0.044474256399313926,0.0381978999713609,0.0367820535640484,0.037764844172662564,0.032053051435005024,0.027533589259468187
