 ,X,Y,1,2,3,4,5,6,7,8,9,10,11,12,13,14,15,16,17,18,19
B:AA,0.033671646910993204,0,0.04776473161740488,0.0511950970631846,0.07851186769726777,0.04799404409013907,0.05568750862252184,0.06147314309719742,0.10728654364580731,0.08707845966648396,0.052955645126208865,0.07162068609794688,0.05715784279728902,0.02391188435194058,0.03132072798320613,0.046577775457723854,0.020653658621465388,0.062330734458642345,0.027030906846934856,0.02184869354034843,0.013928402307293627
B:AG,0.027871541290992556,0,0.04366263251712168,0.052095849063928494,0.07085351216876785,0.04505048348327947,0.05735415433290954,0.05674919365535358,0.1123991058228274,0.11145381432559824,0.0542484738491998,0.06767148370650025,0.05929714568553044,0.022993034864498513,0.026530922548857853,0.042738045556450596,0.022275493269408076,0.05947507529657631,0.030920284299167614,0.02062818857950704,0.015731565683524688
B:CC,0.025646167521457066,0,0.04190164535556607,0.05429133155772659,0.064333549963904,0.04435633709899471,0.05878655231628282,0.05218695927618106,0.11619965590116407,0.12497810503363231,0.054276598496245526,0.06656560877828543,0.06082217031091671,0.02263653046224162,0.02394531742380961,0.039549266539089266,0.022727384341374855,0.05548798355135536,0.03381565011270792,0.019937924700959776,0.01755526125810523
B:GA,0.029009986168763744,0,0.044387828188367034,0.051160197117372894,0.07076267654249847,0.04522385317685449,0.05723817162225267,0.05732719654842268,0.11439945808099487,0.1062722916391836,0.05323690584966603,0.06926058324275722,0.05970578071218322,0.02306959564069216,0.02690818859364087,0.043259639578539816,0.022195532729204787,0.059502642017013475,0.030342932108781986,0.02123325420905804,0.01550328623375194
N:AA,0.07983706382232883,0.0014609296691434404,0.07645113960375585,0.06288531183532624,0.07121355848819007,0.05734970567671831,0.052543984750309365,0.055081018888448005,0.052450157555586935,0.04766649913365517,0.041870116360596205,0.049211124069318025,0.03765741585831142,0.04892524844946363,0.04843362937496224,0.04892760105378482,0.03955788929496883,0.039824615809883335,0.03409846921815747,0.035464815986829955,0.01908970510026186
N:AG,0.07256761171591568,0.0013142144561288495,0.07535394279622795,0.06399890657975717,0.06733525534609618,0.058449990361062715,0.0539573556617459,0.05482163591073761,0.05524961192998934,0.04826865201131203,0.044329588543530925,0.048214259484689694,0.04107897729856325,0.04995878677862499,0.04927151614263715,0.047579303715218214,0.03986852285728322,0.03814566384517203,0.034919369569224895,0.035337620557874844,0.019979214438207386
N:CC,0.07105697179867125,0.0012970574445561101,0.07407994441535319,0.06448508281729748,0.06472741850365994,0.05923066173042704,0.055259227105107625,0.054432839025678234,0.05725247214285539,0.048324452237606404,0.04522289782100482,0.04756130206530992,0.04292382837010029,0.05020694785385874,0.049349621169194474,0.046625732187268905,0.04003660562466477,0.036972354362206326,0.03576130925003912,0.034782661095151005,0.020410612979988963
N:GA,0.07405644756303405,0.0013514641179337207,0.07548358265004183,0.06363877983782083,0.06802730824953475,0.058233821416696675,0.05375927914620451,0.054915621358717304,0.05509227199589493,0.04822558312900896,0.04375664346971324,0.04841030601656252,0.04018540744704183,0.04973901781817114,0.0491679596809565,0.04781508725638323,0.03984726587930283,0.03842248307258791,0.03477775997664578,0.035333826791733684,0.019760083126013756
Q:AC,0.060990459022580414,0.001049043000409485,0.07467173090261935,0.06992996004468004,0.06067452232328118,0.05929083734077458,0.058324109316723,0.057140059782846406,0.05556188312116598,0.049168240013635574,0.047645566934134125,0.049722560913797426,0.046926814059553415,0.04593910766855368,0.04574543723268576,0.04741584245063109,0.03923432333602816,0.037063099019541815,0.03622289379230618,0.0343651204476128,0.022918389276439553
Q:AT,0.07095583201433797,0.0011689417053215758,0.07670428050933677,0.06847068952766105,0.06436553234847318,0.057971746518752844,0.056117162811588274,0.057927628888664505,0.052842460457885584,0.047788901862358006,0.04488347726098586,0.05037241560281676,0.04197747300415572,0.045908457013062336,0.04547550756533067,0.04876789206947257,0.03915973059720216,0.038508123411242164,0.03456975278370095,0.03450724039921584,0.02155675364843521
Q:CA,0.060933891840030445,0.0010119079680465475,0.07448134064109938,0.07006007177421701,0.06026254325776211,0.05947482272945749,0.05839125971606592,0.05710003496008086,0.056287643851848604,0.0492588118659717,0.04777640125676144,0.04930593002595675,0.04724090470547704,0.04597950432393005,0.04556701988220937,0.04738299581628541,0.03927711777182515,0.036889264635286766,0.0362706546277697,0.03421440596243798,0.022833472387480284
Q:CG,0.04498485931258637,0.0008294720222924296,0.06896912506749446,0.07130362283842018,0.05581325742092348,0.0624262152704567,0.0633117257347455,0.054629468761192464,0.05740501156097423,0.052874378493383056,0.05002658546152905,0.051741849077417953,0.05451650163439208,0.04505528220415873,0.04574503296053713,0.04411954330356549,0.04074880290455304,0.03538063877451612,0.04013612843336195,0.03385448147292266,0.02612801729057694
Q:GC,0.054799495665393924,0.0008606029445243872,0.07256146858584824,0.07133488349858183,0.05743105789775987,0.06094232593462056,0.05996110753224336,0.056251293920280804,0.058054412872882454,0.05022087443054971,0.04948908207080542,0.048781512137503535,0.051276956941150725,0.04601167385324218,0.045128854282572274,0.04614734236475163,0.03967898981020019,0.03592013915669374,0.037469056351669895,0.03381076315304739,0.023868106595677892
Q:TA,0.07075707501967887,0.0011822197667941629,0.07685754956229496,0.06866210970034639,0.06445723012716797,0.05798623468671594,0.05601497917660138,0.0579016183082158,0.05207913125053861,0.04755276353059903,0.04502028371258264,0.05058012561284792,0.04227346002309463,0.04597156948691347,0.045455069047235314,0.04867166546251524,0.03913525331252284,0.03862617201920889,0.034488697880189455,0.034593008496428546,0.021733783817507932
T:AA,0.05198436604372247,0.0007985229733809868,0.07628747338915416,0.0794027625414998,0.05162393598421468,0.06001392231944513,0.061937911462173784,0.06220410729393247,0.052980670132790036,0.046535836121871066,0.051932103308716115,0.05150828048730247,0.05256014868167412,0.0409432825765752,0.041600190743927665,0.047862352516255514,0.03785704978430922,0.03495709170310908,0.03614144485535691,0.03346615201278901,0.02740239506780009
T:AG,0.04323954187668699,0.0005406778859395932,0.07307548604274978,0.079839109438442,0.048311555658996704,0.0621295939225703,0.0644132328797955,0.060452233037959054,0.05807446975350433,0.04934927136363736,0.05379139260711112,0.05028942063241275,0.058363967099578536,0.040142671400499944,0.03975868950652503,0.04658836670010715,0.038704443675528964,0.03405793055492461,0.03847231480671726,0.032398060385125264,0.028007570771187762
T:CC,0.03880892719390429,0.00045111798189013773,0.07049435187894339,0.07970618476834444,0.046007468064906756,0.06405435137511174,0.0663535549049518,0.05842419920408287,0.06154026105914623,0.05140762219965831,0.05439369401057555,0.04973774582577609,0.06262348060032687,0.03955653641194444,0.03823682673068806,0.04548547332587833,0.03936560197459094,0.03310760232938164,0.0400300160846958,0.03157409712731066,0.028640886947891655
T:GA,0.04487517642123799,0.0005725619776291682,0.07375873627640357,0.07934913780459554,0.04896081406030692,0.06157754557813264,0.06402951938610622,0.0609661154602389,0.05743856779170523,0.04928355118820376,0.05325375386159765,0.05084288964953282,0.056800532569861055,0.039923216175695296,0.04003650714031938,0.047001765584865456,0.03861709723242924,0.03422355180606588,0.038186559081993324,0.03251601739330598,0.027786383559773954
U:AA,0.05173206718812402,0.0006025409262705833,0.07669118258717066,0.08006455852375564,0.05222555603460861,0.06030747843726371,0.061784703649627966,0.06284056915192623,0.052314071168448065,0.047456808003346486,0.051659899616996845,0.0520591081233563,0.052519735294012514,0.04045912872948472,0.04094935062574076,0.04767474561251467,0.03784863051175981,0.035055131834957926,0.03554083124717208,0.03321724812893113,0.026996654604531253
U:AG,0.042682389761412,0.0004960304158253308,0.0733548798122846,0.07995539547327192,0.048444910117813024,0.06245920400283582,0.06442338663012187,0.06045933953270153,0.05780312646029991,0.049577377889487635,0.0539328136743493,0.05022732098959256,0.05864627673517307,0.04014260120662153,0.03955632407377933,0.04659074650597573,0.038568362207720655,0.0341478015017415,0.03823780494862419,0.03242608311032066,0.027867824950047852
U:CC,0.03945393320116866,0.00046401343226742963,0.0703664870830804,0.07967911830555839,0.04599212892681387,0.06374009958908891,0.06643231765907097,0.058640877388420935,0.06137512186064742,0.05167488884634642,0.054216062828048,0.0501600842595654,0.06243613869057342,0.039363156921454416,0.03820338553759129,0.0452900969802307,0.039258184557559556,0.03315637795789367,0.04012418314926306,0.03155094691814437,0.028422395907212746
U:GA,0.04412305485140268,0.0005120652273033786,0.07388514857170703,0.07964779483044289,0.049006242983324705,0.062144043897891056,0.06405551818271336,0.06088999800970238,0.0573107143052119,0.04940244902987987,0.053440502064537806,0.050590966070783824,0.05735492816360098,0.03994816464297276,0.03974561327418651,0.04696699671368366,0.03851505599826703,0.0341633103562808,0.037950992307934424,0.03251489504903863,0.027831545469134314
