,X,1,2,3,4,5,6,7,8,9,10,11,12,13,14,15,16,17,18,19
AACAA,0.072417024,0.076706872,0.069692811,0.065459911,0.059015219,0.05559729,0.058425671,0.050529307,0.046005427,0.045391063,0.050590095,0.043379097,0.04540706,0.045679434,0.048914202,0.038506102,0.037746494,0.034513998,0.034557262,0.02146566
AACAC,0.062848894,0.075997638,0.07046021,0.063441018,0.058683243,0.057446335,0.058555785,0.052425025,0.04783785,0.046984609,0.050470387,0.044833848,0.046042733,0.046351607,0.048750226,0.039009521,0.037619941,0.035421179,0.034948033,0.021871919
AACAG,0.063353418,0.076035841,0.070782204,0.062728424,0.059370042,0.056919999,0.058276361,0.052835485,0.047268851,0.04755648,0.050208969,0.045556809,0.046005565,0.046389799,0.048097309,0.039191823,0.036975431,0.035611486,0.034742912,0.022092792
AACAT,0.071626873,0.077636239,0.069557414,0.066393792,0.05770374,0.055541156,0.05892917,0.049528319,0.046618061,0.044592862,0.051187671,0.040976675,0.045740433,0.046236315,0.049834053,0.039164895,0.038970449,0.034117045,0.034820388,0.020824448
AACCA,0.06479809,0.075180902,0.070441913,0.061993961,0.059627655,0.057213065,0.05747281,0.053149097,0.047254384,0.047585605,0.050558801,0.046958972,0.045771469,0.046002611,0.047667633,0.038867079,0.036864663,0.035835086,0.034279336,0.022476867
AACCC,0.061106958,0.073391145,0.071245108,0.05906843,0.060578386,0.059051109,0.056463419,0.055949235,0.04835187,0.048674274,0.049491756,0.05026207,0.045979654,0.045389712,0.04668238,0.039166263,0.035312335,0.036993624,0.033791417,0.023050852
AACCG,0.050307034,0.071482806,0.07052737,0.059009586,0.061163234,0.061562079,0.05590164,0.053186915,0.050796546,0.049008173,0.053179056,0.051419552,0.045107363,0.047052606,0.045319606,0.040491469,0.036117847,0.038948911,0.033990534,0.025427675
AACCT,0.061786834,0.075022702,0.070724233,0.061167897,0.059846775,0.057595265,0.057686821,0.053547326,0.047831004,0.048250969,0.049793177,0.047752726,0.046270221,0.046318799,0.047757366,0.039244201,0.037083058,0.035543109,0.034192504,0.022585015
AACGA,0.056243057,0.073446894,0.070393683,0.063012819,0.059208787,0.058511851,0.057745898,0.050712149,0.049035708,0.047232877,0.053684553,0.046036534,0.04555764,0.047497305,0.047327793,0.04023637,0.038324814,0.036661212,0.035309783,0.023820274
AACGC,0.051304234,0.072135576,0.070415814,0.060915939,0.060598041,0.060494294,0.05703889,0.052532832,0.050671153,0.048124331,0.053187242,0.049018066,0.045619849,0.046663452,0.046716172,0.040352167,0.036786784,0.03816581,0.034545467,0.024713887
AACGG,0.04392384,0.070688394,0.071617836,0.058454747,0.060427021,0.062089513,0.055912934,0.052589014,0.051962553,0.050570016,0.05407394,0.05197963,0.045217767,0.047193324,0.045544329,0.040988868,0.035967347,0.039337573,0.035298555,0.0261628
AACGT,0.049249259,0.073288424,0.070735309,0.063274864,0.058432392,0.059007154,0.057581473,0.049380772,0.049993714,0.047746136,0.055151961,0.046579981,0.045843668,0.048975097,0.048580724,0.040526444,0.038599341,0.036807867,0.03551035,0.024735069
AACTA,0.072491019,0.077830263,0.069609679,0.06631216,0.058574991,0.055141735,0.058768161,0.048827853,0.045678688,0.045243941,0.050761012,0.04186882,0.046002485,0.045878886,0.049238823,0.039153424,0.038618706,0.03372593,0.03493533,0.021338092
AACTC,0.064742908,0.074824881,0.070609643,0.061920335,0.06035246,0.057912105,0.057593293,0.053799057,0.047180133,0.048055349,0.049927281,0.047783519,0.045699539,0.045076465,0.046970182,0.03867782,0.036535998,0.035767483,0.034048076,0.022523473
AACTG,0.061514261,0.07560672,0.071190558,0.062572133,0.059313855,0.057513695,0.058339558,0.052178334,0.047212293,0.048021644,0.050338494,0.046460089,0.04642616,0.046048515,0.048129043,0.03923312,0.037381533,0.035373982,0.034584649,0.022561366
AACTT,0.069432104,0.077206911,0.070095708,0.065684962,0.05852628,0.05585189,0.058952814,0.04985976,0.046115537,0.045949478,0.0507834,0.042999866,0.045997753,0.04603801,0.048731134,0.038853986,0.038243956,0.034210421,0.034833589,0.021632441
AATAA,0.074233452,0.077912811,0.069413582,0.067810305,0.058194289,0.055465013,0.058946082,0.047618267,0.045936349,0.043824482,0.051683802,0.040768634,0.045991366,0.044703626,0.049440319,0.039297244,0.039735605,0.033646772,0.034559324,0.020818677
AATAC,0.074471489,0.077992713,0.069094899,0.066886714,0.057857557,0.055204468,0.058916047,0.048877938,0.045796092,0.044122754,0.051372995,0.040434211,0.045836303,0.045759337,0.049657525,0.039167444,0.038988018,0.033960429,0.034816736,0.020786332
AATAG,0.076666652,0.078261968,0.068865362,0.066901126,0.058197766,0.054476638,0.058679487,0.049372598,0.045769172,0.044012967,0.050949698,0.040135876,0.045849585,0.045518714,0.049228278,0.039069443,0.038804305,0.033716696,0.034787065,0.020736604
AATAT,0.08117726,0.07894208,0.068051922,0.069840582,0.057234254,0.054261933,0.059297679,0.046539749,0.04535701,0.04148109,0.051800118,0.036894692,0.045809807,0.044631333,0.050752657,0.039640584,0.040970568,0.033354822,0.034408053,0.019553811
AATCA,0.073290529,0.07759004,0.069220733,0.06661189,0.058059122,0.055160717,0.059003094,0.050171935,0.046375896,0.044810745,0.050728956,0.041046971,0.045858086,0.045898832,0.049261665,0.038946795,0.038439466,0.033953618,0.034694486,0.020876426
AATCC,0.06773651,0.074469574,0.070185625,0.061465645,0.060074096,0.057553864,0.057417305,0.055068919,0.047009861,0.047302025,0.049694041,0.046784898,0.045586066,0.045274625,0.04778737,0.038491933,0.036548215,0.035543882,0.033815361,0.022190187
AATCG,0.05760541,0.072815828,0.069998141,0.063588494,0.058739471,0.058498855,0.057462932,0.050686059,0.049450587,0.047182675,0.053895131,0.046051804,0.045587825,0.047419459,0.047250307,0.040255243,0.038091727,0.036284799,0.035242953,0.023892302
AATCT,0.070856545,0.077146275,0.069770519,0.065327917,0.058727008,0.05543751,0.058787203,0.050837267,0.046218614,0.045686646,0.050522681,0.042883421,0.045713751,0.045698307,0.049088573,0.038790376,0.038085363,0.034307125,0.034511155,0.021603743
AATGA,0.070239814,0.077156717,0.069944692,0.066181977,0.058431705,0.055722812,0.05901401,0.049814785,0.046490778,0.045052874,0.050798164,0.041556549,0.046280558,0.045703743,0.049554925,0.039482287,0.038857957,0.033808328,0.034768321,0.021139002
AATGC,0.066212431,0.076565812,0.070496359,0.064446379,0.05844882,0.056335223,0.058595548,0.051128671,0.047261024,0.046306787,0.050321057,0.043836388,0.046501526,0.046312646,0.048837074,0.039060728,0.038200091,0.034463316,0.035014754,0.021655363
AATGG,0.073422987,0.07630607,0.069361113,0.064221077,0.059138992,0.055672037,0.058339312,0.053044189,0.046725041,0.045382865,0.049795068,0.042441955,0.04573609,0.045471657,0.04842023,0.0390633,0.037158837,0.034652043,0.034409292,0.021237848
AATGT,0.069705145,0.07757662,0.069922825,0.066268623,0.05744761,0.055774982,0.058973405,0.049325499,0.04672758,0.0447457,0.051239048,0.041260731,0.046443562,0.046376172,0.04968516,0.039392589,0.039210791,0.034088055,0.034770139,0.021065763
AATTA,0.074294566,0.078622016,0.069436709,0.069092435,0.057447873,0.055354492,0.059159989,0.046303903,0.045851327,0.043483178,0.051938348,0.039139813,0.04604559,0.045139124,0.050021097,0.039428383,0.040410641,0.033389837,0.034949339,0.02049134
AATTC,0.075752174,0.077499273,0.068990611,0.066894166,0.058732392,0.054985984,0.058716657,0.050870224,0.045521183,0.044493798,0.050407453,0.041042856,0.045365359,0.045559924,0.049025357,0.0385223,0.038165557,0.034222676,0.034359012,0.020873045
AATTG,0.079069011,0.077515839,0.068357336,0.067239463,0.058462477,0.054807489,0.058562276,0.050351207,0.045315173,0.043829736,0.050383205,0.039617116,0.045638333,0.045404871,0.0497381,0.038662103,0.038559437,0.033726059,0.034363642,0.020397128
AATTT,0.079362193,0.078340194,0.068861431,0.069647805,0.057745399,0.054325474,0.059232753,0.047491185,0.044824113,0.04292688,0.051185819,0.038410872,0.045770648,0.045106037,0.050103732,0.038865303,0.039641711,0.033478543,0.034519097,0.020160812
ACCAA,0.068549301,0.07575079,0.070146494,0.063085021,0.05910318,0.056329787,0.057761409,0.053291481,0.046980754,0.046714616,0.049925107,0.044867901,0.045579409,0.045939671,0.048538239,0.038813583,0.036926091,0.035335184,0.034437083,0.0219249
ACCAC,0.055968519,0.072898892,0.071881304,0.057962443,0.060855668,0.060379033,0.056505871,0.056080314,0.048945948,0.049386927,0.049813808,0.051828305,0.046119961,0.045755692,0.046068504,0.039414795,0.035711498,0.03732368,0.03381608,0.023282758
ACCAG,0.060172095,0.073463938,0.071453394,0.058553062,0.06153269,0.058979538,0.056614632,0.056990894,0.048417938,0.049042418,0.04852432,0.050712052,0.045763652,0.045110936,0.046513202,0.039270892,0.035277276,0.037100749,0.033507855,0.022998469
ACCAT,0.065980312,0.075264442,0.070417415,0.0615417,0.059308735,0.057424206,0.057659499,0.054191168,0.047577019,0.047203322,0.049954125,0.046192824,0.045972256,0.045865363,0.047786919,0.039295562,0.037015799,0.035487411,0.033989188,0.021872733
ACCCA,0.062052609,0.073454497,0.07108494,0.059277989,0.0609264,0.05939428,0.057113522,0.05713143,0.048820231,0.048474174,0.048665172,0.049141008,0.045751224,0.044583915,0.046605306,0.039322501,0.035402628,0.036947452,0.033356982,0.022493741
ACCCC,0.054520168,0.071033689,0.071866199,0.055243794,0.06250743,0.062130411,0.055706816,0.05873161,0.049824846,0.050012327,0.0494021,0.054486111,0.04557333,0.044114462,0.044822554,0.040240858,0.034249499,0.038885506,0.032755034,0.023893256
ACCCG,0.046294313,0.068052956,0.071426656,0.054834253,0.064984457,0.064854971,0.054316864,0.057568173,0.052430846,0.050713124,0.051304235,0.057151294,0.045491798,0.04443427,0.043249473,0.04055077,0.033794307,0.040865842,0.032420226,0.025261173
ACCCT,0.057797602,0.072456839,0.071915676,0.057021621,0.061452805,0.059718293,0.056311797,0.057426809,0.048998547,0.049266582,0.048735882,0.052204217,0.046533012,0.044900259,0.045757871,0.039893736,0.03535706,0.03778606,0.033178693,0.023286641
ACCGA,0.049599716,0.071008704,0.071483684,0.059013644,0.061444025,0.061754399,0.056588884,0.053872275,0.051094258,0.049410504,0.052453292,0.051699438,0.045236778,0.04620359,0.045091259,0.040362523,0.035733964,0.03892795,0.034141894,0.024879219
ACCGC,0.04212229,0.068128692,0.073029227,0.054403472,0.063514192,0.064753509,0.054583217,0.056788721,0.052125442,0.050658768,0.052087977,0.057667453,0.045024245,0.044429294,0.043362928,0.041918106,0.034168039,0.041535902,0.033322999,0.026375526
ACCGG,0.046812931,0.06875246,0.071152048,0.054601238,0.064276099,0.063494204,0.054158295,0.057004554,0.051806397,0.050199467,0.051661272,0.056229835,0.045009624,0.045403003,0.044190123,0.04163374,0.034530676,0.040559543,0.033031748,0.025492743
ACCGT,0.039549954,0.069959084,0.072767113,0.057419937,0.061281831,0.062819835,0.055855749,0.053639978,0.052722586,0.0512471,0.053067866,0.053577139,0.045272046,0.047254234,0.045334163,0.041140674,0.036152566,0.040011921,0.034692038,0.026234187
ACCTA,0.070412336,0.075955227,0.069510291,0.062878512,0.059705875,0.056341882,0.058213405,0.053456853,0.047010262,0.046459314,0.049613575,0.044615827,0.045497967,0.045296889,0.048236294,0.039185064,0.03712998,0.034862769,0.034079058,0.02153862
ACCTC,0.05784593,0.073125637,0.071397596,0.058025344,0.061392785,0.059416013,0.056905319,0.056984978,0.048720592,0.049536287,0.048687951,0.051120863,0.046142662,0.045375615,0.04675148,0.039503684,0.035744526,0.036897064,0.033314666,0.023111008
ACCTG,0.056322395,0.072844661,0.071868528,0.057369781,0.061596191,0.060185377,0.056810116,0.057855733,0.049021083,0.04981453,0.048301537,0.051774671,0.046224128,0.044632356,0.046741584,0.03963697,0.035524772,0.037422411,0.033081278,0.022971896
ACCTT,0.062676746,0.07500119,0.071094053,0.060871835,0.060020809,0.057616214,0.057611233,0.05416097,0.047708022,0.048182562,0.049390082,0.047878947,0.046091055,0.045966414,0.047373683,0.039242094,0.036866007,0.035730213,0.033946005,0.022571869
ACTAA,0.072620283,0.077511626,0.069472386,0.066708962,0.058617537,0.055405914,0.059092045,0.049065976,0.045777246,0.045110768,0.050785029,0.041404749,0.046029399,0.045630192,0.049455883,0.038976983,0.038328728,0.033858892,0.034839863,0.021307541
ACTAC,0.069004895,0.075892676,0.070602645,0.063129647,0.058930961,0.056138685,0.058291976,0.051986082,0.046256698,0.046414393,0.049792498,0.044926191,0.045796683,0.045966673,0.048733288,0.039086429,0.037842587,0.034872991,0.034476707,0.021857296
ACTAG,0.069347238,0.076312614,0.070494647,0.062706404,0.059376704,0.055694458,0.058342711,0.052179112,0.046168319,0.047418334,0.049218781,0.045240763,0.046260814,0.045357895,0.048191772,0.03934204,0.03727803,0.034507483,0.034514781,0.0220471
ACTAT,0.077427943,0.078284902,0.068999934,0.066264127,0.058328089,0.054667635,0.058767532,0.049487761,0.045563978,0.044139595,0.050513932,0.040864919,0.045765343,0.045227871,0.049176058,0.038954905,0.038637392,0.033706563,0.034501065,0.020720455
ACTCA,0.061883856,0.074437939,0.071349394,0.061195449,0.060454815,0.05850961,0.05760533,0.054604518,0.047636914,0.048362643,0.049268274,0.048248753,0.045941353,0.045141799,0.047095996,0.039128105,0.036622732,0.036178022,0.033919558,0.022414941
ACTCC,0.06261959,0.074002232,0.070644576,0.060107948,0.061096908,0.058382622,0.057499463,0.056354619,0.047915435,0.04846042,0.048849777,0.048592139,0.045979118,0.044952319,0.046904581,0.03932077,0.035756451,0.036309111,0.033704609,0.022547312
ACTCG,0.044544191,0.069848152,0.072020819,0.057222351,0.062098192,0.063292647,0.055508718,0.054187015,0.051374274,0.050881697,0.051158553,0.055535995,0.045667823,0.046486574,0.044463598,0.040310675,0.035746377,0.039637797,0.034185696,0.025828856
ACTCT,0.060845727,0.075262002,0.070980215,0.06153973,0.05995376,0.057432748,0.058071376,0.053794667,0.047887022,0.048232874,0.049781465,0.047394728,0.046230292,0.045708039,0.047814533,0.039367607,0.03709394,0.035660296,0.0343833,0.022565678
ACTGA,0.061228977,0.075278784,0.071144198,0.062169594,0.059722546,0.058265806,0.058251066,0.053096271,0.047423406,0.048125813,0.04981174,0.046741496,0.046383334,0.045756198,0.047799521,0.039246167,0.037451787,0.035354714,0.034311994,0.022436591
ACTGC,0.055049334,0.073149397,0.072678148,0.059388781,0.060624604,0.058891588,0.057613642,0.055076634,0.048346047,0.049790891,0.048983606,0.050076704,0.046494406,0.045685076,0.047150766,0.039706199,0.036487869,0.037056262,0.034345595,0.02340445
ACTGG,0.060239022,0.074112846,0.071246076,0.059437286,0.060595459,0.058768641,0.057223544,0.056597024,0.048237984,0.04885608,0.048818302,0.049344715,0.046151226,0.045301366,0.046605294,0.039537877,0.035751994,0.036697367,0.03379006,0.022687837
ACTGT,0.056138181,0.075000046,0.072037923,0.061631451,0.059213155,0.058446283,0.058198329,0.052686416,0.047963604,0.048575369,0.050388582,0.047475836,0.0465931,0.046463045,0.048143514,0.039833948,0.037373576,0.036190277,0.034934861,0.022712504
ACTTA,0.067746643,0.077391265,0.070547085,0.065567847,0.058378341,0.056131206,0.058828995,0.049278154,0.046259997,0.045981724,0.051088291,0.043158406,0.046201184,0.045880581,0.048927488,0.039251573,0.03856734,0.03412455,0.034884209,0.021805121
ACTTC,0.065382215,0.075859028,0.07021955,0.063364796,0.059366414,0.056573872,0.058630634,0.052450606,0.047280466,0.046939502,0.049958423,0.044959634,0.046003103,0.046208474,0.048409633,0.039426539,0.037180569,0.035113864,0.034659028,0.022013649
ACTTG,0.062868484,0.075176245,0.071558392,0.061558034,0.059514882,0.057648917,0.057999929,0.053060348,0.047425634,0.048131229,0.049683538,0.04742692,0.045833328,0.0460194,0.047556957,0.039071533,0.037076285,0.035236073,0.034585444,0.022568428
ACTTT,0.07065079,0.077311759,0.070280737,0.065984953,0.0585575,0.055549882,0.059146963,0.049847931,0.046135867,0.04533709,0.050382895,0.042303564,0.04622403,0.045902823,0.048966263,0.03882476,0.038419248,0.033961093,0.034676621,0.021535229
AGCAA,0.063729011,0.076182414,0.070861732,0.062700225,0.059269419,0.057021657,0.058098941,0.052086374,0.047349866,0.047572195,0.050298503,0.046015482,0.046135928,0.046278971,0.047999173,0.039196198,0.037210357,0.035161638,0.034682497,0.022149419
AGCAC,0.052965736,0.072833708,0.072970206,0.058460923,0.061339496,0.060566306,0.057213331,0.055535739,0.048810146,0.050615201,0.048250765,0.052330531,0.04629773,0.045423348,0.046607547,0.039262324,0.036079207,0.037294953,0.033906384,0.023236417
AGCAG,0.052727126,0.073131637,0.07273275,0.058200539,0.061141582,0.059308165,0.05725999,0.055873832,0.049074641,0.050353839,0.048557695,0.05186024,0.046497363,0.045586743,0.046652764,0.040044192,0.035944382,0.03755696,0.034076557,0.023419001
AGCAT,0.062473232,0.07632723,0.070794105,0.062726793,0.059049591,0.057132943,0.058390622,0.052129263,0.047979457,0.047382062,0.050304231,0.045447743,0.046490123,0.046106298,0.048233821,0.039351091,0.037873456,0.035052633,0.03476261,0.021992697
AGCCA,0.053957493,0.07259405,0.072876567,0.056994369,0.061755041,0.060752608,0.056564835,0.05670469,0.049202312,0.050575898,0.049136003,0.052979029,0.045950157,0.044872511,0.045584834,0.039727201,0.035465365,0.037340473,0.033459018,0.023507547
AGCCC,0.048117554,0.070186792,0.073944245,0.053385037,0.063733892,0.063138192,0.055306484,0.059809251,0.050534338,0.052041616,0.047984945,0.057559102,0.045768343,0.043610007,0.044600423,0.040080872,0.03398009,0.038978065,0.032838665,0.024402087
AGCCG,0.036749692,0.067438137,0.073890141,0.052296118,0.065842261,0.06635284,0.052736531,0.056990472,0.052902474,0.052663963,0.051144993,0.061354482,0.045308605,0.044384486,0.042688894,0.041381376,0.033936022,0.041981227,0.033132437,0.026824851
AGCCT,0.053593686,0.07187506,0.073014153,0.056313901,0.062303393,0.060158985,0.056480548,0.057949612,0.048892774,0.050953651,0.048121388,0.054037002,0.046351229,0.044802296,0.045948783,0.03973065,0.035159783,0.037567455,0.03317795,0.0235677
AGCGA,0.042652306,0.069680729,0.073440586,0.057162047,0.062159706,0.063295928,0.055930909,0.053440371,0.052246884,0.050347277,0.052711656,0.054030402,0.045363814,0.04692755,0.044465524,0.040660858,0.035708918,0.038988573,0.034531644,0.026254319
AGCGC,0.035722977,0.066380096,0.075025875,0.05332716,0.06493884,0.06575979,0.05438652,0.056658885,0.053021095,0.052798015,0.050827229,0.060411601,0.044430268,0.044785052,0.04276287,0.041381311,0.033922514,0.042200056,0.033747473,0.027512373
AGCGG,0.03787584,0.067491302,0.074188592,0.052405775,0.065612837,0.065174677,0.053874835,0.057345541,0.052795382,0.051945985,0.051766833,0.061122328,0.044873256,0.044174141,0.042056255,0.042151478,0.033466201,0.042173752,0.032730192,0.026774797
AGCGT,0.040345645,0.069727236,0.073081244,0.058298047,0.062309133,0.062331693,0.056033783,0.053641366,0.051893026,0.050778075,0.053404358,0.053497505,0.045574576,0.046615533,0.045007746,0.040909731,0.036267962,0.039857981,0.034696045,0.025729314
AGCTA,0.065869548,0.076270343,0.070857667,0.06264813,0.059537355,0.056973037,0.057848514,0.052038261,0.047369561,0.047571733,0.049864881,0.046354944,0.046209319,0.04524934,0.04768163,0.039096702,0.037236797,0.034814312,0.034387287,0.022120641
AGCTC,0.055777258,0.073834425,0.072163125,0.05853059,0.061616401,0.059420859,0.057009845,0.055772999,0.048595594,0.049899965,0.048477235,0.051181501,0.046424989,0.045388361,0.046731108,0.039591346,0.03579328,0.037125408,0.033627751,0.023037958
AGCTG,0.053437577,0.073294115,0.072705768,0.057905846,0.061631755,0.059872745,0.056810267,0.056082566,0.049073967,0.050160509,0.048548196,0.052070962,0.046603039,0.045224208,0.046624025,0.039962011,0.035716973,0.037339561,0.033646018,0.023289893
AGCTT,0.061258192,0.075736817,0.071534459,0.061977683,0.059870129,0.056951488,0.057826627,0.052895332,0.047813426,0.048515294,0.049627832,0.047200617,0.046186393,0.046260395,0.047824293,0.039185625,0.036850677,0.035220201,0.034611954,0.022652565
AGTAA,0.068777622,0.077732218,0.070332445,0.066298224,0.0581542,0.055904816,0.058976863,0.048631109,0.045932651,0.045621782,0.051097628,0.042519354,0.046381287,0.046020611,0.049105994,0.039313668,0.038811999,0.033894207,0.034880412,0.02161291
AGTAC,0.07449759,0.075999717,0.070105037,0.064002893,0.059311144,0.05605226,0.058482285,0.05254869,0.045987196,0.045593596,0.049097288,0.043837956,0.0459229,0.044810679,0.048377323,0.038927421,0.036983228,0.034351893,0.033703177,0.021407729
AGTAG,0.068824762,0.07617471,0.07062362,0.063021663,0.059372703,0.055870787,0.058451066,0.052121382,0.04649473,0.046667621,0.049838092,0.044441329,0.045718648,0.045797744,0.048514361,0.039434712,0.037405829,0.034601409,0.034714104,0.021910729
AGTAT,0.074544284,0.077725777,0.069409868,0.066126414,0.058098203,0.054998857,0.05886256,0.04886444,0.045803586,0.044426058,0.050766889,0.040961287,0.046104705,0.045913798,0.049567876,0.039254561,0.038960806,0.034069262,0.034657929,0.02088284
AGTCA,0.058805365,0.075569759,0.071462905,0.061624356,0.059474629,0.058164167,0.058049132,0.053305002,0.047898901,0.048421333,0.050047915,0.047146405,0.046388598,0.04614047,0.047606714,0.039672464,0.037170481,0.035770814,0.034714236,0.022566354
AGTCC,0.060289232,0.073634753,0.071090443,0.05905365,0.061057423,0.058290446,0.057137545,0.056840928,0.048408676,0.048811119,0.048552648,0.049640903,0.046430651,0.045203092,0.047122889,0.039596988,0.035682672,0.036639144,0.03356203,0.022954766
AGTCG,0.051993494,0.07092474,0.07100659,0.058903351,0.061707732,0.061428206,0.056148954,0.054053316,0.050786767,0.049133106,0.052251969,0.05074185,0.045002425,0.045974906,0.045523781,0.040695044,0.036263446,0.038579089,0.034389495,0.024491739
AGTCT,0.061744857,0.075309936,0.071091717,0.061808056,0.060073899,0.056973522,0.057977254,0.053778381,0.047448002,0.048361894,0.049770442,0.047051497,0.046317822,0.046017113,0.047581365,0.039199814,0.036993237,0.03556996,0.034491819,0.022439411
AGTGA,0.060723952,0.075029189,0.071483909,0.06180946,0.059642874,0.058011101,0.058563889,0.054032255,0.047681611,0.047755996,0.048988398,0.046942868,0.046435194,0.045727348,0.047883338,0.039534276,0.037165033,0.03553848,0.034520418,0.022530412
AGTGC,0.053766462,0.072615704,0.073092393,0.058467616,0.061295635,0.059912111,0.057269993,0.055821412,0.048621903,0.050337283,0.048173945,0.052306801,0.046368056,0.04504813,0.046889602,0.039258278,0.036180752,0.037134981,0.034055754,0.023383188
AGTGG,0.062939649,0.073863154,0.07113704,0.059748061,0.060891472,0.05853919,0.057462462,0.056520707,0.047944373,0.048376659,0.048649599,0.048534215,0.045763945,0.04502847,0.046789603,0.039438273,0.035911515,0.036360167,0.033506497,0.022594945
AGTGT,0.058042205,0.075007794,0.071418416,0.061740521,0.059285199,0.058432896,0.058381906,0.05325745,0.048466416,0.048367905,0.049956022,0.047071991,0.046153529,0.046095826,0.048076739,0.039417298,0.037373177,0.036222309,0.034763157,0.022469242
AGTTA,0.06704549,0.077285695,0.069950391,0.065683319,0.058431303,0.056198839,0.059099166,0.049428508,0.04623676,0.046387009,0.051319881,0.04319716,0.046275882,0.046035842,0.04855249,0.039178806,0.038578861,0.034349095,0.034943524,0.021821981
AGTTC,0.063409428,0.074811762,0.071062837,0.061217929,0.060597543,0.058046414,0.057528421,0.053508815,0.047147741,0.048226271,0.049838821,0.048726904,0.045946273,0.044992425,0.047145414,0.038942278,0.036656811,0.035727183,0.033847503,0.022619227
AGTTG,0.064628777,0.076000885,0.070732912,0.06279752,0.059282207,0.056958829,0.058138422,0.052574154,0.047224339,0.047593425,0.050133933,0.045479661,0.046058287,0.04607451,0.047953048,0.039155547,0.03719897,0.035029583,0.034706193,0.0222788
AGTTT,0.07058853,0.077009133,0.070016303,0.065872118,0.058626325,0.055736584,0.058784291,0.049918284,0.045979199,0.045741586,0.050526472,0.04273564,0.045927395,0.045962916,0.049003539,0.038744836,0.038111823,0.034277452,0.034840871,0.021596702
ATCAA,0.07571826,0.077510972,0.068602372,0.066650041,0.058290838,0.055081681,0.058716229,0.050857413,0.046104485,0.044296566,0.050490092,0.040436219,0.045669479,0.045789469,0.049151907,0.038885626,0.038167726,0.03418825,0.034635619,0.020756755
ATCAC,0.063409873,0.075865452,0.07025642,0.062917482,0.058580915,0.057483128,0.058698288,0.052884332,0.047850423,0.046981679,0.049914137,0.044593623,0.046361765,0.046512133,0.048408325,0.039691779,0.037673889,0.035218218,0.034750879,0.021947259
ATCAG,0.067559009,0.075728148,0.069963744,0.063096821,0.059400831,0.056808923,0.058276037,0.054190294,0.04711467,0.046790186,0.04965306,0.044630627,0.045901991,0.045881172,0.048202263,0.039013434,0.036772893,0.035221899,0.034100507,0.02169349
ATCAT,0.073637912,0.0776059,0.069010546,0.066181142,0.057932515,0.055298271,0.059069161,0.05039974,0.046657047,0.044176511,0.050877507,0.040481452,0.045914648,0.045691021,0.049635001,0.039517084,0.038981889,0.033744199,0.03456452,0.020623935
ATCCA,0.072314596,0.075597256,0.069158275,0.062964135,0.060058326,0.057078163,0.057924782,0.055044644,0.047207967,0.045653863,0.049136432,0.043404506,0.045476421,0.044937316,0.048447186,0.038986624,0.036571538,0.035212971,0.033654113,0.021170884
ATCCC,0.063769687,0.073118625,0.070311569,0.058375037,0.060898773,0.059647856,0.056822607,0.057350495,0.048247066,0.048606509,0.048991245,0.049663433,0.045792071,0.044234087,0.0467488,0.039474633,0.035517482,0.036549466,0.03317313,0.02270743
ATCCG,0.047323476,0.06887666,0.072745968,0.057126005,0.062433704,0.063194318,0.054428358,0.055775756,0.050972071,0.050472325,0.052187618,0.055826956,0.044131869,0.045430736,0.04420744,0.040679908,0.035685383,0.039325875,0.033391467,0.025784107
ATCCT,0.069280076,0.075137488,0.069519138,0.061899562,0.059740672,0.056662411,0.05810668,0.055346185,0.047162781,0.047023825,0.049031319,0.045518926,0.045766326,0.045310676,0.048286265,0.038988481,0.036478313,0.035469204,0.033624179,0.021647494
ATCGA,0.064442817,0.073862506,0.068621222,0.064191794,0.059360822,0.058676731,0.057890706,0.052974144,0.048328289,0.045931693,0.052600864,0.04386039,0.045722512,0.046749279,0.047044342,0.039675113,0.037341486,0.035553856,0.034411439,0.022759994
ATCGC,0.045529791,0.06972244,0.071961973,0.058551627,0.061187306,0.061789791,0.056195543,0.053602267,0.051464845,0.050313412,0.053199177,0.051649285,0.045067744,0.047442927,0.045676632,0.040708988,0.036797109,0.038265946,0.035112148,0.025761047
ATCGG,0.046909211,0.070399276,0.071109693,0.057471044,0.06034502,0.061908188,0.055698895,0.054820669,0.051655731,0.050086939,0.053652627,0.053257354,0.045032987,0.046483227,0.045052119,0.040670074,0.036213678,0.039306304,0.034403417,0.025523545
ATCGT,0.051181959,0.072546549,0.071227801,0.062491808,0.058988501,0.059295045,0.057542698,0.050905136,0.04983804,0.048554944,0.054166162,0.047263157,0.045873534,0.047634494,0.047265367,0.040590235,0.03824249,0.036691254,0.035487693,0.024213131
ATCTA,0.070456281,0.0775143,0.069102268,0.065518674,0.058377175,0.055742247,0.058489644,0.050236783,0.047385505,0.044880225,0.051501613,0.041992446,0.04624661,0.045705596,0.048390291,0.039669976,0.038524048,0.034555725,0.03447992,0.021230673
ATCTC,0.06348109,0.075147722,0.070396117,0.061373516,0.059905714,0.05760968,0.058015807,0.054244701,0.047821811,0.048103037,0.04972433,0.047549081,0.045720389,0.045405874,0.047685118,0.039235962,0.03698316,0.035440548,0.033947912,0.022208431
ATCTG,0.064342059,0.075247957,0.070692879,0.061820125,0.0601177,0.057281448,0.057890341,0.054355694,0.047646497,0.047585442,0.049787821,0.046502015,0.045971289,0.045329036,0.047780961,0.039076691,0.036674353,0.035743928,0.034091765,0.022061998
ATCTT,0.073365053,0.077190351,0.06917957,0.065393244,0.058845869,0.055420266,0.058782738,0.051792894,0.046115614,0.045359991,0.050213186,0.042284222,0.045673222,0.045597786,0.048806543,0.038739766,0.037557981,0.03416522,0.034325295,0.021191191
ATTAA,0.073101819,0.07823615,0.069519125,0.068248793,0.05795272,0.055704056,0.05886563,0.047148908,0.045969849,0.043895735,0.051848542,0.040269818,0.046156029,0.045099383,0.049703988,0.039271224,0.039988644,0.033685758,0.034705241,0.020628586
ATTAC,0.071369357,0.077402491,0.069723558,0.066784737,0.058136788,0.055966965,0.058499185,0.048664874,0.046287396,0.044678863,0.051558194,0.041608587,0.046253433,0.045643617,0.049525228,0.039027808,0.039148587,0.033822699,0.03476012,0.021137514
ATTAG,0.072968363,0.07777863,0.069276723,0.066903166,0.05827425,0.055053486,0.058962432,0.049105413,0.046262088,0.044689727,0.05110645,0.040911006,0.046164654,0.045629517,0.049166364,0.039154297,0.038878813,0.033797025,0.034887866,0.021029729
ATTAT,0.077403041,0.078654033,0.068893755,0.068598384,0.057345876,0.055009458,0.059057632,0.046721569,0.04580162,0.042743946,0.052310185,0.038426644,0.04596685,0.04471177,0.050053661,0.039813101,0.040636934,0.033112882,0.034538763,0.020199897
ATTCA,0.071373906,0.077388579,0.069497726,0.065794073,0.058699573,0.055856269,0.058910448,0.050482978,0.046507057,0.044773231,0.05052458,0.041625868,0.046188421,0.045653012,0.049296447,0.039381287,0.038739229,0.034016607,0.034394607,0.020896101
ATTCC,0.071409636,0.076153947,0.069127917,0.063676867,0.059245802,0.055922539,0.058228558,0.053851605,0.046507646,0.045984948,0.04952965,0.044067632,0.045587294,0.045479156,0.048731449,0.038883978,0.037111372,0.03505171,0.033980026,0.021468268
ATTCG,0.064492939,0.07398736,0.069713576,0.06377513,0.05906927,0.057345518,0.057738233,0.053139424,0.048274454,0.046332768,0.052783265,0.043976805,0.044973263,0.046875852,0.046968453,0.039688292,0.037559056,0.035763256,0.034854486,0.022688599
ATTCT,0.072649412,0.077516375,0.069419056,0.065983234,0.058444277,0.055117889,0.058926405,0.051004038,0.046034868,0.045123699,0.050215821,0.041464583,0.045652991,0.045865613,0.049242538,0.038881686,0.03835967,0.03431188,0.034671807,0.02111416
ATTGA,0.075957671,0.077468266,0.068404893,0.06667828,0.058550368,0.055343934,0.058743621,0.051038116,0.046071471,0.043999171,0.050578046,0.040207436,0.045888883,0.045377294,0.049264158,0.039035152,0.038453429,0.03408143,0.034280633,0.020577747
ATTGC,0.071173324,0.076738733,0.069372964,0.065493617,0.058544564,0.055457962,0.058392688,0.051660692,0.046699023,0.045329662,0.050215404,0.041856363,0.046211624,0.045870442,0.049572035,0.039147285,0.038113145,0.034272088,0.034738597,0.02113979
ATTGG,0.075350103,0.076404708,0.068934582,0.064353531,0.058572012,0.055538128,0.05786465,0.053897534,0.046445709,0.044786555,0.049822728,0.041862998,0.045576432,0.045658885,0.048474638,0.039154885,0.03730414,0.03482134,0.034043547,0.021132895
ATTGT,0.074618826,0.077544622,0.068930085,0.066737936,0.057994387,0.055262861,0.059071747,0.050173916,0.045826183,0.043934652,0.050471508,0.040384914,0.045820148,0.045965572,0.049924847,0.038933802,0.038821655,0.034101363,0.034738225,0.020742751
ATTTA,0.071918933,0.077967388,0.069889272,0.06795509,0.05797874,0.055953044,0.058923507,0.046594943,0.046171266,0.043932003,0.052186763,0.040853404,0.046186642,0.044999869,0.049512736,0.039546292,0.040010494,0.033656591,0.034870417,0.020892607
ATTTC,0.074073938,0.077464244,0.069365551,0.066970003,0.058195675,0.054764015,0.05899823,0.049507808,0.045931036,0.044464242,0.050859991,0.040829787,0.045861992,0.045674447,0.049601479,0.038911554,0.038838128,0.034081904,0.034680777,0.020925198
ATTTG,0.074463544,0.077377902,0.069584099,0.066404157,0.058291202,0.054965885,0.058894613,0.049843923,0.046110401,0.044697218,0.050540338,0.041190119,0.045718104,0.045614024,0.049344226,0.038862643,0.03850236,0.033992246,0.034683315,0.020919682
ATTTT,0.078488123,0.078069527,0.069095328,0.068881186,0.057718403,0.054583467,0.059160281,0.04756438,0.045147674,0.043369005,0.051209587,0.039236857,0.045737919,0.045151077,0.049847242,0.03878127,0.039476653,0.033465861,0.034592757,0.020423402
CACAA,0.066420885,0.076158709,0.070166662,0.063091103,0.05915114,0.057455439,0.058259452,0.05327704,0.047249172,0.046651672,0.050061374,0.044767471,0.045525754,0.045938092,0.048152062,0.038787381,0.037224793,0.035588099,0.034391792,0.021681909
CACAC,0.045460811,0.074984571,0.071541173,0.057762736,0.059733652,0.063078599,0.058034068,0.053002418,0.052119905,0.051732,0.05130268,0.051607938,0.045711609,0.045571494,0.046577705,0.039028451,0.036901812,0.037752263,0.034736967,0.023359148
CACAG,0.049372389,0.073209123,0.072769461,0.058064699,0.060851674,0.060998598,0.057330158,0.055949423,0.049977679,0.050339478,0.049058813,0.051075623,0.046734527,0.046014352,0.046836136,0.040003849,0.036213621,0.038066408,0.03401372,0.023120268
CACAT,0.059072712,0.075717751,0.071040707,0.06132266,0.058566337,0.059516557,0.058044993,0.052903882,0.049138465,0.048355425,0.050802024,0.046631411,0.046102898,0.046199064,0.047443254,0.0390613,0.037608526,0.036019159,0.034425418,0.022027457
CACCA,0.05806933,0.072899089,0.071670751,0.058384028,0.061110458,0.06003347,0.056554587,0.057050609,0.048986903,0.049120817,0.04873516,0.05119708,0.045659687,0.045312111,0.046500544,0.039444894,0.035612678,0.037201507,0.033576175,0.022880121
CACCC,0.051966952,0.070660394,0.072361913,0.055222455,0.062887629,0.062908241,0.056116592,0.059085791,0.050651544,0.050242132,0.048638916,0.054800645,0.045736995,0.044101593,0.044283512,0.040269897,0.034751526,0.039030625,0.032614165,0.023668484
CACCG,0.037140843,0.06790983,0.073615016,0.053944238,0.063660079,0.065238134,0.054728909,0.056848989,0.053740103,0.051862841,0.051654254,0.058473477,0.044767043,0.045200936,0.043132347,0.041986648,0.03420427,0.041678569,0.033656296,0.026557177
CACCT,0.056333746,0.072902383,0.071995517,0.057403001,0.061537279,0.060278842,0.056951048,0.058063997,0.049135502,0.049631774,0.048237173,0.051618995,0.045917175,0.04485258,0.046232803,0.039603762,0.035498851,0.037440301,0.033303643,0.023061628
CACGA,0.048256234,0.071228784,0.07206053,0.058719073,0.06055103,0.061831094,0.056680796,0.054004046,0.051309935,0.049439193,0.052453105,0.050932573,0.045629136,0.047231212,0.04601124,0.040494024,0.035963834,0.038119066,0.034760509,0.024324586
CACGC,0.037168167,0.067754011,0.073556246,0.053959488,0.064058452,0.067655308,0.054556136,0.056019676,0.052724676,0.052059582,0.052462065,0.058600609,0.044868007,0.045026936,0.043054634,0.04019666,0.034969887,0.041923055,0.033232355,0.026154048
CACGG,0.035748804,0.06820246,0.073102354,0.05483889,0.063799467,0.065845527,0.054917277,0.055629724,0.05422177,0.051960984,0.051792442,0.056895934,0.045699638,0.04605182,0.043353071,0.041773201,0.034694451,0.041610215,0.033876727,0.025985243
CACGT,0.041247641,0.070012131,0.072580863,0.057676711,0.060642774,0.063571596,0.056839035,0.053190035,0.051607377,0.051492098,0.0531183,0.053703042,0.04527216,0.047609691,0.044862346,0.040776761,0.036558418,0.039156074,0.034554937,0.02552801
CACTA,0.068616693,0.076099527,0.070308874,0.063041728,0.059103835,0.056228125,0.058583006,0.052657948,0.046596459,0.046753775,0.049378828,0.044851344,0.046128077,0.045460424,0.048468555,0.039052696,0.037344908,0.035037084,0.034454487,0.021833629
CACTC,0.056660184,0.073083002,0.071895816,0.059198078,0.061120043,0.059732585,0.057395296,0.056238929,0.048927804,0.04932098,0.048571216,0.050261109,0.046001017,0.045220989,0.046981438,0.039500125,0.036165123,0.036912065,0.033817587,0.022996615
CACTG,0.051732735,0.073102641,0.072650005,0.058584942,0.06062094,0.060348896,0.057680557,0.056487568,0.049170298,0.050155394,0.048763579,0.051007458,0.046390828,0.045684372,0.046631971,0.03984174,0.036288157,0.037381491,0.034193876,0.023282552
CACTT,0.063892156,0.075410702,0.071246706,0.062604724,0.059570803,0.057290547,0.058451553,0.053087743,0.047341687,0.047290224,0.049444665,0.046109399,0.046088396,0.045638661,0.048172934,0.039149973,0.037248626,0.035155749,0.034495783,0.022308968
CATAA,0.071896694,0.077752559,0.069518182,0.066185163,0.057986546,0.055666782,0.058776235,0.049644106,0.046253354,0.044762932,0.051294544,0.041294037,0.046035931,0.045738237,0.049287676,0.039124439,0.039051273,0.034117655,0.034660935,0.02095272
CATAC,0.06299461,0.07619709,0.070083475,0.062010384,0.058630187,0.058734567,0.058093632,0.051649239,0.048720429,0.047416466,0.051607103,0.045339117,0.045710495,0.046066533,0.047780988,0.0387212,0.037879394,0.036082016,0.034461575,0.021821499
CATAG,0.068950012,0.075933302,0.070127451,0.062916268,0.058875594,0.056082581,0.058497863,0.053002812,0.047026367,0.046134697,0.050068674,0.044236891,0.04650867,0.04544964,0.048854246,0.039283922,0.037729359,0.034679242,0.034196421,0.021445987
CATAT,0.076355962,0.078314897,0.068562288,0.065972876,0.057397756,0.056016413,0.058892641,0.049292708,0.046800366,0.043621486,0.051513848,0.039898662,0.045933616,0.044852147,0.049278674,0.039364902,0.039467795,0.033997768,0.03425092,0.020214273
CATCA,0.063297743,0.075302682,0.070334843,0.062156906,0.059072977,0.05775316,0.058324019,0.053944852,0.048152321,0.047200245,0.049878387,0.045235985,0.046102546,0.046191215,0.048479845,0.039741033,0.037176831,0.035317103,0.034430197,0.021907111
CATCC,0.061847234,0.073466017,0.070353492,0.059345795,0.060817069,0.05958685,0.057325657,0.056948316,0.049036571,0.048144977,0.048798604,0.047885841,0.046016245,0.04488813,0.047368543,0.040007073,0.03576175,0.036683662,0.033359087,0.022359089
CATCG,0.045115007,0.07059413,0.07149663,0.058420994,0.060425439,0.062053884,0.056273829,0.055052191,0.051607871,0.050145555,0.05313826,0.051933436,0.04538589,0.047000001,0.04600512,0.040565156,0.036762294,0.038103759,0.03457084,0.025349711
CATCT,0.061542647,0.075106992,0.070991254,0.061266243,0.059814171,0.057904143,0.0580692,0.054186744,0.048172103,0.048196039,0.049848857,0.047237563,0.046149443,0.045670674,0.04750517,0.039440171,0.036807104,0.035658723,0.034194787,0.022237973
CATGA,0.063308385,0.076336113,0.070065691,0.062810343,0.058446191,0.05733054,0.058630287,0.053191205,0.047926988,0.046795368,0.050132544,0.044582205,0.046119404,0.046545046,0.048684147,0.039632286,0.037902512,0.035200102,0.034805023,0.021555621
CATGC,0.053966481,0.074650361,0.071784183,0.058632655,0.059756771,0.060614579,0.057522847,0.054767156,0.050027675,0.050001495,0.049652324,0.0499556,0.046321227,0.045893506,0.046889975,0.039212477,0.036919491,0.036514592,0.034138029,0.022778577
CATGG,0.057844436,0.073756668,0.071380238,0.058809571,0.059586213,0.059282764,0.05740312,0.056597531,0.049345743,0.048884536,0.049188634,0.048842277,0.046281117,0.046168577,0.047353033,0.039870664,0.036301052,0.036778672,0.033925167,0.022399986
CATGT,0.059461691,0.075838892,0.071196404,0.060980324,0.058782402,0.05910292,0.058084069,0.053037392,0.048877693,0.048397323,0.050022639,0.046851814,0.046343637,0.046243788,0.047562648,0.039086712,0.037786671,0.035871193,0.034488902,0.021982885
CATTA,0.069621354,0.07749431,0.069954869,0.066166364,0.05810744,0.055952161,0.058820672,0.048788544,0.046608226,0.045086636,0.051518186,0.041543262,0.046316702,0.045673245,0.049486471,0.039571141,0.039307758,0.033850311,0.034993292,0.021139054
CATTC,0.066412851,0.076236272,0.070125572,0.063265211,0.059073239,0.056562532,0.058435261,0.052981108,0.047277279,0.046452634,0.049685228,0.044280397,0.046496342,0.046030124,0.048820822,0.039361667,0.037638978,0.03488888,0.034392624,0.021582976
CATTG,0.069717694,0.076480888,0.069571107,0.064588589,0.058191811,0.056075602,0.058355098,0.052796556,0.047108791,0.045196803,0.050080555,0.042401882,0.046458543,0.046201921,0.0490074,0.039497606,0.037845467,0.034768944,0.034418215,0.021236528
CATTT,0.072598534,0.077342,0.069914262,0.066637784,0.058109817,0.055264067,0.059124326,0.049312759,0.046357831,0.044769611,0.050894262,0.041043191,0.045936851,0.045902843,0.049330988,0.038979452,0.038721082,0.033730614,0.034934263,0.021095462
CCCAA,0.064918012,0.07370543,0.070817656,0.059379473,0.060675937,0.057986384,0.057025611,0.056433737,0.047817345,0.048141473,0.049084206,0.048934412,0.045789627,0.044914241,0.047045364,0.039274623,0.035410631,0.036452787,0.033466819,0.022726232
CCCAC,0.055321858,0.071874373,0.072232545,0.056613225,0.062097825,0.061503687,0.056320301,0.058061582,0.049996631,0.049712783,0.048781913,0.052847268,0.045514494,0.04432967,0.04537085,0.039880322,0.035028114,0.03842989,0.032682809,0.023399859
CCCAG,0.050596355,0.070607914,0.073587776,0.053853626,0.063623848,0.062461556,0.055707507,0.060235693,0.049927911,0.051495354,0.047729312,0.056728419,0.045976459,0.043301341,0.044970457,0.039938719,0.034112069,0.038778201,0.032461904,0.02390558
