,X,1,2,3,4,5,6,7,8,9,10,11,12,13,14,15,16,17,18,19,20,21,22
AACAA,0.043001537,0.101013845,0.084906607,0.06496174,0.052267445,0.053008718,0.058406109,0.048298548,0.036692997,0.038461241,0.044870161,0.050213502,0.058475604,0.025195549,0.034500066,0.036631225,0.029110396,0.04500915,0.0194198,0.032083208,0.019728663,0.010424147,0.013319743
AACAC,0.038107767,0.100984505,0.077919277,0.060946548,0.044070867,0.049085047,0.054368806,0.047963596,0.033740578,0.040835912,0.043218996,0.055501041,0.052966993,0.020423348,0.033276901,0.035012994,0.037449993,0.053268922,0.017587371,0.049753604,0.024078847,0.011160594,0.018277494
AACAG,0.040416593,0.10486143,0.077655781,0.063131509,0.044462489,0.049581642,0.053895852,0.047131509,0.033454545,0.040014122,0.042315975,0.05513857,0.056882613,0.021034422,0.033595763,0.03584113,0.035805825,0.052589585,0.017440424,0.043099735,0.023456311,0.010767873,0.017426302
AACAT,0.043015609,0.10012285,0.083836176,0.06427952,0.050982801,0.051786747,0.056267163,0.04680951,0.037306692,0.039041046,0.04389182,0.053060413,0.05587874,0.023404755,0.034425134,0.035445874,0.030224743,0.046159127,0.018572048,0.03978176,0.021128415,0.010117069,0.014461989
AACCA,0.043051182,0.105823189,0.076749542,0.061127039,0.043605771,0.046735912,0.054800959,0.044865348,0.033275368,0.040447431,0.042355595,0.057150914,0.055656343,0.019908822,0.034431546,0.034111952,0.036161113,0.053973774,0.016346289,0.048352681,0.023621751,0.010227006,0.017220473
AACCC,0.036319233,0.103341996,0.066186938,0.058429432,0.034412506,0.041190529,0.0498361,0.044155098,0.02839195,0.041308067,0.038774471,0.060192501,0.05332306,0.015945985,0.031317339,0.034099071,0.044977864,0.06255632,0.013177313,0.083099346,0.026511342,0.009951548,0.022501992
AACCG,0.039859659,0.096647014,0.066517163,0.055195862,0.031938366,0.043078815,0.052049047,0.046551163,0.031757514,0.041559663,0.040908598,0.05620863,0.053749051,0.019025572,0.032119217,0.03367454,0.046949036,0.064600137,0.014431946,0.073027815,0.026006438,0.009983,0.024161754
AACCT,0.038394699,0.102704296,0.075651175,0.063262838,0.040681308,0.044726064,0.05406559,0.045142735,0.033425136,0.041382534,0.041626439,0.055610321,0.054604213,0.018069289,0.031880405,0.034807264,0.039207716,0.057541235,0.015803006,0.059268895,0.022591693,0.009867986,0.019685159
AACGA,0.044592392,0.098477756,0.074031693,0.056208606,0.042615902,0.051978224,0.055307049,0.044696418,0.034085787,0.039529803,0.040049932,0.051666147,0.052359652,0.020527758,0.033773709,0.033149554,0.040570061,0.055411075,0.015499844,0.056347307,0.025625022,0.011893616,0.021602691
AACGC,0.036659094,0.091801764,0.064654011,0.052023567,0.033925064,0.048827448,0.050983865,0.048326851,0.033617005,0.041626555,0.041434017,0.054757596,0.050483269,0.017713428,0.032846856,0.031961184,0.047980284,0.061804459,0.017174323,0.076360276,0.028264469,0.012206862,0.024567754
AACGG,0.036303845,0.097776186,0.063816625,0.051281216,0.037671344,0.045453065,0.050467229,0.047927588,0.03138736,0.041415687,0.03861557,0.055090678,0.051476573,0.018233321,0.033210693,0.032592062,0.051346335,0.064239898,0.014749455,0.073226321,0.029889623,0.011363266,0.022466057
AACGT,0.041556415,0.094239772,0.075547866,0.054515232,0.040131624,0.050139087,0.050749712,0.04932492,0.033346903,0.038978221,0.043523984,0.052106656,0.051631725,0.022355655,0.032838049,0.032091729,0.041081484,0.057127349,0.015842323,0.062555126,0.026697876,0.012212497,0.021405794
AACTA,0.043760571,0.103229067,0.088784774,0.061645833,0.054297323,0.053383619,0.05880752,0.047862517,0.036295418,0.037189681,0.044207702,0.050739711,0.05843815,0.026497405,0.035265071,0.035828846,0.026866774,0.045529656,0.018682323,0.030852077,0.019012811,0.009623049,0.013200101
AACTC,0.041978092,0.106739913,0.072640921,0.059454372,0.040785284,0.048182883,0.055832175,0.046092733,0.030958295,0.038574758,0.040588306,0.054573708,0.056051039,0.018964555,0.033628435,0.035795187,0.039023429,0.054059378,0.016020836,0.057003097,0.023943708,0.010385091,0.018723805
AACTG,0.041660724,0.105435357,0.077490961,0.06265887,0.043648963,0.049655624,0.055460944,0.048606975,0.033372203,0.039873827,0.041828508,0.054714306,0.05737368,0.020419292,0.033951057,0.035872182,0.034915814,0.054101895,0.016820329,0.043380509,0.02178673,0.010394208,0.016577042
AACTT,0.042134425,0.100601144,0.083399725,0.064007388,0.051106323,0.052645397,0.057742449,0.047113783,0.036430796,0.039101543,0.044316289,0.050581227,0.056646991,0.024389802,0.03451148,0.035326284,0.030030057,0.046579634,0.018767654,0.038087564,0.020406316,0.011289563,0.014784167
AATAA,0.044257594,0.099065125,0.095303276,0.065068812,0.062247425,0.059137382,0.060031287,0.048643313,0.041426895,0.03694806,0.045309794,0.046929996,0.058392461,0.028716688,0.035048513,0.037050487,0.022245191,0.036519731,0.021099875,0.021463024,0.015904054,0.010298527,0.008892489
AATAC,0.04472724,0.097783826,0.090561072,0.064017825,0.056989472,0.054252901,0.059501735,0.048989114,0.03949336,0.038282091,0.044039359,0.049258284,0.057542768,0.025391793,0.037055868,0.037085776,0.025571241,0.042529011,0.019440124,0.02932468,0.018228855,0.009570523,0.010363082
AATAG,0.045364457,0.102366473,0.089238223,0.067453797,0.054427185,0.055155591,0.060728745,0.046482476,0.03943557,0.037504447,0.044619111,0.052885674,0.057882879,0.025477275,0.035539444,0.035979876,0.024545593,0.041078719,0.019565328,0.025612793,0.017261532,0.010400962,0.010993851
AATAT,0.04480689,0.100388963,0.096347,0.06580885,0.06145206,0.05775539,0.061411437,0.048534027,0.0395564,0.036144089,0.047091919,0.047498147,0.060101354,0.028953863,0.035443347,0.036001909,0.021062894,0.037474484,0.021032427,0.021042583,0.015690536,0.008703423,0.007698011
AATCA,0.047675097,0.102995599,0.085764275,0.064408038,0.052457452,0.054938763,0.058777371,0.046137532,0.036943958,0.038704204,0.044228832,0.050591167,0.057377658,0.024028418,0.033762791,0.036201686,0.02817454,0.043889507,0.018599226,0.032023753,0.020083771,0.010306983,0.011929378
AATCC,0.043287448,0.103262187,0.077708177,0.062207366,0.046196242,0.050610464,0.057308345,0.046987229,0.034012477,0.038732889,0.043733973,0.054858834,0.055471212,0.021611829,0.033119426,0.034624855,0.03351492,0.052090377,0.016738323,0.046451399,0.021969049,0.010091474,0.015411505
AATCG,0.045491225,0.098446641,0.079685294,0.059158765,0.042414767,0.050887634,0.051593706,0.04624773,0.035354045,0.039136575,0.044432116,0.049525923,0.057746621,0.019820456,0.030310672,0.035404479,0.037371394,0.054871898,0.017097034,0.04962679,0.025771636,0.011549324,0.018055275
AATCT,0.043791678,0.104420716,0.084747699,0.062332509,0.049369508,0.053347737,0.059185242,0.045443214,0.036728504,0.039782288,0.044331803,0.052527162,0.057824542,0.023079959,0.035710576,0.036790826,0.027307477,0.046471529,0.01809419,0.034339489,0.019641856,0.010812888,0.013918607
AATGA,0.044779544,0.100279279,0.082327903,0.065729408,0.050808168,0.054534522,0.057485542,0.045934635,0.035238178,0.039478785,0.043743127,0.053545575,0.057699154,0.023410366,0.034510313,0.035333117,0.030467495,0.046290656,0.018995704,0.036337888,0.020823279,0.00911414,0.013133223
AATGC,0.043759737,0.10024811,0.078772142,0.064035543,0.04637932,0.049102764,0.056199873,0.044936818,0.035566326,0.039582251,0.043563557,0.054745831,0.057503895,0.021337488,0.034308465,0.034643125,0.033546824,0.049391264,0.018302464,0.045202239,0.02275691,0.010409094,0.01570596
AATGG,0.043194315,0.107369248,0.079008421,0.062594764,0.045304251,0.04984381,0.055680386,0.04471968,0.033877715,0.039330666,0.043303922,0.057059608,0.057461501,0.020112895,0.033768108,0.036097258,0.0331196,0.051378309,0.016568934,0.042408798,0.022542518,0.009490144,0.015765149
AATGT,0.041700773,0.097844475,0.082646658,0.062683038,0.051869031,0.052523874,0.05579809,0.04834925,0.037107776,0.038044566,0.044465666,0.048312869,0.055552524,0.022901319,0.032996817,0.034624829,0.029122328,0.043292406,0.017989995,0.063165075,0.018417462,0.008867667,0.011723511
AATTA,0.045096228,0.099302805,0.09730359,0.06623983,0.06332958,0.0585593,0.062443851,0.048145664,0.042211284,0.035201377,0.046652579,0.045564399,0.05960952,0.028406575,0.036175678,0.033961357,0.019966848,0.035530362,0.021637079,0.02024522,0.015829232,0.010540168,0.008047475
AATTC,0.043213216,0.100990346,0.086051931,0.061875832,0.052242843,0.053740846,0.058266062,0.049236435,0.035671188,0.037481275,0.044784038,0.049860603,0.057725117,0.024841877,0.034298019,0.032904045,0.025590879,0.042682673,0.019161951,0.049766977,0.019317993,0.009216877,0.011078978
AATTG,0.045955247,0.102262518,0.088510497,0.063908891,0.056196702,0.055325971,0.060329219,0.048857684,0.039348748,0.037496717,0.045139801,0.049161749,0.06095117,0.02538941,0.033267453,0.035340622,0.024587785,0.041076389,0.021547137,0.026467458,0.017995107,0.009799179,0.011084544
AATTT,0.043583103,0.099246348,0.097114102,0.063796793,0.061059765,0.058361505,0.060059548,0.050026362,0.038868902,0.036542815,0.046521726,0.045893682,0.059214403,0.02822318,0.035651149,0.035527091,0.02308253,0.036201656,0.021376733,0.023966442,0.016817604,0.010196012,0.008668548
ACCAA,0.042768869,0.103748577,0.076595665,0.06189445,0.043982303,0.047370583,0.055033883,0.045382418,0.0334721,0.040257995,0.043524931,0.055743275,0.055957959,0.020404353,0.033546773,0.034088151,0.036888383,0.055183228,0.015933317,0.046371833,0.023008569,0.009875483,0.018966901
ACCAC,0.037260547,0.106189791,0.066406188,0.059113846,0.032633627,0.043081766,0.049219356,0.045343816,0.031265324,0.040708987,0.037893288,0.061921635,0.053403357,0.015003876,0.031178322,0.033622285,0.047526773,0.06359049,0.012465002,0.069767626,0.027192053,0.010938513,0.024273534
ACCAG,0.036827767,0.104193665,0.066663211,0.057822013,0.031897431,0.042270719,0.049585587,0.044816524,0.030831879,0.041072694,0.036989039,0.061358492,0.051797326,0.014324469,0.032064463,0.033873021,0.048145652,0.065839568,0.012429515,0.074081754,0.028355192,0.01012562,0.024634401
ACCAT,0.041212499,0.107962213,0.073384106,0.060945802,0.04021215,0.046648358,0.05376405,0.044996839,0.031312817,0.040599077,0.038570067,0.058463803,0.054783273,0.018270528,0.032294291,0.034898974,0.038956994,0.055226824,0.015665846,0.056972717,0.024980418,0.010060115,0.019818238
ACCCA,0.036654421,0.108122324,0.063808279,0.059288115,0.029808427,0.040270552,0.047938394,0.043574381,0.029241352,0.041552635,0.037928286,0.063758968,0.052655802,0.013938542,0.03136172,0.033983415,0.047847991,0.06526295,0.012007199,0.077911191,0.029126293,0.00941016,0.0245486
ACCCC,0.031104495,0.106562461,0.054004879,0.051804987,0.023479304,0.034205847,0.045875202,0.043667039,0.027564818,0.042219741,0.034371253,0.066501261,0.051705744,0.010494976,0.029078278,0.03185709,0.056370177,0.073539263,0.009155192,0.105669272,0.030451143,0.009841624,0.030475954
ACCCG,0.032669492,0.102987288,0.055169492,0.049512712,0.027033898,0.038029661,0.042478814,0.044936441,0.028792373,0.045487288,0.03559322,0.061631356,0.047394068,0.013665254,0.028898305,0.030042373,0.055741525,0.072033898,0.012161017,0.103008475,0.030677966,0.011631356,0.030423729
ACCCT,0.036623934,0.11018361,0.059332377,0.056401393,0.028552593,0.037639534,0.049702002,0.043831125,0.028267512,0.042690803,0.03578651,0.062432627,0.052811161,0.011634848,0.029782003,0.032267548,0.049532735,0.069951625,0.010931055,0.089239102,0.028490232,0.008677137,0.025238532
ACCGA,0.036371368,0.10182849,0.062253721,0.053777463,0.032714387,0.045641389,0.049893692,0.046151665,0.031438696,0.041559178,0.03719348,0.057462792,0.050630758,0.016413891,0.032714387,0.030956768,0.049213324,0.067498228,0.014117647,0.076938342,0.028093551,0.011254429,0.025882353
ACCGC,0.032186623,0.095273249,0.055957478,0.048680686,0.026512835,0.042479593,0.045601232,0.04558014,0.031406214,0.042732699,0.036573791,0.062411677,0.048069014,0.013709899,0.028748603,0.030056316,0.058319799,0.06949864,0.012423277,0.098099597,0.032798296,0.01107338,0.031806965
ACCGG,0.033764809,0.100285213,0.058293111,0.049319877,0.026458973,0.036792453,0.048179026,0.044515138,0.032580079,0.043045195,0.036682756,0.060377358,0.047937692,0.014392277,0.030210619,0.030386134,0.055770075,0.068780167,0.011605968,0.098069329,0.03093462,0.011013602,0.030605529
ACCGT,0.035335394,0.098794308,0.059254309,0.05371314,0.032021831,0.043911675,0.048199816,0.046529112,0.032077521,0.042046056,0.037284549,0.060507337,0.047475844,0.015509704,0.031158633,0.031464929,0.054158661,0.063208309,0.013337789,0.083340295,0.030657422,0.011834155,0.028179211
ACCTA,0.042129599,0.107694099,0.077839132,0.062038454,0.043194066,0.049298117,0.052757634,0.045223205,0.033630497,0.040516266,0.042528774,0.05570155,0.057547735,0.020840263,0.034279156,0.035493314,0.035593108,0.053855366,0.016183221,0.045672277,0.023035726,0.008532366,0.016416073
ACCTC,0.034938033,0.106819973,0.064023211,0.058134537,0.031126872,0.041249373,0.048886023,0.043599112,0.028805788,0.04191561,0.038383838,0.061702128,0.052790314,0.014048284,0.032609786,0.034286124,0.048105165,0.066781288,0.012945053,0.07477613,0.027802851,0.010151157,0.02611935
ACCTG,0.034078377,0.105266741,0.064026867,0.057999955,0.029966643,0.040727042,0.048723593,0.043518119,0.030474937,0.043009826,0.037522975,0.063241735,0.052367878,0.01433207,0.03202251,0.033002791,0.050407316,0.067825456,0.012171821,0.072853934,0.028618757,0.010578865,0.027261794
ACCTT,0.038360618,0.103580227,0.073681832,0.0598551,0.038593857,0.046101255,0.051538652,0.045212029,0.03258065,0.041480197,0.041101182,0.057566437,0.055532879,0.017901136,0.033717693,0.033980087,0.038681322,0.056925028,0.01580198,0.063375559,0.024650505,0.00974504,0.020036735
ACTAA,0.044321573,0.101237493,0.090376514,0.063235036,0.056652624,0.052769001,0.061655257,0.04651571,0.037541689,0.036620151,0.044189925,0.05002633,0.060887309,0.026812357,0.036839565,0.036488503,0.026176058,0.04076707,0.020186063,0.03133228,0.017158153,0.008974021,0.009237318
ACTAC,0.04268304,0.105616481,0.075083683,0.060695726,0.042017273,0.047324913,0.052059253,0.044976236,0.031734877,0.039927505,0.039668596,0.059068297,0.053816137,0.019510662,0.035193165,0.033917112,0.037116491,0.055536035,0.015405101,0.054500398,0.02407856,0.009061824,0.021008636
ACTAG,0.046067119,0.110044335,0.079743974,0.061716433,0.045773511,0.052732024,0.055198332,0.043776975,0.031650959,0.038814998,0.042808068,0.054934085,0.055345136,0.022049972,0.037552482,0.035702751,0.030006753,0.052350333,0.016823747,0.040018791,0.022960157,0.008044863,0.015884201
ACTAT,0.045308988,0.105614893,0.088032301,0.068321499,0.052031744,0.053046124,0.05881417,0.047795215,0.034727609,0.036139786,0.043896812,0.054000835,0.057063866,0.023808103,0.034707719,0.035940887,0.025995982,0.042763092,0.017980389,0.033136424,0.018000278,0.010183583,0.012689699
ACTCA,0.039748829,0.109000009,0.068918446,0.05910708,0.035636587,0.043178541,0.051957581,0.044108488,0.030338449,0.040346043,0.039245463,0.059132675,0.054977775,0.015604337,0.032846746,0.034399502,0.04117361,0.057980906,0.01414543,0.071512059,0.0257655,0.009606607,0.021269335
ACTCC,0.037593498,0.107279233,0.064138243,0.05483695,0.032887377,0.041301072,0.051748847,0.046959513,0.029623603,0.041319563,0.038619784,0.059663267,0.054994129,0.01468236,0.032582265,0.034237266,0.045850014,0.065330954,0.013424929,0.070832216,0.027755947,0.010974787,0.023364184
ACTCG,0.034864785,0.101764596,0.060919939,0.052270482,0.030833712,0.044875731,0.04719827,0.045916869,0.030860407,0.043113804,0.035852532,0.058196962,0.04874663,0.015510291,0.032835901,0.03000614,0.051336127,0.066552764,0.013801757,0.08596065,0.029792573,0.010197816,0.02859126
ACTCT,0.041108193,0.106416627,0.074250515,0.061296211,0.040649375,0.047316887,0.055975868,0.044427307,0.030887277,0.038726241,0.040668899,0.057088747,0.055975868,0.018020832,0.034587112,0.036090475,0.037388834,0.056659215,0.015658405,0.054804416,0.024044047,0.009703525,0.018255123
ACTGA,0.043077462,0.106563267,0.07681388,0.061926043,0.042744479,0.048711882,0.05563442,0.046416053,0.032422012,0.039861549,0.040045566,0.055520505,0.054232387,0.018725903,0.033666316,0.0356204,0.036636873,0.054775675,0.016018226,0.050403084,0.022090782,0.010690501,0.017402734
ACTGC,0.037611547,0.104966245,0.068728176,0.061604718,0.035873361,0.043803833,0.050042679,0.04454877,0.030728641,0.042857143,0.038620315,0.061115853,0.053309537,0.016179095,0.03397998,0.034453325,0.045875689,0.059750136,0.013533018,0.062116862,0.026584931,0.010211841,0.023504307
ACTGG,0.037418655,0.107553749,0.067588347,0.05856833,0.034645377,0.043878195,0.051429199,0.045010846,0.029799006,0.039944809,0.038434608,0.061327878,0.055115462,0.015005904,0.031851506,0.034274692,0.04320547,0.061039567,0.013880118,0.072839727,0.025652819,0.009287734,0.022248002
ACTGT,0.038949173,0.108137036,0.077289221,0.064106023,0.043012905,0.04831229,0.051810406,0.045083929,0.032675189,0.040811354,0.0410376,0.058241022,0.056222209,0.019692131,0.034450352,0.036129796,0.034528668,0.052628373,0.016446367,0.048564641,0.02339909,0.010424734,0.018047494
ACTTA,0.043331095,0.101845888,0.08614145,0.064160717,0.052142573,0.053184054,0.059556274,0.050470722,0.038411467,0.039439245,0.044865909,0.047140723,0.057774793,0.02489962,0.03412221,0.037342579,0.028284434,0.044112206,0.019774437,0.030874433,0.019582585,0.010661478,0.011881107
ACTTC,0.039238907,0.10412127,0.074664456,0.061305858,0.040565293,0.046526133,0.053781778,0.045641876,0.033270172,0.039562609,0.041907469,0.056797726,0.054081794,0.01941418,0.032938576,0.035220275,0.04017843,0.054784462,0.015379757,0.054958156,0.024727617,0.010287384,0.020645823
ACTTG,0.04080038,0.104874285,0.076249728,0.060889003,0.041631224,0.046200866,0.055053312,0.045587624,0.032808451,0.039484877,0.04129493,0.055992958,0.055399498,0.020187533,0.034717414,0.035488912,0.038357303,0.055241242,0.01669601,0.048515361,0.024717612,0.010326205,0.019485272
ACTTT,0.043615201,0.102127026,0.085725859,0.064885465,0.051749651,0.053394727,0.05759422,0.04676482,0.036910893,0.038803971,0.044036803,0.050294708,0.057602487,0.023998281,0.035034348,0.035794886,0.02928898,0.045524813,0.018054511,0.035009548,0.020319591,0.01030033,0.013168881
AGCAA,0.042185806,0.106901546,0.076697328,0.063661664,0.045006787,0.048419265,0.055312469,0.046091197,0.033434697,0.040434067,0.042185806,0.055001555,0.056123881,0.019989535,0.033889694,0.03545185,0.034557022,0.054910555,0.016364726,0.041791475,0.023659844,0.010904762,0.017024471
AGCAC,0.03429344,0.103746807,0.066211512,0.057860376,0.032806968,0.042099287,0.04847095,0.046723038,0.031350374,0.043496123,0.037049763,0.06292484,0.050876197,0.016097226,0.032455891,0.03531679,0.049449482,0.06317134,0.013273675,0.067660636,0.028130929,0.010009412,0.026524941
AGCAG,0.034361078,0.107426898,0.064366959,0.057939873,0.031205194,0.040692065,0.048645199,0.043571184,0.030693948,0.042667856,0.037024936,0.063013888,0.05300424,0.014341781,0.032800434,0.033892116,0.048695171,0.068791346,0.012350614,0.066619514,0.029052581,0.011804773,0.027038351
AGCAT,0.041657922,0.105456453,0.073548444,0.063247639,0.040888423,0.046703393,0.052973068,0.043948933,0.034146555,0.039742917,0.041675411,0.058726828,0.05581497,0.018931445,0.034059112,0.035344526,0.037548094,0.053856243,0.01630815,0.050577125,0.024213012,0.010458202,0.020173137
AGCCA,0.037181487,0.110011484,0.065571373,0.059520714,0.031147079,0.042798795,0.049840744,0.043432571,0.02984161,0.041617915,0.038806552,0.064525914,0.053838404,0.013970142,0.031531678,0.035469752,0.046368521,0.063897556,0.012475082,0.064813009,0.028167793,0.010476252,0.024695571
AGCCC,0.031636048,0.106629757,0.055744764,0.053121942,0.022369488,0.036769846,0.045354137,0.043128373,0.029002041,0.043201074,0.034946733,0.066465341,0.050292201,0.010983419,0.031289321,0.032799262,0.056784945,0.074495987,0.009965607,0.092777452,0.031317283,0.010765316,0.030159662
AGCCG,0.027672455,0.101589913,0.054522319,0.048918422,0.0248448,0.038828837,0.043892909,0.04528103,0.031772554,0.043815791,0.034445973,0.062028456,0.04791589,0.013752683,0.029433312,0.030808581,0.058699536,0.07362184,0.011490559,0.098183875,0.034458825,0.012621621,0.031399817
AGCCT,0.036380662,0.108415775,0.060899866,0.056905701,0.029182247,0.041030966,0.049095739,0.042578944,0.029564464,0.041234815,0.037718421,0.063613604,0.051898662,0.013358475,0.031717618,0.035495194,0.050605495,0.067563177,0.011167099,0.075698023,0.029360615,0.010205187,0.026309252
AGCGA,0.035811103,0.096840331,0.063945144,0.053671094,0.031186641,0.045994031,0.048727703,0.04328314,0.032553477,0.041210105,0.038590336,0.059799075,0.048272091,0.01558193,0.031551131,0.033214115,0.049866733,0.066974964,0.013326651,0.081372303,0.030252637,0.011139713,0.026835547
AGCGC,0.0289086,0.098002314,0.054593135,0.047342846,0.025622831,0.04188199,0.042391053,0.046355573,0.032441188,0.041264944,0.034832241,0.061334362,0.043054377,0.01337447,0.030759738,0.030836868,0.061889703,0.072178943,0.011369071,0.104589279,0.032857694,0.011353644,0.032765137
AGCGG,0.028912279,0.101212662,0.056026563,0.048873957,0.024397606,0.038059741,0.043571841,0.044976114,0.030907134,0.041944459,0.034568744,0.063599139,0.046918473,0.011654155,0.029306,0.030565909,0.05848076,0.077733739,0.011037325,0.101540763,0.032980734,0.009528059,0.033203843
AGCGT,0.032362378,0.097971351,0.059166814,0.051916227,0.029558144,0.042821413,0.045575121,0.047090923,0.032210798,0.040017179,0.039663492,0.059823662,0.049339363,0.015385393,0.033347649,0.034206604,0.05434151,0.065179496,0.014374858,0.086021777,0.029103403,0.013389586,0.02713286
AGCTA,0.040912004,0.107794529,0.079395595,0.064437249,0.041839522,0.04738777,0.054858511,0.044133023,0.033424399,0.040389221,0.042008162,0.055178927,0.059411785,0.020287362,0.036004587,0.037960808,0.032901616,0.054571824,0.01654356,0.039630342,0.022462815,0.010303889,0.018162501
AGCTC,0.033449011,0.107068493,0.062063927,0.054593607,0.029643836,0.041114155,0.049582953,0.044316591,0.030130898,0.041704718,0.037990868,0.061315068,0.053284627,0.013595129,0.032797565,0.034764079,0.050733638,0.070678843,0.012797565,0.071427702,0.029284627,0.011135464,0.026526636
AGCTG,0.032326028,0.10828633,0.062920444,0.055990087,0.029124696,0.039150846,0.046819971,0.043294206,0.030766404,0.042715699,0.037661581,0.062326301,0.055169233,0.013489374,0.033205515,0.03522638,0.049876676,0.070898366,0.01219946,0.07021823,0.030402883,0.010823551,0.027107739
AGCTT,0.039363699,0.103710455,0.071583818,0.058987123,0.039176735,0.043850834,0.053814454,0.045961968,0.033061457,0.040789299,0.041404722,0.056174874,0.055855477,0.018174453,0.035281653,0.037096762,0.040477693,0.060459464,0.016071109,0.053588539,0.025022007,0.009800026,0.020293378
AGTAA,0.043559832,0.102525556,0.089536981,0.064582081,0.05517739,0.055117258,0.056957306,0.048598918,0.036295851,0.036055322,0.044185207,0.049320505,0.05884546,0.025003007,0.034732411,0.03575466,0.025520144,0.043644017,0.019362598,0.03232712,0.020096212,0.010547204,0.012254961
AGTAC,0.040620882,0.106340606,0.07487187,0.062088153,0.040503734,0.048264753,0.055073949,0.044193879,0.032596281,0.041323766,0.038702592,0.05861766,0.05422463,0.018787524,0.034397423,0.033665251,0.037897203,0.056596866,0.014936301,0.052028115,0.024923122,0.009152145,0.020193293
AGTAG,0.043556825,0.109117934,0.077219008,0.061160252,0.0411961,0.048511432,0.055331303,0.044853766,0.03198636,0.040569488,0.040554916,0.060635647,0.056016204,0.018900369,0.03659123,0.03462396,0.035090276,0.053203736,0.015067834,0.044606036,0.022630896,0.009544905,0.01903152
AGTAT,0.045437356,0.101928615,0.083282427,0.065101667,0.052142421,0.050906129,0.057349391,0.048666259,0.036652413,0.039037729,0.04251389,0.050324345,0.057669372,0.023518632,0.034499811,0.035357943,0.027038427,0.044666492,0.019518864,0.043561102,0.019300695,0.009788521,0.011737499
AGTCA,0.041233111,0.107594278,0.073604181,0.062081633,0.0404378,0.047150607,0.055217338,0.04397883,0.030808851,0.039509937,0.041839063,0.057413912,0.056022117,0.017487384,0.032702449,0.035325084,0.039292173,0.055217338,0.015546445,0.053816075,0.024777739,0.009865649,0.019078007
AGTCC,0.035090873,0.108565049,0.065016036,0.056292988,0.031978202,0.041240527,0.050039263,0.044239666,0.030436058,0.042347465,0.03759804,0.062073663,0.052499125,0.014636177,0.03262155,0.03374741,0.047484791,0.064060475,0.01316026,0.074410816,0.028657389,0.009697532,0.024106644
AGTCG,0.036439073,0.097170861,0.062114789,0.053125282,0.032320135,0.042602447,0.0492168,0.046090015,0.03114759,0.041941012,0.037461291,0.057755329,0.048765822,0.016415622,0.030967199,0.03171883,0.049757975,0.066113466,0.014461381,0.08460359,0.030726677,0.011965966,0.027118848
AGTCT,0.041723178,0.108614853,0.076364803,0.06167369,0.040170206,0.046640922,0.053722474,0.044383936,0.03090414,0.040625744,0.041215873,0.057201131,0.056383232,0.018656369,0.035293874,0.035521643,0.038172049,0.056693826,0.014929236,0.049943575,0.022942571,0.010508443,0.017714232
AGTGA,0.040473976,0.105843814,0.07313463,0.060719052,0.040498241,0.046483601,0.052849112,0.044421078,0.032353298,0.039074696,0.040635742,0.058785942,0.056407975,0.018166377,0.03403567,0.035321713,0.038888664,0.056796215,0.015739879,0.056691066,0.023197315,0.010207466,0.019274477
AGTGC,0.036149199,0.107316138,0.067379423,0.058979768,0.034394477,0.041422955,0.049477419,0.044520088,0.03146994,0.042640713,0.038076517,0.062268674,0.051126666,0.01538019,0.034039697,0.036225909,0.047109023,0.059698916,0.013798063,0.066343849,0.028535814,0.009646179,0.024000384
AGTGG,0.038812008,0.106934588,0.066996587,0.059309252,0.032417479,0.041474078,0.049786965,0.044129197,0.028928291,0.040848526,0.038679947,0.062047778,0.05396426,0.014387689,0.033063883,0.035246363,0.04537335,0.063688114,0.012351171,0.069554399,0.027850952,0.009272066,0.024883057
AGTGT,0.037671339,0.104713552,0.072603318,0.063025859,0.039195493,0.045951206,0.053427803,0.047248798,0.032686941,0.040266521,0.040390101,0.05543598,0.053468997,0.017847028,0.032666344,0.034406764,0.038289239,0.052861395,0.015993327,0.070399473,0.022646056,0.009742232,0.019062233
AGTTA,0.04322082,0.102673116,0.089126805,0.06499475,0.055424549,0.053875415,0.06081209,0.048419023,0.038315231,0.035888256,0.044580615,0.048746063,0.059090831,0.024200905,0.035044839,0.035991531,0.027677849,0.041981514,0.019587931,0.029794998,0.018021585,0.010843933,0.01168735
AGTTC,0.040217858,0.104884064,0.072681751,0.059088956,0.041002597,0.047345902,0.053044599,0.047317875,0.031567048,0.040442069,0.040451412,0.054987762,0.055202631,0.019870705,0.033089815,0.036340876,0.038171933,0.058070664,0.015208983,0.057463426,0.023785056,0.01009884,0.019665178
AGTTG,0.043741617,0.1060983,0.076742526,0.061837494,0.042941202,0.048522477,0.05592091,0.04733267,0.031551508,0.039598927,0.04064812,0.055823562,0.056158872,0.020280794,0.034298879,0.035391338,0.033736425,0.054406611,0.016776273,0.047895124,0.022389997,0.010124173,0.0177822
AGTTT,0.042316472,0.102380247,0.083404485,0.063740438,0.050610744,0.053886633,0.058643643,0.046890519,0.036435554,0.038735646,0.045156737,0.050558469,0.058181882,0.024586593,0.034754047,0.035407482,0.031277771,0.045261287,0.019115161,0.033412326,0.020561432,0.011186813,0.013495618
ATCAA,0.044683456,0.100676227,0.082672652,0.062444134,0.048734989,0.051251409,0.055438965,0.046461467,0.034714935,0.039621468,0.04386732,0.05485601,0.056974078,0.022424313,0.03418056,0.036347208,0.031518402,0.050046636,0.019159768,0.037736582,0.02169562,0.009502157,0.014991644
ATCAC,0.042723883,0.10425911,0.07351916,0.06172334,0.040698897,0.047504177,0.054287327,0.046076728,0.033019442,0.039470627,0.041418154,0.056489361,0.056179527,0.01926503,0.033384603,0.034225581,0.038054243,0.054973387,0.015392106,0.055504531,0.024211307,0.009461,0.01815848
ATCAG,0.041514228,0.105326897,0.075025407,0.062186653,0.041980014,0.048704268,0.053370596,0.044901762,0.03263042,0.041429539,0.042420393,0.055733401,0.053861789,0.019486789,0.033621274,0.035916328,0.03699187,0.055072832,0.016192412,0.052532182,0.022975949,0.010382791,0.017742209
ATCAT,0.046885219,0.103598832,0.079474591,0.064405,0.046866796,0.051527684,0.056160939,0.044435029,0.034975084,0.0392491,0.041883515,0.055239815,0.05631753,0.021793797,0.034606634,0.03665153,0.032718329,0.049409099,0.01765795,0.040409716,0.021130588,0.009082284,0.015520942
ATCCA,0.04115563,0.106229347,0.073207931,0.060156647,0.041497204,0.04890061,0.055279296,0.045063866,0.032306495,0.039042641,0.039717844,0.057479664,0.056987163,0.018047789,0.034022306,0.034848437,0.037644573,0.057026881,0.016236655,0.051974771,0.0235924,0.009611718,0.019970132
ATCCC,0.037642973,0.109057322,0.063770713,0.058372602,0.032643083,0.042299949,0.052166987,0.044689277,0.029070153,0.039645141,0.039036747,0.062509679,0.054921351,0.014999668,0.030585607,0.033516958,0.04509856,0.064003009,0.011869206,0.072874494,0.027952921,0.00890467,0.02436893
ATCCG,0.037664731,0.101490954,0.062234755,0.054193656,0.031438463,0.04109895,0.047018092,0.043639714,0.030517087,0.041266473,0.038865312,0.060587447,0.051960018,0.014658253,0.031215099,0.031382622,0.049586777,0.069270717,0.013150547,0.077926067,0.033197454,0.010721465,0.026915345
ATCCT,0.04082815,0.109151331,0.070696911,0.059914546,0.037295718,0.046372217,0.051851911,0.044280116,0.031212533,0.040699405,0.039444145,0.060912317,0.054636015,0.017638018,0.033047145,0.034535755,0.039242981,0.059657056,0.014290657,0.058876542,0.025676513,0.009567337,0.020172679
ATCGA,0.038276249,0.097406454,0.068897248,0.058107305,0.038903187,0.045436547,0.049000198,0.046063486,0.032468818,0.041047977,0.041410942,0.056589454,0.053256781,0.017884247,0.031181944,0.034118656,0.04408368,0.062495875,0.016465386,0.063683759,0.02969709,0.011185904,0.022338811
ATCGC,0.035301503,0.098999298,0.066393412,0.051770614,0.034009084,0.044237657,0.050219711,0.045825487,0.02920867,0.041652819,0.038772571,0.059598981,0.051659835,0.016395259,0.028543998,0.031645803,0.0506259,0.064288616,0.01569366,0.076621986,0.030131827,0.01174255,0.026660758
ATCGG,0.038013358,0.102032116,0.062739804,0.053893705,0.031547534,0.04053574,0.04703709,0.045367344,0.031547534,0.040322581,0.040393634,0.060181896,0.050447634,0.016306665,0.031831746,0.032364644,0.049452892,0.067180617,0.014601393,0.078300412,0.030517266,0.010480318,0.024904078
ATCGT,0.04250933,0.094224276,0.068633375,0.057401813,0.037533321,0.050293229,0.04737871,0.046454594,0.032166341,0.036395948,0.040270126,0.05395415,0.050151057,0.019264262,0.031633197,0.032948285,0.047307624,0.06223565,0.017522659,0.066429714,0.028469877,0.012973165,0.023849298
ATCTA,0.044475158,0.103426891,0.084981218,0.065047133,0.05073003,0.054645971,0.058491034,0.043961301,0.037352045,0.037440641,0.04268552,0.05508895,0.056382451,0.023991778,0.035314338,0.03701538,0.02787228,0.048107591,0.018020413,0.03136296,0.019526543,0.01024169,0.013838685
ATCTC,0.04156563,0.109255136,0.069564512,0.058593926,0.037914777,0.045477901,0.053221314,0.043359505,0.031370287,0.040096274,0.040069231,0.058449695,0.057665438,0.017731423,0.034471257,0.034849864,0.038942425,0.060153426,0.014351005,0.05910775,0.02410464,0.009402072,0.020282513
ATCTG,0.041123912,0.105572681,0.075045812,0.06056366,0.040648039,0.047345768,0.054256573,0.044810148,0.032600821,0.039831243,0.041635297,0.058766709,0.055513729,0.019255082,0.033772746,0.035086722,0.03816924,0.055982499,0.01580323,0.050314644,0.024127449,0.010192196,0.0195818
ATCTT,0.043540029,0.104805229,0.081154492,0.062781556,0.046153167,0.050915702,0.054809646,0.046072196,0.03558284,0.040338015,0.04184701,0.054228131,0.055906428,0.020934546,0.035214793,0.036701705,0.032528045,0.048913524,0.017460177,0.043459058,0.021714807,0.010106587,0.014832318
ATTAA,0.043317148,0.097738308,0.095808842,0.068208536,0.062024022,0.061231791,0.062024022,0.04815998,0.040007667,0.03623818,0.047035523,0.046664963,0.058165091,0.028814209,0.035714286,0.034436494,0.02254025,0.035675952,0.021607462,0.019856887,0.01627907,0.010299003,0.008152313
ATTAC,0.043476775,0.098689718,0.088627706,0.064523293,0.05594752,0.055383774,0.060901652,0.046432171,0.038983891,0.037292653,0.044279686,0.049182568,0.058048755,0.025129405,0.035908912,0.035464749,0.025710235,0.042793447,0.019474862,0.034063925,0.017578625,0.010079095,0.012026581
ATTAG,0.04661435,0.103811659,0.092556054,0.063565022,0.05529148,0.054730942,0.06132287,0.045986547,0.038744395,0.035784753,0.044349776,0.050426009,0.061210762,0.027376682,0.037488789,0.034887892,0.025044843,0.041278027,0.021165919,0.022242152,0.017331839,0.009843049,0.008946188
ATTAT,0.048134197,0.099409564,0.094834665,0.066668405,0.062797336,0.058079064,0.061089895,0.047104519,0.040965551,0.035765025,0.04453684,0.046478892,0.057440402,0.027918616,0.036247279,0.036429754,0.020984581,0.036547059,0.020802106,0.022561683,0.01583619,0.009944867,0.009423511
ATTCA,0.044041547,0.100573322,0.083019992,0.062451137,0.050975392,0.053097427,0.056215331,0.047894717,0.036344514,0.039229738,0.042757157,0.050333197,0.056587618,0.023072484,0.033589591,0.03345929,0.027791221,0.043231823,0.017944231,0.057034362,0.01926585,0.009390939,0.011699118
ATTCC,0.043422006,0.105879309,0.078335576,0.061515371,0.044933237,0.049425525,0.056753959,0.046289204,0.033733568,0.039664631,0.043142532,0.055170272,0.057312908,0.020815651,0.033857779,0.036145327,0.031642687,0.050957458,0.016126695,0.048597454,0.022264776,0.009057033,0.014957044
ATTCG,0.043897075,0.103364856,0.073015175,0.057708379,0.040774137,0.051374533,0.055817022,0.044644821,0.035363976,0.038486914,0.040774137,0.051550473,0.057708379,0.020760941,0.034968111,0.032768859,0.037167363,0.052166263,0.017242138,0.061183198,0.022432373,0.008401144,0.018429734
ATTCT,0.042679115,0.102021601,0.083949836,0.063741742,0.05090794,0.052917672,0.057435613,0.047236618,0.035850773,0.038762511,0.043153855,0.051976105,0.056596906,0.022834988,0.034663924,0.035827036,0.028389445,0.046920125,0.018783875,0.043098469,0.01971753,0.009692606,0.012841714
ATTGA,0.04573387,0.104852384,0.083771271,0.063351572,0.048704227,0.054536709,0.055330407,0.045926282,0.034946786,0.038277915,0.04376165,0.05357465,0.058914076,0.021562143,0.033539775,0.036329746,0.028464915,0.048872587,0.019036739,0.036197463,0.021658349,0.009211713,0.013444772
ATTGC,0.046262152,0.106021076,0.080834876,0.064816569,0.045970645,0.049585331,0.057412293,0.043332507,0.035826204,0.03799793,0.042997274,0.056246265,0.05961317,0.02202335,0.033625326,0.03589908,0.030958038,0.048987742,0.016878252,0.038712122,0.021469487,0.009605154,0.014925156
ATTGG,0.045823005,0.107308903,0.080217056,0.061954847,0.044791318,0.04852951,0.05541636,0.046827896,0.034528036,0.037877671,0.041870436,0.0587124,0.059931667,0.019414484,0.0330274,0.034380653,0.032370872,0.05146379,0.016949153,0.041039727,0.021384069,0.008923427,0.017257319
ATTGT,0.045814846,0.103706566,0.082456753,0.064821277,0.053828705,0.054227529,0.056421058,0.046462934,0.035545142,0.039857421,0.045353707,0.05326786,0.058303006,0.023979261,0.032828157,0.035495289,0.029600179,0.043683633,0.018607608,0.034136796,0.019455107,0.009472057,0.012675108
ATTTA,0.042467984,0.09748561,0.097374057,0.065882825,0.061666146,0.058609611,0.061364955,0.050220874,0.040828165,0.035864085,0.046907769,0.044319754,0.057639106,0.029873723,0.035317478,0.037637767,0.021663469,0.03564098,0.02149614,0.023225202,0.015885056,0.010920976,0.007708268
ATTTC,0.043256071,0.09990219,0.087118713,0.063356307,0.051740479,0.054363897,0.059572823,0.04872279,0.037379918,0.039351273,0.045197098,0.048252697,0.057722782,0.024141513,0.034377393,0.035567788,0.028812107,0.043710999,0.019705965,0.035962059,0.019812115,0.009993252,0.011979771
ATTTG,0.044879278,0.099208776,0.088526322,0.062575277,0.05582115,0.05350492,0.057414716,0.047371542,0.037272778,0.038060296,0.045268405,0.051327663,0.057933552,0.024765134,0.03347416,0.035994219,0.027424167,0.041914503,0.019437805,0.037383957,0.019623103,0.010043175,0.010775103
ATTTT,0.042638183,0.096576354,0.093205896,0.065460683,0.061162129,0.057987061,0.061514915,0.049042595,0.040754852,0.037194434,0.047957101,0.046703356,0.058486388,0.028662455,0.036228344,0.035213408,0.023023316,0.037666623,0.021177978,0.022334028,0.017270201,0.010583561,0.009156137
CACAA,0.04002024,0.101854368,0.075673954,0.062030903,0.045305048,0.047806898,0.05488142,0.045764189,0.033339268,0.040498121,0.043702739,0.058357774,0.055780962,0.019958584,0.032486577,0.034229439,0.036918695,0.052501382,0.016407268,0.050271268,0.02392219,0.00990433,0.018384385
CACAC,0.032593981,0.100080904,0.063065228,0.059092111,0.031881063,0.041349258,0.047276893,0.045578705,0.031921114,0.041942021,0.039082338,0.060181514,0.050913577,0.015083427,0.02955006,0.033403023,0.048494461,0.062160062,0.013273096,0.087480675,0.029181586,0.011494805,0.024920097
CACAG,0.033934124,0.10764646,0.064052615,0.059410409,0.031726954,0.040899668,0.048343282,0.045358687,0.029908496,0.043178325,0.037499553,0.064472602,0.05114469,0.014570004,0.033214784,0.035028774,0.047606069,0.063042857,0.013403867,0.070245201,0.028465347,0.011223505,0.025623727
CACAT,0.038588764,0.100419576,0.072024234,0.062692596,0.040651822,0.047093438,0.050984523,0.04583123,0.032260311,0.039807448,0.039946726,0.057164992,0.053456711,0.017749264,0.031398527,0.03505458,0.037935897,0.051637389,0.01579937,0.077534428,0.023947144,0.009279409,0.018741622
CACCA,0.036153054,0.106106091,0.063458566,0.058405659,0.031258669,0.042489002,0.048815044,0.045713946,0.03019855,0.040408394,0.037718464,0.062220109,0.052173741,0.014405739,0.030391749,0.0337554,0.049459042,0.066222803,0.012181469,0.074951452,0.028043633,0.010120675,0.02534875
CACCC,0.032418445,0.107750609,0.053678272,0.054249667,0.022836089,0.034119494,0.044634472,0.044089348,0.027394111,0.042742958,0.033718861,0.066754675,0.051300744,0.010101209,0.029082025,0.031420146,0.057014692,0.075791907,0.009477272,0.100243664,0.031157436,0.009437866,0.030586041
CACCG,0.030858715,0.097991462,0.055213318,0.04713332,0.026259993,0.040457293,0.046173462,0.047663391,0.032420274,0.042305378,0.035170912,0.0613736,0.046502966,0.012621415,0.030557864,0.028996304,0.060055586,0.067591186,0.012492479,0.100684794,0.031976161,0.012420848,0.033079281
CACCT,0.034249144,0.105821516,0.060662581,0.0564388,0.02697595,0.039928551,0.046076719,0.043792127,0.028855928,0.04289408,0.036094581,0.065044261,0.05263937,0.012646673,0.032142187,0.032028698,0.051672242,0.06910521,0.011640071,0.082477228,0.030148721,0.010485439,0.028179925
CACGA,0.036943436,0.095850756,0.061710242,0.054725911,0.031107844,0.043560171,0.042962827,0.046454992,0.03147544,0.041676239,0.038804393,0.055713826,0.046707715,0.015622846,0.031452465,0.031774112,0.055070533,0.064582089,0.013876763,0.08629325,0.031544364,0.012980747,0.029109038
CACGC,0.028822124,0.093507725,0.05343038,0.04949014,0.026304748,0.040460424,0.040569875,0.045732319,0.033291377,0.042083949,0.036301282,0.06121965,0.042996042,0.012477426,0.02947883,0.030445648,0.064539667,0.069373757,0.011291705,0.108447801,0.033838633,0.014356336,0.031540159
CACGG,0.03050563,0.095580813,0.055583959,0.051638023,0.026231958,0.038240191,0.041478219,0.045017763,0.029469986,0.045057092,0.035565868,0.062295985,0.045135748,0.013542035,0.029968144,0.030177895,0.062322203,0.070004326,0.0125195,0.100562394,0.033179953,0.013227409,0.032694904
CACGT,0.031251164,0.096602972,0.06246508,0.049726226,0.031102172,0.039892725,0.044399747,0.04492122,0.033541923,0.04138265,0.037918576,0.059243118,0.046504265,0.016575409,0.031586397,0.029183894,0.057082728,0.067828808,0.011900771,0.092449808,0.030748315,0.01350244,0.030189593
CACTA,0.047555607,0.105672691,0.077869169,0.0649135,0.045953043,0.048656163,0.054950572,0.045798579,0.032669138,0.03776645,0.041454279,0.057074452,0.053927247,0.020466481,0.035121254,0.036299042,0.033267686,0.051533055,0.016894501,0.047536299,0.020543713,0.008109361,0.015967717
CACTC,0.035295749,0.105722557,0.06347514,0.05682685,0.030675751,0.039569031,0.049779835,0.044761112,0.029982317,0.041042577,0.03770543,0.06185424,0.052328202,0.01346994,0.032313987,0.034688995,0.04685008,0.065668123,0.012837182,0.082033146,0.028508772,0.009413356,0.025197628
