,X,Y,1,2,3,4,5,6,7,8,9,10,11,12,13,14,15,16,17,18,19,20
B:ACA,0.019365948,0,0.144334616,0.067143277,0.07527327,0.041118582,0.043374492,0.037685677,0.086062403,0.024226506,0.04951013,0.079479942,0.042110311,0.042110311,0.034536122,0.027027322,0.012739895,0.02345274,0.056059896,0.017458778,0.021338506,0.055591277
B:ACC,0.0184069,0,0.140394958,0.057959149,0.074446311,0.041062631,0.037265503,0.035613963,0.095958669,0.029106616,0.047231201,0.086769335,0.039001736,0.045509083,0.030010022,0.028414946,0.014398035,0.027864433,0.039425208,0.014115721,0.027186878,0.069858702
B:ACG,0.016353725,0,0.127671541,0.064376568,0.076576966,0.041576534,0.036428139,0.038418275,0.097084018,0.025785238,0.040927576,0.078740157,0.042355283,0.053344294,0.035000433,0.033702518,0.017608376,0.02976551,0.042917712,0.015748031,0.021242537,0.064376568
B:ACT,0.020817918,0,0.136945757,0.068330582,0.078903182,0.042831123,0.043129945,0.038234959,0.078874723,0.024247254,0.049803631,0.079785417,0.042347316,0.038690307,0.036214355,0.027150094,0.015353748,0.023692299,0.057160339,0.018370425,0.023550003,0.055566623
B:ATA,0.027565647,0,0.133948626,0.083289092,0.082839874,0.04461551,0.04992445,0.040388778,0.070731409,0.02201168,0.050822886,0.068648671,0.03769347,0.02382897,0.040511292,0.023093887,0.013272349,0.01996978,0.092600155,0.018234165,0.015600114,0.040409197
B:ATC,0.024094615,0,0.138525674,0.069327114,0.078399324,0.047454639,0.042734886,0.037188717,0.079482847,0.024737383,0.048207596,0.077774921,0.039833248,0.036380666,0.033919783,0.027161537,0.01595901,0.026335121,0.057849115,0.015279512,0.022882539,0.056471755
B:ATG,0.022527443,0,0.138209273,0.06640817,0.079160068,0.044126481,0.04325269,0.037450167,0.084020534,0.02424772,0.050529736,0.081426465,0.041832778,0.037532085,0.034664955,0.027497133,0.013434548,0.024302332,0.058530392,0.016274371,0.021994976,0.052577686
B:ATT,0.026385654,0,0.137922048,0.079792172,0.079971334,0.043520042,0.050197892,0.040718602,0.068504976,0.020033552,0.051321726,0.069449647,0.041826148,0.023323615,0.041581836,0.023795951,0.014072349,0.020505888,0.086290861,0.019707803,0.017867323,0.04321058
B:CCA,0.017392045,0,0.142156538,0.056171478,0.075987238,0.042358198,0.038003086,0.03386573,0.096541473,0.028308228,0.047044678,0.08998987,0.03914867,0.045331036,0.028327164,0.029283395,0.014125711,0.027304659,0.037264611,0.014712705,0.02630109,0.070382398
B:CCC,0.014127701,0,0.144129133,0.047974893,0.076087179,0.039152747,0.030800842,0.030943959,0.113614524,0.028643863,0.044294739,0.088078346,0.038846067,0.050612337,0.024186788,0.030361268,0.013391671,0.027458036,0.026272209,0.013330335,0.028684754,0.089008607
B:CCG,0.01264456,0,0.144631035,0.053306055,0.074901259,0.043758702,0.031398289,0.04068991,0.112920183,0.027477055,0.035006962,0.083340437,0.039723809,0.053760691,0.029608161,0.038842952,0.014548348,0.026255221,0.026198392,0.011706874,0.024408263,0.074872844
B:CCT,0.018420159,0,0.142967223,0.054178019,0.077065617,0.040280339,0.034537799,0.032675602,0.096916825,0.029336489,0.049811487,0.087073782,0.039885883,0.046398987,0.02833659,0.028685179,0.014530644,0.025373586,0.035877113,0.014622378,0.028767739,0.074258561
B:CTA,0.025227504,0,0.133890259,0.072573122,0.081735453,0.043780187,0.041956013,0.034762961,0.078688253,0.024812918,0.052175535,0.079102838,0.04147924,0.032897328,0.035820153,0.025579901,0.014448291,0.022325408,0.060135569,0.017889347,0.025476255,0.055243465
B:CTC,0.017484807,0,0.140604858,0.054111845,0.076947474,0.043205582,0.037619447,0.034498987,0.089940865,0.028329684,0.049344192,0.084896974,0.040964989,0.048587097,0.030774897,0.027541896,0.016021772,0.024677211,0.037537599,0.014671277,0.029035624,0.073202922
B:CTG,0.017762538,0,0.145977171,0.055210602,0.076100891,0.040537201,0.037424895,0.035200717,0.095801863,0.028358278,0.047348748,0.086966931,0.039123921,0.047117063,0.029918292,0.029956907,0.014874195,0.026427567,0.037401727,0.014843304,0.026458459,0.067188731
B:CTT,0.021120109,0,0.138819609,0.070598474,0.08058542,0.043970156,0.041762627,0.036010316,0.078908547,0.025046963,0.050635195,0.077857848,0.041826306,0.035734375,0.033781561,0.02602337,0.015399637,0.024070556,0.059274275,0.017150802,0.024240366,0.05718349
B:GCA,0.017487316,0,0.145658195,0.058785324,0.077902502,0.040146075,0.038638759,0.036236857,0.09627215,0.027781182,0.045550354,0.081689174,0.039288253,0.046065047,0.032486949,0.030869341,0.01568589,0.025881719,0.042719541,0.0158452,0.023920982,0.061089189
B:GCC,0.01547391,0,0.144053347,0.05064932,0.07686738,0.041002943,0.033820713,0.034030924,0.108223945,0.030492362,0.043899192,0.092446396,0.038083337,0.048372028,0.026077918,0.033832391,0.013068155,0.024898398,0.028156678,0.014165927,0.027187369,0.075197365
B:GCG,0.014332707,0,0.147623523,0.055316864,0.077537594,0.042427497,0.033935285,0.039003759,0.119998657,0.026315789,0.032794039,0.079081633,0.038198174,0.054779807,0.028531149,0.037661117,0.015104726,0.030041622,0.027725564,0.012184479,0.021482277,0.065923738
B:GCT,0.01778736,0,0.148778242,0.05688811,0.076416027,0.042739074,0.037124377,0.034260881,0.093361182,0.027714145,0.046691821,0.086140682,0.03892108,0.047017473,0.029993712,0.029218883,0.015395499,0.025793918,0.039718367,0.01556394,0.026344158,0.064131069
B:GTA,0.024792691,0,0.134429135,0.074567974,0.079610913,0.044247041,0.043466335,0.038486696,0.078766907,0.024265187,0.049543181,0.079463212,0.043234233,0.034646467,0.035595974,0.027092609,0.013841707,0.022176271,0.062983985,0.016479227,0.022914776,0.04939548
B:GTC,0.016765705,0,0.137913021,0.060075748,0.077869923,0.041122502,0.037824866,0.036551521,0.091305342,0.026968787,0.048354447,0.085101868,0.042444822,0.047130077,0.031817291,0.029890949,0.014725088,0.027491185,0.041367376,0.01555766,0.025254669,0.064467154
B:GTG,0.015721706,0,0.140280654,0.058849389,0.071470714,0.03955299,0.038905149,0.036533589,0.099235317,0.026468921,0.047049433,0.082460869,0.040490045,0.051850395,0.030471651,0.028771069,0.01405583,0.025925198,0.042676508,0.017190916,0.024340301,0.067699356
B:GTT,0.022428372,0,0.145012725,0.069797225,0.078088827,0.043083491,0.044840325,0.038519005,0.075182662,0.024595682,0.048304737,0.078302274,0.040357934,0.033494787,0.038896642,0.026040555,0.014711436,0.024612101,0.061374271,0.016993679,0.021213365,0.054149906
B:TCA,0.022918504,0,0.139989989,0.063869092,0.076132815,0.042702548,0.0417491,0.037434748,0.081472124,0.025373632,0.050747265,0.080316068,0.040986342,0.040104403,0.035384835,0.02538555,0.015135986,0.025504731,0.056551379,0.017257407,0.024646628,0.056336853
B:TCC,0.017802596,0,0.143524721,0.056483853,0.077083847,0.042668353,0.03577668,0.033697388,0.092935767,0.026387713,0.048595406,0.084114854,0.041403629,0.046880526,0.029581677,0.028788545,0.015498226,0.026409149,0.038263255,0.01445858,0.026977203,0.072668031
B:TCG,0.01494101,0,0.141301872,0.062633809,0.083405457,0.04846718,0.034801622,0.040541156,0.092834692,0.027877739,0.038536874,0.07661823,0.039129048,0.049423769,0.03061085,0.037079215,0.016125359,0.023914727,0.037853596,0.012708969,0.021955997,0.069238828
B:TCT,0.021297814,0,0.135310729,0.067191295,0.080491321,0.044688876,0.04319793,0.036552855,0.078921385,0.025987875,0.051037738,0.078259839,0.041598373,0.037806829,0.034489228,0.025780525,0.015807974,0.024299453,0.054473825,0.0153834,0.026185351,0.061237386
B:TTA,0.023240742,0,0.133773785,0.081855659,0.079137338,0.043205098,0.050874003,0.041620911,0.066895894,0.020558426,0.051666097,0.072350537,0.042377,0.024302868,0.040738807,0.025112963,0.014095663,0.020450413,0.085924139,0.020648437,0.017786099,0.043385119
B:TTC,0.02315671,0,0.140019986,0.069849183,0.080566053,0.043970181,0.042051942,0.037296546,0.078624841,0.023983735,0.050551925,0.074248498,0.041385727,0.034907362,0.035470198,0.025683732,0.015403347,0.023478331,0.060924201,0.016195913,0.023880357,0.058351233
B:TTG,0.022402624,0,0.145501857,0.069769333,0.079432413,0.043436424,0.044236034,0.036416122,0.076762529,0.025275798,0.048803296,0.07926978,0.04071233,0.033014393,0.037161521,0.025248692,0.014786003,0.025113165,0.061149812,0.017645624,0.021711436,0.052150815
B:TTT,0.023860276,0,0.134782566,0.080038506,0.082739855,0.044960266,0.049822693,0.040775631,0.067307787,0.021542028,0.05353582,0.069468866,0.040097838,0.024665769,0.042995648,0.023428061,0.013929136,0.022023359,0.082454986,0.019744403,0.017799432,0.044027072
N:ACA,0.052970696,0.005522767,0.123032514,0.06651252,0.06142237,0.052742422,0.050056516,0.049760128,0.061050504,0.04605067,0.05068243,0.050965932,0.027057875,0.040272015,0.03407363,0.0318185,0.039786011,0.031115268,0.031606794,0.025922026,0.022505274,0.04507314
N:ACC,0.052427851,0.005137295,0.12088509,0.061195843,0.059855058,0.048637059,0.053071084,0.049243128,0.065424034,0.045223631,0.050243714,0.056230078,0.025612144,0.047253391,0.034837548,0.030146229,0.036630026,0.029502995,0.029934676,0.024228477,0.023550937,0.050729713
N:ACG,0.043727652,0.003840551,0.111632565,0.059743743,0.056648126,0.046012118,0.053122103,0.052368892,0.061730234,0.045217521,0.053237982,0.058411138,0.023531651,0.050581049,0.035856178,0.032313601,0.036154152,0.029458019,0.034324924,0.025120845,0.025410542,0.061556416
N:ACT,0.058155124,0.00595259,0.124105605,0.065563852,0.060982039,0.05171297,0.049739653,0.050430063,0.060582857,0.04618969,0.049483573,0.050425042,0.025939334,0.038853769,0.035256104,0.03122411,0.040043785,0.03070693,0.031869329,0.025314199,0.021759215,0.045710168
N:ATA,0.063057978,0.007001266,0.125707662,0.074120252,0.064359583,0.053182219,0.047937435,0.047942916,0.062268794,0.047937435,0.047145511,0.045835685,0.029723183,0.027040506,0.033063513,0.033871878,0.041818521,0.031435821,0.032646999,0.025804666,0.019091123,0.039007053
N:ATC,0.059893015,0.00582575,0.126626291,0.065838662,0.060080546,0.049428185,0.049274471,0.050937654,0.063834235,0.045729833,0.051291195,0.050513404,0.026454132,0.038117929,0.034687039,0.031984752,0.037868913,0.030346163,0.030601328,0.025046114,0.020735981,0.044884407
N:ATG,0.059618502,0.005783404,0.126568015,0.066645971,0.061329378,0.051266485,0.048332241,0.049794764,0.061931864,0.04570154,0.051645913,0.049162384,0.026320812,0.037524289,0.034725719,0.032329574,0.039320249,0.030972831,0.031848965,0.02522392,0.020999621,0.04295356
N:ATT,0.061624973,0.007068049,0.127776572,0.073371138,0.063171532,0.051970281,0.04809936,0.048807069,0.060612022,0.046394526,0.049191448,0.044587946,0.028683706,0.028552565,0.03451722,0.034587313,0.041298115,0.031231912,0.031998408,0.026700763,0.018972488,0.040782595
N:CCA,0.055117625,0.005102414,0.121911114,0.061169281,0.060830403,0.04896007,0.052362321,0.04961857,0.064920037,0.045846635,0.049237333,0.056854371,0.024749597,0.047017302,0.034887034,0.030127349,0.036015342,0.029547791,0.030173559,0.023879298,0.023442223,0.048230329
N:CCC,0.047773475,0.003192474,0.119436845,0.057963298,0.062399512,0.048541605,0.057978029,0.047354687,0.06766278,0.046784376,0.046898018,0.064691275,0.023426912,0.051014352,0.034079717,0.02796414,0.034168105,0.02788417,0.029843428,0.02254935,0.025118902,0.053274549
N:CCG,0.039540512,0.00233691,0.11806587,0.05692712,0.062125445,0.049324373,0.063719737,0.049578837,0.062120252,0.046826477,0.046436992,0.067105659,0.023935148,0.048664846,0.032830984,0.029829354,0.033942315,0.026199354,0.03174562,0.022662831,0.027632659,0.058448707
N:CCT,0.052747022,0.004572283,0.121522321,0.06050548,0.060374362,0.049133776,0.053359532,0.049429729,0.065330634,0.046142406,0.049587071,0.05762275,0.024565952,0.046842952,0.034929917,0.029591529,0.036877961,0.029597148,0.030099144,0.023724921,0.023835435,0.049607675
N:CTA,0.060225513,0.005965252,0.122221161,0.068138255,0.061361264,0.051736369,0.050658599,0.049267048,0.062609568,0.047916425,0.047865265,0.051040594,0.026876036,0.035730121,0.035307199,0.032084121,0.038318815,0.03044018,0.031729412,0.025624322,0.021841895,0.043042586
N:CTC,0.050655393,0.004063628,0.122802649,0.062077952,0.060427405,0.04972877,0.052848401,0.051873516,0.062577943,0.045806066,0.049778962,0.056396595,0.024532345,0.045767456,0.035227119,0.029287079,0.037912396,0.029682825,0.031014845,0.024495666,0.023487964,0.049555028
N:CTG,0.051580648,0.004978747,0.122905429,0.061011206,0.060977674,0.049393066,0.052500391,0.050363905,0.063910951,0.045892933,0.049763518,0.056439637,0.02483146,0.046748805,0.033837276,0.030017788,0.037436408,0.03004653,0.030642127,0.024020298,0.02370254,0.048998662
N:CTT,0.059217324,0.00574848,0.124301844,0.067163916,0.059122721,0.050897887,0.05026164,0.050094695,0.060790319,0.045431359,0.050526898,0.051439532,0.025288491,0.037955923,0.035978549,0.031101894,0.039230271,0.03055654,0.031624989,0.025290346,0.021699168,0.046277214
N:GCA,0.053533674,0.005164498,0.123268801,0.062957923,0.060111689,0.0496507,0.052247349,0.050046677,0.062909926,0.045736529,0.04948991,0.055023987,0.025268124,0.044327811,0.033826025,0.030912595,0.03715703,0.030437422,0.031714148,0.024526568,0.023509027,0.048179586
N:GCC,0.049650081,0.003601321,0.119650908,0.057132366,0.062586629,0.048743064,0.057886188,0.04892544,0.065331998,0.047259738,0.046877964,0.063748973,0.023687013,0.049051887,0.033666636,0.029425783,0.034622287,0.028088358,0.030702416,0.02290158,0.025790418,0.050668956
N:GCG,0.038171362,0.002142028,0.116202385,0.059143189,0.06209771,0.050094967,0.065099715,0.049868102,0.061290493,0.048433048,0.044370581,0.070987654,0.024237628,0.045056452,0.030816714,0.031370687,0.033159228,0.027382083,0.033206711,0.023783898,0.029160072,0.053925293
N:GCT,0.052911311,0.004610445,0.122745537,0.062917436,0.05966208,0.049848899,0.052527668,0.051069377,0.062509114,0.046203169,0.049949857,0.057203176,0.024243539,0.045155443,0.034583949,0.030081193,0.036298003,0.029778317,0.031328594,0.02418072,0.023581699,0.048610472
N:GTA,0.05974026,0.00691135,0.123760587,0.066245059,0.061005082,0.051466215,0.048680595,0.048526256,0.062149445,0.045857331,0.049666855,0.047844909,0.026734425,0.038136646,0.035836627,0.031692076,0.04046678,0.030656879,0.032316958,0.025405609,0.020933559,0.045966497
N:GTC,0.050742821,0.004685437,0.122092227,0.061601828,0.060291151,0.049481956,0.052785111,0.050942069,0.061688999,0.045403601,0.051474434,0.055596374,0.024317576,0.045711813,0.034199024,0.030316804,0.038140395,0.030615676,0.03107955,0.02428333,0.023897288,0.050652537
N:GTG,0.049836923,0.004555188,0.11999429,0.061637803,0.060708756,0.051036119,0.051758711,0.049948935,0.062931442,0.045940633,0.050458484,0.055428779,0.025622385,0.047631807,0.034319852,0.030566324,0.037544064,0.030120469,0.031018768,0.025174334,0.024113506,0.049652431
N:GTT,0.05596825,0.006037013,0.122483676,0.068697413,0.060142723,0.051420187,0.050028696,0.050564718,0.061312225,0.045962511,0.050185713,0.050467259,0.027667385,0.036416992,0.034960529,0.032710862,0.039446327,0.030545118,0.031828321,0.026178436,0.021635787,0.045339859
N:TCA,0.05818786,0.00549881,0.126275224,0.06522897,0.060462237,0.050509267,0.049141762,0.050739584,0.062317109,0.045207871,0.051979592,0.050229597,0.026354807,0.038991378,0.034603022,0.031429999,0.039135325,0.03054986,0.031467014,0.025470555,0.02121381,0.045006344
N:TCC,0.053054028,0.004698664,0.122580219,0.062193302,0.060139185,0.049610544,0.052690687,0.050277357,0.063557896,0.04584707,0.049719959,0.056322036,0.024490445,0.045595209,0.035242045,0.029961209,0.03693695,0.029513226,0.030314228,0.023749311,0.023497449,0.05000898
N:TCG,0.047256043,0.003600546,0.117938081,0.060176705,0.056890421,0.046160615,0.056145171,0.053783716,0.059153109,0.044409726,0.051943038,0.058273175,0.023129691,0.048575944,0.034829221,0.031821284,0.035430808,0.029998563,0.032413892,0.024180225,0.024413677,0.05947635
N:TCT,0.055511935,0.005357819,0.124375074,0.066981068,0.060533015,0.050637554,0.050859268,0.051014301,0.061204826,0.045786511,0.049744028,0.051791135,0.025892233,0.03896171,0.035237576,0.030866636,0.039458484,0.03049489,0.031515109,0.02567552,0.022101418,0.04599989
N:TTA,0.058169277,0.006782769,0.124764921,0.073209104,0.062506186,0.052777445,0.04777893,0.049873149,0.059883203,0.04720328,0.049662164,0.046309851,0.027803102,0.028732997,0.035114635,0.034505124,0.04277781,0.031363795,0.03193684,0.026696083,0.019535625,0.04261371
N:TTC,0.058821032,0.005914522,0.124822468,0.068353737,0.05985535,0.050988391,0.0499753,0.049873026,0.060741081,0.045398058,0.050156691,0.049867237,0.026334579,0.036793538,0.035583618,0.031926841,0.039288636,0.030365716,0.031816849,0.025742162,0.021409991,0.045971178
N:TTG,0.060323562,0.006208268,0.125149849,0.068078875,0.060002098,0.050831453,0.050306842,0.049757674,0.06190186,0.045344245,0.050027793,0.050159504,0.027197171,0.03666026,0.0348364,0.031983409,0.038307761,0.03068416,0.031682037,0.02578407,0.021216606,0.043556103
N:TTT,0.059635831,0.006437695,0.124342252,0.072385447,0.06198725,0.052442127,0.05049537,0.049377079,0.058364424,0.046045445,0.048693527,0.048770084,0.028163719,0.031027803,0.035388866,0.033830367,0.040365126,0.030735242,0.031752368,0.026725525,0.020332945,0.042701508
T:ACA,0.035289325,0.000824214,0.114365152,0.068376574,0.074518482,0.058287498,0.066964189,0.042623971,0.065321802,0.058041097,0.041675909,0.075614558,0.031200617,0.029484439,0.0396486,0.034389162,0.031059508,0.02993452,0.029015802,0.022122607,0.023805126,0.027436848
T:ACC,0.031169321,0.000524619,0.123619184,0.059247054,0.073124045,0.054188147,0.068173252,0.039730412,0.072713448,0.056420139,0.039394254,0.086407296,0.027975527,0.033890485,0.0362749,0.032037186,0.029616142,0.029625004,0.025572207,0.021003652,0.026795726,0.032498
T:ACG,0.024224084,0.000344697,0.112494327,0.064520767,0.068078598,0.05474799,0.067129381,0.042023633,0.073754846,0.055873886,0.040023003,0.07948479,0.029529653,0.038495249,0.037369353,0.035264793,0.031159604,0.032722001,0.028502489,0.023484457,0.026527841,0.034244558
T:ACT,0.038038438,0.000892876,0.11405356,0.06889761,0.07444919,0.058243153,0.067133387,0.043026872,0.06531081,0.058234655,0.04089666,0.075382857,0.031366797,0.028504042,0.040267228,0.033954211,0.031799071,0.028667207,0.028106894,0.022108875,0.02394505,0.026720556
T:ATA,0.052142593,0.002007904,0.104435876,0.079152595,0.075769839,0.064136423,0.063288986,0.04520309,0.058017946,0.05917453,0.043828238,0.062044629,0.033863285,0.020666267,0.044499352,0.036709305,0.033167316,0.027303614,0.031322529,0.023109929,0.019493371,0.020662383
T:ATC,0.040287368,0.000924855,0.115693288,0.068848383,0.074161256,0.059022161,0.065976579,0.041345476,0.064614507,0.058932844,0.040902497,0.075632092,0.030750703,0.028776382,0.039902732,0.033462602,0.031674837,0.028411915,0.028617198,0.021721843,0.023435418,0.026905064
T:ATG,0.039684319,0.000952504,0.114764296,0.06870622,0.075805644,0.058742907,0.065757334,0.041822009,0.064847328,0.059235893,0.04147405,0.074617803,0.030887067,0.028324389,0.039902656,0.033781767,0.031638764,0.028926278,0.029269456,0.022131251,0.023139004,0.02558906
T:ATT,0.050441253,0.00199363,0.103888041,0.081033042,0.075812772,0.063695786,0.064043763,0.045235765,0.057076218,0.05911912,0.044117312,0.061669513,0.034505143,0.021434145,0.044298999,0.036425483,0.033417484,0.026865048,0.031221842,0.023485669,0.019375846,0.020844124
T:CCA,0.031743349,0.000490482,0.12527743,0.058707412,0.074187988,0.054083438,0.068033821,0.039350857,0.072535476,0.05708387,0.038956137,0.087190401,0.027774827,0.033876687,0.036459867,0.031614593,0.028940075,0.029355718,0.025130084,0.020702464,0.026894856,0.031610167
T:CCC,0.026611748,0.000233481,0.132830755,0.052631555,0.071613982,0.051190842,0.068811758,0.036721457,0.07824483,0.05560042,0.036659195,0.094431901,0.025013551,0.038591132,0.033959061,0.029354916,0.027915119,0.029860333,0.022685612,0.019752913,0.028502483,0.038782953
T:CCG,0.021712598,0.000151312,0.122253568,0.057627233,0.068519172,0.05057686,0.069999775,0.03958238,0.080562829,0.054497208,0.037315206,0.088310987,0.025968082,0.041348099,0.034604101,0.032679567,0.028953048,0.031022642,0.026049365,0.021988961,0.028421582,0.037855426
T:CCT,0.03038367,0.000407115,0.126381694,0.057769959,0.073023449,0.053753225,0.068475508,0.039088486,0.074050239,0.056767439,0.038316925,0.088861774,0.027102483,0.03459535,0.035904771,0.031089075,0.029350225,0.029478623,0.024592073,0.02039018,0.026789318,0.033428418
T:CTA,0.042223943,0.001017983,0.114820381,0.068206545,0.075130853,0.058430704,0.066651317,0.042397683,0.065120547,0.058588419,0.041157043,0.076346192,0.031312886,0.02620273,0.039918932,0.033829589,0.031743863,0.028528825,0.027520119,0.022013565,0.023378185,0.025459695
T:CTC,0.029946618,0.000379773,0.122998577,0.05999406,0.071808615,0.05460582,0.068507026,0.039652256,0.07215604,0.057187352,0.038516297,0.086622284,0.027991458,0.034923157,0.037273633,0.031524944,0.029742447,0.029240004,0.02563132,0.021150922,0.026263995,0.033883402
T:CTG,0.029394068,0.000428697,0.122932051,0.059842939,0.074099387,0.054657207,0.068820814,0.04036004,0.073144592,0.057379236,0.038605836,0.08647882,0.028346107,0.034122763,0.036114444,0.032027491,0.029359212,0.029672265,0.025159874,0.02092405,0.026975971,0.031154136
T:CTT,0.038751184,0.000821656,0.114763853,0.068743947,0.07412248,0.058337149,0.067406593,0.041948342,0.065099035,0.058280177,0.040582713,0.075807571,0.030876876,0.028769774,0.040242994,0.034063905,0.03184497,0.028298809,0.028681574,0.021664792,0.023845746,0.027045858
T:GCA,0.031581413,0.000538202,0.119729139,0.062389919,0.074577861,0.055360924,0.068163447,0.041024728,0.073184809,0.057275485,0.039350941,0.082967535,0.02885449,0.033260764,0.035984145,0.033078665,0.029803931,0.029821129,0.026560051,0.021409198,0.026341028,0.028742196
T:GCC,0.026846791,0.000277342,0.12891902,0.054255578,0.073889915,0.051077376,0.069683825,0.038706156,0.079124415,0.056156231,0.036996143,0.092342807,0.025876356,0.037226478,0.033910911,0.031084218,0.027826627,0.030088713,0.023761037,0.020274156,0.028286775,0.033389132
T:GCG,0.022812313,0.000154958,0.123301344,0.058458832,0.069094754,0.052084267,0.067687974,0.040828511,0.082360412,0.054285588,0.037483232,0.085470215,0.025522567,0.040302868,0.032914996,0.033264412,0.028598948,0.031685963,0.026309513,0.022652797,0.028764541,0.035960993
T:GCT,0.030165587,0.000430139,0.120542629,0.060991762,0.07384862,0.054412382,0.068690735,0.040741146,0.073682054,0.057491498,0.03856253,0.085865548,0.028797091,0.034057188,0.03623533,0.032679701,0.029455313,0.029437805,0.025465286,0.0213527,0.026915646,0.03017931
T:GTA,0.041093226,0.001171266,0.111421977,0.070830961,0.075231801,0.058685684,0.066281722,0.042926839,0.065038353,0.058497041,0.042131183,0.07231244,0.031952827,0.026340479,0.041099933,0.034461365,0.032204352,0.028732476,0.028896805,0.022630493,0.022947414,0.025111362
T:GTC,0.029455438,0.000436617,0.119930194,0.06179281,0.073103228,0.0548512,0.068599009,0.040874184,0.070360007,0.056710619,0.039529987,0.083548999,0.028880108,0.034076572,0.037356812,0.032825511,0.03018005,0.030464742,0.026793464,0.021686833,0.026104521,0.032439095
T:GTG,0.029615075,0.000458656,0.121480891,0.061062405,0.073070386,0.054911768,0.067658906,0.040938388,0.071845566,0.056694273,0.039573317,0.083863971,0.028787314,0.034522412,0.036575468,0.032786815,0.029618391,0.030709121,0.026688772,0.021118088,0.026438596,0.031581421
T:GTT,0.038794911,0.001007279,0.110594992,0.072068341,0.073341277,0.060074097,0.06656965,0.043501192,0.062862184,0.058453465,0.042301181,0.072171218,0.032186715,0.02757745,0.041177352,0.035307523,0.032318892,0.02852092,0.029422719,0.022765689,0.023054134,0.02592882
T:TCA,0.03751501,0.000818598,0.115818955,0.067356485,0.074399505,0.058295441,0.066823043,0.041920223,0.065900371,0.058447586,0.040681592,0.076723687,0.030802417,0.029799005,0.039331886,0.033436957,0.031670485,0.028726521,0.028418963,0.021739506,0.023864873,0.027508892
T:TCC,0.03122244,0.000430441,0.123654871,0.06062547,0.071896221,0.054917757,0.067752161,0.03939276,0.071353355,0.057085192,0.038972173,0.085757234,0.027825941,0.034481878,0.037447488,0.031504175,0.029858107,0.029252981,0.025659401,0.020956798,0.026216153,0.033737004
T:TCG,0.027172553,0.000336759,0.114372783,0.06538269,0.068884611,0.054941334,0.066897184,0.04207274,0.072830023,0.056468709,0.039270099,0.080996879,0.02827852,0.037295553,0.036638597,0.03491616,0.030427886,0.031371914,0.027422822,0.023420363,0.026903882,0.03369794
T:TCT,0.036868172,0.000721084,0.116352973,0.066928226,0.07351516,0.058338973,0.067798191,0.04123549,0.06521745,0.058508846,0.040255905,0.077876259,0.030529244,0.029697763,0.039988074,0.033357214,0.0313685,0.028590676,0.028210504,0.021689653,0.024070978,0.028880664
T:TTA,0.04728675,0.002021281,0.101581202,0.081911553,0.075218926,0.062909042,0.064926214,0.04663468,0.057766453,0.059033607,0.043684609,0.062000801,0.035006319,0.021475172,0.044925735,0.037190618,0.033960403,0.027318463,0.030840465,0.023747145,0.019623758,0.020936803
T:TTC,0.039848099,0.000862356,0.113511877,0.070366001,0.073333774,0.060003694,0.066394183,0.042140019,0.06335036,0.058905491,0.041063998,0.073624847,0.031266183,0.028415202,0.040752101,0.034206795,0.032262986,0.028189767,0.029107803,0.021981708,0.023383207,0.027029547
T:TTG,0.040929668,0.001008006,0.113668001,0.06998595,0.075078155,0.058918863,0.066925894,0.042213073,0.0641251,0.057782839,0.042044176,0.073888881,0.0314074,0.027548577,0.040190069,0.034528238,0.031433757,0.02819781,0.029291341,0.02214063,0.023161546,0.025532027
T:TTT,0.046506735,0.001698846,0.103350395,0.080014008,0.074420834,0.063325086,0.065199215,0.045776016,0.057835824,0.059045429,0.043783182,0.063548073,0.034218762,0.023196234,0.043935908,0.037055842,0.033593066,0.027262148,0.031104705,0.023250594,0.02000304,0.02187606
U:ACA,0.0375747,0.001094778,0.127128284,0.073673756,0.072569158,0.063605132,0.060703373,0.047262031,0.053326006,0.057539022,0.045719351,0.072950025,0.024095784,0.031143949,0.03233437,0.03510163,0.024189719,0.029175142,0.027286181,0.029146535,0.024701242,0.029679833
U:ACC,0.033910277,0.000799407,0.133874401,0.062789063,0.074492094,0.05916434,0.063420577,0.043061922,0.056468625,0.056495724,0.045943792,0.083732104,0.022143034,0.036605402,0.030373918,0.030360369,0.023430804,0.028402206,0.024637866,0.02722342,0.027345363,0.035325291
U:ACG,0.026562387,0.000528324,0.12423371,0.066221935,0.070265377,0.057198155,0.062601152,0.046811298,0.057627859,0.056231322,0.046707395,0.075606736,0.024195494,0.038176717,0.031431777,0.033298523,0.024477267,0.032736738,0.026701513,0.030894647,0.027497521,0.039994153
U:ACT,0.03996314,0.001127536,0.126534266,0.074601555,0.073201373,0.063405136,0.060702185,0.046992043,0.053322816,0.057243438,0.044873575,0.073802091,0.024077425,0.030095242,0.032395101,0.034150228,0.025138339,0.028333397,0.027149876,0.029348403,0.024594165,0.028948671
U:ATA,0.052711234,0.00190576,0.119949679,0.08939252,0.068842129,0.067465577,0.054713352,0.050802415,0.048431687,0.059044902,0.045707643,0.060828302,0.0260696,0.022688635,0.032880473,0.040424743,0.024683871,0.027857588,0.029627987,0.031561278,0.021426796,0.022983829
U:ATC,0.041557091,0.001182096,0.129750727,0.074358125,0.073128318,0.063537672,0.059311322,0.045881712,0.05183848,0.057438483,0.045670217,0.074016314,0.024193807,0.029996048,0.03272199,0.033470414,0.024836839,0.027879668,0.026785873,0.029475498,0.02429279,0.028676515
U:ATG,0.041645785,0.001137998,0.130243455,0.074449998,0.072846599,0.063997665,0.059183786,0.046902978,0.051666899,0.058087858,0.045643503,0.072838185,0.024209278,0.029333424,0.031691457,0.034780985,0.024417525,0.028362129,0.027002211,0.029054184,0.024450656,0.02805344
U:ATT,0.050747811,0.001688665,0.119335368,0.089063,0.068682684,0.067083693,0.055629005,0.051151952,0.049426326,0.058210778,0.045693934,0.060395682,0.026161283,0.022840908,0.033524881,0.039928721,0.025140934,0.027722102,0.029930636,0.032811122,0.021236464,0.023594051
U:CCA,0.03439579,0.000753744,0.135441151,0.061721426,0.076151391,0.059669833,0.063865837,0.042750991,0.056080345,0.056176363,0.045659548,0.084649819,0.021834183,0.036416977,0.03016498,0.029821314,0.023677337,0.028257014,0.024325061,0.026831941,0.027315634,0.034039322
U:CCC,0.029566238,0.000472771,0.139847982,0.054849672,0.075849389,0.056092581,0.066005244,0.039638775,0.058909109,0.055491454,0.046129215,0.091275431,0.020015805,0.04182951,0.028769151,0.02658207,0.02350883,0.028088086,0.02240387,0.023919021,0.028580042,0.042175752
U:CCG,0.024686747,0.000363466,0.130447742,0.058495352,0.072810119,0.052035974,0.066845004,0.044064881,0.059146824,0.053194286,0.045976534,0.084034797,0.022489602,0.043056232,0.030093457,0.029619317,0.024379876,0.031362443,0.024679201,0.02829122,0.029634409,0.044292518
U:CCT,0.033586825,0.000763938,0.134762154,0.060994817,0.076124532,0.059953401,0.063856764,0.042060587,0.056394063,0.056042644,0.046110277,0.086092702,0.021641677,0.037075723,0.030497214,0.029231637,0.023882122,0.027960611,0.024050632,0.025506124,0.027114948,0.036296607
U:CTA,0.043705705,0.001284364,0.127001011,0.074628339,0.07392559,0.063080681,0.05968392,0.046436222,0.052308785,0.058145671,0.045217404,0.074099825,0.024290903,0.029011023,0.032718918,0.034510224,0.024631077,0.02753583,0.026779981,0.02875133,0.024283436,0.027969759
U:CTC,0.032826324,0.000699438,0.132689114,0.063034357,0.075183331,0.060733992,0.063013441,0.043294889,0.055938322,0.055380696,0.045812783,0.083935511,0.022277023,0.036503813,0.032038201,0.029588913,0.024558145,0.027882986,0.024765634,0.026652276,0.026740961,0.036449849
U:CTG,0.032399616,0.000757585,0.132178268,0.062702028,0.076350211,0.060057446,0.064016384,0.043589455,0.056351144,0.056568799,0.045523417,0.083605727,0.02238907,0.036386085,0.03085724,0.030408973,0.024274772,0.028833559,0.024791381,0.026981218,0.026964376,0.034013248
U:CTT,0.040967359,0.001128006,0.126811635,0.073952131,0.073207931,0.063625315,0.060150153,0.046927647,0.052443923,0.056949676,0.045123589,0.074570068,0.0240226,0.030319868,0.032531981,0.033772453,0.025150188,0.028087269,0.027261541,0.028840666,0.024536851,0.02961915
U:GCA,0.034644425,0.00076433,0.130582484,0.065480812,0.07509897,0.060333684,0.063208493,0.044978512,0.055371083,0.056214065,0.045579489,0.080553141,0.023198631,0.034742739,0.031021924,0.031743903,0.024485287,0.029230084,0.025629766,0.027906623,0.026632067,0.032599489
U:GCC,0.029873237,0.000534646,0.136036879,0.05566136,0.07785178,0.056293073,0.066411905,0.042192943,0.057996675,0.055387289,0.0458275,0.0884819,0.020969558,0.040449892,0.028956552,0.028362212,0.023483953,0.029317308,0.023598668,0.025555059,0.029035451,0.037722157
U:GCG,0.025166705,0.000319572,0.131454329,0.058379294,0.071053625,0.051604054,0.0650475,0.045377745,0.060113242,0.053044424,0.046504658,0.081591868,0.023180464,0.041908321,0.029672828,0.031175889,0.025044381,0.032880784,0.025649886,0.029663654,0.029844082,0.041322693
U:GCT,0.033785179,0.00073216,0.129592829,0.063433888,0.076052551,0.059370163,0.063642199,0.044882838,0.055770769,0.056291783,0.044822376,0.08328346,0.022773961,0.036287749,0.031384638,0.031053512,0.02467994,0.028832941,0.025239688,0.027258561,0.026887757,0.033941058
U:GTA,0.042727914,0.001427445,0.125318893,0.07750944,0.072171459,0.063400141,0.059163451,0.047720652,0.052037844,0.05815345,0.045149591,0.070898378,0.024715548,0.028548902,0.032421262,0.036083655,0.024663264,0.028345575,0.027908212,0.029732354,0.023858251,0.028044317
U:GTC,0.032371287,0.000744721,0.130826832,0.065222783,0.074301915,0.060141002,0.062879781,0.044795396,0.056157504,0.056576368,0.045489986,0.080386331,0.02283833,0.035835657,0.031471553,0.031443189,0.024075794,0.029480793,0.025477505,0.027571827,0.026795444,0.035116002
U:GTG,0.032124538,0.000775768,0.1324591,0.064441131,0.073798008,0.060667047,0.06386072,0.044443396,0.056473936,0.0562262,0.046002482,0.080561441,0.022621851,0.036376634,0.030849995,0.031298751,0.02359628,0.029419731,0.025241248,0.027886598,0.026799862,0.034075283
U:GTT,0.040807892,0.001128545,0.123274752,0.077918558,0.071602438,0.063753479,0.059111829,0.048117364,0.052209226,0.05785839,0.045583448,0.070630975,0.024766839,0.028784023,0.032735541,0.036164954,0.02510933,0.028671362,0.02806299,0.030699911,0.024211258,0.028796899
U:TCA,0.03962489,0.001080784,0.128821955,0.07272575,0.073270306,0.063821774,0.060170427,0.046445488,0.052990801,0.057805287,0.045285126,0.074561602,0.023772621,0.030901816,0.032082536,0.033493662,0.024540644,0.028217437,0.026913187,0.028917911,0.024794184,0.029761811
U:TCC,0.034276068,0.000779326,0.133595519,0.064148899,0.074731844,0.060581227,0.063050433,0.042676365,0.05561559,0.0553942,0.045933377,0.083496809,0.022347379,0.03590569,0.031404702,0.029913002,0.024485393,0.028010214,0.024519761,0.026634565,0.026390412,0.036109225
U:TCG,0.03044142,0.000433516,0.126511934,0.065909384,0.071541355,0.055284504,0.061880675,0.046034917,0.057508142,0.054525851,0.045511708,0.078741084,0.024202153,0.038368036,0.032222199,0.031893325,0.025323315,0.031467284,0.025992275,0.02950525,0.027817901,0.038883771
U:TCT,0.038423587,0.001043211,0.128724532,0.071792117,0.073881997,0.063715398,0.060321025,0.045838261,0.05307119,0.056829438,0.045671117,0.075701756,0.023931986,0.03124061,0.033226361,0.032703795,0.024974429,0.027863143,0.026713498,0.0288199,0.024823423,0.030689226
U:TTA,0.047961437,0.001699729,0.1152354,0.089918603,0.068217433,0.066275945,0.056181281,0.052536697,0.049675981,0.058767239,0.045624647,0.061049481,0.026195618,0.023561847,0.033430239,0.040936925,0.025539027,0.02839705,0.030161427,0.03295076,0.021313949,0.024369286
U:TTC,0.041649321,0.001150184,0.126853125,0.075805847,0.07239791,0.064336751,0.059282938,0.046699097,0.052263853,0.057124773,0.045493736,0.072173166,0.024599768,0.029309513,0.032825111,0.034208562,0.025326484,0.028078134,0.027382371,0.029677805,0.024056526,0.029305027
U:TTG,0.043115,0.001137867,0.126418145,0.075683319,0.072842641,0.063850885,0.059529756,0.047440916,0.051972702,0.057170504,0.045116242,0.072391537,0.024122888,0.029007364,0.032532677,0.03498715,0.02456282,0.027991848,0.027850346,0.02959731,0.024500049,0.028178035
U:TTT,0.047629013,0.001541339,0.116800013,0.087620482,0.069890534,0.065751666,0.056781691,0.051100028,0.049602,0.05820147,0.045688782,0.062751241,0.02599895,0.024630124,0.033372628,0.039271571,0.025426452,0.028691834,0.030224075,0.032218899,0.021694847,0.025112361