,X,1,2,3,4,5,6,7,8,9,10,11,12,13,14,15,16,17,18,19
B:AACAA,0.032250724,0.043577692,0.055469225,0.067101944,0.051813765,0.0339358,0.04653042,0.133615631,0.093142986,0.060379322,0.065634328,0.054507027,0.01909885,0.033908862,0.049723813,0.038290171,0.070114443,0.018210782,0.023700744,0.008993471
B:AACAC,0.027982424,0.040761922,0.054800469,0.064554008,0.047075904,0.0355552,0.048429321,0.144764838,0.107721513,0.055024482,0.063897882,0.056342097,0.017179078,0.028936432,0.04813523,0.039193984,0.068401583,0.021197058,0.02089175,0.009154826
B:AACAG,0.029214045,0.039652,0.054438459,0.063567156,0.04740639,0.038072794,0.048015212,0.137162504,0.109419379,0.057657077,0.060698877,0.055637618,0.019164107,0.028270837,0.047733419,0.039469635,0.070129045,0.023266288,0.019272359,0.011752799
B:AACAT,0.033185845,0.0417554,0.055426928,0.068765565,0.048609971,0.034730125,0.04672793,0.134231741,0.080415231,0.058150175,0.067981776,0.05535911,0.019228514,0.0318225,0.055942249,0.039684433,0.07478297,0.020273851,0.02371366,0.009212024
B:AACCA,0.029127945,0.040787573,0.052069966,0.056495611,0.049119292,0.03420184,0.044376379,0.147388946,0.115193287,0.058135299,0.060462443,0.057566616,0.016458388,0.02884365,0.047279208,0.036080567,0.070301769,0.021754033,0.023255758,0.011101431
B:AACCC,0.029703734,0.040696044,0.055323909,0.056227458,0.044977276,0.036788177,0.043440156,0.150022194,0.126924624,0.058022968,0.061376515,0.056524635,0.018124431,0.025064006,0.042769642,0.033296509,0.06303163,0.023488957,0.022234378,0.011962755
B:AACCG,0.018550221,0.03373215,0.05389269,0.057826623,0.043271566,0.041220721,0.044770966,0.141802165,0.133408517,0.062798982,0.057530483,0.056008351,0.024152019,0.028775501,0.038046364,0.037547513,0.06063778,0.028257653,0.022698318,0.015071417
B:AACCT,0.031049104,0.040620126,0.051411544,0.058385864,0.047181244,0.03517172,0.049437619,0.141005634,0.110976705,0.055145001,0.061296652,0.059510584,0.0172585,0.030762835,0.047321033,0.040077527,0.067079223,0.024625425,0.020382265,0.011301395
B:AACGA,0.023086362,0.0418608,0.057517659,0.067018381,0.046059892,0.036890868,0.048371914,0.130867073,0.112011339,0.060017531,0.064356033,0.049593132,0.024087302,0.028999543,0.043196199,0.039806285,0.0718336,0.020726786,0.020986308,0.012712993
B:AACGC,0.024838854,0.043637748,0.056580811,0.065155067,0.0428512,0.038305442,0.042436191,0.13038935,0.131761648,0.065164541,0.060167554,0.056535578,0.022296277,0.024940199,0.034573241,0.033076538,0.068146412,0.024757582,0.021427624,0.012958143
B:AACGG,0.020674814,0.03834012,0.049417741,0.059593757,0.045529095,0.039800882,0.043743153,0.138292461,0.138219079,0.057837778,0.061333001,0.05025653,0.023098075,0.023373286,0.040890831,0.035163862,0.068302213,0.031322892,0.021433028,0.013377402
B:AACGT,0.026739682,0.040667233,0.048199051,0.065714094,0.047560849,0.043498638,0.044161812,0.129072998,0.119843954,0.056495512,0.06354699,0.053632952,0.018063902,0.027206766,0.043412998,0.036169273,0.077292464,0.029344744,0.018672312,0.010703776
B:AACTA,0.036161798,0.043300114,0.057132095,0.071119111,0.052418727,0.03135413,0.04990819,0.127458667,0.080752649,0.056186197,0.066485206,0.0528452,0.01990627,0.032217164,0.051605009,0.039510796,0.07866753,0.021744836,0.021715501,0.00951081
B:AACTC,0.027044814,0.039775878,0.051262534,0.0622573,0.048430811,0.034688305,0.045096204,0.149707913,0.117609647,0.059375271,0.059412279,0.057659694,0.01906078,0.026253682,0.045286715,0.037658003,0.065502606,0.021601734,0.020644738,0.011671091
B:AACTG,0.029054562,0.03977397,0.054126406,0.067512174,0.045898712,0.03646433,0.048631271,0.138699532,0.106765768,0.055946056,0.059356383,0.057143789,0.020201507,0.029224229,0.049395905,0.036293773,0.07179863,0.021841527,0.02063982,0.011231655
B:AACTT,0.032617562,0.041853289,0.055897418,0.071430725,0.052127391,0.035604437,0.046445423,0.133972418,0.084006781,0.05893399,0.063371406,0.052276377,0.019722228,0.03332078,0.051811645,0.039117133,0.073641698,0.021506543,0.023241598,0.009101161
B:AATAA,0.034071584,0.046752457,0.055301316,0.074801727,0.054621328,0.033638467,0.048500296,0.132410698,0.078537396,0.055629591,0.065004061,0.050749419,0.02176401,0.032467152,0.050048651,0.037471225,0.073657664,0.020174142,0.02576718,0.008631635
B:AATAC,0.033742083,0.044124643,0.054545861,0.075852515,0.050549646,0.0315763,0.049950723,0.138162333,0.076937328,0.053337567,0.064747272,0.052458562,0.020115913,0.034586736,0.051290207,0.038972662,0.073892507,0.020207347,0.025873526,0.009076268
B:AATAG,0.03881454,0.039254843,0.056262332,0.06398899,0.049781019,0.028290643,0.05293149,0.140586005,0.073339523,0.054299384,0.071883453,0.05618908,0.018641101,0.031146494,0.053265494,0.043312758,0.073881794,0.019631704,0.025720609,0.008778743
B:AATAT,0.039765059,0.044203038,0.059677395,0.076789823,0.052017322,0.030353685,0.047012829,0.134370442,0.060572213,0.054601743,0.075814026,0.05261837,0.020411317,0.036005775,0.047479901,0.044218979,0.074246069,0.017685125,0.0257904,0.006366487
B:AATCA,0.035733382,0.039626562,0.053397004,0.067085464,0.04652848,0.032649068,0.051095516,0.136662787,0.087140274,0.05602566,0.06552195,0.057159621,0.018115806,0.031120043,0.053325184,0.039653929,0.070364405,0.022462448,0.027019392,0.009313025
B:AATCC,0.028924613,0.040449078,0.053383025,0.060730129,0.048653045,0.033437917,0.045457949,0.151346148,0.108995627,0.059638747,0.062242635,0.054425218,0.017524848,0.027119254,0.052276853,0.037861569,0.06309055,0.021729698,0.021398989,0.01131411
B:AATCG,0.029194853,0.040127285,0.058054488,0.061010951,0.038400366,0.034130029,0.043455752,0.148068089,0.098098064,0.05415722,0.064191943,0.066404255,0.019672043,0.032762672,0.044107002,0.041712929,0.065619381,0.025584585,0.020353445,0.014894648
B:AATCT,0.032301191,0.040519888,0.053801123,0.06720522,0.052027134,0.031714018,0.046284399,0.139582538,0.088239632,0.061504234,0.06570741,0.054545852,0.018629051,0.032714894,0.050662591,0.038230334,0.071229356,0.020371806,0.023975461,0.010753869
B:AATGA,0.036467117,0.041021447,0.052598245,0.068551736,0.047012396,0.034551531,0.050397222,0.140419946,0.078232969,0.054561489,0.069404921,0.058993777,0.022061822,0.030157135,0.049818429,0.041659672,0.073982371,0.01889456,0.022372188,0.008841027
B:AATGC,0.032224748,0.041671225,0.05430012,0.064994102,0.043670039,0.036233678,0.054253659,0.135691163,0.090762444,0.053269693,0.063236215,0.061006462,0.020685655,0.029104973,0.052076145,0.040175514,0.072207026,0.021049784,0.023376724,0.010010629
B:AATGG,0.033466128,0.038729164,0.055720811,0.059464518,0.045224568,0.034587908,0.048479687,0.151016419,0.092525091,0.053703482,0.067741545,0.059425573,0.019869505,0.030118091,0.046793521,0.041168022,0.065934538,0.02047126,0.024627458,0.010932709
B:AATGT,0.032913536,0.041855247,0.053790296,0.070977395,0.045687389,0.0352562,0.051150128,0.137148361,0.083742114,0.055043978,0.066139524,0.054245012,0.020523188,0.033447773,0.050115747,0.041202595,0.074117517,0.020277174,0.024081955,0.008284872
B:AATTA,0.040035745,0.044623069,0.058253789,0.077684727,0.051685448,0.031883098,0.05244982,0.123741622,0.067502315,0.056342424,0.069024087,0.053023724,0.019422788,0.034752688,0.052364296,0.039110043,0.077185238,0.018359763,0.025125733,0.007429582
B:AATTC,0.037596869,0.039037877,0.05529102,0.065395225,0.049152966,0.035902906,0.052181575,0.143042253,0.07745767,0.054016295,0.066422297,0.055760338,0.018511564,0.033589809,0.04824777,0.040708204,0.074076543,0.020859418,0.025142988,0.007606413
B:AATTG,0.040064637,0.037510677,0.058593345,0.068419831,0.050868292,0.032560958,0.048732339,0.139793093,0.070055275,0.056810319,0.068265985,0.051713362,0.020528383,0.033096562,0.053069456,0.044523943,0.073411994,0.01769574,0.025858099,0.00842771
B:AATTT,0.039537394,0.047045153,0.057299226,0.076165454,0.051135081,0.032560686,0.0517837,0.12852688,0.065540946,0.056108529,0.069951823,0.049470241,0.021077445,0.037815033,0.053069707,0.036070736,0.077157386,0.018478211,0.023818404,0.007387963
B:ACCAA,0.029934877,0.040669393,0.054488475,0.060093542,0.04693754,0.032970519,0.044842115,0.150448172,0.110244151,0.055459127,0.05853323,0.058414137,0.018905408,0.028722837,0.047792622,0.039259646,0.068605327,0.020666795,0.022119947,0.01089214
B:ACCAC,0.026024456,0.037459976,0.053612858,0.054681654,0.048322435,0.038930038,0.041013043,0.142403478,0.138709828,0.056117001,0.053621669,0.05515684,0.018153666,0.028478385,0.041973363,0.035020401,0.065829337,0.031464742,0.019820216,0.013206613
B:ACCAG,0.025240752,0.037413627,0.050057843,0.053260789,0.04613642,0.039842107,0.045500751,0.149210089,0.136895491,0.057351527,0.057301012,0.059586135,0.018216527,0.027736185,0.044076873,0.034781949,0.060007582,0.023739646,0.019634145,0.014010548
B:ACCAT,0.028934411,0.042108688,0.052203434,0.057063353,0.047470495,0.035509186,0.044629086,0.14833062,0.111126466,0.057136938,0.06578322,0.059597441,0.01738124,0.026281926,0.047659715,0.037338457,0.067288784,0.020780578,0.021913877,0.011462084
B:ACCCA,0.025702416,0.036583387,0.051124351,0.051394595,0.045129671,0.038240595,0.041672006,0.156526127,0.1337925,0.056616137,0.066775461,0.058814361,0.015702355,0.023762751,0.042941116,0.0373182,0.059405416,0.025837251,0.021066512,0.01159479
B:ACCCC,0.025458506,0.036177786,0.054124853,0.050034677,0.044464498,0.039523718,0.041610827,0.15044472,0.147494801,0.055299343,0.063730184,0.058301183,0.017588038,0.022514543,0.037665957,0.034791709,0.054565427,0.033752588,0.019643468,0.012813173
B:ACCCG,0.021145237,0.039894446,0.060273886,0.047464807,0.048589606,0.05153379,0.034542739,0.137895296,0.164548675,0.055412836,0.049559442,0.059403686,0.020594297,0.023151578,0.031326965,0.034193546,0.055600722,0.030642744,0.016228017,0.017997685
B:ACCCT,0.027913118,0.038495364,0.051240586,0.055031702,0.043947976,0.039571712,0.039981647,0.146907165,0.136352318,0.055184109,0.06098541,0.058838038,0.01877431,0.022824522,0.042233804,0.035629127,0.064262883,0.027066911,0.021408823,0.013350475
B:ACCGA,0.018479461,0.037667488,0.054169319,0.059002117,0.043632309,0.044331461,0.040983567,0.131698002,0.143198397,0.055239102,0.05407336,0.066536311,0.025763539,0.02371977,0.036147206,0.043158792,0.06417097,0.022110352,0.023801083,0.012117394
B:ACCGC,0.019821619,0.039518928,0.061810898,0.056919254,0.043847742,0.043373827,0.033378202,0.122539138,0.172575567,0.05011344,0.057813683,0.0619914,0.022260302,0.025802996,0.031725084,0.035990852,0.058123832,0.035035326,0.011466675,0.015891237
B:ACCGG,0.017059387,0.040499878,0.055864087,0.053751064,0.047184244,0.040758136,0.03345293,0.138395743,0.140862638,0.051777644,0.053475796,0.061751609,0.025912813,0.030731095,0.034988675,0.041039653,0.05859516,0.035872885,0.018899534,0.019127029
B:ACCGT,0.019621979,0.035337103,0.047910831,0.061280237,0.046989813,0.046022893,0.042320948,0.130823491,0.146580023,0.060156137,0.057412316,0.045402837,0.023537373,0.028716396,0.038823715,0.035908393,0.069105319,0.028506129,0.021689655,0.013854413
B:ACCTA,0.033900614,0.038670937,0.051764826,0.060488658,0.047259893,0.033901162,0.048118092,0.1452217,0.105362621,0.052629195,0.061906509,0.063589835,0.01700684,0.027291785,0.04520854,0.039681118,0.068985234,0.023732261,0.02398579,0.011294389
B:ACCTC,0.025223918,0.038294756,0.049217296,0.05310984,0.04394921,0.037489879,0.042725111,0.147682047,0.141390324,0.057988656,0.058640858,0.059837692,0.016612661,0.026835724,0.044084782,0.038595713,0.062966703,0.025173312,0.018374947,0.011806571
B:ACCTG,0.027391609,0.036280141,0.050635435,0.053610229,0.044202822,0.039067283,0.043305545,0.14560547,0.141382576,0.05608721,0.059058736,0.056539774,0.019217028,0.026915898,0.041057134,0.036421786,0.061857744,0.028179074,0.019667211,0.013517294
B:ACCTT,0.029701889,0.039986913,0.053503181,0.057161366,0.049876405,0.035974395,0.047579515,0.149676507,0.110206575,0.057364548,0.057063222,0.060738211,0.018944435,0.029393417,0.044806486,0.036933383,0.065113727,0.023091351,0.020937503,0.011946971
B:ACTAA,0.036294156,0.041896757,0.056116124,0.075784896,0.051418557,0.033096091,0.046871522,0.128136539,0.081347706,0.059111286,0.065995694,0.05022372,0.020328531,0.031661645,0.052586245,0.039787273,0.076840454,0.018982362,0.024053322,0.009467121
B:ACTAC,0.033372217,0.040642408,0.056106958,0.066759714,0.047382739,0.033665633,0.045405546,0.144262729,0.097356958,0.058740647,0.057694549,0.053831379,0.020664742,0.03144956,0.050269467,0.039102632,0.073316098,0.023242925,0.017558567,0.00917453
B:ACTAG,0.034511186,0.041075526,0.053147902,0.069143616,0.043786665,0.035015235,0.050518104,0.136047979,0.098709428,0.057805276,0.063214114,0.055385544,0.018316726,0.028515413,0.051045152,0.039771523,0.068690874,0.022926021,0.022272096,0.010101622
B:ACTAT,0.036278251,0.04390908,0.055882662,0.065353375,0.052567187,0.031406891,0.046121656,0.14015303,0.078543098,0.054534143,0.063029722,0.056607368,0.018744173,0.031766234,0.052744745,0.040946558,0.07548784,0.022202949,0.025165669,0.008555371
B:ACTCA,0.027401195,0.039819783,0.051283015,0.059099905,0.047278369,0.034446426,0.042553802,0.148483873,0.126801812,0.05716033,0.060992342,0.055803283,0.019345787,0.027566137,0.043825865,0.037911263,0.063622638,0.022615439,0.023751105,0.010237632
B:ACTCC,0.02737222,0.037851446,0.050587222,0.058102307,0.045315908,0.038595394,0.045237547,0.151565922,0.125055724,0.05752721,0.059584247,0.058691354,0.020112956,0.02543857,0.043800756,0.036898005,0.061409357,0.025594321,0.018728667,0.012530867
B:ACTCG,0.018713896,0.038704342,0.050945704,0.068665447,0.042730749,0.044154272,0.041672847,0.133924089,0.155155847,0.058936872,0.04276131,0.050083828,0.023231162,0.024779106,0.043024326,0.032430485,0.068242495,0.030035047,0.017324426,0.01448375
B:ACTCT,0.026469058,0.039742811,0.051775949,0.063785214,0.045819778,0.033613387,0.049312218,0.144683537,0.110504065,0.055391133,0.063116696,0.059638553,0.01869472,0.027358898,0.046282327,0.039246572,0.07067841,0.022702868,0.021189009,0.009994798
B:ACTGA,0.029490469,0.040174236,0.051427451,0.063762237,0.046955825,0.035588106,0.048020585,0.144324301,0.109351797,0.056279079,0.05783613,0.055275779,0.021795522,0.0282037,0.048010051,0.037482631,0.072208136,0.021892245,0.020969562,0.010952156
B:ACTGC,0.024960615,0.035730984,0.05343148,0.063721013,0.042826357,0.040216424,0.047805297,0.134590634,0.129603509,0.0579605,0.054041373,0.054708543,0.019717896,0.028515506,0.046026681,0.034026561,0.067963356,0.029977592,0.021250469,0.012925208
B:ACTGG,0.025007997,0.039108349,0.052308563,0.056871971,0.043001269,0.037142276,0.046210507,0.146433129,0.128849994,0.055524711,0.063056827,0.059034964,0.018809738,0.026382498,0.041628229,0.036331848,0.067415462,0.02343923,0.020238709,0.013203727
B:ACTGT,0.025942186,0.039831793,0.051342178,0.066323569,0.045980203,0.036655463,0.048439828,0.138555712,0.120817908,0.055721285,0.058270518,0.052794845,0.019228088,0.029604035,0.047848507,0.038375318,0.070528445,0.022941029,0.020751609,0.010047479
B:ACTTA,0.03116908,0.043421131,0.049171018,0.073696019,0.050572116,0.035058608,0.050349572,0.130335465,0.085691262,0.059494703,0.065998277,0.05334061,0.018753582,0.031194587,0.048593442,0.03957423,0.076061104,0.023067224,0.024122174,0.010335796
B:ACTTC,0.031473916,0.039835562,0.055157771,0.063067044,0.047639599,0.033014766,0.04960436,0.137399708,0.104539695,0.057779362,0.059986086,0.057942829,0.019967883,0.027737448,0.049301518,0.04150715,0.069448853,0.022545888,0.021587502,0.010463061
B:ACTTG,0.030764545,0.039095102,0.055648685,0.06367908,0.047023064,0.037344785,0.046089396,0.143506225,0.112642479,0.060518315,0.058483373,0.055662993,0.01877565,0.02826338,0.044889448,0.039098985,0.066452814,0.020922627,0.020990028,0.010149026
B:ACTTT,0.033077566,0.043951682,0.057588051,0.069831912,0.049712865,0.033333579,0.047845682,0.130840161,0.082921384,0.060469936,0.062572122,0.055165938,0.019520854,0.033806279,0.053862398,0.039668498,0.073341713,0.020562221,0.022554266,0.009372894
B:AGCAA,0.028862037,0.041515881,0.051136982,0.063981652,0.044376282,0.034893018,0.047875434,0.139545914,0.109424401,0.056099634,0.064290532,0.057388467,0.020054151,0.029328736,0.046469872,0.039679172,0.070537381,0.021268454,0.022799324,0.010472675
B:AGCAC,0.022621605,0.040480331,0.048575613,0.058761851,0.045274833,0.04008501,0.045752308,0.142722137,0.141043914,0.05404349,0.05411811,0.054392339,0.019187751,0.026400343,0.045184331,0.033863473,0.066987636,0.028570643,0.020539799,0.011394484
B:AGCAG,0.023252352,0.039617081,0.051618042,0.057513373,0.04204829,0.03706964,0.04526843,0.135922382,0.143828414,0.053995179,0.069154395,0.055530042,0.019029227,0.025759042,0.040229375,0.036480949,0.065217719,0.026640437,0.018686165,0.013139467
B:AGCAT,0.030220979,0.039709279,0.051539033,0.063690916,0.04435794,0.034327572,0.050100544,0.138502927,0.107584518,0.056548175,0.064266275,0.057937855,0.020070213,0.03087771,0.047697801,0.041606056,0.069936195,0.020803879,0.020264933,0.009957201
B:AGCCA,0.024771406,0.036972857,0.050165237,0.05363445,0.044694733,0.038590121,0.044435771,0.142623283,0.140784649,0.057104057,0.058900869,0.056997019,0.019215777,0.024775363,0.042800297,0.038259787,0.065470407,0.024685154,0.020917643,0.01420112
B:AGCCC,0.023839245,0.035733179,0.05229981,0.051521793,0.044609407,0.042507744,0.040284741,0.141240432,0.158214252,0.057549024,0.059298403,0.058276842,0.018152707,0.022244832,0.03844549,0.035085535,0.058969599,0.030149556,0.018272977,0.013304432
B:AGCCG,0.016570809,0.038875935,0.05271165,0.059917681,0.047512754,0.044443145,0.040660213,0.119601539,0.168276802,0.054652259,0.052159479,0.060879232,0.026818632,0.0211197,0.032823177,0.036895081,0.05632077,0.033121267,0.019177381,0.017462495
B:AGCCT,0.024257061,0.036837993,0.050485587,0.05329215,0.043731709,0.038088864,0.043648121,0.146011417,0.142430168,0.059460749,0.057613325,0.059272587,0.019554722,0.023999929,0.041995631,0.036468504,0.065597546,0.025953168,0.01883116,0.012469609
B:AGCGA,0.024474353,0.041224565,0.059418826,0.060300913,0.040546572,0.043401541,0.03778356,0.13035543,0.131476291,0.052283882,0.0649707,0.061014388,0.027661376,0.030380277,0.035598857,0.035172372,0.060444788,0.032876975,0.016786604,0.01382773
B:AGCGC,0.015001773,0.039971232,0.055234404,0.052234444,0.043532643,0.046532616,0.043123096,0.124896218,0.169785415,0.056620117,0.052409215,0.062387495,0.023687371,0.028536709,0.03073952,0.034545798,0.054796226,0.033158848,0.015350914,0.017455944
B:AGCGG,0.017801594,0.040264839,0.054707219,0.057256202,0.045741111,0.046885807,0.037422662,0.116942103,0.16371349,0.057379306,0.058183619,0.056173684,0.022606402,0.026456532,0.033162348,0.035424931,0.060533791,0.038182088,0.013517189,0.017645083
B:AGCGT,0.019619633,0.040553448,0.050245294,0.061427467,0.043620864,0.040491195,0.039866924,0.125367805,0.146688727,0.061122947,0.061861208,0.056897174,0.021475285,0.024952932,0.038166393,0.032762491,0.068263948,0.033439799,0.020778916,0.012397551
B:AGCTA,0.031355407,0.038333296,0.05421273,0.060526261,0.044957033,0.036331005,0.047791624,0.14143308,0.105943293,0.056445431,0.068468751,0.056354193,0.01950771,0.027109661,0.044086411,0.043070335,0.068773024,0.021201129,0.024604483,0.009495143
B:AGCTC,0.025553974,0.038054293,0.050981005,0.057690682,0.044388614,0.040701086,0.045274015,0.143385675,0.132225855,0.055710236,0.058841483,0.0573789,0.02072455,0.02285881,0.042521832,0.03869007,0.063778956,0.027615433,0.020939746,0.012684787
B:AGCTG,0.021999299,0.0382748,0.054237212,0.054883534,0.042318181,0.04044795,0.045587337,0.138839306,0.142858099,0.057044639,0.064123359,0.05498682,0.019543642,0.024516779,0.041539717,0.036788553,0.062348309,0.027796971,0.019777133,0.012088362
B:AGCTT,0.029250202,0.041570822,0.050484816,0.060603095,0.043469682,0.035572544,0.049380918,0.13501455,0.118356869,0.056968721,0.064876152,0.057192583,0.020355888,0.028010483,0.046586625,0.037521597,0.067298747,0.023709056,0.023015931,0.01076072
B:AGTAA,0.03588045,0.042984973,0.051626453,0.077469104,0.052530814,0.032633238,0.050420287,0.127007333,0.082544431,0.058337471,0.066286429,0.051648411,0.020127781,0.032788392,0.05058142,0.039334546,0.074250225,0.021213594,0.02269077,0.009643878
B:AGTAC,0.035152362,0.039016868,0.054893705,0.060659155,0.050444122,0.03559788,0.045324681,0.134179728,0.1064855,0.059219606,0.056856646,0.054679061,0.019834155,0.030147048,0.049495987,0.043280305,0.067912717,0.020729808,0.025068049,0.011022616
B:AGTAG,0.034477088,0.040731532,0.056167491,0.06835081,0.045008913,0.032623519,0.050508676,0.135931438,0.094888142,0.054961702,0.062480417,0.057047628,0.019781941,0.030874828,0.049309443,0.04019821,0.071729301,0.023048861,0.022893346,0.008986714
B:AGTAT,0.035300487,0.045983412,0.058526023,0.072618355,0.04619219,0.031714947,0.048099985,0.132277752,0.076754037,0.058619984,0.062238296,0.054756011,0.020914854,0.032851014,0.053671641,0.038588915,0.078432697,0.019504168,0.023323802,0.009631429
B:AGTCA,0.027413744,0.039012246,0.048681876,0.06259767,0.044763791,0.035690281,0.048630643,0.148319098,0.111616594,0.057872597,0.060048232,0.056183107,0.020081676,0.02763029,0.048338325,0.039093941,0.068934202,0.022914511,0.020933291,0.011243886
B:AGTCC,0.02540219,0.039694317,0.055215344,0.053698051,0.045400455,0.038395248,0.044789426,0.149780334,0.12822281,0.056931753,0.057913858,0.058405864,0.019033761,0.025554196,0.044910402,0.037488843,0.065352714,0.024498347,0.018797214,0.010514872
B:AGTCG,0.023066836,0.039058643,0.061628006,0.060867476,0.046572436,0.042887897,0.043660789,0.130084937,0.139280247,0.05612636,0.054214847,0.058361854,0.019995692,0.02442124,0.038998707,0.030285143,0.065310718,0.026761116,0.023895306,0.014521751
B:AGTCT,0.028357161,0.038803675,0.05316051,0.06172067,0.045878387,0.035391221,0.046677483,0.141597131,0.114007116,0.058656945,0.064555786,0.056746265,0.018489679,0.026882298,0.042718495,0.039194211,0.069731093,0.023165066,0.023177217,0.01108959
B:AGTGA,0.029623576,0.041045795,0.049240739,0.063836042,0.043824064,0.034870573,0.04726687,0.144939555,0.113155056,0.056412212,0.05843327,0.057321235,0.020284939,0.030303521,0.047715583,0.039798976,0.067565915,0.021291021,0.022188497,0.010882561
B:AGTGC,0.023511904,0.041165772,0.050110384,0.060711344,0.04645745,0.037042732,0.047807579,0.134012782,0.139305549,0.059393725,0.053552553,0.055502684,0.01992337,0.025367596,0.044834578,0.032844869,0.066975926,0.029591329,0.019948527,0.011939347
B:AGTGG,0.025647878,0.035465629,0.054597364,0.057685909,0.041623934,0.037190246,0.044172379,0.147656713,0.129761432,0.057399938,0.060911119,0.057033568,0.018216846,0.025968593,0.044370753,0.040180502,0.063528797,0.026915731,0.019602205,0.012070465
B:AGTGT,0.025020835,0.038734736,0.051054381,0.064343396,0.046863251,0.038023242,0.04664272,0.146890054,0.12136049,0.055773851,0.05786822,0.054344721,0.018622276,0.027974801,0.045991788,0.037101131,0.069737733,0.023264513,0.020901634,0.009486226
B:AGTTA,0.034556095,0.041636594,0.05401475,0.075000755,0.053080911,0.035959216,0.048649731,0.132706834,0.084719922,0.058986447,0.062161596,0.05319891,0.019243872,0.032770219,0.049766033,0.038254714,0.075443901,0.019597228,0.021883189,0.008369084
B:AGTTC,0.028702793,0.042688642,0.05224125,0.060234881,0.047219378,0.036191953,0.044950663,0.143028439,0.115551535,0.060479502,0.056848617,0.057960132,0.017535372,0.027483613,0.047798818,0.03503855,0.069815837,0.02287764,0.020737152,0.012615234
B:AGTTG,0.030416341,0.038832381,0.055205974,0.06536477,0.046629855,0.033989937,0.049790181,0.144869259,0.102978563,0.056200244,0.063480326,0.054148302,0.019306212,0.027502641,0.048617252,0.039692193,0.069684444,0.021373639,0.021401723,0.010515765
B:AGTTT,0.030588536,0.040586087,0.056184762,0.071184727,0.050910947,0.033374912,0.047059549,0.132944933,0.090141288,0.055385063,0.064642486,0.054767137,0.022167104,0.032388613,0.051061706,0.039214841,0.073106732,0.02224733,0.022069693,0.009973554
B:ATCAA,0.036141327,0.039210214,0.055224183,0.059894088,0.047356266,0.031956431,0.0480861,0.143689851,0.094854287,0.055288267,0.066133578,0.05636677,0.018427831,0.03072782,0.050078413,0.039360466,0.069766608,0.019724049,0.027298987,0.010414464
B:ATCAC,0.03055152,0.0418822,0.052117095,0.063257192,0.044322497,0.034480189,0.049121829,0.145955813,0.099933522,0.05437228,0.062344469,0.059230138,0.017878927,0.028729258,0.049852045,0.040618688,0.06933406,0.023126942,0.021798228,0.011093109
B:ATCAG,0.029862115,0.03838965,0.055945519,0.061621967,0.044610155,0.035745142,0.0462057,0.142686059,0.097335178,0.0575957,0.065485214,0.059446708,0.018672178,0.028242605,0.053308294,0.039957896,0.067095278,0.021963069,0.024359257,0.011472316
B:ATCAT,0.038231177,0.044486207,0.054435614,0.067259022,0.046376255,0.03614376,0.042493404,0.135119879,0.080457627,0.054804306,0.069212075,0.053842292,0.018745032,0.029533356,0.056119315,0.046007323,0.071563428,0.019335602,0.026486505,0.009347819
B:ATCCA,0.030131922,0.036542435,0.058566448,0.053683134,0.046436925,0.03341024,0.043048741,0.159232963,0.103209365,0.053516851,0.067933251,0.056427635,0.017239201,0.027412679,0.049817025,0.0421169,0.063878871,0.023147513,0.022670789,0.011577112
B:ATCCC,0.027168473,0.035560567,0.053060026,0.05408306,0.045405029,0.038494697,0.041326242,0.155171321,0.132845158,0.059320028,0.068015843,0.058942772,0.016811671,0.024215758,0.041451979,0.035599315,0.057346285,0.022588331,0.020497016,0.01209643
B:ATCCG,0.022932994,0.035330765,0.053696652,0.065311996,0.049614007,0.040067168,0.041198608,0.133377637,0.135405929,0.056323124,0.062644997,0.069339548,0.021015651,0.024666931,0.038988576,0.034482453,0.055046362,0.025148108,0.019496535,0.015911958
B:ATCCT,0.030796514,0.03860123,0.053493723,0.059003987,0.044675352,0.036327683,0.043900896,0.15692703,0.107090851,0.058288759,0.060251546,0.056613202,0.017253665,0.027764118,0.04912428,0.041401067,0.062389973,0.022617597,0.022540512,0.010938013
B:ATCGA,0.023907863,0.037456938,0.075548289,0.056340835,0.037066926,0.045841245,0.038528882,0.143884957,0.104520869,0.051114926,0.054403707,0.064323297,0.023518152,0.035869777,0.049460532,0.037729292,0.056191047,0.023738088,0.022479888,0.018074491
B:ATCGC,0.025580735,0.038050934,0.05918625,0.059518857,0.046171881,0.043601501,0.03607362,0.13455617,0.134813092,0.051147827,0.070428834,0.060586204,0.017514156,0.032310093,0.040823968,0.033923504,0.063837941,0.024500599,0.015570257,0.011803576
B:ATCGG,0.023648282,0.033663002,0.044625032,0.061077725,0.043011068,0.041437686,0.044537799,0.146893174,0.125972711,0.055710362,0.065828681,0.067546006,0.021121965,0.029126917,0.036714091,0.038629106,0.055851416,0.028494605,0.019249758,0.016860615
B:ATCGT,0.02224861,0.040831991,0.05492308,0.065999697,0.038553313,0.041632813,0.048476484,0.143278551,0.104078235,0.063075293,0.066403642,0.054556353,0.021539748,0.031543702,0.035244021,0.040973033,0.072358062,0.019892795,0.023544839,0.010845738
B:ATCTA,0.034312314,0.040872231,0.054963891,0.070472637,0.045017256,0.033965402,0.045850165,0.143310187,0.079885188,0.05859273,0.066415049,0.053656647,0.016872781,0.028142446,0.051317738,0.045074944,0.078252163,0.021963346,0.023735636,0.007327248
B:ATCTC,0.028411337,0.038042359,0.05244622,0.058140864,0.048111619,0.033619882,0.046397766,0.145968386,0.11327702,0.060568268,0.06574624,0.057528765,0.017425267,0.027016015,0.048003112,0.038981528,0.065717393,0.021473818,0.021925674,0.011198467
B:ATCTG,0.027670356,0.040664228,0.054503616,0.059624148,0.047118194,0.035548442,0.045337757,0.145646185,0.110761087,0.055927829,0.062555119,0.060328255,0.01779866,0.027293103,0.048997957,0.038520498,0.067959693,0.021153895,0.021572239,0.011018739
B:ATCTT,0.034723461,0.041806501,0.053951122,0.066454852,0.046648139,0.031367479,0.048367669,0.143203067,0.090431984,0.059703006,0.064678172,0.057056542,0.018270064,0.030977145,0.04816265,0.038546784,0.069620136,0.019633222,0.026393682,0.010004326
B:ATTAA,0.036141663,0.0452159,0.056092984,0.072097878,0.051307714,0.032518477,0.05143951,0.125005315,0.074894039,0.058006556,0.068658223,0.056657041,0.020876097,0.035578497,0.051688303,0.037468271,0.076007117,0.019395248,0.023428977,0.007522189
B:ATTAC,0.035597669,0.042721612,0.054898224,0.074856383,0.053202244,0.034692171,0.050012632,0.126371716,0.079576327,0.058241158,0.066233462,0.054135358,0.018559266,0.032811522,0.050786956,0.037997453,0.074979698,0.021556831,0.024199076,0.008570243
B:ATTAG,0.037695389,0.03991406,0.055419944,0.075286079,0.051577731,0.029575046,0.050615341,0.133093064,0.075596897,0.056370071,0.071044262,0.054233797,0.019747808,0.030119267,0.048354185,0.043019794,0.075792448,0.018926042,0.025813536,0.00780524
B:ATTAT,0.038248384,0.044322756,0.054843903,0.080250985,0.048363569,0.032185166,0.051473919,0.12971599,0.066460686,0.056691861,0.068939521,0.049630934,0.02163077,0.034942461,0.051646814,0.039625198,0.077187448,0.019051173,0.026856663,0.007931798
B:ATTCA,0.033786433,0.039009791,0.05591269,0.064563071,0.046535231,0.035123562,0.049623512,0.143096378,0.080118143,0.051807396,0.066480568,0.058476975,0.02016344,0.032035878,0.051342782,0.043415332,0.074925027,0.021777971,0.024160045,0.007645774
B:ATTCC,0.035236796,0.037035,0.051646128,0.056921295,0.046396557,0.03440415,0.048631747,0.152929113,0.094716478,0.054409228,0.06855772,0.057100557,0.019920179,0.028771057,0.049442207,0.040431053,0.067060926,0.021530992,0.024320966,0.01053785
B:ATTCG,0.03381379,0.044352963,0.060512941,0.068305431,0.044719283,0.039029078,0.050814809,0.138007042,0.102186439,0.05304727,0.062568901,0.055548906,0.018666713,0.031088353,0.036465924,0.042467341,0.058554721,0.024688574,0.025066188,0.010095332
B:ATTCT,0.035037767,0.042290778,0.053584541,0.067821248,0.049871768,0.03361102,0.05168674,0.144014002,0.080879767,0.055306699,0.064720678,0.054817347,0.018167967,0.031809397,0.049871297,0.040707595,0.072511267,0.020601729,0.023996516,0.008691877
B:ATTGA,0.036293489,0.040606542,0.056278971,0.062924317,0.049183879,0.030887779,0.04972961,0.140237683,0.084287727,0.053794626,0.070593826,0.058948994,0.019937696,0.030455635,0.050870839,0.039760183,0.069620808,0.019147334,0.026921063,0.009518999
B:ATTGC,0.032923141,0.039717217,0.056013875,0.064799225,0.045228428,0.03455824,0.046670923,0.14425718,0.088211073,0.051699322,0.065135434,0.059566402,0.022069902,0.031242744,0.048520114,0.042626173,0.06764553,0.021145895,0.026168973,0.011800209
B:ATTGG,0.03339858,0.038525773,0.056898686,0.061504754,0.043696694,0.033377019,0.044397469,0.158834869,0.095082863,0.058044463,0.064197909,0.056445367,0.018288831,0.025908508,0.050480569,0.041028478,0.062718835,0.021055902,0.025174787,0.010939646
B:ATTGT,0.036538985,0.040559089,0.0595254,0.067305345,0.046844418,0.035653457,0.048382985,0.143271725,0.082547238,0.05321711,0.066305791,0.054596439,0.01884812,0.032154765,0.046716675,0.04333256,0.071795732,0.01831703,0.024407798,0.009679336
B:ATTTA,0.035637435,0.045586084,0.052012225,0.077582953,0.054175389,0.033708712,0.050687894,0.131853313,0.072692014,0.055960979,0.069435797,0.052325522,0.020387282,0.033652564,0.050289746,0.037899612,0.074736834,0.019291363,0.024159216,0.007925064
B:ATTTC,0.036604574,0.041013321,0.056633301,0.067035479,0.04804247,0.034222966,0.05300443,0.134581039,0.077915273,0.054778142,0.069499867,0.05506233,0.021215398,0.034512238,0.052002651,0.039686321,0.072722937,0.018905762,0.023228437,0.009333062
B:ATTTG,0.036099012,0.043015289,0.055680646,0.065450234,0.048864356,0.030139884,0.050800059,0.13709302,0.081160628,0.054495565,0.067845684,0.054804525,0.018840893,0.031182323,0.054027347,0.042093539,0.074289787,0.020566472,0.024871439,0.008679297
B:ATTTT,0.036053585,0.044909282,0.057375749,0.076005732,0.051775131,0.032020598,0.048556164,0.132913585,0.072761193,0.058579912,0.066466341,0.050580102,0.020761435,0.036334882,0.052186502,0.037620348,0.07379434,0.018634025,0.024274463,0.008396631
B:CACAA,0.029286515,0.03724509,0.054765923,0.062991782,0.046504493,0.036834339,0.04624024,0.148046055,0.113689441,0.052941283,0.06493832,0.05444152,0.016851177,0.029302828,0.046210143,0.039040296,0.068031621,0.021918623,0.021070771,0.009649539
B:CACAC,0.022265138,0.033897118,0.044223573,0.055919339,0.047863027,0.037290957,0.043109743,0.153980745,0.132440215,0.055141026,0.063809571,0.062714598,0.014826238,0.022734253,0.047799585,0.034238863,0.078996818,0.020398574,0.017628415,0.010722205
B:CACAG,0.021788603,0.037448148,0.049700168,0.05410091,0.041954587,0.039677055,0.044052677,0.147913319,0.14457874,0.053011787,0.060141437,0.056335618,0.01830116,0.025752104,0.044946785,0.03667769,0.068414402,0.024353287,0.019337951,0.011513573
B:CACAT,0.027874281,0.038004867,0.053146281,0.060306797,0.050039293,0.039452309,0.045205369,0.15002842,0.107918046,0.052954344,0.063470963,0.059066826,0.016709912,0.028432087,0.047738643,0.03815426,0.07095769,0.02115033,0.019891742,0.009497542
B:CACCA,0.024365354,0.038354309,0.051548563,0.051852073,0.046111778,0.040306476,0.04117302,0.146805829,0.144383419,0.056007997,0.054822178,0.058009547,0.01814677,0.027292129,0.044235124,0.035854279,0.061472364,0.026471578,0.018669191,0.014118023
B:CACCC,0.024331875,0.035833814,0.049850564,0.050492098,0.040940993,0.042438643,0.039144677,0.150487243,0.15520231,0.055081595,0.06120194,0.058554458,0.018039215,0.020515494,0.037746265,0.037923542,0.058062109,0.032447147,0.018052655,0.013653365
B:CACCG,0.01805727,0.041432825,0.055296171,0.056363994,0.047834985,0.041701197,0.036530187,0.128776616,0.164839579,0.05002666,0.058224574,0.057272588,0.023862924,0.025409041,0.033607908,0.038882692,0.05599826,0.03550621,0.016857229,0.013519089
B:CACCT,0.026919251,0.038140939,0.050334066,0.052968951,0.042812023,0.038797627,0.044018386,0.148793079,0.145287114,0.055304564,0.055171758,0.059981075,0.019112411,0.02540951,0.038061455,0.036516318,0.063111577,0.026492819,0.019546342,0.013220735
B:CACGA,0.021879021,0.037531913,0.048401695,0.05544362,0.042345609,0.05076431,0.041882,0.1341825,0.149854517,0.057773299,0.064392421,0.051631112,0.02038159,0.026760804,0.038826896,0.035098486,0.06148913,0.031266601,0.019251146,0.010843331
B:CACGC,0.016335337,0.038798136,0.050724101,0.057407209,0.048943906,0.048211023,0.039664906,0.12587581,0.170032726,0.058334312,0.055382514,0.056445513,0.019924815,0.024238492,0.03184663,0.032547734,0.062864801,0.032138638,0.015103662,0.015179735
B:CACGG,0.016371916,0.035342936,0.051245318,0.057806971,0.042216442,0.051293049,0.042001012,0.12466892,0.175031723,0.056749348,0.05905278,0.054450944,0.022844258,0.024678367,0.033151486,0.032371312,0.056772143,0.030315863,0.016054906,0.017580306
B:CACGT,0.022507259,0.040705286,0.05095747,0.058025433,0.044922935,0.047871902,0.043020746,0.134962083,0.145583763,0.052594471,0.052419928,0.053604468,0.021422631,0.023896082,0.035335555,0.039779805,0.066198127,0.030475037,0.018095847,0.017621174
B:CACTA,0.031097819,0.041459534,0.054148717,0.064821123,0.046420858,0.034568855,0.046077209,0.146933599,0.103197318,0.054660831,0.058135888,0.053855505,0.019696135,0.029454177,0.050214029,0.040377318,0.068527877,0.023200857,0.022966316,0.010186036
B:CACTC,0.023617156,0.038331301,0.049282305,0.06080907,0.043463962,0.037243788,0.044366737,0.14756102,0.134424668,0.055366447,0.060398805,0.05790328,0.01801077,0.027441319,0.044485925,0.036688693,0.064238044,0.025866099,0.020096382,0.010404229
B:CACTG,0.022637107,0.036166581,0.050258748,0.059700457,0.042874085,0.038636903,0.046690474,0.143007711,0.139836063,0.056383409,0.055233701,0.055442774,0.01937758,0.0273492,0.043338555,0.036588352,0.066622043,0.028281425,0.019409607,0.012165225
B:CACTT,0.029912055,0.041951205,0.052576675,0.063396144,0.046756115,0.035236838,0.048002649,0.140226556,0.110148699,0.061067274,0.059420638,0.056801654,0.019786488,0.026782406,0.047547418,0.038581783,0.06882136,0.020752316,0.021639852,0.010591874
B:CATAA,0.037793784,0.04306614,0.052403376,0.070188775,0.050288914,0.031452664,0.048985687,0.136566827,0.078916719,0.059262327,0.068748906,0.054329035,0.019070324,0.033277464,0.048564658,0.038022882,0.076338466,0.020215556,0.024361281,0.008146214
B:CATAC,0.029236886,0.043089787,0.047511168,0.059716382,0.053348926,0.036658844,0.042192084,0.144706179,0.103440563,0.056439816,0.06657534,0.059373011,0.018090173,0.031206428,0.048127006,0.037159996,0.070922232,0.018888981,0.022070293,0.011245907
B:CATAG,0.034882897,0.040049533,0.055922809,0.054574914,0.047190357,0.034011085,0.044873305,0.149279268,0.098780978,0.052090371,0.06487166,0.057517936,0.016681904,0.029464083,0.050670214,0.043685472,0.070860318,0.021493562,0.022013375,0.011085959
B:CATAT,0.036782719,0.042573274,0.057754638,0.065558697,0.052193217,0.032520689,0.043795134,0.144157091,0.078196248,0.051821649,0.072058326,0.054080336,0.020528481,0.032623111,0.049519891,0.045325333,0.072851778,0.017254322,0.02333694,0.007068126
B:CATCA,0.031218789,0.040942494,0.054462615,0.059024431,0.043793904,0.03619938,0.044602267,0.145010931,0.106524795,0.05631694,0.064416704,0.058155246,0.017877588,0.025976391,0.051025831,0.041068946,0.065646207,0.0218504,0.023899105,0.011987037
B:CATCC,0.028749679,0.03459551,0.055305349,0.05301224,0.043155756,0.040421398,0.041373676,0.15330483,0.126657674,0.056851637,0.06543135,0.059377299,0.017728256,0.024810995,0.042851115,0.038074626,0.059640294,0.025348078,0.020002273,0.013307964
B:CATCG,0.018486997,0.037137281,0.054307093,0.059479436,0.042829644,0.049042815,0.044750514,0.135648097,0.134175822,0.05558925,0.068023406,0.05726414,0.023529676,0.026001954,0.03594923,0.041271551,0.058613123,0.026360745,0.016179018,0.015360209
B:CATCT,0.029542387,0.039073207,0.052825077,0.062918637,0.045021503,0.034547894,0.046077717,0.146201117,0.115542319,0.054673682,0.063811192,0.059585438,0.017812239,0.024125373,0.04619946,0.038786127,0.067733321,0.021748988,0.022144827,0.011629495
B:CATGA,0.028061296,0.039795856,0.050447675,0.059323785,0.046511713,0.035133335,0.044649166,0.145626161,0.106955435,0.055106984,0.062233236,0.055594658,0.02019939,0.025998851,0.05127307,0.044150789,0.072136316,0.02318071,0.024227245,0.009394329
B:CATGC,0.02678814,0.03750479,0.047323002,0.058398626,0.042082333,0.040537179,0.045907649,0.14043087,0.139764133,0.055427912,0.061998856,0.05407758,0.018493093,0.02725607,0.045185519,0.037198737,0.067713299,0.024394408,0.017642751,0.011875054
B:CATGG,0.026344177,0.036143806,0.047770415,0.052820294,0.044639397,0.040113318,0.04289325,0.153297215,0.133004094,0.055558355,0.059788387,0.058494112,0.018416506,0.02500406,0.04415376,0.038520088,0.064632903,0.024185558,0.020345571,0.013874733
B:CATGT,0.026677938,0.039920249,0.047675372,0.059644325,0.046669249,0.041002156,0.045790379,0.151641285,0.107772695,0.058397799,0.060566851,0.054569576,0.017606955,0.030155534,0.049121562,0.038075087,0.072375599,0.021202128,0.021291373,0.009843889
B:CATTA,0.0328234,0.042382538,0.052371036,0.072726292,0.046921387,0.035437963,0.050216543,0.131434967,0.081112375,0.056271134,0.070492463,0.054784608,0.022060453,0.033036357,0.051040685,0.038416857,0.075648494,0.021763595,0.022925151,0.008133705
B:CATTC,0.03357518,0.040231493,0.054150097,0.061090809,0.043367288,0.036000884,0.049293664,0.146923225,0.09564031,0.0507244,0.065707269,0.057754038,0.021264978,0.029738949,0.047821973,0.041261149,0.072165704,0.022052585,0.022123625,0.009112378
B:CATTG,0.034064263,0.040808118,0.056204101,0.059692444,0.042732374,0.035558406,0.048611252,0.15009102,0.092097132,0.054246214,0.063528709,0.063836365,0.018827264,0.027100318,0.043940683,0.043218746,0.068345625,0.018898018,0.026143995,0.012054951
B:CATTT,0.034628676,0.040550919,0.053621571,0.069860949,0.047754959,0.034139202,0.053394984,0.137596025,0.078404182,0.055187643,0.067625534,0.057111356,0.021010142,0.032506976,0.053000871,0.041253585,0.071396847,0.018735842,0.023365682,0.008854056
B:CCCAA,0.028945395,0.037227429,0.056443085,0.051939762,0.048756,0.036634454,0.043204541,0.153192819,0.121675835,0.056531586,0.062899601,0.057595684,0.017709822,0.02446968,0.04656564,0.036422159,0.061769128,0.025158026,0.021961917,0.010897437
