,,X,Y,1,2,3,4,5,6,7,8,9,10,11,12,13,14,15,16,17,18,19
B:ACA, 0.027759207201959554, 0.00018162110008848595, 0.03948249093160178, 0.051587200130931356, 0.0616686058164672, 0.047385719043315296, 0.03711877477187912, 0.04543873826753318, 0.14401980907246323, 0.11504163491390232, 0.055517441736858415, 0.06271363981430025, 0.05650221103178983, 0.01821464562601336, 0.028571297727522448, 0.04760357458257105, 0.03804505451742576, 0.0705260259447162, 0.02150568802792263, 0.020702463657021664, 0.010414156083716545
B:ACC, 0.02692916467251035, 0.00020101093728304632, 0.03831303599966326, 0.052212828020765746, 0.05490204268761267, 0.04607922551295627, 0.03811594335122713, 0.04308750157504952, 0.14733762708380532, 0.13116295002435022, 0.056119445005001205, 0.059772488640195555, 0.05887848479150814, 0.018311021319564837, 0.026430743160793524, 0.042863158037464696, 0.03685379421652725, 0.06315190799251906, 0.02609982326931773, 0.020499803672932727, 0.012678000028951582
B:ACG, 0.020831133107315436, 0.0001336466886594942, 0.03949466797305573, 0.05063155077031359, 0.06122110343143493, 0.04467644287709327, 0.04466341294533177, 0.043750706681983456, 0.1298537261333492, 0.14649134493435534, 0.05648662072453419, 0.058827726896969953, 0.054353497622995385, 0.02112593742443903, 0.02557609840809149, 0.03772681853201763, 0.03583797896994217, 0.06576187446718185, 0.02946917205277425, 0.018881779060725922, 0.014204760297436083
B:ACT, 0.029531736120531473, 0.00018441922030420683, 0.04028510867941953, 0.05322128001637299, 0.06487945287229846, 0.046953893950149726, 0.035407156892307265, 0.04724458794815691, 0.1401138878172266, 0.1085992085577808, 0.057541947994604645, 0.060548609131666944, 0.05566057607323149, 0.01957544236425043, 0.02897305875418427, 0.04768426555125956, 0.03843808836297513, 0.06994439682922965, 0.022952794990387562, 0.02163251755385274, 0.010627570319809482
B:ATA, 0.035667461587853125, 0.00014186868559297713, 0.04370998315303006, 0.055945347488793956, 0.06903150844331253, 0.05030359630242035, 0.032817011566310915, 0.04657692857975101, 0.13957850163951782, 0.0783014359952309, 0.05574940579176215, 0.06956758926410678, 0.053143594995241725, 0.019680263931985215, 0.03325635941977524, 0.04978883327301683, 0.041084248467483334, 0.0739639245002474, 0.018867963550504668, 0.024437952951328456, 0.008386220412734752
B:ATC, 0.031048329936205505, 0.00031804884589780555, 0.03945475076617579, 0.05459040130955291, 0.061077027504062, 0.04590086352608374, 0.035010547679669574, 0.0452501412520378, 0.14672974405030537, 0.10249219182648953, 0.05709135881677643, 0.06511242020361967, 0.05764065835593417, 0.017945877616899995, 0.028312939696845472, 0.049023227371256695, 0.04020724733459437, 0.06695192322620429, 0.021615670556173413, 0.023370807518863796, 0.010855822606351774
B:ATG, 0.03105249577371844, 0.00032187488324243285, 0.039810832494917146, 0.05227570686282821, 0.06130618001356287, 0.04616493628804296, 0.03646985920627373, 0.04634735060027405, 0.14505233082091007, 0.10378073683814372, 0.05528281501037295, 0.06496693950392621, 0.057216173029735036, 0.01910941114425638, 0.02861514112243287, 0.04810253002443377, 0.040231963222799115, 0.06954035017944354, 0.021488313457667024, 0.02226858735219157, 0.010595472170828207
B:ATT, 0.03577268252879216, 0.00019791662378593398, 0.04219350965075371, 0.0555382714171942, 0.06980242925377393, 0.049389354561624986, 0.03308030694721705, 0.04995186458484328, 0.13743898192272555, 0.07920482026172314, 0.05561583003158744, 0.0675794052291457, 0.05460690065186215, 0.020023331889670103, 0.03272460663985001, 0.05072636381846298, 0.040090735327746055, 0.07279993778800627, 0.019849693802032733, 0.024612573322456904, 0.008800483746745743
B:CCA, 0.0265254205834825, 0.00021279373253744224, 0.03705237465362258, 0.053053787493208514, 0.05380571303463346, 0.04506064099283476, 0.03830719664655378, 0.04321538914154011, 0.14880204514753478, 0.13222192352947457, 0.05674371006034926, 0.061121870860425476, 0.0585281489730273, 0.018258613870186537, 0.02548849938034469, 0.04282427038547916, 0.03720630982461096, 0.06282645093788282, 0.02543653621791965, 0.020444660483005497, 0.012863644051345987
B:CCC, 0.024859193265969463, 0.0002451834776882283, 0.036099813236639806, 0.05329730912038092, 0.05144140869341783, 0.044229783801846986, 0.04039167937124806, 0.04114456835774794, 0.1486946856764385, 0.142885099635174, 0.05552203863184853, 0.06335445164793616, 0.05958370375755023, 0.018158825377663182, 0.022530335520231457, 0.03925817990862417, 0.03667501611603638, 0.05908655459743319, 0.02894247082796518, 0.019675935582157245, 0.013923763396002195
B:CCG, 0.01770584186732099, 0.0001227029408628425, 0.03879504962916826, 0.05752624056500905, 0.05254261231804481, 0.04549290799615181, 0.04534111165443228, 0.038673506024718106, 0.12925901033066617, 0.16014185436613926, 0.05475270429190921, 0.05568207672301623, 0.05976523103996199, 0.024811440689730197, 0.025248783306840192, 0.03313500339023747, 0.03662108177148087, 0.05623643496114147, 0.033560146283244725, 0.016928499583531396, 0.017657760266392875
B:CCT, 0.02699474802081247, 0.00028038520997622236, 0.03745112672527361, 0.05181382745517419, 0.05434505524684482, 0.044741540177025974, 0.03796940537307766, 0.04439913309548392, 0.1466777696790201, 0.13250402972694297, 0.05642642461257414, 0.06109212008085305, 0.05861760971938752, 0.018627360606381864, 0.024807926448589916, 0.0429646437783965, 0.037830120100718886, 0.06334842005986194, 0.025838120331824376, 0.020537708450215124, 0.012732525101564746
B:CTA, 0.03263725428831775, 0.0002010510173690375, 0.03996245318847329, 0.053343395805740525, 0.06358524584064133, 0.04632762543718993, 0.033807915528684424, 0.047803745289855364, 0.1411461264507536, 0.10177647016940806, 0.0561587972787624, 0.06421482258722137, 0.05634020711898693, 0.018838115059613733, 0.028911546223638538, 0.04806606231831638, 0.040609425179289116, 0.07094645767079955, 0.022542517742833845, 0.02277981321788811, 0.0100009525862166
B:CTC, 0.026016150482647937, 0.0002911691882872596, 0.03828533683188201, 0.05098213159604827, 0.05581100609904542, 0.045293391122013485, 0.03759316715829105, 0.04420445871386612, 0.14601252415258043, 0.12883841883330596, 0.05672991973235061, 0.0621108692515402, 0.06010156355921238, 0.01895139440111747, 0.02460798281048218, 0.042474513069294687, 0.03924644710061711, 0.06408243149914186, 0.025349550391649166, 0.020882160675212372, 0.01213541333141365
B:CTG, 0.024457334118786502, 0.00017996726461427283, 0.037756913846449795, 0.05159715644320267, 0.05582734204366967, 0.04458429318690352, 0.038828692208230764, 0.04433991369353048, 0.14330761570523445, 0.13693720092409528, 0.05677386008758251, 0.060748180397459904, 0.05726002615213641, 0.01888933140725591, 0.02565249823397169, 0.04310696673685139, 0.03652713174714223, 0.06464284590688224, 0.02611501051157594, 0.01968402904842078, 0.012783690336003566
B:CTT, 0.030366666352681686, 0.0002861115427579262, 0.040705968314753586, 0.05313102619010005, 0.06288025025025773, 0.04712672939138669, 0.034974960978515705, 0.04780034320502753, 0.14014229154198696, 0.1082084011231896, 0.05738077705509175, 0.062198819306615596, 0.05726956856003752, 0.019103234471846205, 0.028196680508709063, 0.04668713740674312, 0.038947675991544216, 0.0689635752188129, 0.02214105650824524, 0.022716340166299673, 0.010772385915397005
B:GCA, 0.02566030957301186, 0.00021208641104884882, 0.03796934454959552, 0.051707397817473584, 0.05857966866384674, 0.04339612363577946, 0.03880970303618052, 0.04599928298000888, 0.14023949018670545, 0.13165007584453006, 0.05586040773020113, 0.06266700017580262, 0.056939294155057, 0.019274270483590126, 0.026299798159458918, 0.043486483316135034, 0.037050209044903575, 0.06605203215165054, 0.025870735268541882, 0.020028010087143132, 0.012248276729334994
B:GCC, 0.02369225391261784, 0.0001895674696674778, 0.036225046616981, 0.053257722621741534, 0.0511129619723041, 0.04387838424770474, 0.04056054944226393, 0.0424699458575801, 0.1420414257782753, 0.14961977595863027, 0.05730168814534447, 0.05882351140866355, 0.05844639301596864, 0.0199883024667245, 0.023996960287967137, 0.03950244434073731, 0.036309167164812715, 0.06061290138729565, 0.028442781475642585, 0.01875220864909877, 0.014776007779978426
B:GCG, 0.01866624346621552, 0.0001932051237324895, 0.03784947397113836, 0.05915347740642567, 0.05400644235568256, 0.043285385625883945, 0.04539630176414003, 0.038757918735714485, 0.1236765412467064, 0.16394557730498524, 0.05572722351515096, 0.055001001017701244, 0.0582367859269365, 0.02533623258474789, 0.0265892227233182, 0.03220377107843574, 0.03695535765517336, 0.05676189040292058, 0.0362338168566845, 0.015078402861691577, 0.016945728376614507
B:GCT, 0.025088471361651408, 0.00015460842478091114, 0.03887116626620986, 0.05161816530863068, 0.05755522996998206, 0.04392097452620942, 0.038568782044219395, 0.04536350542210929, 0.13910325485132088, 0.1345804339794968, 0.056421579683376626, 0.061898908032706874, 0.057003613786433996, 0.01989932988735663, 0.025871117662334776, 0.042514908503962515, 0.037567662180033684, 0.06527451857205906, 0.026110592897937608, 0.02033326195581295, 0.012279914683374497
B:GTA, 0.03186173207783677, 0.00017599401848042448, 0.04106703008191259, 0.05290284628035701, 0.0661439889481197, 0.04881350158390111, 0.03547791541401866, 0.04696778045382115, 0.13823626547569337, 0.1011624332203012, 0.05658026298585681, 0.062035463228870026, 0.05569487888708672, 0.019462368272119186, 0.03119013905729424, 0.048258776931759506, 0.03930226018065987, 0.06994725972469511, 0.022121688918759753, 0.022378318073053693, 0.010219096185402956
B:GTC, 0.025495100031318677, 0.00023474729190318093, 0.03888807025842231, 0.05181496041959056, 0.05744792522502554, 0.0452455629854513, 0.03829565977685208, 0.04396511881158549, 0.14611744538215804, 0.12987127422000883, 0.05597033116908814, 0.06053963111365399, 0.05730204747475199, 0.019111680249503094, 0.02584902364438512, 0.04361240886068431, 0.037423598051944854, 0.06559860259894011, 0.0244936058657904, 0.020472919512832293, 0.012250287056109702
B:GTG, 0.024602653430001214, 0.00015652613778845403, 0.037494034967924264, 0.05030597413342106, 0.057371624415298826, 0.04516302131235832, 0.039155369237856334, 0.0439726221947047, 0.14651389069690174, 0.13423208152192428, 0.05513188327465559, 0.05975324437047057, 0.057718742859078534, 0.018105043071402992, 0.025962413858093957, 0.04401986438145455, 0.03680882026684103, 0.06751380729360777, 0.024961917873426387, 0.019304639543752892, 0.011751825159036665
B:GTT, 0.03011123989670287, 0.00018422819427155423, 0.041072033249971544, 0.05424272053723952, 0.06436438364948721, 0.04853399626796839, 0.03550907849007112, 0.0468227420449312, 0.13914040870475683, 0.1041074665629153, 0.0578757688520988, 0.06266232350928168, 0.055734883893014966, 0.018921514075374686, 0.029850021532338785, 0.04836987647156912, 0.03798128282778634, 0.07025676002578707, 0.021906017876249236, 0.021791400091076742, 0.01056185324710707
B:TCA, 0.029703688797914383, 0.00029215111951316476, 0.040136496132836506, 0.05237978570918298, 0.06120665158939292, 0.04579080532235412, 0.035914476229567914, 0.04667052002950298, 0.14467935166750404, 0.10962830791896824, 0.056089888686146644, 0.061641176606335224, 0.05686788631605513, 0.019546912598246913, 0.028105431928438295, 0.04782648107944424, 0.039353296649652, 0.06825536972486829, 0.022798187641399934, 0.02224417408257016, 0.01086896017010613
B:TCC, 0.027124810776534874, 0.0003012629541328376, 0.03765354097485244, 0.05307229666059054, 0.055532800147433115, 0.0449747875139814, 0.03778341389707974, 0.044311778100887024, 0.14853392700021587, 0.1253391941744301, 0.055950647732684156, 0.0627639408267243, 0.058736054722772366, 0.01869525064034904, 0.02513671517152392, 0.04350614888111195, 0.038819122189953266, 0.06353592377794107, 0.024781373446438926, 0.02110997573089337, 0.012337034679469656
B:TCG, 0.022753697766802593, 0.00013460914425104974, 0.03962430607247002, 0.056752264573417685, 0.05945610460255967, 0.04498845480313458, 0.044214663919771524, 0.040069579936596024, 0.13342246171849495, 0.1390077140045639, 0.05764290269209573, 0.05683538389594351, 0.05758062870127381, 0.022525142406535175, 0.026188649001340013, 0.039319708525040846, 0.03662382863157908, 0.060259836273312266, 0.029089457432882944, 0.019341072375782725, 0.014169533522151825
B:TCT, 0.029214537743489585, 0.00030141608208826423, 0.039700710632766006, 0.05205985757121694, 0.06004565386777161, 0.04704788188749011, 0.03497373876132656, 0.04635788612990812, 0.14387360652713313, 0.11101351660865766, 0.056972133161697976, 0.06404354127627089, 0.05921522868962394, 0.018124714795102585, 0.027069179716694407, 0.04582489593941026, 0.03991975473140928, 0.06843940938860216, 0.022466711560615752, 0.022461238736622056, 0.010874386192102676
B:TTA, 0.03392767831368481, 0.00011410941287894803, 0.04362020392426395, 0.05422488117364035, 0.0727612401423698, 0.05093854009296591, 0.03349001977295581, 0.04962749604103027, 0.13002344936308483, 0.08460029172208575, 0.05818513090859501, 0.06620113379009152, 0.05347654931331319, 0.01983477589698325, 0.03281031533891809, 0.05004042141640042, 0.03830966156762428, 0.0747441310215606, 0.020304272497292664, 0.02369344972918545, 0.009072248561075344
B:TTC, 0.031263350676055644, 0.000309206209528411, 0.04033252190726266, 0.05362659855672585, 0.06225342917718886, 0.047262190618693356, 0.03504991873246624, 0.048285135690725414, 0.1420032688009388, 0.10233155011599378, 0.05606563534344911, 0.0629503608780592, 0.05750974424359842, 0.019328696418488403, 0.02867575517689344, 0.047474907775068645, 0.039926635838653045, 0.06976094990505723, 0.02221037625520342, 0.022829375326094446, 0.010550392353855612
B:TTG, 0.031190508339206547, 0.00025011965577836985, 0.04014936441910343, 0.05487733820493323, 0.062332649769430176, 0.0468118073108881, 0.034857501327864575, 0.04688428058894902, 0.14416615984708878, 0.10459911497985591, 0.05672188924076531, 0.06331677602539529, 0.056627815496471015, 0.018936290642546958, 0.029218397726163328, 0.04811054261761216, 0.03882196064537184, 0.06753268962152292, 0.02132580087417253, 0.022787915851340303, 0.010481076815540167
B:TTT, 0.03345040986628299, 0.00022021759602129027, 0.04310187814014802, 0.05497888162573332, 0.06924225210664624, 0.05121730772840527, 0.033061809193461196, 0.04833005635899482, 0.13476348389538806, 0.09039460909011406, 0.05854940660196655, 0.06491321862279507, 0.05364419878319213, 0.01967449263213591, 0.032275439420868614, 0.0496018084953907, 0.03749616326192582, 0.07247920058857035, 0.01964740409038222, 0.023322530343576606, 0.009635231558000838
N:ACA, 0.06922910500825585, 0.051681695600694744, 0.0724800597389821, 0.06060037315299632, 0.06457928473009555, 0.05693858000196281, 0.051967580918296105, 0.05272716687985877, 0.049836843754050786, 0.045348623272279724, 0.04096155199316105, 0.04603561512075797, 0.03868114094847447, 0.04740991143209199, 0.04726706659058938, 0.04601992755325183, 0.03773925524216632, 0.03512661379162365, 0.03300894886581161, 0.034238626856882726, 0.018122028547716263
N:ACC, 0.07025078644107771, 0.05047498070793976, 0.07106300571402868, 0.06123715286350364, 0.06227030920679012, 0.05781721523393651, 0.052360393707946956, 0.05227672807667525, 0.05251944988756517, 0.04492200271976949, 0.04187971990959074, 0.045075932896129524, 0.04040763432719896, 0.04756092337212653, 0.04743220417803867, 0.04488503679598089, 0.037840931760760366, 0.033783699406772436, 0.03373767779102751, 0.033560159847373094, 0.018644055155767995
N:ACG, 0.05468844875555807, 0.04151056940689012, 0.06953142289075862, 0.06334264603651858, 0.062002306029584904, 0.05841714699620967, 0.05501237989643732, 0.05281798670820648, 0.05074377335805782, 0.04725131340737448, 0.04380861512755007, 0.04892035066926765, 0.04313794242024158, 0.04762909308148773, 0.05098903881199089, 0.04467983832807411, 0.03911299818118296, 0.03506241387013695, 0.0356226914009106, 0.034895360723259224, 0.020823663900302256
N:ACT, 0.07254342729758939, 0.051149467820892004, 0.07239503513319069, 0.060372778677951225, 0.06532313260321226, 0.05706057426284293, 0.05109887318340709, 0.052773319249918405, 0.04990647812763429, 0.04477072992041794, 0.040641825221047784, 0.0456073594213524, 0.038011206702757226, 0.04738997683465856, 0.04694194220026591, 0.046148272356863106, 0.037906637942632944, 0.035085533160613885, 0.03257252607408177, 0.03420368349688177, 0.018097220311788387
N:ATA, 0.08079750770134761, 0.05490166558863768, 0.07387280600231723, 0.057903489986647974, 0.06812699861211102, 0.055866468894951116, 0.050330032596888716, 0.05261970158856889, 0.04669682152760238, 0.04438372395506514, 0.03742996064361987, 0.04658350718640518, 0.03414132464609722, 0.04647681052814036, 0.044924459110146905, 0.0476445864698984, 0.03813043317041658, 0.03702430554500912, 0.03169961147092221, 0.03368570134906717, 0.01676008342613904
N:ATC, 0.07590492627737842, 0.05553028618942287, 0.07213453570427664, 0.059313149379803205, 0.06525914965770242, 0.0566735790603827, 0.050798002338603813, 0.05251461058111967, 0.05039864694661716, 0.04452584719166737, 0.039745561205059565, 0.045442335079517775, 0.03665986589168838, 0.046716381135247335, 0.04628281949896597, 0.04595160261485377, 0.03770021189168189, 0.03482209665853085, 0.03235861293160577, 0.03364104145541671, 0.01762673831045753
N:ATG, 0.07273591131474483, 0.05168442943151869, 0.07270284962869575, 0.06003611519807419, 0.06532843405289297, 0.056517131897441, 0.051347985562147494, 0.052598426101290605, 0.04969988010747059, 0.0452703736030051, 0.04010863960005727, 0.045915347647153305, 0.03729486078550254, 0.04755456647003326, 0.046902631121367735, 0.04638788056283261, 0.03811385824944603, 0.0355473599461772, 0.03238324997867792, 0.03412897610711503, 0.01774109263435595
N:ATT, 0.07941491027180612, 0.05689936583198407, 0.07319649666041197, 0.05837514776964382, 0.06826251465125426, 0.05603923842566881, 0.050012036736216195, 0.05249172457623273, 0.04717569716738102, 0.04413690448276374, 0.03785498688426049, 0.046123228411213496, 0.03430384857665698, 0.04637282812382385, 0.04533069144058157, 0.04739996419055595, 0.037743393283027615, 0.03660897904655069, 0.03161320587099293, 0.03376654208982254, 0.016878295509150806
N:CCA, 0.07090450698994404, 0.048617363259553605, 0.07116423304769584, 0.06154016338853374, 0.06227401337631044, 0.05804230938955578, 0.05233412560203006, 0.05237935930918365, 0.053016149259998445, 0.04493725312070056, 0.042047392136977765, 0.044823435099219724, 0.04056615650604131, 0.04759115539598187, 0.04718392003465554, 0.04494504352591804, 0.037930057168016916, 0.033718173561496444, 0.0337665109680187, 0.03359063083370804, 0.018628048026459558
N:CCC, 0.06726839425652621, 0.045170517467750596, 0.07023617205861778, 0.06259997910465333, 0.060177959168052755, 0.05888712891298101, 0.054128271528937, 0.05227224487873525, 0.05386489138363787, 0.045237662880466496, 0.043129451926201344, 0.04483223075493403, 0.04295996681487483, 0.048310477225286606, 0.04747892994365503, 0.04423648407781117, 0.0384608387830324, 0.033136048212101255, 0.03482550536997386, 0.03336020277033734, 0.019426642481433755
N:CCG, 0.05655562324089478, 0.03986762658261246, 0.0679873075686809, 0.06406480466152457, 0.05857999216176264, 0.061007110938364306, 0.05672051849349019, 0.05251381313728218, 0.05322693100170114, 0.046564877508117254, 0.04474359703860464, 0.047236838612518296, 0.0461515807325681, 0.04794065821341321, 0.04999480257831156, 0.043000391504411796, 0.038849267716581065, 0.033042223838503124, 0.03718290917019706, 0.03372892081103607, 0.02104020448942456
N:CCT, 0.06854337524066986, 0.04966926731405444, 0.07094562658288078, 0.061538931697326334, 0.06167270298691825, 0.05810932736831008, 0.05236016068429171, 0.05245640397193846, 0.052782275345370964, 0.04503401827976033, 0.0424472537268418, 0.04478829420916919, 0.04129199180763928, 0.04797127650109674, 0.04743998508215913, 0.04497194867145026, 0.03799906516893159, 0.033665124235144034, 0.03386928771120685, 0.03358704484288331, 0.018856638571956314
N:CTA, 0.07592329340604188, 0.05318177235034351, 0.07271134347651664, 0.05966023348195708, 0.0655697139794692, 0.0567908966382204, 0.05054109623480585, 0.05254365784813653, 0.04927983974469278, 0.04450174490781686, 0.03998342992504362, 0.045669047875424675, 0.03706860913576741, 0.04705667934771745, 0.046293735748341926, 0.046160913376831925, 0.03779779409069303, 0.035160967249909, 0.03229222823106193, 0.034009013782463425, 0.01780398916874467
N:CTC, 0.06608891611623266, 0.04765635847750152, 0.07148487545725318, 0.06183919602709772, 0.0621647234173686, 0.058228304908731265, 0.05272616175527487, 0.052762617584719854, 0.05222203934179894, 0.04551483806818191, 0.04274802116892892, 0.04536799197207744, 0.04146925746888058, 0.04807181913224194, 0.04759367915628517, 0.04517039040903659, 0.038183310560158855, 0.03402495172369619, 0.033780300985016665, 0.03389662787359777, 0.01900561839591932
N:CTG, 0.06647311300851443, 0.04674580849877143, 0.07109406111827224, 0.0621809008252237, 0.06208145603103486, 0.058467915378720973, 0.052716160278474616, 0.05260203290023412, 0.052843573595348546, 0.0452321115912141, 0.04286799829792443, 0.044896665207045286, 0.04177915463550301, 0.048311624001190344, 0.04774573512501188, 0.04508570122566359, 0.03812490617783248, 0.03377467565499037, 0.03413457184734556, 0.033936622920695006, 0.01890521168098909
N:CTT, 0.07237424209882452, 0.05137883957527085, 0.07253850096233233, 0.06041479782655672, 0.06514700392132147, 0.05705284681027636, 0.050785787094087646, 0.05269691805288869, 0.04991742743228179, 0.044955512120472885, 0.040758219941578265, 0.045763086382978616, 0.038153664873280986, 0.047133672134307115, 0.047223615160972204, 0.04597999756578896, 0.03784389712791759, 0.03486765321053836, 0.032568262070889364, 0.034216404474311034, 0.01822965116312399
N:GCA, 0.06679929229895734, 0.046398529634401185, 0.07166018956587468, 0.061940399285038736, 0.06319091320115913, 0.05776055927725995, 0.05247074188996018, 0.052752265715511275, 0.051674783459618664, 0.04570514153034827, 0.042424243405918806, 0.045347985943394634, 0.040814932807846975, 0.04830434153600354, 0.04795259863088078, 0.04552088140517019, 0.038154665680076305, 0.03450337879537106, 0.03353895918159588, 0.03431053916067126, 0.018774657594941135
N:GCC, 0.06462750841852931, 0.04386868965876313, 0.07003441573291354, 0.06338935577013725, 0.05976745714688169, 0.05942720262864385, 0.05382246835759257, 0.05242253895554217, 0.05402785411910233, 0.04537262728617058, 0.04399618007713758, 0.04472944170595767, 0.04431294167677206, 0.04842893208948163, 0.0478648350057812, 0.044078191907350545, 0.03835960948890328, 0.03312460467642518, 0.035070789624078585, 0.03363701467645518, 0.019637340997380435
N:GCG, 0.0534383252471163, 0.03437203011002551, 0.06807034738188861, 0.06521493522401405, 0.05850770849924347, 0.061553679422023715, 0.057747164670916167, 0.052884259201817656, 0.05285657341712712, 0.04689592049242079, 0.0452122915752646, 0.04791932704410902, 0.04775240514900658, 0.048039322010386826, 0.05036552416130801, 0.043127974903173535, 0.039086397559768025, 0.033533110315334305, 0.03764724389171648, 0.03404657674920425, 0.021728882974134812
N:GCT, 0.06594416859758226, 0.040938301677382376, 0.0719893593339924, 0.06277637004321683, 0.06281510474927493, 0.05866466344223968, 0.0528605123326007, 0.05274138590499462, 0.05205816937688804, 0.0458125150596371, 0.043264775696607936, 0.045571001369113066, 0.041982709475627544, 0.04858540326111671, 0.04830412628925487, 0.04529331212354296, 0.038450435581069475, 0.03425421098782563, 0.0340426439770632, 0.03446583156342891, 0.019184999157540905
N:GTA, 0.07536434288382067, 0.05369929988636918, 0.07268650091927414, 0.059358191026408186, 0.06590618536535107, 0.05649372840962855, 0.05091163841171241, 0.05257283176012398, 0.04886759166435716, 0.04457981716282958, 0.039455798998396935, 0.046039771783125606, 0.03670592324416236, 0.04699106921476461, 0.04644510604178322, 0.046576645861497463, 0.037812565922091146, 0.03557494453036627, 0.03235839992910769, 0.033954887517849044, 0.01764475946698053
N:GTC, 0.06723332932123358, 0.049876104046037276, 0.07126695249754511, 0.06151801621639822, 0.06267101629610454, 0.057812804718556716, 0.052200911266243, 0.052412620162209184, 0.0520398112891488, 0.0452897595765697, 0.04212274454951223, 0.045382934492391565, 0.04033257202336576, 0.048038729894744, 0.047843227275570645, 0.04523808965546374, 0.03814744775230617, 0.03413908594170345, 0.03372091258799882, 0.03397573254069304, 0.018737197896204417
N:GTG, 0.06405594189995042, 0.046466061433206494, 0.07173718198691771, 0.06222787529897314, 0.06248962520465959, 0.057896124796798135, 0.05357037618182552, 0.05289369238199186, 0.051826081713152373, 0.0460366602069322, 0.042825901216753046, 0.04559499895684838, 0.04149006901205533, 0.04813645294562217, 0.048111750660274344, 0.045071191345106905, 0.03800849060107072, 0.03438723469901839, 0.033925985734224166, 0.03430704861983463, 0.018941255104784366
N:GTT, 0.07353872424555857, 0.05383926427292295, 0.07233489918605264, 0.05987623133616939, 0.0656696757896576, 0.05670784420553194, 0.05076613842784842, 0.05260408708412748, 0.049301921729551085, 0.0445878931520002, 0.04016331779994609, 0.04611890833348913, 0.037407126223240605, 0.04668877528824857, 0.046919448331341436, 0.04618225580772119, 0.03757216008352458, 0.035129031717450424, 0.03253073556508272, 0.03409488293438863, 0.017966678486146248
N:TCA, 0.07208448729175299, 0.05194735968635173, 0.07230532217718474, 0.06025350916251368, 0.06515819118949373, 0.05701250791594382, 0.05128093966249481, 0.052633246341949096, 0.05015856446588454, 0.04491402899660007, 0.04048054209751394, 0.045537657255645764, 0.03780396722270951, 0.04748703162232472, 0.047004054137691646, 0.04616142040197376, 0.03802000194043978, 0.03512769018228676, 0.03262092561464412, 0.03405789354303841, 0.017950659091562193
N:TCC, 0.07092100400303462, 0.05027686777519008, 0.07131023734561716, 0.06093624171955754, 0.06270298790877028, 0.05778538471381446, 0.05195737810011988, 0.05252531811368877, 0.05253217021457072, 0.04497942165411319, 0.041741376346234156, 0.04494150052890439, 0.03986077784782414, 0.04756208847492445, 0.047201333576743894, 0.04531286381092844, 0.0379164603393087, 0.0338925146987116, 0.03350999021414033, 0.03359694860455396, 0.01853713400924942
N:TCG, 0.061794411798451035, 0.04910022592400675, 0.06872301348278348, 0.06192306706277034, 0.06163131398730782, 0.058209686653874555, 0.05399966814275102, 0.052435469379350584, 0.05197063950001445, 0.046063736658687356, 0.042703299008793445, 0.04753448301940845, 0.04194379716857176, 0.04710088140793675, 0.04955030893470624, 0.04391500750176768, 0.03821688267439428, 0.03425806374366583, 0.03482800994320047, 0.03411431149781519, 0.019983722509742573
N:TCT, 0.07137152268055268, 0.053149829412240446, 0.07227102647700169, 0.060338995018125556, 0.06448466525623706, 0.05722069530234561, 0.05108870058464343, 0.052679296344392355, 0.050309186585572895, 0.04491060504089348, 0.0409060827355666, 0.04564251595959492, 0.03852870137147367, 0.047130728420831394, 0.04682310374190272, 0.04578436486363964, 0.03779683697687752, 0.03461866606235547, 0.03277742775037287, 0.03397474478618385, 0.018192304629196184
N:TTA, 0.07645918060016925, 0.05369936263969414, 0.0734649329094258, 0.059050509397157065, 0.06818526290142272, 0.056220557149725015, 0.050436282128419274, 0.052666231171689046, 0.04662721393917866, 0.044580915425179904, 0.03857082634939718, 0.04678872487273579, 0.03530821826236637, 0.04671000586899765, 0.04589738791320523, 0.04732299876421765, 0.038000156652790516, 0.036827328283204834, 0.03176982111050442, 0.034118838374671216, 0.017295245285848082
N:TTC, 0.07420558214056841, 0.05400209799684389, 0.07247220040674314, 0.05973134057854954, 0.06575759037238978, 0.056797513014965266, 0.05049367778650399, 0.0526665149910988, 0.04955940557894199, 0.0446399868894834, 0.039976787394938755, 0.045655141890005316, 0.03712982141186972, 0.04684500215182758, 0.0467511157621021, 0.04626459334248214, 0.037705740627719135, 0.035081205400834745, 0.032373235981426475, 0.03405670130599255, 0.01783474497471357
N:TTG, 0.07552795849911756, 0.05467096999258563, 0.07230106266154752, 0.05968657138987143, 0.06553974326979972, 0.05669228674828874, 0.050524455729719295, 0.05244532809358366, 0.04986725603303301, 0.04441632254046254, 0.03989588520387749, 0.04556411083470568, 0.036974919193570065, 0.046621104075449844, 0.046588521237544686, 0.04616521662793525, 0.0375048661526786, 0.03494028791234942, 0.03242142201440569, 0.033861419548261086, 0.017790292241213042
N:TTT, 0.0783107738891054, 0.05822507351952279, 0.07263610863356768, 0.058865147969993356, 0.06733897624191792, 0.056261673930162015, 0.04981186012720978, 0.05251651451861925, 0.047260209085008845, 0.04399861446932831, 0.038510481825933376, 0.04603238598936927, 0.035551048554208924, 0.04603776375558863, 0.04572526493891464, 0.046746488129897124, 0.03727497845253701, 0.03590938014828246, 0.03188015871722131, 0.033775364075891025, 0.017331733027720644
T:ACA, 0.040850591303082905, 0.0027082203107155873, 0.08181549403545929, 0.07758370084283829, 0.04987554053387926, 0.05705600592518649, 0.06404339482566265, 0.05900873193826769, 0.05412363760429985, 0.04676430690102322, 0.05996709719639545, 0.0517380397779658, 0.058989781019532776, 0.03138009853288367, 0.04488323247789578, 0.04803664087263105, 0.03916971287416968, 0.03811692615637553, 0.033960790289207246, 0.030853175576615717, 0.029074881005912188
T:ACC, 0.038516956353259184, 0.00249602765050386, 0.07843384303771471, 0.07703945896500106, 0.04736646724681443, 0.05942674394418169, 0.0655031097519765, 0.058573925156690305, 0.05881930449119748, 0.04594222145715289, 0.05993746026781975, 0.05075962789032329, 0.06459410825608815, 0.03155320165725795, 0.0433506975538863, 0.04633486789630359, 0.040654547254678576, 0.03646064708595236, 0.03485953203651341, 0.02965302377714602, 0.029724228269538654
T:ACG, 0.02824046000928016, 0.0015072389818924466, 0.07492592803903037, 0.07595092736008553, 0.05013970559678463, 0.060753321598636785, 0.0683167960314877, 0.05832236814495847, 0.05544418826943628, 0.04656796693933739, 0.059322270256499554, 0.054765550796066716, 0.06575624713769596, 0.03329643891616136, 0.04463348616862858, 0.04313482243606303, 0.04287248057833694, 0.03706869198008271, 0.03759799621037973, 0.030558044641235214, 0.03082506990792059
T:ACT, 0.04361031999750031, 0.0027928757127929026, 0.08246169072652858, 0.0782477878331855, 0.05039018213313453, 0.057161818639274886, 0.062354260883122924, 0.059107660069499766, 0.05394927770043616, 0.046055841184175654, 0.059253683602293154, 0.0510287470688404, 0.0586651559768448, 0.03159227114592033, 0.04479012374942374, 0.04809852356133762, 0.03923595892177543, 0.03771105411097888, 0.033472889743984525, 0.030698503724947875, 0.029321373514002144
T:ATA, 0.05382809210688448, 0.003833172320044347, 0.08654184059040397, 0.0786423447468407, 0.052897602396343106, 0.054863767838689424, 0.059354988489170916, 0.057596626514610526, 0.04883115050883675, 0.04799413924401744, 0.05641080288738812, 0.05357497645259784, 0.05106786798230132, 0.03082170840753598, 0.04518381502119478, 0.04996330515018479, 0.03736912076885306, 0.04001874364346183, 0.03151147877070671, 0.03129895278540166, 0.028395503374532303
T:ATC, 0.045629341803547024, 0.003098294632751058, 0.08276215814484554, 0.07713723562070617, 0.05017915047767568, 0.057185809248190334, 0.062158453403926624, 0.05875999056738859, 0.05434066940959947, 0.04705030005873272, 0.058797480391396664, 0.051711196620946365, 0.05763805626586885, 0.030839692978494766, 0.04450981611139581, 0.04874019552096631, 0.03860451990620198, 0.03812198280462467, 0.032861845650436865, 0.03063614396121158, 0.02923766642109298
T:ATG, 0.044997269501446016, 0.002816225278083376, 0.08277804058764779, 0.07753397596352941, 0.0501871720223344, 0.05632995928919734, 0.06276305324401327, 0.059109882555246254, 0.05359248029827006, 0.0471447936152324, 0.05909874429673658, 0.0517990346164558, 0.057004599007358735, 0.030976110239327868, 0.045044997176869044, 0.04887140818627406, 0.03879728180747788, 0.038351039327164604, 0.0329829891167014, 0.030921038226389544, 0.02889990564424434
T:ATT, 0.05260251815859905, 0.0038023325122418525, 0.08652149980223948, 0.07878448967955826, 0.053411868611879264, 0.055199158576513654, 0.05903644896819497, 0.05812219857180006, 0.04897008566095545, 0.04750326086266746, 0.0568055330458496, 0.0526774347991957, 0.051744603058515186, 0.030722521941053318, 0.045198435346941526, 0.05003908928161656, 0.037254345407345874, 0.039620395887832824, 0.0318134485745651, 0.03142820983982563, 0.028742121412609206
T:CCA, 0.03884896551317423, 0.002405110288142271, 0.07818641452186485, 0.07726370343931328, 0.046971423567462464, 0.05961516355363379, 0.06575638997313668, 0.05869651494757791, 0.05961867171045123, 0.04579125657771432, 0.060057657311046626, 0.05049967220428471, 0.06467310356322525, 0.03136175658276466, 0.043100974054605966, 0.04632744562427225, 0.04065398802006492, 0.03633409746728895, 0.03466114178320346, 0.029563505847329617, 0.02961304344944272
T:CCC, 0.0351459398856475, 0.001958303545428435, 0.07505551548524728, 0.07635630284753003, 0.04507123081897223, 0.06164897959848821, 0.06847103593587972, 0.05825850219817323, 0.06262338270825332, 0.0452022001626255, 0.06025781963246276, 0.05088781238698333, 0.06917896978029728, 0.03146818590239249, 0.0415516462636458, 0.04444702977178676, 0.04244125363355619, 0.03506923093025425, 0.036018482368872756, 0.02898727386238272, 0.029900902281120405
T:CCG, 0.02589879614386956, 0.0011350862176402277, 0.07023773899135771, 0.07593093185717173, 0.04655062277721996, 0.06573714525850603, 0.0709850712225386, 0.05561450506678386, 0.06132588844725419, 0.046076676968183794, 0.05895775908304527, 0.05340565120308812, 0.07326544761163377, 0.03339736220627414, 0.041347209692243946, 0.04077235776815727, 0.045046725332032696, 0.03486722143565415, 0.039522498727537964, 0.028705973980898487, 0.031219330008908853
T:CCT, 0.03759251200368618, 0.002315565635795827, 0.07774689963852426, 0.07720018723617447, 0.04682521863321499, 0.059873360722444376, 0.06567909988180595, 0.058912785849797665, 0.05988434737121815, 0.045390738914551254, 0.060577298886706044, 0.05019288440806272, 0.06562879125788455, 0.03153486510892705, 0.04278893908120457, 0.04629626887364134, 0.04106214136623248, 0.036129938069515366, 0.0350363772433178, 0.029660803801210618, 0.02967097601608453
T:CTA, 0.04690509450133285, 0.002923169565968951, 0.08328940848716185, 0.07779751327896216, 0.05030421648904339, 0.05659788751611276, 0.06146479131362442, 0.058812224135009056, 0.053379265580725005, 0.04637243346037527, 0.05878014150083767, 0.05119554833691806, 0.057783413358391766, 0.03137300954411034, 0.044645317846236224, 0.04870055499241017, 0.038895345681702595, 0.03790185378629594, 0.03286776293116294, 0.030795415804985717, 0.029215631888632868
T:CTC, 0.03729601444416976, 0.0021813726282920256, 0.07836742100268057, 0.07688974668927871, 0.04766106253433215, 0.05965870529944957, 0.06558780110821678, 0.05909365627036897, 0.05892119417267455, 0.0454740050300231, 0.061118808455596134, 0.05048118377887019, 0.06491429119977862, 0.03139957838753937, 0.04300303836802274, 0.046104504584928874, 0.04070241587196569, 0.0366333528730378, 0.03483553840678662, 0.029965747813222875, 0.02971056108076481
T:CTG, 0.035508793837391764, 0.0020976146718217586, 0.07766025610370375, 0.07789861708854548, 0.04721845158193745, 0.06008188768370177, 0.06614080135800919, 0.0588676219463319, 0.059390406004206434, 0.04540234569897618, 0.060939687739172244, 0.05013655009394042, 0.06554371004952989, 0.03179033264638811, 0.043159322809639696, 0.04615868133230243, 0.041087545423401046, 0.036263436777528385, 0.03539196782284673, 0.029719486907328747, 0.029542482423296386
T:CTT, 0.04390037182337559, 0.002842937307936884, 0.08259603022574684, 0.07794576075059105, 0.05017803433319685, 0.057069456610369926, 0.0619083043451364, 0.0594778210911834, 0.05408592783030091, 0.04608858116757106, 0.0592198585957421, 0.05111224045071164, 0.059021886575004866, 0.0312947240665556, 0.0447735840288135, 0.0483128455726376, 0.03908347143149533, 0.03765987562371933, 0.033200429295100926, 0.030725684028581866, 0.029502174846228538
T:GCA, 0.0375549257709596, 0.002039968568367173, 0.07888181422978949, 0.07765497843693323, 0.048335556239011104, 0.058721593789888143, 0.06536087324733403, 0.05935286031178696, 0.05711728267383081, 0.04602551510759517, 0.06058945358316383, 0.05056367722369176, 0.06326680296361778, 0.031776436311945995, 0.043788559048603626, 0.04684789088907647, 0.040751999997739485, 0.03690078559390638, 0.03489764386091017, 0.030321878886508464, 0.02924950326534022
T:GCC, 0.033345336620140706, 0.001732286942906706, 0.07419597243075995, 0.07788565129660352, 0.045028032604966996, 0.06206782207480589, 0.06824907706162238, 0.05815039082463906, 0.06263972345145982, 0.044884575727911026, 0.06079184826155293, 0.04999553114065012, 0.06974470369150071, 0.03215333642337076, 0.04187928152410434, 0.044363291878380375, 0.04248610302687707, 0.035098789853472666, 0.03646177938174068, 0.02888192975626843, 0.029964536026265663
T:GCG, 0.025472338058906814, 0.0010072541015811647, 0.06985796008894485, 0.07637721146115013, 0.0471418871876564, 0.06435623208333888, 0.07152992337124965, 0.056306650867020636, 0.06166794655863254, 0.04673430959183653, 0.05848394672259714, 0.05317575682468565, 0.07206228852694545, 0.03375731362812651, 0.041787547644183555, 0.04052865538880944, 0.045122156705703326, 0.03459513324333739, 0.040419489549747716, 0.02897170055557512, 0.03064429783997087
T:GCT, 0.03651837557497798, 0.0018850340968993129, 0.07829038976513687, 0.07794699366110125, 0.04780182348342376, 0.059400728399735724, 0.06568570799132233, 0.05917749194488699, 0.05802047231040177, 0.04540945136076591, 0.06074652988439974, 0.05030248996749013, 0.06511057887081852, 0.032012432514732396, 0.04355374211102027, 0.04616217141373216, 0.04098587116009282, 0.03642383859628405, 0.034955454657966054, 0.02999867209961812, 0.02961175013519394
T:GTA, 0.04652843687013916, 0.0030857940447058608, 0.08349864525211555, 0.07825697243771156, 0.050906758435747886, 0.05658226342039325, 0.06173731990062148, 0.05840204733366385, 0.05238310913735469, 0.04663186035280452, 0.058538586821633466, 0.05177707468511811, 0.056811327505342527, 0.03155211043821598, 0.04511436569334819, 0.04843174908923117, 0.03862072836179963, 0.03827017527126719, 0.03307351221527258, 0.0307559368025953, 0.029041225930917985
T:GTC, 0.03712887977834258, 0.0022424807183453136, 0.07881757709042182, 0.07751220308151266, 0.04812232366059854, 0.05919126563621299, 0.06513750013684694, 0.058826880224860274, 0.05783614665752465, 0.04600233260394482, 0.06023999348523516, 0.051077116011638925, 0.0632795413949747, 0.0315824663958264, 0.043688222858665755, 0.046884129610072545, 0.04073731145685932, 0.0367829111423432, 0.035059936937518965, 0.030203622583758288, 0.02964715853449622
T:GTG, 0.03540031696590994, 0.0020211575006363366, 0.07853595589822568, 0.0770898270545277, 0.04806670858449204, 0.05866998884558312, 0.06673589658704275, 0.05933309328431822, 0.057527736776557765, 0.04625569860261591, 0.061036165975964306, 0.0511940993925742, 0.06349406204080836, 0.0316279931751512, 0.043951554669266146, 0.04634786070836017, 0.040605296989184386, 0.0371605927685955, 0.035248395197447616, 0.03027862841049314, 0.029418970572245504
T:GTT, 0.04435749885712818, 0.0032525367564019618, 0.08319989986323754, 0.0776832808418607, 0.05100910081315688, 0.056720256389747245, 0.062011422098621254, 0.058866746109757874, 0.05271822760435003, 0.04651763876706052, 0.05870932054283005, 0.05177534871720474, 0.05778315928166636, 0.03153340434093942, 0.04524951078873077, 0.04831924616737009, 0.03874485614139524, 0.03808373702250843, 0.03320512963378686, 0.03085749370446524, 0.02940218555778069
