,X,1,2,3,4,5,6,7,8,9,10,11,12,13,14,15,16,17,18,19,20,21,22
B:ACA,0.035831424,0.070966438,0.055106259,0.095542975,0.026643303,0.028754998,0.058094083,0.0463899,0.026598374,0.03001303,0.037336568,0.078379836,0.048299411,0.00635755,0.054207665,0.023633014,0.067259739,0.074470953,0.016354405,0.058902817,0.020330682,0.024823651,0.015702925
B:ACC,0.029477531,0.073357217,0.049674208,0.086340795,0.022961698,0.02697699,0.067971436,0.039672044,0.026856772,0.032939819,0.038181337,0.073910221,0.04739006,0.006059003,0.051645789,0.020701594,0.076218413,0.082926595,0.013512539,0.068812964,0.022528913,0.021254598,0.020629463
B:ACG,0.024104683,0.067555723,0.04626847,0.079764588,0.023791635,0.031054345,0.055096419,0.046581518,0.028737791,0.028049086,0.034497871,0.063736539,0.050651139,0.007450538,0.050776359,0.021036814,0.086213373,0.086213373,0.021224643,0.071750563,0.026483847,0.025607313,0.023353368
B:ACT,0.037657365,0.0707694,0.06008099,0.090823944,0.02798821,0.029117655,0.062202143,0.043469877,0.027106691,0.0318724,0.035563759,0.07379962,0.049833338,0.007107242,0.057023223,0.025619129,0.066912757,0.076196248,0.014021652,0.055673397,0.019696427,0.020770778,0.016693755
B:ATA,0.052298006,0.065771249,0.068835257,0.104386149,0.037901364,0.029548793,0.053725079,0.043693599,0.031605456,0.037103882,0.035383001,0.082644281,0.047219307,0.008352571,0.055655824,0.031857293,0.049737671,0.057712487,0.01884575,0.041930745,0.014228751,0.019853095,0.011710388
B:ATC,0.040337201,0.068920715,0.055444767,0.091974861,0.027102973,0.02867416,0.060248973,0.042210539,0.027344694,0.032934494,0.039007735,0.08260817,0.049099589,0.00682862,0.053178632,0.027767706,0.06311941,0.074238579,0.017222625,0.052393038,0.020425429,0.018612521,0.020304569
B:ATG,0.039772593,0.068670237,0.054516289,0.096978132,0.027387889,0.029298672,0.057653747,0.042107995,0.025406336,0.03257767,0.039206435,0.08940577,0.047156236,0.006487226,0.052322427,0.0243212,0.065391239,0.071902055,0.014696516,0.057653747,0.01889552,0.020145786,0.018046283
B:ATT,0.050722628,0.062432591,0.07044467,0.104834982,0.035869465,0.029028381,0.053588487,0.043388493,0.02939817,0.0347601,0.036516594,0.076607809,0.048996949,0.008874919,0.058919602,0.031832609,0.053773381,0.062031987,0.019876121,0.043018705,0.013435641,0.021201196,0.010446519
B:CCA,0.029845767,0.073674153,0.049924931,0.085670089,0.022187173,0.028678021,0.068002244,0.03879343,0.025811735,0.032150927,0.040006673,0.079361228,0.047255797,0.005383764,0.051805457,0.020352144,0.074462761,0.082500493,0.01340633,0.066394698,0.022793794,0.022505649,0.019032742
B:CCC,0.024945842,0.074254291,0.045592401,0.077620397,0.018163639,0.026995501,0.069088485,0.036510582,0.024895851,0.03097817,0.040176637,0.075354108,0.050024996,0.004449258,0.046392268,0.017313781,0.080936511,0.090251625,0.013231128,0.082569572,0.023812698,0.024345942,0.022096317
B:CCG,0.022179496,0.068426835,0.044358992,0.070315182,0.02413651,0.027192199,0.052324384,0.039037286,0.032101902,0.031037561,0.034402252,0.072031862,0.053423058,0.007107052,0.048307354,0.019673144,0.085971297,0.091876674,0.020325482,0.083842615,0.027604202,0.020153814,0.024170844
B:CCT,0.029413141,0.073875953,0.047862635,0.085946882,0.021443833,0.027151791,0.0695404,0.037678764,0.02590415,0.030567209,0.040688698,0.078149124,0.04923504,0.004756632,0.050467086,0.020352147,0.074515369,0.083669937,0.014098345,0.068495501,0.023159339,0.023533632,0.019494393
B:CTA,0.039945529,0.070630958,0.060326827,0.099001362,0.029232864,0.030276895,0.062324103,0.041352701,0.028415797,0.037085792,0.038356786,0.084021788,0.046890604,0.005719473,0.055878348,0.026191557,0.058238765,0.07049478,0.014571039,0.048797095,0.01715842,0.020154335,0.014934181
B:CTC,0.029340864,0.070924306,0.047937186,0.0838212,0.02284937,0.026826916,0.063812935,0.040119843,0.026172601,0.029478614,0.03929334,0.076623734,0.052758454,0.005027894,0.051708107,0.021885116,0.074368069,0.086025208,0.015014808,0.070132241,0.023228184,0.022711619,0.01993939
B:CTG,0.029257808,0.072664054,0.047705146,0.085598685,0.023580731,0.028069288,0.06620306,0.039474017,0.028056644,0.031192313,0.038753319,0.076823872,0.048008598,0.004981666,0.052863826,0.019914022,0.075799722,0.082905551,0.014704767,0.063471994,0.022986471,0.028094576,0.018889872
B:CTT,0.037443217,0.070552905,0.057476289,0.093798111,0.026476346,0.028890198,0.05931994,0.041852774,0.0266284,0.030980936,0.03869766,0.072510596,0.04915135,0.006576321,0.058730732,0.027692776,0.068253093,0.073574972,0.016573851,0.057039135,0.020888374,0.02062228,0.016269743
B:GCA,0.02952171,0.071906451,0.0491709,0.087434103,0.025553532,0.028946612,0.059791048,0.042403911,0.027738905,0.032435541,0.037036327,0.077523244,0.048883351,0.006153551,0.05254481,0.020856896,0.076392217,0.076890635,0.015393463,0.059848557,0.023617368,0.030269338,0.01968753
B:GCC,0.025049636,0.071872932,0.045102581,0.078821972,0.021409662,0.029252151,0.062260093,0.037772998,0.02893779,0.031154864,0.038335539,0.079549967,0.049619457,0.005344143,0.049685639,0.018596956,0.081353408,0.085241562,0.015651886,0.074420913,0.025181999,0.023874917,0.021508934
B:GCG,0.022981778,0.068282024,0.052518631,0.074056733,0.024503492,0.02684459,0.045066136,0.042334855,0.038745171,0.034609232,0.031175621,0.068008896,0.048616801,0.007140349,0.048070545,0.021382028,0.085684186,0.084513637,0.020367552,0.078543837,0.032853408,0.019392095,0.024308401
B:GCT,0.028696978,0.072226706,0.047923953,0.084978926,0.025432697,0.029145368,0.060281589,0.039458345,0.030293247,0.031799839,0.038651242,0.074917048,0.048928347,0.004860551,0.054291095,0.020590082,0.075311631,0.081983679,0.015873016,0.063779033,0.023244552,0.028392072,0.018940005
B:GTA,0.041467768,0.070109169,0.062429953,0.098127932,0.030965921,0.031090449,0.060603545,0.042796065,0.026773484,0.034535719,0.033373459,0.076294052,0.04881491,0.008177328,0.055622432,0.02581877,0.060852601,0.069403512,0.014984849,0.054709228,0.017516915,0.019592379,0.015939562
B:GTC,0.028633468,0.071569195,0.048378691,0.085842501,0.024001158,0.027620151,0.063144181,0.039519398,0.026780544,0.031239143,0.03954835,0.074898668,0.04806022,0.005558772,0.052895194,0.020324262,0.075911986,0.088129705,0.016039375,0.064997105,0.022466705,0.022292994,0.022148234
B:GTG,0.028461937,0.073184878,0.050274469,0.084122216,0.021750388,0.027695495,0.062765407,0.045882962,0.026431901,0.030015536,0.037721388,0.074489902,0.049590886,0.005903677,0.049218022,0.019968928,0.078156396,0.078984982,0.014127395,0.073951321,0.023821854,0.02438115,0.019098912
B:GTT,0.038979266,0.068644338,0.058596491,0.096267943,0.029059011,0.029218501,0.059266348,0.045709729,0.028261563,0.030334928,0.035119617,0.070749601,0.048070175,0.007400319,0.06015949,0.028070175,0.067272727,0.075279107,0.017607656,0.048261563,0.019649123,0.023253589,0.01476874
B:TCA,0.038801439,0.068370381,0.053440353,0.092158616,0.026678589,0.028321308,0.059907259,0.042544343,0.027780666,0.030130378,0.039134142,0.07766526,0.04928157,0.006300555,0.05539498,0.024807136,0.069368489,0.076854297,0.015429082,0.059720114,0.019026429,0.020086919,0.018797696
B:TCC,0.030688333,0.073212339,0.049980655,0.084538004,0.022616158,0.026872076,0.067866062,0.038021878,0.025201365,0.030424537,0.04087088,0.078294819,0.050121346,0.005240758,0.051211706,0.021543386,0.071717491,0.085012838,0.015370546,0.067356055,0.023354789,0.022106152,0.018377827
B:TCG,0.026779073,0.066513761,0.050210761,0.080957104,0.027089016,0.027956856,0.053062237,0.041160426,0.028452765,0.032110092,0.032977932,0.064034218,0.049342921,0.008616415,0.050458716,0.025229358,0.078229606,0.088705678,0.022067939,0.073828416,0.028762708,0.016922886,0.026531118
B:TCT,0.035862964,0.068247761,0.053938618,0.094036656,0.02539242,0.027573032,0.060390348,0.042603038,0.025770874,0.031501739,0.039088828,0.077582944,0.049865739,0.005802952,0.057380742,0.02687019,0.067743156,0.076826038,0.016796122,0.057615023,0.020580656,0.021968318,0.016561841
B:TTA,0.049955862,0.06624669,0.07467298,0.101436482,0.036714549,0.028769762,0.053286253,0.046143969,0.034186662,0.033825536,0.031177273,0.06841345,0.050958992,0.009028168,0.061271166,0.034427414,0.054770885,0.062836048,0.018337212,0.036995426,0.013040687,0.023031859,0.010472675
B:TTC,0.039466173,0.067318859,0.058008385,0.095939216,0.026888176,0.027714899,0.060094876,0.041670767,0.025785879,0.03066748,0.038915025,0.073893274,0.048107395,0.006830305,0.058520166,0.027892054,0.066826762,0.072594138,0.01797138,0.060055509,0.020648387,0.020353129,0.013837765
B:TTG,0.038869775,0.069931435,0.05746285,0.097015836,0.029182832,0.030451651,0.057584852,0.043139838,0.026815997,0.032208477,0.038406168,0.074665105,0.048581119,0.007320108,0.059048874,0.027157602,0.066002977,0.073323085,0.016933851,0.047727106,0.01893468,0.021887124,0.017348657
B:TTT,0.048926105,0.060828596,0.071453096,0.103059551,0.034524854,0.029756228,0.055125319,0.045282875,0.027753405,0.030671804,0.036851944,0.069297677,0.048334796,0.008831496,0.061019342,0.03353298,0.060256361,0.05935986,0.020314348,0.042726891,0.015660169,0.02485408,0.011578225
N:ACA,0.075740295,0.039792168,0.064250412,0.026063448,0.028978161,0.017952942,0.041101677,0.118489418,0.025809995,0.029865247,0.032822203,0.073036793,0.027668652,0.013095087,0.164955857,0.030456638,0.031132514,0.031850632,0.009926921,0.06306763,0.01562962,0.006632028,0.031681663
N:ACC,0.061291819,0.042476416,0.058405072,0.032578999,0.022681582,0.015206969,0.033403784,0.138718491,0.027836486,0.022526934,0.036754472,0.077478221,0.024743543,0.009021084,0.16207021,0.037888551,0.042991907,0.034280118,0.008350946,0.061188721,0.012526419,0.005154905,0.032424352
N:ACG,0.049689441,0.038711541,0.036400404,0.035389282,0.023255814,0.020366893,0.030189224,0.125523617,0.031055901,0.02340026,0.037411527,0.080889788,0.029322548,0.008955655,0.157446194,0.040011556,0.045067167,0.044489383,0.008811209,0.085656507,0.016755742,0.004044489,0.027155857
N:ACT,0.07605965,0.038858303,0.070126677,0.024266396,0.025869902,0.018761024,0.044417125,0.115185205,0.023945695,0.024426746,0.03292533,0.073654391,0.028435512,0.01523331,0.1644663,0.034101235,0.031001122,0.034421936,0.010422791,0.056817574,0.013736704,0.005826073,0.037040996
N:ATA,0.097978841,0.03987052,0.077135639,0.021711669,0.033396495,0.024159166,0.060792673,0.07666193,0.023053845,0.029212064,0.034264961,0.086294015,0.033633349,0.023369651,0.149139428,0.040265277,0.019501026,0.0285015,0.012790147,0.04042318,0.014842886,0.007421443,0.025580294
N:ATC,0.080544132,0.046757355,0.072761784,0.0260677,0.026130971,0.019614046,0.043783613,0.106422018,0.025181904,0.023093958,0.032204998,0.07421702,0.028725087,0.014425815,0.139069915,0.045555204,0.032458083,0.034925656,0.011578614,0.057829801,0.016134135,0.006453654,0.036064537
N:ATG,0.081798267,0.045852833,0.064273623,0.030917057,0.031066414,0.017126357,0.042766106,0.102110923,0.02783033,0.031215772,0.035646719,0.08005576,0.029274121,0.011948621,0.140695011,0.045952405,0.03270935,0.033256995,0.011002688,0.058498457,0.013442199,0.006322812,0.02623718
N:ATT,0.094460016,0.045202457,0.075973523,0.020752579,0.037271155,0.024628779,0.057785199,0.076271692,0.024748047,0.030234361,0.040968454,0.090106745,0.036436281,0.019321367,0.128332041,0.044427217,0.022124158,0.030651798,0.012224939,0.046156598,0.01580297,0.006380822,0.019738804
N:CCA,0.05880402,0.041292163,0.059268349,0.0326689,0.022320984,0.014228384,0.032469901,0.148087957,0.029949255,0.02291798,0.036814699,0.07472389,0.027229611,0.008457431,0.151139266,0.032370402,0.043083148,0.040131339,0.008026268,0.061059335,0.013332891,0.005273457,0.03635037
N:CCC,0.048855237,0.04085091,0.057400397,0.037822246,0.016549486,0.012439156,0.027762755,0.174797188,0.0267532,0.023832702,0.039661078,0.075860826,0.028195421,0.006021273,0.125040562,0.03190914,0.045177573,0.044636741,0.008581215,0.070308275,0.015287543,0.004146385,0.03811069
N:CCG,0.035111351,0.050287356,0.047413793,0.04373204,0.016792385,0.02110273,0.028286638,0.150592672,0.029454023,0.022808908,0.051364943,0.088990661,0.026760057,0.007094109,0.113415948,0.026849856,0.046246408,0.047952586,0.013020833,0.083063937,0.014457615,0.004759339,0.03044181
N:CCT,0.059753954,0.041947143,0.060980867,0.033126637,0.020824353,0.014921909,0.03110389,0.146102066,0.029611699,0.024239812,0.034751467,0.073117353,0.027290513,0.007693073,0.138607952,0.039858076,0.04582684,0.039891236,0.008687867,0.062406738,0.01803893,0.005172928,0.036044699
N:CTA,0.091766481,0.043572574,0.068282562,0.025370178,0.025653117,0.022823729,0.050268792,0.105724795,0.027445063,0.02640762,0.036593417,0.08271244,0.036121852,0.019239838,0.134490239,0.034518532,0.025558804,0.03508441,0.011883429,0.051777799,0.014241252,0.008865415,0.021597661
N:CTC,0.053858608,0.043137255,0.061341968,0.030940817,0.022522036,0.015722252,0.032559813,0.133621155,0.027163159,0.025616118,0.031696348,0.071631588,0.027091203,0.00608023,0.151466091,0.042525634,0.041734125,0.043029322,0.00982191,0.06537147,0.017053427,0.005720453,0.040295017
N:CTG,0.05616261,0.038788193,0.069471776,0.028974625,0.020533402,0.014526152,0.031408597,0.151967892,0.030191611,0.023303988,0.033428276,0.071310202,0.024313827,0.009476955,0.148990161,0.032936302,0.04282755,0.039409632,0.009166235,0.057586743,0.015587778,0.00569653,0.043940963
N:CTT,0.081392416,0.047002438,0.053224586,0.027453124,0.028588245,0.021861599,0.046539982,0.102875641,0.029176827,0.025603296,0.034810393,0.078029093,0.034347936,0.016017826,0.136466829,0.034263853,0.030774405,0.039561086,0.009921803,0.075927016,0.017615404,0.005969898,0.022576305
N:GCA,0.069507739,0.040193784,0.063103009,0.032023648,0.021266987,0.01625816,0.031654145,0.147678286,0.031489921,0.023730344,0.036211356,0.081578191,0.02438724,0.011002997,0.130927454,0.034938621,0.040727512,0.036909307,0.009812374,0.061091267,0.017284559,0.006363674,0.031859424
N:GCC,0.04768403,0.0444869,0.051310044,0.038131628,0.017662196,0.014582034,0.025616032,0.167888334,0.033218964,0.02382252,0.043980037,0.079187461,0.026122895,0.00709607,0.114472863,0.032166251,0.049321585,0.048190892,0.009981285,0.067763568,0.016570493,0.005107611,0.035636307
N:GCG,0.037733855,0.051897262,0.046823803,0.046189621,0.014374802,0.023359053,0.031286333,0.1407885,0.038579431,0.023676144,0.052637142,0.088574146,0.029700877,0.007610189,0.095233062,0.027375542,0.042173132,0.051157383,0.014903287,0.089419723,0.01479759,0.007081704,0.024627418
N:GCT,0.054802831,0.042224469,0.061961577,0.031466127,0.020141557,0.017229525,0.03247725,0.139251769,0.035106168,0.02273003,0.033892821,0.077896866,0.028109201,0.010030334,0.13726997,0.036683519,0.040040445,0.044853387,0.009383215,0.062527806,0.016137513,0.007199191,0.038584429
N:GTA,0.088344282,0.042108809,0.066616136,0.024338892,0.029391949,0.02122284,0.043540509,0.103840323,0.026191679,0.026275897,0.030823648,0.079417214,0.03217113,0.01802257,0.172730335,0.026949638,0.028381337,0.031665824,0.010274549,0.052551794,0.010190332,0.007158498,0.027791814
N:GTC,0.06259587,0.038584071,0.062300885,0.029970501,0.023244838,0.018112094,0.035339233,0.131917404,0.026135693,0.022300885,0.033687316,0.071740413,0.025840708,0.007728614,0.161297935,0.037463127,0.039646018,0.036519174,0.009085546,0.06519174,0.013628319,0.00519174,0.042477876
N:GTG,0.061550921,0.038266856,0.052682729,0.030856449,0.022960113,0.014172909,0.033002632,0.145414051,0.027130998,0.028102855,0.035229804,0.072119862,0.022433691,0.008989674,0.170115408,0.034379429,0.039765135,0.033043126,0.008422758,0.066005264,0.015549706,0.005709658,0.034095971
N:GTT,0.073427033,0.043938001,0.070405885,0.025548404,0.030736897,0.019571785,0.048601077,0.094378038,0.025220018,0.025351373,0.036713516,0.080323131,0.032838566,0.018061211,0.14652568,0.037961382,0.03113096,0.037173256,0.011165112,0.064429266,0.016287929,0.00571391,0.02449757
N:TCA,0.068677949,0.044313629,0.068064753,0.026203908,0.027593819,0.016597171,0.042147004,0.10219933,0.02587687,0.026776224,0.034011937,0.072111847,0.027225901,0.011037528,0.155097703,0.049955032,0.034584253,0.036096803,0.01066961,0.061564876,0.015983975,0.006009321,0.037200556
N:TCC,0.058908538,0.040882297,0.066514546,0.032097357,0.022513786,0.016923369,0.03483552,0.134017874,0.027914052,0.023730747,0.034303099,0.071876783,0.029815554,0.007872219,0.14820308,0.036166572,0.041718958,0.039513215,0.00855676,0.064955315,0.016695189,0.005248146,0.036737022
N:TCG,0.053342007,0.044397463,0.046023744,0.041958042,0.023906326,0.024068954,0.032200358,0.128964059,0.029435681,0.020979021,0.037404456,0.090746463,0.024719467,0.008294032,0.128801431,0.047812652,0.042445926,0.046023744,0.009920312,0.068954302,0.01512441,0.003577818,0.030899333
N:TCT,0.073223682,0.045222063,0.061559407,0.024542812,0.027670457,0.01883946,0.043787026,0.116605954,0.025904257,0.027891232,0.032453913,0.073186886,0.030908489,0.013283291,0.145748243,0.033520992,0.032085955,0.039334732,0.010854767,0.068992162,0.016558119,0.006292085,0.031534018
N:TTA,0.101339457,0.04699579,0.074779946,0.017374665,0.035744355,0.028702641,0.0612323,0.069804822,0.025258324,0.028013777,0.037122082,0.089475698,0.037198622,0.026176808,0.127057023,0.039954076,0.022273249,0.029774206,0.013088404,0.04691925,0.015308075,0.00604669,0.02035974
N:TTC,0.07279465,0.045150573,0.061634791,0.026579205,0.031605401,0.019849214,0.048387784,0.100736891,0.027686672,0.030455339,0.037142735,0.077480087,0.034033309,0.015035993,0.14043532,0.035737104,0.030710909,0.038463177,0.010478341,0.07096307,0.017506496,0.005452145,0.021680794
N:TTG,0.084334842,0.045106914,0.063004006,0.027730087,0.029811144,0.020966651,0.044846782,0.097081317,0.026637532,0.02200718,0.038135373,0.082826076,0.033505021,0.014775506,0.140367307,0.037563082,0.029811144,0.037563082,0.009989074,0.066905988,0.01675251,0.006659383,0.023619999
N:TTT,0.085867688,0.044416911,0.072200946,0.020687843,0.035443418,0.025080724,0.056318991,0.077720207,0.02511827,0.027145754,0.043177893,0.092400691,0.037846362,0.02267778,0.126154539,0.038597282,0.023466246,0.029623789,0.012352632,0.06345273,0.020687843,0.005444169,0.014117294
T:ACA,0.037115669,0.104735345,0.077927233,0.062055815,0.040414636,0.042711559,0.054549635,0.043350991,0.033830428,0.041424687,0.040310542,0.056300924,0.055865104,0.019958523,0.031300152,0.036803388,0.035183645,0.058284423,0.01504782,0.058879243,0.024164591,0.009963247,0.0198224
T:ACC,0.035690909,0.10605411,0.067842664,0.05826792,0.030804593,0.038000873,0.050881364,0.042094367,0.032799965,0.041841933,0.037548013,0.060308959,0.054619674,0.015961711,0.031030389,0.035026207,0.042099441,0.067993617,0.011997605,0.076623317,0.027515336,0.00949229,0.025504742
T:ACG,0.034079854,0.095933793,0.062658782,0.052325297,0.029495748,0.037684152,0.045683592,0.043965427,0.036130455,0.042824649,0.038639465,0.056839416,0.048825979,0.017080169,0.030650523,0.032778108,0.049658817,0.069541939,0.011610736,0.08928159,0.031518354,0.011834692,0.030958463
T:ACT,0.038507622,0.107313069,0.079327109,0.062969466,0.040159155,0.04157556,0.056109899,0.043090522,0.033068684,0.04048017,0.040316847,0.055567836,0.056656187,0.019717029,0.03249283,0.036958869,0.034451298,0.058486531,0.014838458,0.055312996,0.023708587,0.009852883,0.019038394
T:ATA,0.041627549,0.102369015,0.096408525,0.066076743,0.054507321,0.047410263,0.062810858,0.045920141,0.036302259,0.038028085,0.042578351,0.049419731,0.056702555,0.025911352,0.032996425,0.039815832,0.023853944,0.045926133,0.018620538,0.034015141,0.01725426,0.010139225,0.011305755
T:ATC,0.04002928,0.106614307,0.078125,0.060982309,0.040695283,0.04312144,0.055351969,0.043244205,0.033633188,0.040362281,0.039880426,0.056797535,0.056861987,0.020346874,0.03260963,0.036837372,0.034257759,0.060175125,0.01507102,0.053277229,0.023145932,0.009690815,0.018889032
T:ATG,0.039553983,0.104710402,0.078867939,0.061806848,0.040014834,0.042939558,0.054765668,0.042413899,0.0333973,0.040889731,0.039940425,0.057512772,0.055850588,0.01994981,0.031957141,0.036960495,0.034200189,0.058154844,0.015038866,0.05812724,0.023723029,0.009340635,0.019883803
T:ATT,0.041068218,0.100835005,0.094923212,0.06541327,0.053886716,0.046792564,0.062033455,0.045473225,0.036788656,0.039063976,0.042773986,0.048697315,0.05832777,0.026039286,0.032700868,0.038459819,0.025892212,0.046684421,0.018770664,0.035535645,0.018299163,0.009881346,0.01165921
T:CCA,0.035758758,0.107783064,0.067147776,0.058533969,0.029842361,0.038033157,0.050242143,0.041612729,0.032397673,0.041898569,0.037048323,0.06176199,0.055235309,0.015299015,0.031146712,0.035558341,0.04211295,0.068723182,0.011684124,0.075139799,0.028137998,0.009323479,0.02557858
T:CCC,0.03229549,0.108459549,0.055435129,0.053829852,0.022137737,0.034303017,0.046975766,0.041510003,0.032101814,0.04178655,0.034339332,0.06543552,0.052867058,0.011910149,0.030150155,0.032911902,0.048339879,0.076371702,0.009027355,0.09959328,0.031487265,0.008812263,0.029919233
T:CCG,0.0318265,0.098456005,0.05417026,0.048698963,0.023854099,0.03490187,0.043627338,0.044262605,0.036420623,0.044506616,0.03590105,0.060903679,0.04694251,0.014535434,0.029861798,0.031334273,0.052880793,0.075554808,0.009873998,0.103466627,0.034073077,0.010959423,0.032987652
T:CCT,0.035328574,0.108956739,0.063927573,0.057553744,0.02837423,0.037496842,0.049774681,0.041471718,0.032634716,0.041693108,0.037281367,0.06164185,0.054937626,0.014664117,0.031995897,0.035273649,0.043275792,0.071094857,0.01112357,0.077477136,0.0288018,0.009159792,0.026060622
T:CTA,0.040350075,0.10832281,0.082225923,0.063511506,0.041833203,0.043155224,0.057839609,0.042833011,0.033555171,0.039101499,0.040359552,0.056219067,0.058164191,0.021498243,0.033931876,0.037736833,0.031195434,0.056444142,0.015300381,0.047168671,0.021846518,0.009976758,0.017430304
T:CTC,0.035693068,0.108375309,0.064714158,0.057075498,0.029175008,0.037592644,0.050928155,0.041883583,0.032177351,0.041352378,0.037541025,0.060700084,0.056040304,0.014928189,0.032380073,0.035203158,0.042427928,0.071075485,0.011457521,0.076332167,0.02818674,0.00944626,0.025313913
T:CTG,0.034251577,0.108110728,0.065893909,0.058938673,0.029974341,0.037747758,0.049769534,0.041602152,0.033001614,0.042498027,0.037375794,0.061015068,0.054491613,0.015320631,0.031669146,0.035993136,0.043376025,0.069854185,0.011851952,0.073093911,0.02846036,0.009847749,0.025862116
T:CTT,0.038996719,0.106067346,0.078947859,0.061178159,0.039958013,0.041863909,0.05600249,0.043626445,0.034157847,0.04036649,0.041054811,0.054972462,0.057580426,0.019859213,0.032792004,0.036924881,0.034814747,0.059776968,0.014984991,0.053667498,0.023595396,0.009751389,0.019059935
T:GCA,0.034997807,0.104147628,0.068194118,0.059443096,0.03203858,0.038581958,0.049776148,0.041734838,0.034598987,0.042259271,0.038267926,0.060059645,0.053723528,0.016492955,0.031894125,0.035887564,0.043617982,0.06759641,0.012607333,0.06883579,0.028515142,0.010543097,0.026186072
T:GCC,0.033420037,0.105907905,0.058031096,0.055295251,0.023802719,0.035665105,0.045155399,0.041021318,0.033651954,0.04339726,0.03538796,0.064365978,0.050546255,0.013059499,0.030950752,0.033983951,0.048912254,0.074094924,0.009782836,0.090308872,0.032886918,0.009511464,0.030860295
T:GCG,0.030656184,0.093105474,0.053829543,0.04808898,0.024783362,0.035325956,0.042345873,0.044647694,0.037579451,0.044413697,0.035641343,0.060035557,0.045306447,0.014484939,0.029847368,0.03172952,0.054544252,0.075148728,0.010270445,0.107048659,0.03505635,0.011165739,0.034944438
T:GCT,0.034179162,0.106445807,0.066349741,0.057765142,0.029653048,0.037422322,0.049947493,0.042263883,0.033672229,0.042152015,0.037495893,0.060506409,0.055138767,0.01560708,0.03225826,0.036114174,0.04378065,0.070969582,0.011830783,0.071037106,0.028680503,0.010281766,0.026448185
T:GTA,0.039301898,0.105264124,0.08353107,0.062081615,0.043082535,0.043127422,0.056356592,0.043819076,0.034733713,0.040568911,0.041093263,0.054703966,0.05612604,0.021020997,0.032626105,0.037624789,0.032430238,0.055887328,0.015571411,0.05078867,0.022614455,0.009689286,0.017956497
T:GTC,0.035539254,0.106603855,0.067625319,0.057786437,0.031851218,0.039061969,0.050900146,0.04229576,0.032639194,0.042337476,0.038107128,0.059027113,0.054035054,0.016720537,0.031183756,0.034905783,0.042071727,0.06673228,0.012346499,0.075451,0.027835631,0.009837337,0.025105527
T:GTG,0.034414171,0.104708185,0.066944848,0.058977658,0.0306065,0.038404363,0.049543695,0.042084488,0.032972688,0.041972336,0.037738048,0.060670933,0.053586665,0.015558341,0.030604301,0.034998021,0.043203809,0.066918459,0.01200906,0.079123235,0.028693319,0.010045301,0.026221577
T:GTT,0.039361024,0.102939177,0.082242247,0.062767311,0.044139255,0.042918898,0.05744852,0.044442297,0.034554946,0.040401194,0.041490507,0.052866857,0.057030814,0.022256367,0.032130613,0.036787627,0.032925073,0.05645913,0.016220103,0.050463818,0.022108941,0.010324713,0.017720569
T:TCA,0.038435472,0.106270159,0.077068613,0.061630626,0.038847542,0.041547961,0.054881671,0.042667035,0.032645574,0.041107653,0.039794049,0.056793509,0.056131478,0.019126746,0.032114275,0.036584294,0.035613733,0.060572213,0.014625351,0.059959337,0.024095642,0.009382439,0.020104628
T:TCC,0.035873661,0.108131945,0.066201529,0.05646164,0.030858002,0.038348897,0.051435435,0.042824836,0.032977578,0.041402199,0.038081434,0.059635732,0.056156789,0.016018092,0.031863626,0.035276422,0.041546955,0.069537633,0.011904522,0.07417175,0.027347424,0.009588423,0.024355475
T:TCG,0.036301418,0.099235282,0.063939521,0.053669949,0.029911307,0.038469865,0.04752776,0.044601578,0.035372582,0.042468049,0.037659753,0.056533277,0.05091836,0.017522173,0.03136043,0.032662895,0.046151966,0.069543963,0.01185837,0.084143446,0.031011244,0.010576856,0.028559955
T:TCT,0.038653827,0.10759066,0.076421596,0.060981936,0.038623918,0.041677454,0.055687083,0.042891578,0.033244011,0.0405596,0.040275463,0.056478741,0.057842411,0.019174564,0.032911272,0.036823761,0.035162869,0.061352061,0.014576033,0.056489022,0.023536625,0.00979244,0.019253075
T:TTA,0.040427599,0.100271601,0.09709512,0.066515174,0.0556792,0.047173643,0.063228256,0.045739828,0.037700355,0.037913743,0.043233459,0.046846075,0.057932873,0.027137667,0.033020802,0.039111708,0.025125459,0.045357976,0.019334043,0.031557037,0.017930177,0.010633817,0.011034387
T:TTC,0.039179861,0.10493936,0.079879774,0.061047336,0.041456899,0.042281781,0.05653278,0.044410868,0.034424123,0.040642151,0.041413325,0.053653801,0.05739921,0.020777091,0.032594993,0.036713322,0.033721859,0.058273747,0.015510616,0.054665143,0.022640676,0.009787112,0.018054171
T:TTG,0.039877301,0.104474117,0.081990793,0.062521681,0.042978235,0.042833285,0.056857488,0.043483701,0.034120192,0.040659038,0.040951416,0.054901285,0.05773462,0.021088338,0.0323077,0.036951049,0.03339916,0.057385254,0.015733867,0.048970733,0.022815346,0.00971907,0.01824633
T:TTT,0.040254191,0.10049132,0.093186101,0.065070287,0.05326934,0.046244252,0.06223806,0.046720837,0.037290994,0.039592974,0.044256054,0.047413887,0.05783692,0.026277686,0.033109957,0.038163218,0.027006207,0.047353859,0.019037952,0.033331878,0.019137089,0.010715897,0.01200104
U:ACA,0.039174966,0.106140565,0.070264183,0.059326651,0.043087904,0.053648162,0.05061971,0.046805935,0.032743068,0.041290437,0.04236185,0.056902294,0.053631065,0.018851172,0.029959674,0.033682264,0.041548032,0.051009522,0.017061684,0.057093781,0.025253435,0.010131693,0.019411954
U:ACC,0.037047469,0.107753484,0.063916698,0.055633655,0.034985311,0.047465317,0.047675612,0.04482963,0.028614034,0.042717766,0.038611293,0.060902481,0.051850908,0.014867164,0.02809021,0.0320208,0.051329633,0.060845128,0.014027262,0.07373935,0.028537563,0.010313338,0.024225894
U:ACG,0.034602589,0.098786309,0.06138369,0.049005696,0.033545259,0.048785276,0.045578845,0.04611612,0.028458365,0.04225876,0.038236084,0.058611213,0.047469641,0.015870282,0.028337822,0.030297499,0.058280582,0.061817643,0.014778512,0.087100574,0.030232062,0.013814172,0.026633007
U:ACT,0.041630501,0.107551704,0.071247827,0.058797834,0.043615262,0.054456523,0.051541582,0.046745077,0.032361215,0.040211199,0.041643224,0.056704223,0.054973918,0.018880674,0.030666252,0.03385544,0.040259263,0.050949264,0.016860572,0.053908028,0.024610187,0.00982909,0.018701141
U:ATA,0.047148277,0.105467644,0.080113788,0.062844006,0.055456343,0.063023199,0.055470597,0.048471866,0.03969138,0.036915915,0.046189184,0.051259548,0.059223481,0.024911981,0.034254483,0.032782245,0.025958635,0.038528658,0.019756093,0.033576399,0.019242948,0.008741796,0.010971535
U:ATC,0.042768991,0.106545325,0.071013386,0.059587106,0.042785821,0.054487508,0.051865033,0.045366986,0.032586627,0.040197007,0.042582327,0.056358737,0.054903677,0.018667923,0.030935722,0.033451095,0.040143456,0.051765581,0.016886966,0.053078348,0.02563722,0.009738655,0.018646503
U:ATG,0.042175851,0.10708131,0.06991456,0.060784017,0.042752707,0.052710441,0.051121364,0.045514848,0.03269097,0.040637566,0.041302705,0.057019331,0.054694973,0.018351786,0.030578248,0.032989678,0.040167131,0.051296718,0.016823176,0.057064077,0.025506261,0.00954051,0.019281771
U:ATT,0.045903665,0.104560853,0.080762129,0.061746703,0.05511115,0.064197962,0.055481892,0.048827438,0.038895916,0.037225397,0.04727323,0.050135939,0.058709527,0.0242945,0.033112342,0.032446461,0.027067068,0.039061659,0.019980809,0.034172228,0.020117474,0.009307803,0.011607857
U:CCA,0.037367291,0.109409181,0.062928097,0.056011799,0.033980003,0.046529697,0.047252308,0.044214377,0.028461136,0.042573878,0.038011626,0.062378518,0.051677783,0.01391252,0.02829964,0.03294676,0.051802201,0.061529018,0.013588705,0.072979553,0.029075808,0.01006052,0.025009579
U:CCC,0.032461677,0.108685029,0.056708359,0.049837636,0.026752671,0.038845586,0.044863461,0.042730882,0.025295915,0.044437499,0.035142845,0.06490307,0.049880048,0.011416169,0.026777564,0.031263081,0.062040269,0.070440586,0.010990207,0.096560766,0.031129391,0.010205587,0.028631701
U:CCG,0.030279471,0.100858899,0.056819771,0.044874168,0.029265493,0.042920256,0.043722388,0.044612961,0.026826188,0.044300335,0.035803901,0.061385756,0.046461979,0.013519017,0.027387681,0.029993583,0.063960807,0.068224449,0.013467598,0.101961317,0.03221693,0.011910638,0.029226415
U:CCT,0.036368619,0.109405132,0.063116729,0.054246929,0.032276288,0.045170326,0.047526695,0.043868985,0.027914945,0.043734479,0.03786079,0.061875915,0.051245774,0.014134011,0.028116704,0.032966469,0.053312956,0.062795597,0.012973901,0.076148635,0.029465963,0.010307328,0.025166829
U:CTA,0.043465137,0.109629024,0.074112015,0.059946093,0.045611416,0.057236504,0.052202373,0.046305452,0.033423019,0.03926052,0.043362933,0.055872202,0.056347569,0.019970147,0.03219182,0.033786675,0.036313248,0.049136259,0.016987222,0.046486091,0.023273944,0.008663555,0.016416782
U:CTC,0.036584442,0.10923576,0.063288016,0.053379421,0.033014168,0.046714849,0.048485661,0.044160297,0.027994713,0.042474515,0.038098319,0.060877642,0.052036525,0.014324532,0.028485476,0.033274799,0.052216749,0.061612399,0.013503822,0.075810312,0.029040934,0.010560172,0.024826477
U:CTG,0.035756326,0.109298025,0.063844628,0.055156616,0.033798329,0.04681156,0.047593119,0.044202492,0.028561747,0.043333486,0.03821851,0.062174251,0.051226276,0.014588646,0.028355426,0.033617969,0.052272909,0.061595596,0.013729888,0.071072683,0.029087113,0.010724575,0.024979829
U:CTT,0.040983958,0.106871316,0.071569221,0.058573046,0.043128684,0.053580071,0.052293041,0.046141837,0.033088092,0.041418173,0.042980368,0.055367667,0.054327505,0.01911713,0.031304399,0.033813083,0.040035518,0.05148511,0.016586979,0.053086335,0.025486905,0.009935209,0.018826353
U:GCA,0.036801785,0.107574208,0.064258694,0.056652204,0.035396658,0.046342021,0.047679242,0.044488717,0.029499305,0.043306112,0.03872404,0.061464111,0.051329438,0.015476244,0.029072021,0.033156813,0.051047368,0.059892876,0.014450345,0.068931654,0.028946656,0.01063822,0.024871266
U:GCC,0.033572871,0.107477533,0.058494477,0.051179323,0.028341207,0.041741492,0.044435694,0.043195157,0.026341821,0.044437606,0.035862799,0.064788913,0.048283462,0.012200845,0.027773504,0.032527303,0.060543562,0.067371294,0.011981027,0.088863743,0.031476956,0.010683146,0.028426267
U:GCG,0.029895507,0.098105284,0.057347892,0.044433191,0.029722586,0.048390603,0.044094761,0.044746918,0.027380747,0.042429782,0.036266397,0.060423409,0.043909488,0.014115264,0.026960796,0.029964675,0.062898644,0.06613967,0.014048566,0.10578049,0.031607421,0.011919172,0.02941874
U:GCT,0.035625279,0.109004706,0.06326855,0.054789105,0.033973829,0.047308537,0.047606799,0.044237841,0.028586099,0.042711501,0.038630918,0.061711182,0.051191947,0.014655868,0.029052508,0.033687578,0.051889559,0.062117539,0.013915218,0.070753121,0.029446854,0.010515232,0.025320231
U:GTA,0.042307821,0.106551252,0.073857612,0.060308839,0.046144309,0.056787536,0.052491839,0.046939576,0.034328009,0.039669453,0.042635529,0.054890165,0.055883728,0.020246971,0.031579013,0.03332401,0.036494644,0.048452881,0.017399871,0.049609254,0.023465614,0.009497291,0.017134782
U:GTC,0.036972323,0.106615303,0.064034303,0.053983322,0.035897671,0.049080889,0.04827834,0.044468903,0.028705296,0.043168008,0.039289782,0.059931363,0.051320386,0.015563352,0.028237524,0.032274732,0.051350959,0.059439132,0.014828063,0.072654453,0.028703767,0.011231111,0.023971016
U:GTG,0.035896107,0.106477907,0.062641622,0.055782249,0.034802122,0.046706347,0.046612985,0.045537673,0.028823648,0.042386425,0.038347687,0.061550932,0.050517721,0.014792961,0.028108603,0.032531773,0.052626607,0.059963775,0.014370085,0.077731146,0.028409559,0.010667452,0.024714614
U:GTT,0.041899378,0.104878557,0.074133046,0.059345796,0.046424029,0.057031425,0.05257183,0.048152895,0.033877961,0.040105456,0.043836423,0.05396891,0.055268405,0.02080006,0.030945558,0.033729959,0.037550378,0.048318788,0.018048187,0.047552752,0.0241228,0.010277237,0.017160171
U:TCA,0.041379455,0.107110591,0.070114606,0.058616363,0.041810273,0.053354526,0.051123055,0.046192697,0.031595073,0.040676761,0.041501799,0.056988247,0.054368831,0.018155011,0.030161452,0.033121758,0.041974444,0.052547265,0.016371089,0.057957587,0.025514472,0.010174419,0.019190229
U:TCC,0.036988506,0.108500311,0.064068783,0.054007902,0.034808695,0.047419167,0.048503858,0.04450264,0.029046753,0.042779841,0.038573822,0.059996454,0.052066079,0.01501784,0.028352703,0.032725597,0.050777535,0.060599481,0.014185359,0.073436562,0.028930129,0.010422128,0.024289855
U:TCG,0.036264145,0.098216814,0.062106186,0.050183026,0.034667567,0.050490061,0.046989871,0.044605239,0.028567822,0.041432553,0.038897816,0.058592351,0.048828665,0.015829316,0.028758866,0.031484647,0.054802185,0.061833267,0.015208425,0.083680453,0.03039297,0.011994801,0.026172956
U:TCT,0.040102109,0.108497933,0.071004516,0.057412339,0.041460134,0.053562154,0.052023365,0.04552228,0.032304477,0.041295886,0.042586927,0.056237831,0.054480656,0.018303974,0.030794133,0.034044217,0.041515189,0.052373883,0.016108194,0.055213806,0.025576748,0.010228313,0.019350937
U:TTA,0.045227158,0.103498355,0.082090909,0.062008884,0.056508386,0.064881261,0.056714773,0.049182594,0.03988003,0.03725191,0.04807492,0.048637278,0.058759709,0.026067248,0.034167465,0.033118489,0.025955534,0.037588945,0.020562963,0.030549065,0.019057663,0.009569541,0.010646919
U:TTC,0.041010406,0.105795539,0.073139253,0.058074267,0.044705478,0.055750737,0.052385314,0.047047988,0.033955905,0.040492956,0.043354914,0.054057537,0.054563998,0.019843906,0.031092948,0.033489401,0.038464113,0.049756109,0.017223691,0.053027632,0.024706737,0.01021614,0.017845031
U:TTG,0.043092618,0.106632453,0.07259725,0.060281701,0.045342993,0.055160887,0.052244472,0.046939752,0.033118154,0.040678219,0.043522563,0.055800834,0.055652963,0.019418332,0.030951035,0.033428808,0.038174351,0.049647408,0.017277308,0.047428099,0.024998913,0.009568129,0.018042758
U:TTT,0.043397046,0.102269857,0.081595651,0.06178081,0.054806108,0.063655053,0.056060997,0.04878336,0.038668739,0.038772114,0.048317721,0.048558631,0.057758153,0.024914401,0.033414566,0.033077471,0.028871436,0.039326747,0.019974848,0.033008255,0.020561841,0.010110126,0.01231607