,X,1,2,3,4,5,6,7,8,9,10,11,12,13,14,15,16,17,18,19
AACAA,0.047392854,0.070314184,0.085874161,0.05197712,0.056735472,0.062861643,0.053933516,0.068606483,0.041730913,0.06035812,0.048669485,0.066301915,0.036723866,0.040603498,0.038108265,0.034767471,0.033797563,0.041001409,0.02995109,0.030290972
AACAC,0.036920668,0.065949896,0.085427975,0.049843424,0.059592902,0.06243215,0.05151357,0.0767119,0.046680585,0.058705637,0.047338205,0.070250522,0.037338205,0.037557411,0.03723382,0.038152401,0.03131524,0.046325678,0.028517745,0.032192067
AACAG,0.039592679,0.06571375,0.084940359,0.049400701,0.059872207,0.063420404,0.052783026,0.076178044,0.044085618,0.059973172,0.047107355,0.072853413,0.035243975,0.037681557,0.037378662,0.037789733,0.032063579,0.044489478,0.02866683,0.030765458
AACAT,0.048174722,0.069118111,0.086966806,0.050402113,0.055753765,0.060573208,0.053408105,0.074095246,0.042369707,0.059784751,0.047100449,0.064416936,0.036633683,0.041827643,0.038930064,0.03597335,0.032799811,0.042763936,0.027517149,0.031390444
AACCA,0.042479011,0.065702206,0.088865289,0.0482798,0.058899553,0.058859479,0.053118801,0.078766506,0.045324303,0.057687298,0.0466668,0.074047729,0.034454085,0.036057066,0.037179153,0.037439638,0.031999519,0.045093875,0.027270724,0.031809165
AACCC,0.033975024,0.06031173,0.08522046,0.046436125,0.062763535,0.06050033,0.049130417,0.086405949,0.049345961,0.058210182,0.046530425,0.079926176,0.032291091,0.032156377,0.036548073,0.040320082,0.029920114,0.050491035,0.026592663,0.03292425
AACCG,0.031022246,0.062235281,0.081924677,0.045484031,0.061853703,0.067768154,0.047468234,0.074941809,0.049528752,0.056282673,0.050978746,0.079444423,0.034609074,0.034151181,0.035982753,0.043194566,0.030755142,0.047391918,0.029724883,0.035257756
AACCT,0.03806638,0.065804336,0.086363439,0.046776576,0.061883661,0.062024849,0.050317129,0.078022503,0.04777575,0.058875277,0.046070637,0.076969026,0.034156566,0.035677049,0.036665363,0.038826621,0.031908423,0.045397281,0.025793909,0.032625223
AACGA,0.035331481,0.064744307,0.081778484,0.052437836,0.059836154,0.068533689,0.046916164,0.066584864,0.050272475,0.054675376,0.053700964,0.071637374,0.036811144,0.038832148,0.036414161,0.040636616,0.030351149,0.045905662,0.031614277,0.032985673
AACGC,0.029320802,0.064545929,0.077760373,0.046873117,0.061292525,0.065951721,0.047515765,0.074386472,0.052616781,0.05378158,0.05209463,0.076314415,0.036992409,0.035586617,0.036751416,0.039362172,0.031891393,0.047957585,0.033176688,0.03582761
AACGG,0.027534878,0.06301315,0.081803618,0.048661638,0.061678126,0.066350711,0.046859355,0.071724184,0.053334223,0.058273813,0.051832321,0.079133569,0.034910887,0.033342233,0.035778653,0.043254789,0.03040518,0.048361258,0.029637541,0.034109873
AACGT,0.033507892,0.068443989,0.081810525,0.050206907,0.056871864,0.068334127,0.050646354,0.064781924,0.050353389,0.055260556,0.053466144,0.071117296,0.040429194,0.039000989,0.037902369,0.039440437,0.032152928,0.046178636,0.030614861,0.029479621
AACTA,0.050237226,0.068732418,0.087353571,0.052924382,0.058655582,0.058382668,0.051979678,0.068921359,0.041503968,0.058865516,0.0487257,0.067493807,0.037074359,0.04034933,0.040895159,0.035058991,0.031112231,0.039593568,0.030503422,0.031637066
AACTC,0.038715973,0.068127404,0.085499665,0.04716949,0.060025644,0.062408515,0.052627398,0.077636192,0.046477323,0.05796049,0.046590793,0.074288827,0.035209749,0.037274904,0.036038081,0.037876295,0.031351768,0.045195112,0.027584564,0.031941813
AACTG,0.041043154,0.065143922,0.086335211,0.049301459,0.058269393,0.061560296,0.05130616,0.074564244,0.0458775,0.059599947,0.047962035,0.071477358,0.036315253,0.037787732,0.037716769,0.038852175,0.032926775,0.044866279,0.027959374,0.031134963
AACTT,0.046896664,0.067408857,0.085566022,0.052748552,0.055766251,0.062250224,0.051922763,0.068020553,0.043257075,0.059354865,0.049037599,0.068499715,0.038169807,0.03983158,0.039219884,0.036773102,0.033317021,0.041381209,0.029096322,0.031481935
AATAA,0.056052124,0.072611375,0.089029496,0.056157971,0.052829656,0.059062897,0.055664017,0.061944301,0.038446159,0.060474197,0.049324928,0.057251729,0.038116856,0.043373947,0.041209954,0.033247871,0.03478854,0.038775462,0.030660488,0.030978031
AATAC,0.052531483,0.069750707,0.088032211,0.053456695,0.054621777,0.05998458,0.053953568,0.065929924,0.042525486,0.058768097,0.048967703,0.063017219,0.038413433,0.04206288,0.039013107,0.035260858,0.031628545,0.042114281,0.029692453,0.030274994
AATAG,0.05412401,0.06909407,0.088931814,0.053312729,0.054722812,0.057967935,0.054355805,0.071257485,0.040757195,0.058373575,0.047112227,0.067181766,0.036179254,0.037589337,0.040100444,0.033069345,0.033571567,0.040931041,0.030423025,0.030944562
AATAT,0.058691357,0.071927582,0.089128217,0.056741435,0.052828678,0.060086003,0.054843167,0.070003487,0.037707098,0.059776082,0.047482535,0.057529152,0.035950877,0.043401903,0.037048516,0.030527254,0.032787097,0.042640013,0.030281899,0.030617647
AATCA,0.052121212,0.069315839,0.088359888,0.052046236,0.056944705,0.057994377,0.056132459,0.07161512,0.041274602,0.059731334,0.047222743,0.062617932,0.036176195,0.040387379,0.039525148,0.034064355,0.032677288,0.040074977,0.030053108,0.031665105
AATCC,0.045262634,0.06665719,0.083829696,0.047764589,0.060061127,0.060715047,0.054346435,0.077972848,0.043912147,0.059577795,0.045916554,0.068917478,0.035851873,0.03720236,0.038922454,0.03710285,0.030975904,0.044807733,0.028999929,0.031203355
AATCG,0.041211546,0.065168065,0.081473273,0.052609361,0.060893884,0.06189647,0.051184634,0.067173236,0.045960635,0.058783178,0.054139623,0.067753681,0.035301567,0.038098253,0.03614585,0.042425202,0.032188275,0.045327423,0.030024801,0.032241043
AATCT,0.050056092,0.069200566,0.085845283,0.051055995,0.057945566,0.06018925,0.052641206,0.073931812,0.040227783,0.059701493,0.04831236,0.067237343,0.036215979,0.037923129,0.037825578,0.036276949,0.03237489,0.041154522,0.030338504,0.031545703
AATGA,0.048875124,0.068416376,0.089576533,0.051593831,0.056503339,0.05958278,0.054162964,0.073633828,0.0412997,0.060427426,0.046411572,0.063762021,0.036293409,0.040279085,0.037912315,0.035413569,0.031735837,0.043200155,0.030310496,0.030609641
AATGC,0.045170131,0.067949116,0.08806495,0.050186162,0.057736064,0.059145206,0.05175044,0.076416899,0.04152446,0.057684352,0.046462923,0.068104251,0.035293205,0.037827076,0.040011894,0.036986762,0.032642983,0.044459096,0.031182128,0.031401903
AATGG,0.045441072,0.066091613,0.08774998,0.048998103,0.058513161,0.059708719,0.052317999,0.077345664,0.044235634,0.059234448,0.046557584,0.070834321,0.034552605,0.036607778,0.037220378,0.036508972,0.031440202,0.045856059,0.028762548,0.03202316
AATGT,0.0464642,0.069932388,0.087513437,0.050663559,0.055696762,0.060458715,0.053777916,0.076100825,0.043209194,0.058570008,0.047438692,0.064216036,0.036387748,0.041923266,0.037181406,0.034720059,0.031716212,0.044997438,0.028059354,0.030972785
AATTA,0.055952421,0.071419078,0.088015417,0.0588763,0.054972256,0.059009204,0.054590158,0.057231618,0.036315912,0.058261621,0.05189886,0.056716616,0.041083829,0.047662558,0.040269794,0.031930093,0.034604778,0.037345915,0.03394026,0.029903313
AATTC,0.05118136,0.070358008,0.084193992,0.054388376,0.057595392,0.05877348,0.053445906,0.068734865,0.040015708,0.060422803,0.048956084,0.06349892,0.036808692,0.042162445,0.038772171,0.033601676,0.032384318,0.043170365,0.030604097,0.030931344
AATTG,0.059215985,0.070174226,0.08569552,0.05444552,0.057193722,0.058853014,0.054186256,0.07079646,0.04003042,0.056917174,0.049087389,0.062655559,0.036383435,0.03942547,0.038993363,0.034153761,0.031526549,0.039632882,0.03052406,0.030109237
AATTT,0.057514503,0.072012004,0.088813044,0.057007302,0.054217695,0.060779611,0.05503133,0.063125416,0.037649122,0.058296438,0.049029449,0.057408836,0.038674092,0.045056373,0.038283124,0.032154443,0.033718313,0.039846994,0.031657808,0.029724104
ACCAA,0.04391487,0.064713999,0.087134756,0.047963901,0.060564246,0.060161357,0.051035928,0.078130193,0.045163825,0.058731102,0.046019963,0.074564628,0.034154891,0.03642114,0.037790961,0.038868688,0.030961998,0.044740791,0.027315855,0.031646908
ACCAC,0.034766385,0.060370351,0.087078012,0.041125769,0.060939717,0.063418651,0.05041082,0.088619681,0.050209352,0.057576076,0.045601864,0.080902577,0.031718085,0.032269932,0.034994131,0.040714073,0.029563252,0.05175102,0.026068219,0.031902034
ACCAG,0.033965245,0.060967515,0.083728278,0.042660666,0.061339228,0.062202132,0.052530965,0.086701979,0.050718866,0.057622101,0.045382134,0.081896266,0.032664251,0.03161549,0.03581717,0.041007872,0.029617534,0.049670105,0.026763312,0.033128891
ACCAT,0.04156196,0.062490184,0.087659023,0.046254123,0.060271714,0.061606722,0.052035888,0.085244228,0.045380477,0.058082692,0.045095807,0.075477069,0.033875844,0.036722554,0.034562981,0.037920135,0.030449976,0.047589131,0.026454767,0.031264724
ACCCA,0.03242147,0.057559544,0.085528133,0.04144805,0.063919572,0.061209872,0.05045737,0.092431826,0.050759406,0.058802209,0.044934415,0.081782879,0.030885399,0.030738695,0.035907836,0.041422161,0.028676217,0.053503624,0.024292371,0.033318951
ACCCC,0.027543712,0.055529808,0.08144091,0.040299136,0.065262271,0.063039815,0.046513588,0.096555719,0.052685907,0.057920792,0.048451654,0.090741521,0.028818201,0.026427217,0.032978723,0.043617021,0.02711186,0.057562671,0.022540552,0.034958921
ACCCG,0.025323079,0.055407314,0.079317742,0.04203945,0.065662115,0.07013551,0.044053785,0.084026579,0.058938942,0.055852038,0.049076545,0.088761576,0.032150892,0.029561032,0.034296029,0.044733951,0.027703657,0.053811542,0.02545388,0.033694344
ACCCT,0.032118006,0.058053942,0.082667203,0.041625932,0.064130581,0.062865413,0.048229724,0.091187916,0.050415013,0.059050741,0.045766481,0.086213507,0.030057316,0.029558917,0.035002971,0.043887898,0.027919949,0.054210516,0.022849694,0.03418828
ACCGA,0.029833585,0.061331316,0.081301059,0.047564297,0.06311649,0.069167927,0.046565809,0.071739788,0.052072617,0.058184569,0.050832073,0.083812405,0.035400908,0.033282905,0.034160363,0.042783661,0.028895613,0.048018154,0.027987897,0.033948563
ACCGC,0.024805578,0.055001341,0.083507643,0.040681148,0.065138107,0.067685707,0.044864575,0.084499866,0.057173505,0.056395817,0.050925181,0.085358005,0.034325556,0.031563422,0.032877447,0.044247788,0.026629123,0.050925181,0.028881738,0.034513274
ACCGG,0.025738097,0.057575519,0.078555091,0.041380761,0.066724505,0.067329179,0.044982517,0.082104267,0.055971817,0.054788758,0.051476194,0.086336988,0.033099351,0.031784841,0.033888056,0.047821858,0.02607987,0.051449904,0.026395352,0.036517075
ACCGT,0.026703445,0.058747579,0.081636246,0.045601268,0.06159399,0.068079113,0.047215212,0.076500968,0.052585246,0.061535301,0.050061623,0.080638535,0.034626445,0.033188567,0.03491989,0.043429779,0.031193145,0.052379834,0.026908856,0.032454956
ACCTA,0.042601776,0.064430925,0.08348244,0.045754307,0.062999506,0.061039824,0.050099688,0.076001568,0.046248488,0.058654125,0.046095121,0.076989929,0.034848252,0.035393555,0.037574766,0.039602611,0.0331101,0.04582247,0.026753915,0.032496634
ACCTC,0.032118161,0.061463881,0.082484172,0.042680999,0.063304069,0.064203896,0.049547249,0.085524129,0.049660741,0.058302326,0.045802022,0.085248506,0.031218334,0.031680407,0.035376995,0.040970516,0.029621343,0.051111814,0.025568067,0.034112373
ACCTG,0.03120403,0.059550645,0.084468362,0.041215566,0.065217851,0.064799822,0.048957044,0.084230244,0.051004858,0.057926152,0.046311289,0.0837593,0.033008435,0.030965912,0.034622345,0.043014679,0.029383751,0.051946746,0.025039422,0.033373549
ACCTT,0.038911459,0.065492657,0.08477845,0.04535323,0.062402188,0.062971277,0.049977078,0.078257639,0.04736085,0.05874263,0.045511311,0.077538374,0.034674908,0.035275613,0.036556063,0.038943075,0.029837652,0.048143347,0.026573294,0.032698905
ACTAA,0.051471429,0.072027988,0.084444241,0.054695539,0.056387625,0.059520271,0.053163515,0.065785562,0.040884458,0.057988247,0.048567443,0.064345003,0.039649692,0.042462214,0.038460659,0.035442343,0.033064276,0.039741157,0.031280726,0.030617611
ACTAC,0.042414011,0.065011798,0.088856491,0.046787776,0.058009937,0.061366993,0.050566863,0.07974448,0.046634311,0.060407834,0.046116365,0.075831111,0.034376259,0.033704848,0.036256211,0.038596559,0.030117593,0.044927008,0.02720175,0.033071803
ACTAG,0.049274644,0.06402951,0.085446087,0.0493297,0.061882346,0.057147576,0.051339224,0.079224819,0.040713519,0.057230159,0.047237592,0.070938971,0.037602885,0.035565833,0.038043329,0.036474248,0.030693424,0.043273598,0.031381617,0.03317092
ACTAT,0.05217068,0.068218431,0.090833987,0.050539056,0.055908959,0.056879673,0.051468462,0.07771903,0.041637408,0.060473378,0.045210459,0.06660746,0.035730513,0.037444752,0.039076377,0.034098889,0.033396671,0.041740675,0.02994754,0.0308976
ACTCA,0.036654826,0.06325788,0.087000112,0.044234708,0.061563859,0.063819673,0.05230724,0.083447853,0.049299487,0.057017658,0.046041089,0.075159247,0.032825991,0.034113793,0.036827685,0.038780996,0.03104554,0.048806838,0.025756044,0.032039481
ACTCC,0.033121867,0.063066698,0.084125912,0.043046324,0.063833221,0.063470131,0.052516919,0.085709387,0.049148252,0.057105972,0.04615276,0.081069905,0.032940322,0.032889893,0.034019506,0.039859202,0.029551483,0.049037307,0.02544655,0.03388839
ACTCG,0.029418687,0.060072958,0.081901624,0.044686985,0.061396799,0.065721346,0.047864203,0.077018122,0.055454225,0.054836432,0.04995293,0.081195575,0.03674394,0.03315486,0.034655213,0.044010355,0.030301247,0.049482231,0.028271358,0.033860908
ACTCT,0.037378543,0.066133387,0.086016568,0.04787576,0.061688371,0.059741381,0.0532208,0.080570505,0.044505262,0.057978069,0.047636978,0.075069339,0.035036644,0.035762173,0.036230553,0.037093841,0.031583491,0.0474533,0.02815789,0.030867145
ACTGA,0.042062947,0.063312803,0.086479067,0.047901309,0.060398078,0.06078136,0.052509604,0.077859683,0.04568184,0.060558522,0.045423348,0.072235246,0.036581126,0.037115938,0.037570528,0.039192791,0.032186756,0.045102461,0.025911631,0.03113496
ACTGC,0.034014412,0.061593436,0.084049552,0.043565882,0.062863578,0.063845822,0.051389959,0.082017325,0.050365378,0.059078554,0.046233181,0.07546339,0.03497972,0.033819657,0.035885755,0.040907051,0.031474127,0.049637163,0.026359687,0.032456371
ACTGG,0.036728564,0.0616163,0.08401602,0.045482129,0.060857758,0.061722495,0.052718612,0.084751805,0.049054858,0.057269859,0.045588325,0.078948965,0.033277201,0.032200073,0.036447903,0.041120517,0.030447843,0.048660416,0.026586868,0.032503489
ACTGT,0.036842868,0.062934867,0.089727484,0.046877013,0.059770004,0.063031504,0.051974617,0.080176524,0.045330821,0.059157969,0.046039492,0.071906004,0.036762337,0.035844286,0.037648177,0.037938088,0.031817743,0.047126659,0.028878366,0.030215178
ACTTA,0.046053099,0.070869497,0.0838388,0.053809111,0.057175732,0.062644715,0.054064804,0.065727233,0.042814324,0.059363325,0.049249258,0.067218774,0.037572624,0.04101027,0.039007344,0.036748725,0.033580976,0.039319857,0.029504098,0.030427433
ACTTC,0.039322403,0.064069772,0.085118873,0.04790138,0.059340014,0.06179714,0.051515787,0.076707619,0.046895048,0.058937482,0.047314353,0.073780871,0.034768753,0.036454359,0.037787748,0.039976519,0.032378716,0.046215774,0.026793576,0.032923812
ACTTG,0.042838453,0.064419947,0.087340142,0.047574617,0.0605154,0.06147886,0.050292587,0.076245145,0.046195349,0.058395789,0.045566565,0.074734034,0.035435027,0.036672312,0.037777755,0.038578948,0.031652181,0.04584039,0.026784175,0.031662323
ACTTT,0.048230591,0.067323405,0.086665497,0.05346542,0.058395576,0.061866997,0.052191334,0.069770018,0.042257162,0.058506366,0.047150388,0.065818507,0.038250256,0.040779962,0.039644364,0.035166601,0.032710755,0.040798427,0.029867144,0.03114123
AGCAA,0.041729918,0.066777258,0.087943473,0.048858355,0.059547098,0.062199721,0.052316938,0.074062192,0.044351242,0.058295122,0.046902142,0.073154509,0.035243118,0.037207155,0.037966165,0.038623453,0.032676568,0.043513983,0.027340021,0.03129157
AGCAC,0.031946834,0.060331397,0.082914084,0.044102373,0.061824467,0.066108929,0.049985394,0.085080658,0.050245058,0.057661722,0.046747704,0.078150865,0.034632737,0.033423675,0.035695738,0.041375897,0.029918206,0.049758188,0.02710247,0.032993606
AGCAG,0.031409401,0.060518431,0.08382218,0.043750516,0.063314533,0.065288764,0.049721042,0.081926223,0.049460131,0.056543879,0.046042189,0.085118041,0.034009819,0.032157347,0.036331932,0.042719916,0.029952645,0.049329675,0.025595422,0.032987915
AGCAT,0.04007237,0.064837704,0.086333835,0.047515406,0.060493694,0.060771353,0.052360992,0.078263829,0.044649255,0.060690742,0.047515406,0.073113715,0.034904342,0.036955431,0.037430138,0.037707796,0.031805317,0.046351032,0.027300086,0.030927558
AGCCA,0.033688413,0.061117346,0.08642031,0.041932883,0.062623004,0.062707592,0.049912311,0.088264319,0.049551404,0.058201894,0.046455498,0.081080014,0.031494775,0.031556806,0.034573763,0.040483615,0.030829353,0.050775104,0.0253368,0.032994795
AGCCC,0.027418257,0.055294918,0.081903807,0.040124628,0.066182001,0.063438742,0.046621065,0.094123124,0.054034309,0.05659134,0.045303155,0.0892311,0.031758765,0.028456828,0.034265659,0.04425026,0.028170326,0.053683343,0.024245246,0.034903126
AGCCG,0.023452269,0.057991995,0.081972239,0.041164949,0.066626927,0.070510091,0.04452014,0.082500213,0.055113685,0.055522439,0.051383803,0.08653666,0.03351784,0.030145619,0.033194243,0.044775611,0.029123733,0.050838798,0.025240569,0.035868177
AGCCT,0.031280429,0.058766646,0.084762039,0.041615462,0.064501615,0.062372827,0.048485337,0.087125867,0.050459671,0.057739186,0.045033611,0.085346281,0.032851838,0.031669924,0.036686343,0.043106285,0.029796321,0.050687995,0.024645594,0.033066731
AGCGA,0.02963164,0.060669611,0.080777676,0.043793639,0.061927907,0.066887074,0.048925514,0.076509339,0.055537737,0.055142977,0.050109793,0.079593398,0.035454344,0.031556093,0.033653253,0.044879228,0.031111988,0.048333374,0.030766574,0.034738842
AGCGC,0.022946368,0.052293667,0.079546116,0.03910387,0.067442537,0.067073999,0.044922898,0.084375909,0.058364853,0.055397149,0.04957812,0.084686257,0.036485307,0.032838716,0.033110271,0.045659975,0.027368829,0.051944525,0.029967995,0.036892639
AGCGG,0.023991295,0.055792485,0.083802805,0.039295179,0.065901472,0.068762176,0.045859001,0.084417066,0.05554678,0.054546412,0.049176012,0.087505923,0.033240317,0.029607399,0.033661524,0.047315678,0.027711964,0.052633426,0.02586918,0.035363906
AGCGT,0.025577558,0.058523956,0.078866507,0.045265733,0.063104586,0.066803232,0.04594856,0.077273245,0.055138272,0.058723114,0.050642995,0.083390236,0.036758848,0.032917947,0.034625014,0.043501764,0.028764083,0.050130875,0.029759873,0.034283601
AGCTA,0.04312779,0.064360418,0.088937264,0.047797075,0.059596485,0.05940719,0.05065228,0.076585743,0.044437083,0.061615636,0.047528907,0.075229126,0.036281608,0.034420204,0.036612875,0.039105264,0.031438802,0.043979619,0.028015712,0.030870916
AGCTC,0.031048165,0.058598137,0.084133585,0.041991928,0.06375695,0.066472474,0.048266897,0.081227498,0.04945111,0.057025991,0.046504189,0.086270613,0.034981931,0.031687912,0.035002348,0.042652093,0.030258689,0.049968353,0.026277283,0.034423853
AGCTG,0.029691084,0.058566872,0.08556121,0.041539743,0.0635124,0.065738783,0.04801283,0.08279279,0.050355684,0.057594789,0.04751111,0.088087729,0.03465005,0.031267919,0.034896431,0.043380877,0.030156967,0.048792288,0.0246918,0.033198645
AGCTT,0.038956351,0.064268133,0.085608796,0.045183787,0.061560551,0.062340007,0.048810305,0.076846078,0.046127338,0.058426321,0.047292419,0.078626518,0.036806695,0.035731867,0.037028224,0.039990154,0.03131769,0.044740729,0.027248113,0.033089925
AGTAA,0.049781254,0.070383137,0.087379027,0.053824738,0.056025454,0.062296169,0.05386451,0.067015776,0.040646957,0.059671218,0.04722259,0.06387379,0.038631844,0.040408326,0.038910248,0.034906536,0.033169826,0.039931062,0.03116797,0.030889566
AGTAC,0.040176477,0.064200281,0.089308748,0.046010202,0.059099437,0.062309451,0.050114329,0.076629925,0.04718281,0.060154784,0.046318011,0.072701689,0.03424015,0.037479479,0.037816604,0.039780722,0.032100141,0.044412523,0.028039986,0.03192425
AGTAG,0.04393467,0.065939124,0.088359317,0.047156644,0.059821826,0.058841871,0.051685226,0.08155902,0.044959169,0.058678545,0.044157387,0.075337788,0.035887157,0.034149963,0.036302895,0.039331849,0.030809206,0.043994061,0.026815145,0.032279139
AGTAT,0.053418904,0.068944363,0.087663002,0.051971749,0.058027779,0.058908656,0.052758246,0.069573561,0.043241628,0.058688437,0.046623567,0.065326475,0.035722712,0.039796769,0.038585563,0.035030595,0.032891322,0.043021408,0.029068944,0.030736319
AGTCA,0.039758398,0.063269856,0.087612851,0.047077744,0.060217844,0.060793523,0.052734018,0.080074199,0.045487774,0.06015388,0.047059469,0.074006725,0.034723491,0.035025037,0.036825176,0.038214116,0.031251142,0.045387258,0.027705691,0.032621806
AGTCC,0.032594002,0.060511691,0.083042107,0.0447404,0.065678666,0.063736044,0.050458118,0.083162269,0.05105893,0.055935513,0.04531117,0.081369849,0.0339258,0.032834326,0.035608071,0.040975317,0.030320933,0.049546888,0.026175337,0.03301457
AGTCG,0.031154655,0.059326056,0.083666689,0.045664113,0.061360092,0.067055394,0.04773205,0.07810699,0.054681673,0.055834294,0.0505458,0.081259746,0.033188691,0.032781884,0.033493796,0.044308089,0.029357923,0.049494881,0.028917215,0.032069971
AGTCT,0.03708753,0.065140794,0.083977381,0.047158671,0.062731017,0.062731017,0.053408731,0.078495377,0.045497749,0.058775526,0.046688236,0.076248812,0.035407406,0.035541816,0.037836385,0.038018798,0.032555996,0.046150597,0.026267533,0.030280629
AGTGA,0.038851324,0.062623815,0.087280407,0.046227017,0.060773752,0.06079831,0.054339462,0.081361843,0.046407112,0.05736014,0.045097333,0.073028373,0.03531492,0.034831939,0.037549731,0.037566103,0.032040472,0.048453642,0.027145173,0.032949131
AGTGC,0.035358854,0.060982408,0.085996862,0.044165015,0.061116617,0.063718203,0.049337215,0.08538776,0.049832755,0.05765816,0.044970268,0.075487281,0.034388421,0.032540469,0.036907417,0.041997027,0.031528741,0.049770813,0.026366865,0.03248885
AGTGG,0.036010995,0.060688893,0.084668069,0.042391621,0.062431856,0.061779204,0.052357991,0.087539735,0.0488951,0.058807721,0.0454706,0.080851979,0.033315929,0.031726531,0.035058892,0.040218677,0.02971483,0.049970055,0.025998556,0.032102766
AGTGT,0.035515768,0.063620207,0.084370037,0.047162142,0.061795735,0.062353475,0.052030553,0.084020268,0.047606443,0.057154201,0.047001437,0.071589276,0.035988429,0.036593436,0.036612342,0.038682599,0.030751342,0.049014974,0.026383952,0.031753384
AGTTA,0.045341128,0.069597918,0.086868183,0.055571398,0.053860412,0.061880659,0.052719755,0.066781921,0.042168675,0.060134027,0.048085834,0.064536252,0.038586298,0.041580523,0.039299209,0.036447565,0.033364226,0.039192272,0.031706708,0.032277037
AGTTC,0.03850781,0.064740461,0.084654584,0.046870568,0.060994337,0.06229521,0.051428516,0.07477577,0.0465967,0.05927288,0.047320494,0.075509346,0.036708106,0.036287522,0.037568834,0.038957736,0.031416583,0.046420642,0.027650896,0.032023005
AGTTG,0.044077007,0.065581385,0.086725808,0.048059729,0.058869975,0.060797473,0.05129932,0.078597803,0.045203316,0.058858364,0.046898586,0.073535217,0.034602076,0.036506351,0.038039061,0.037992615,0.031594714,0.044320847,0.026311512,0.03212884
AGTTT,0.046489033,0.069375337,0.086098435,0.052514844,0.05687227,0.061367094,0.052220423,0.068923892,0.043731292,0.058069581,0.049570636,0.067432161,0.037303106,0.040953923,0.03821581,0.03626282,0.033593405,0.041317042,0.029589283,0.030099612
ATCAA,0.050013752,0.066934375,0.088079652,0.050222785,0.058694098,0.059772265,0.053149238,0.074173497,0.042026514,0.060344353,0.048429507,0.067891523,0.036734694,0.037878871,0.03716376,0.037394796,0.031321855,0.039386105,0.028472413,0.031915947
ATCAC,0.041002413,0.063661952,0.088261034,0.046158759,0.059640948,0.059203368,0.054922182,0.080254506,0.0460878,0.059617295,0.046229718,0.071491083,0.032984058,0.037442642,0.037714651,0.037158806,0.032499172,0.046146932,0.027543876,0.031978807
ATCAG,0.042189357,0.064901624,0.085887835,0.047131727,0.058685933,0.061553263,0.052809794,0.08050216,0.045594311,0.060204486,0.045179302,0.0728811,0.035181377,0.03717153,0.038265643,0.037407331,0.030767199,0.044528494,0.027862142,0.031295392
ATCAT,0.050346333,0.066153348,0.089503432,0.049531431,0.05575812,0.058829675,0.053323861,0.079097757,0.041779412,0.061326619,0.04619869,0.068901031,0.034737821,0.037851165,0.038446671,0.034800506,0.030809574,0.044203224,0.027330568,0.031070761
ATCCA,0.042019208,0.064275879,0.083302301,0.047172017,0.060448078,0.060638602,0.053312087,0.081405721,0.046167436,0.057876003,0.046228057,0.074590157,0.035281586,0.035584692,0.036164925,0.039031445,0.030102796,0.04729326,0.028344779,0.03076097
ATCCC,0.034098095,0.061109321,0.083049978,0.043571113,0.062206951,0.062493289,0.051672095,0.0900414,0.048951883,0.057267619,0.046661179,0.079327583,0.030829068,0.031628429,0.036341076,0.03987258,0.028848563,0.052304425,0.02485176,0.034873594
ATCCG,0.030715585,0.062431777,0.083687083,0.045603396,0.062098241,0.067222559,0.046664645,0.077289266,0.05366889,0.057792602,0.048665858,0.08232262,0.032656155,0.032474227,0.034505761,0.041934506,0.0301698,0.046907216,0.029351122,0.03383869
ATCCT,0.039242301,0.062844743,0.085262739,0.044611208,0.060449916,0.061547905,0.051527675,0.086222399,0.046729376,0.059066623,0.044931095,0.076617156,0.034271091,0.034089534,0.037314336,0.038732212,0.031028997,0.047645808,0.026308509,0.031556378
ATCGA,0.035030242,0.06015985,0.079673099,0.048927131,0.058359735,0.069160426,0.049971198,0.073156682,0.048639113,0.055479551,0.052635369,0.078269009,0.037370392,0.035246256,0.036002304,0.042014689,0.031466014,0.046226959,0.02764977,0.034562212
ATCGC,0.030326157,0.061094152,0.080776028,0.045027314,0.061415488,0.067079049,0.048803021,0.080294023,0.051895887,0.059206298,0.052418059,0.073345116,0.033218188,0.034262532,0.034463368,0.043099293,0.029241645,0.047357005,0.032133676,0.034543702
ATCGG,0.029410637,0.061505426,0.082671882,0.048353081,0.061121976,0.064726408,0.049004947,0.075654741,0.050270332,0.059741555,0.050116952,0.078607309,0.034050385,0.032900035,0.037424748,0.043828368,0.030139192,0.049350052,0.028030216,0.03309176
ATCGT,0.033868299,0.060424123,0.082900358,0.050109687,0.058499788,0.065273448,0.052957703,0.072970789,0.050340607,0.062463919,0.052418889,0.069776392,0.033906785,0.036292961,0.03583112,0.041257745,0.03140515,0.046915291,0.028672594,0.033714352
ATCTA,0.050449438,0.069756554,0.087677903,0.049438202,0.057940075,0.05994382,0.051348315,0.073464419,0.041329588,0.061947566,0.046629213,0.068689139,0.035674157,0.037116105,0.037771536,0.03576779,0.031235955,0.042640449,0.028932584,0.032247191
ATCTC,0.039641044,0.064756545,0.084073236,0.046276404,0.061039603,0.060184041,0.052065707,0.082932487,0.04590566,0.057493773,0.045687016,0.079557769,0.032958154,0.035125578,0.037140902,0.039793144,0.030648136,0.045943685,0.026503413,0.032273704
ATCTG,0.039617613,0.064106119,0.086953842,0.046311703,0.060323843,0.059800025,0.052867135,0.081392124,0.045210144,0.058475072,0.046535096,0.075399026,0.034209959,0.034718371,0.036798238,0.038677821,0.031313551,0.047197572,0.027693042,0.032399704
ATCTT,0.047389195,0.066663926,0.086999424,0.048721322,0.058786284,0.060340433,0.053712688,0.076005263,0.042364937,0.060036181,0.047076721,0.070134035,0.036271688,0.038105419,0.037899844,0.036205904,0.031502344,0.042693857,0.027629307,0.031461229
ATTAA,0.053530642,0.073443783,0.087099887,0.057921827,0.056184655,0.05956249,0.051503941,0.058179186,0.038603828,0.060045038,0.050426251,0.059868104,0.040759209,0.046179829,0.040292746,0.032700659,0.033231462,0.035676371,0.033456651,0.031333441
ATTAC,0.053066907,0.071042503,0.086868397,0.056670215,0.054704774,0.057714356,0.054725248,0.062873639,0.039574973,0.059986897,0.049361232,0.061460978,0.040660061,0.042420768,0.038305626,0.033105397,0.03318729,0.042236508,0.031774629,0.030259602
ATTAG,0.054135185,0.071154189,0.086697703,0.054033427,0.05675545,0.056017706,0.053168486,0.067948816,0.039049582,0.057594953,0.049174489,0.064234654,0.037752169,0.042051439,0.038006563,0.03337658,0.03385993,0.041695286,0.032486199,0.030807194
ATTAT,0.057424632,0.070717066,0.089468303,0.055297183,0.05269147,0.058414143,0.054785936,0.067055874,0.037040702,0.061201267,0.048848869,0.057540075,0.038640412,0.04307672,0.04066891,0.03248895,0.032818788,0.04040504,0.031186094,0.030229567
ATTCA,0.051125135,0.069922296,0.086597197,0.05066475,0.058592346,0.059288538,0.054190622,0.073436939,0.039795185,0.059816295,0.046577434,0.063431998,0.035258714,0.040974218,0.039233741,0.035022907,0.032754671,0.043354743,0.029363547,0.030598724
ATTCC,0.045518768,0.06621768,0.083584515,0.049510196,0.058917722,0.061248999,0.051829699,0.080664532,0.044258937,0.057952244,0.046554891,0.070421043,0.03350916,0.03741817,0.038736872,0.036170113,0.031330947,0.046178119,0.027516131,0.032461263
ATTCG,0.042327537,0.065927766,0.080976495,0.048729218,0.057854003,0.063730174,0.049923562,0.07108733,0.047009364,0.058761705,0.049445825,0.072472769,0.03688133,0.036308045,0.035448118,0.040464361,0.032486146,0.045862794,0.032581693,0.031721766
ATTCT,0.048258585,0.069177271,0.086595943,0.05192139,0.056606163,0.057619086,0.053757314,0.075236726,0.042542801,0.060956309,0.046775375,0.066319378,0.03452985,0.039838656,0.03836449,0.034339926,0.032196507,0.043790867,0.02964611,0.031527254
ATTGA,0.052780203,0.066913129,0.087935174,0.05043381,0.058646186,0.058864455,0.054758267,0.071769617,0.041102805,0.059887591,0.048619448,0.066408382,0.03642366,0.038360799,0.036532795,0.035386882,0.031717232,0.042999018,0.02825221,0.032208338
ATTGC,0.046325802,0.066582331,0.089064677,0.051610114,0.057903249,0.060593444,0.052458806,0.078335922,0.042995084,0.058367628,0.045925475,0.06845586,0.035116655,0.037182341,0.038191164,0.038287242,0.031177441,0.04245064,0.028022867,0.030953258
ATTGG,0.047992034,0.064801879,0.08718528,0.048735174,0.05805416,0.057608276,0.054085788,0.084034363,0.045747748,0.05795012,0.046520615,0.070211944,0.032653607,0.033441336,0.035655896,0.038881127,0.029799946,0.046520615,0.028120448,0.031999643
ATTGT,0.048876265,0.068144037,0.08822336,0.049308219,0.055447203,0.057750959,0.055996963,0.078366952,0.041533044,0.058012749,0.047253164,0.06508109,0.035826014,0.038836604,0.038993678,0.033574617,0.032265665,0.044674529,0.030799639,0.03103525
ATTTA,0.053433509,0.074697579,0.088812885,0.057778837,0.052844788,0.061829803,0.055480019,0.060077655,0.037439901,0.059474916,0.05064409,0.05686772,0.039472393,0.045359611,0.03948641,0.032870299,0.033038505,0.038617345,0.031510632,0.030263103
ATTTC,0.050591256,0.069052182,0.089257947,0.053701226,0.056784074,0.060499765,0.053954363,0.06901602,0.040095107,0.057688135,0.0485752,0.062633349,0.036505985,0.041993635,0.038883665,0.034046939,0.034074061,0.041405996,0.031018334,0.030222761
ATTTG,0.05423641,0.069848386,0.088163734,0.050981099,0.056973575,0.060116245,0.054360314,0.071684426,0.041564352,0.058742031,0.046137557,0.06243664,0.035740837,0.040246457,0.038624434,0.034760864,0.032665751,0.042668229,0.030379148,0.029669513
ATTTT,0.055822428,0.072242908,0.088548156,0.057190802,0.053128894,0.061043853,0.054871769,0.06169203,0.038393674,0.059574652,0.049153409,0.057658929,0.039618008,0.044652181,0.039243506,0.03310023,0.033309087,0.039416353,0.03093964,0.030399493
CACAA,0.039809586,0.065300789,0.089419891,0.045699351,0.057208195,0.061791198,0.054006627,0.081131283,0.045932702,0.057964251,0.046698091,0.071218556,0.033929155,0.037382741,0.038876184,0.03668269,0.031847669,0.046558081,0.026984646,0.031558314
CACAC,0.028627674,0.059519213,0.083967443,0.042006436,0.064130229,0.066303237,0.049108461,0.087291312,0.051319326,0.058232065,0.047927314,0.079106568,0.033162976,0.033329548,0.034556123,0.041188719,0.030353966,0.052780617,0.025114518,0.031974257
CACAG,0.029475871,0.059315751,0.086887233,0.041226267,0.062933648,0.063350927,0.051600531,0.089981311,0.049562967,0.057908545,0.045838531,0.079274112,0.033373434,0.032174866,0.03647639,0.040689132,0.029862076,0.052816855,0.025072247,0.032179306
CACAT,0.03814704,0.063896746,0.087454408,0.044041003,0.059157927,0.061522789,0.052527219,0.087954667,0.046960698,0.058812294,0.045732789,0.071391539,0.034154062,0.037383008,0.035727604,0.038265283,0.03068863,0.047815686,0.027241389,0.031125219
CACCA,0.034268601,0.058785218,0.08439508,0.042340011,0.061948652,0.064152589,0.050574245,0.089378653,0.049864798,0.057738493,0.044619545,0.082103916,0.032111185,0.032686884,0.033884802,0.041485186,0.029203617,0.050684732,0.026964789,0.032809002
CACCC,0.026409452,0.053794023,0.081495506,0.038509044,0.064390307,0.06527604,0.047480132,0.096739855,0.054192196,0.058913393,0.047358242,0.091222311,0.028115909,0.027839626,0.033405925,0.044603533,0.026417578,0.056979409,0.022289578,0.034567941
CACCG,0.024325433,0.056943627,0.079021989,0.042391169,0.064826209,0.067643964,0.04583311,0.081358229,0.057728318,0.057121966,0.050844435,0.084889341,0.033670394,0.033028374,0.032885703,0.046671303,0.027428531,0.052485153,0.026162324,0.034740428
CACCT,0.031351683,0.058439679,0.084175343,0.039371195,0.064870643,0.064534036,0.047715502,0.088403598,0.052079581,0.057234981,0.046032468,0.087175278,0.031339873,0.029686365,0.033790607,0.042636872,0.028139154,0.053443725,0.025245516,0.034333902
CACGA,0.028852845,0.059204539,0.080536374,0.043493389,0.059927199,0.06916118,0.048792891,0.078957229,0.053985333,0.058910123,0.050639687,0.080991382,0.034928537,0.03458059,0.033724105,0.042369252,0.028611959,0.050372036,0.029174027,0.032787324
CACGC,0.020498012,0.052830903,0.080382503,0.039291801,0.06696175,0.068618633,0.04523291,0.083151865,0.058535315,0.05609733,0.054014391,0.084761409,0.035622988,0.032332891,0.031788487,0.045943003,0.027338572,0.054582465,0.029019125,0.032995645
CACGG,0.022407326,0.056229399,0.079773329,0.041859483,0.066052901,0.070794161,0.047087859,0.081397048,0.056489194,0.057771932,0.051569325,0.080958644,0.034439086,0.031370257,0.032490623,0.046048679,0.027992921,0.053745109,0.028333902,0.033188822
CACGT,0.024236203,0.057912473,0.07955991,0.04296012,0.062688299,0.067419492,0.048026066,0.078287844,0.058091009,0.057265282,0.054364079,0.078399429,0.035171506,0.035841014,0.035394675,0.042536098,0.030038608,0.050324712,0.028989712,0.032493472
CACTA,0.046430438,0.065267717,0.089407064,0.047625271,0.058584124,0.05742663,0.050631021,0.082704802,0.044582182,0.058733478,0.046019715,0.071391233,0.03459413,0.034650138,0.036703756,0.037263834,0.031457695,0.045216937,0.028470615,0.03283922
CACTC,0.031672662,0.060683453,0.085215827,0.042428058,0.063597122,0.062553957,0.052158273,0.087985612,0.050242806,0.056465827,0.047086331,0.078848921,0.03346223,0.032419065,0.034955036,0.039595324,0.03028777,0.052167266,0.025,0.03317446
CACTG,0.033981862,0.060453951,0.08480603,0.043078839,0.062607613,0.063078726,0.052411372,0.086718527,0.04918088,0.059051828,0.043976198,0.076926097,0.034806311,0.032826512,0.035899967,0.040751314,0.030756978,0.050375489,0.026202882,0.032108625
CACTT,0.040570478,0.063880709,0.08526918,0.04869347,0.059298736,0.062350419,0.052643754,0.078551919,0.045979875,0.056771978,0.046647153,0.071914731,0.035908432,0.036718062,0.038782174,0.038702101,0.031646752,0.046638255,0.027429558,0.031602267
CATAA,0.052944019,0.068164561,0.090339615,0.052357286,0.054410851,0.059380824,0.054945813,0.072944709,0.039518189,0.061641472,0.048163871,0.063418927,0.03556637,0.042054946,0.038223925,0.033184924,0.031079589,0.04279699,0.027766273,0.031096845
CATAC,0.043005671,0.065611216,0.086074354,0.047321991,0.061846251,0.059310019,0.051591052,0.077016383,0.047857593,0.059656585,0.046518589,0.070163831,0.033049779,0.038011972,0.039177694,0.038516068,0.031033396,0.04647133,0.026260239,0.031505986
CATAG,0.042225427,0.06265752,0.090246236,0.043397981,0.057562974,0.058290766,0.052657116,0.087537232,0.043451892,0.06094586,0.045325283,0.074544793,0.032548486,0.03497446,0.036173969,0.038128226,0.034111891,0.046551747,0.025782714,0.032885427
CATAT,0.054926589,0.067504031,0.091827209,0.050564372,0.05436646,0.058338284,0.055062378,0.079334635,0.039667317,0.060476958,0.046405839,0.061563269,0.034405499,0.040210473,0.038496139,0.032928796,0.031740643,0.043622168,0.028108292,0.030450649
CATCA,0.042089521,0.063183261,0.086921881,0.045753171,0.059232266,0.06053185,0.052708227,0.082134974,0.045877251,0.061387354,0.045661743,0.074664002,0.03427896,0.036812821,0.037132819,0.038243016,0.030582657,0.045707457,0.026220237,0.030876533
CATCC,0.033117799,0.060199208,0.084380572,0.042684368,0.061373547,0.06388692,0.049472621,0.088469277,0.049379534,0.058466342,0.046558255,0.081652381,0.032573593,0.032365936,0.034950914,0.041066071,0.029995775,0.051778336,0.025491755,0.032136796
CATCG,0.025915768,0.058719731,0.082658333,0.044964602,0.059272488,0.069626039,0.049705551,0.078640219,0.052022876,0.059357527,0.051108702,0.07861896,0.03467483,0.033930735,0.035971682,0.042923656,0.030103961,0.049492952,0.027680337,0.034611051
CATCT,0.038395899,0.06366252,0.087518252,0.045068357,0.061105669,0.060212311,0.052880617,0.083150041,0.04570911,0.058869194,0.046066453,0.077383263,0.034372709,0.034840952,0.036227196,0.038525282,0.03052819,0.046830428,0.026172301,0.032481255
CATGA,0.040767171,0.064350296,0.085884277,0.043382525,0.058733126,0.062795463,0.052316071,0.083799184,0.04500027,0.058625276,0.046716877,0.074739813,0.033100857,0.036704833,0.037684468,0.038277641,0.030467528,0.048325634,0.026486078,0.031842611
CATGC,0.03559087,0.062457338,0.085942833,0.043419369,0.062937287,0.061924061,0.050831911,0.083297782,0.050245307,0.059119027,0.04697099,0.076930461,0.033521758,0.034812287,0.035462884,0.041062287,0.030119454,0.04818686,0.024882679,0.032284556
CATGG,0.036527841,0.058624762,0.085247558,0.042664737,0.062263211,0.062065246,0.049914329,0.092640504,0.048426183,0.057846557,0.045183663,0.080421323,0.031749391,0.033619813,0.034705204,0.040050242,0.029005195,0.051777925,0.024363271,0.032903045
CATGT,0.039038954,0.065464887,0.087525864,0.044206986,0.058558431,0.061940799,0.053277024,0.0848143,0.046483943,0.059786665,0.046323328,0.072333551,0.034144913,0.037848511,0.036195119,0.038320909,0.03036573,0.046587871,0.026567652,0.030214563
CATTA,0.050339295,0.072520294,0.087138508,0.052685819,0.057014206,0.058330162,0.0526224,0.069143201,0.04044584,0.061548706,0.048928209,0.06256342,0.037132166,0.041523973,0.038907915,0.033881913,0.031392694,0.042395992,0.030837773,0.030647514
CATTC,0.043923971,0.066912121,0.08630096,0.048348339,0.057815868,0.060713881,0.052659262,0.080556501,0.044491198,0.057919,0.045481266,0.070222662,0.033982034,0.037901055,0.038097006,0.0363747,0.032135969,0.046481648,0.027721915,0.031960645
CATTG,0.042052573,0.063647887,0.090304314,0.048307257,0.057670778,0.059003137,0.053238835,0.083087371,0.044162141,0.058919864,0.045624034,0.071244182,0.034076925,0.035335264,0.036242008,0.038231294,0.030690513,0.04731724,0.02889553,0.031948852
CATTT,0.050822545,0.070592701,0.088529595,0.052744644,0.055894301,0.060126148,0.05348764,0.069147089,0.040848631,0.058971274,0.047503291,0.061709052,0.037690897,0.042681893,0.038789239,0.034525088,0.032740283,0.041963125,0.030810108,0.030422458
CCCAA,0.035702136,0.05967681,0.086316386,0.044679645,0.062899263,0.05961066,0.050869401,0.091504442,0.048440748,0.057427707,0.044934795,0.08016443,0.029238329,0.031534682,0.036817237,0.04030429,0.029493479,0.050765451,0.024966925,0.034653185
CCCAC,0.026778214,0.054132676,0.082028674,0.038324018,0.066692123,0.063678967,0.04923109,0.096733433,0.053535599,0.058534384,0.046905266,0.089124171,0.029069323,0.027979311,0.033262749,0.043628285,0.027180894,0.05600722,0.022668102,0.034505502
CCCAG,0.027868637,0.055696558,0.083357085,0.039599705,0.066210634,0.063591163,0.04887417,0.094355244,0.052244647,0.056687342,0.044825075,0.088700082,0.030239281,0.027009053,0.03544203,0.044083117,0.027809824,0.054633387,0.023534521,0.035238444
