,X,1,2,3,4,5,6,7,8,9,10,11,12,13,14,15,16,17,18,19,20,21,22
T:AACAA,0.041509484,0.079429789,0.087288854,0.082206859,0.067908574,0.062392956,0.065499829,0.06165463,0.052329006,0.038579754,0.053606266,0.050040884,0.052746493,0.024205568,0.024353532,0.029265976,0.018515098,0.031758613,0.024493129,0.017920336,0.016108931,0.009359572,0.008825866
T:AACAC,0.039836136,0.079471514,0.084505132,0.079857081,0.063624484,0.060176804,0.063298531,0.06181664,0.053799748,0.039024148,0.054886233,0.050228252,0.05191664,0.023630524,0.023924747,0.029404347,0.021101612,0.034940491,0.024283179,0.021327052,0.018160587,0.010235743,0.010550377
T:AACAG,0.039697883,0.08146698,0.084203247,0.080376666,0.062964062,0.060557797,0.063171059,0.061219801,0.051879015,0.039309778,0.054264106,0.051814639,0.051637877,0.022988826,0.024180628,0.030204819,0.021168423,0.035074255,0.024266581,0.020631526,0.018435899,0.009735515,0.010750616
T:AACAT,0.041433441,0.07835583,0.088186097,0.081136826,0.06837571,0.062711779,0.066276679,0.062156297,0.052897806,0.038159525,0.053690514,0.049485163,0.052942263,0.024858314,0.02418306,0.028852122,0.018157702,0.031377906,0.024469846,0.018270737,0.01595541,0.009475956,0.008591016
T:AACCA,0.041577765,0.080562355,0.084497937,0.081676644,0.06362399,0.061000537,0.063645083,0.06076616,0.051971737,0.038642502,0.054703282,0.051468902,0.051689676,0.022664973,0.024379206,0.030035539,0.020628309,0.034196344,0.023972457,0.019912729,0.018164572,0.009994352,0.010224952
T:AACCC,0.038182306,0.084088996,0.077382581,0.076756007,0.05382183,0.055798215,0.05722125,0.058238733,0.048319621,0.038651007,0.054213694,0.052225499,0.052413687,0.019494355,0.025277625,0.031378078,0.027081971,0.046795645,0.022226425,0.035289953,0.021536454,0.00974043,0.013865638
T:AACCG,0.037395283,0.078771443,0.076259395,0.071945789,0.053971213,0.054467051,0.057391007,0.062316113,0.051368296,0.039736029,0.054760583,0.051011321,0.050956698,0.021414435,0.024656908,0.02998741,0.029075355,0.046749433,0.024296478,0.035437988,0.022427951,0.010893718,0.014710103
T:AACCT,0.039354574,0.08263685,0.082353261,0.078941096,0.059766848,0.058761306,0.061308778,0.059260921,0.049921858,0.038345639,0.054035055,0.051443498,0.053206033,0.021700435,0.025318516,0.03049534,0.02280183,0.040355747,0.023383811,0.026565434,0.018991125,0.009449197,0.011602848
T:AACGA,0.041334935,0.077284977,0.082115996,0.075708706,0.060727396,0.057304657,0.062359631,0.061415385,0.055296021,0.039078868,0.05578185,0.048339268,0.051872921,0.022482177,0.023956047,0.030115761,0.024386751,0.039319032,0.024283642,0.025476124,0.019156753,0.010853009,0.011350095
T:AACGC,0.036005882,0.076194249,0.076537092,0.069927037,0.054527185,0.053680194,0.058288991,0.063888246,0.053819582,0.039803658,0.057434312,0.049995143,0.049447141,0.022116891,0.02463551,0.030017037,0.029590927,0.047122113,0.023586276,0.034405206,0.022458691,0.011819772,0.014698864
T:AACGG,0.037297869,0.07868022,0.075687725,0.071998104,0.053960976,0.054478209,0.057694186,0.062620995,0.053281568,0.040304267,0.054741576,0.051134852,0.051824373,0.021273635,0.024575661,0.03019484,0.028431221,0.046833034,0.022839568,0.034659743,0.021602921,0.011108782,0.014775676
T:AACGT,0.040313991,0.075399653,0.084051352,0.076568652,0.060942474,0.058704819,0.059717436,0.062811282,0.056041583,0.039951301,0.056782959,0.048254139,0.051344571,0.024180892,0.023784929,0.029744788,0.023980208,0.038149903,0.024083258,0.023674328,0.019118359,0.011142686,0.011256436
T:AACTA,0.042336704,0.080160583,0.090256089,0.083033876,0.071834883,0.064656216,0.06754502,0.062121332,0.052978799,0.03771105,0.052600738,0.050451199,0.053286059,0.025131978,0.023966225,0.028875002,0.015836208,0.028633239,0.024333576,0.013495124,0.014307249,0.008937575,0.007511274
T:AACTC,0.039498112,0.082289181,0.082100928,0.079621496,0.060652878,0.059065714,0.061528518,0.059456172,0.050448153,0.03848125,0.053880574,0.05140827,0.053199687,0.021833266,0.025026611,0.029800213,0.023039884,0.039438602,0.023567398,0.026249613,0.018902465,0.009342087,0.011168931
T:AACTG,0.040134242,0.081355143,0.085330916,0.08180707,0.063729941,0.061124077,0.064389656,0.060864541,0.05235937,0.039088635,0.053764443,0.051447421,0.0518551,0.02321467,0.024514931,0.0301114,0.019823916,0.034093458,0.024602121,0.018964715,0.01791759,0.009573126,0.009933516
T:AACTT,0.040265741,0.07941448,0.089465964,0.082765327,0.068875769,0.063492597,0.066927465,0.06152706,0.053339996,0.03863246,0.053501738,0.050018423,0.05299518,0.024895991,0.024356089,0.028973706,0.017304651,0.030572416,0.02463072,0.014951172,0.01564687,0.009353295,0.00809289
T:AATAA,0.040291085,0.079249577,0.090288655,0.082064787,0.073165208,0.064269141,0.068114412,0.062738269,0.053548088,0.037830822,0.052745563,0.049342704,0.05375368,0.025486181,0.023865951,0.027699306,0.016195515,0.028427459,0.024666014,0.015302046,0.014404519,0.008999314,0.007551704
T:AATAC,0.040709584,0.079493283,0.088852717,0.081029755,0.068703892,0.062680406,0.066419469,0.061902819,0.052849941,0.038053171,0.052897972,0.049204034,0.053097182,0.024978473,0.024606686,0.029168096,0.018131945,0.031912447,0.024400776,0.017821864,0.015504735,0.009077928,0.008502827
T:AATAG,0.042831187,0.080262262,0.089357722,0.082753001,0.071192156,0.064447162,0.066843876,0.062078258,0.052695769,0.037657887,0.053593301,0.050599162,0.053815746,0.024850113,0.023876954,0.028267319,0.01608845,0.028632443,0.024416803,0.014015046,0.014937915,0.009117065,0.007670404
T:AATAT,0.040804497,0.077487466,0.092652726,0.081948146,0.076845468,0.066142524,0.069834002,0.064098461,0.054704463,0.037476672,0.052383322,0.048563718,0.05365267,0.026698467,0.023743727,0.027247439,0.01418883,0.025536978,0.025422953,0.012165879,0.013006324,0.00890095,0.006494317
T:AATCA,0.041856135,0.078864582,0.087627647,0.082400598,0.06933631,0.063434149,0.066192789,0.062319411,0.053292697,0.038466161,0.053838518,0.050031907,0.052727183,0.024480271,0.023722835,0.028724499,0.017663759,0.030407825,0.024552836,0.016558185,0.01563096,0.009591671,0.008279074
T:AATCC,0.039499144,0.08294195,0.081249953,0.078716693,0.059359009,0.058343767,0.060752027,0.059361357,0.049189212,0.038251051,0.053947019,0.050753272,0.053571204,0.021200569,0.025484313,0.030470208,0.023798651,0.041278554,0.023122638,0.028741824,0.019220708,0.009257744,0.011489132
T:AATCG,0.04043856,0.079011078,0.079448501,0.074013139,0.055600521,0.054989824,0.059668589,0.060362042,0.05167026,0.038350228,0.055762779,0.04756822,0.053763831,0.022514715,0.025399531,0.030009931,0.026265274,0.045606683,0.023574158,0.033827915,0.019676407,0.010079518,0.012398295
T:AATCT,0.040407064,0.080701605,0.08829121,0.081355508,0.068190602,0.062856352,0.065758901,0.061621987,0.052484111,0.038160727,0.053613018,0.050478569,0.053121048,0.024325059,0.024378494,0.029064222,0.018018776,0.03181363,0.024238981,0.017314295,0.015845815,0.00937499,0.008585032
T:AATGA,0.041790379,0.080028764,0.088095387,0.081851242,0.06932046,0.063422167,0.065716124,0.062188602,0.053939489,0.039026709,0.053475073,0.051030746,0.052735323,0.024662053,0.023800673,0.02813091,0.017502686,0.029610435,0.024775494,0.015301166,0.015686669,0.009485835,0.008423614
T:AATGC,0.041247132,0.078854625,0.085933326,0.080772274,0.066194853,0.062440115,0.064692719,0.061882801,0.054009566,0.039180645,0.055272642,0.051185344,0.051701535,0.02391449,0.023543284,0.028797539,0.019244696,0.031810468,0.024528069,0.017930419,0.017210521,0.010212391,0.009440546
T:AATGG,0.043301038,0.080761959,0.083738544,0.081578098,0.063852494,0.061660642,0.063165489,0.060145584,0.051326947,0.038937043,0.055277811,0.052212613,0.052612678,0.022444299,0.024149645,0.029799348,0.020038656,0.034117489,0.023823694,0.019853015,0.017861468,0.009445919,0.009895527
T:AATGT,0.04170255,0.077687954,0.089926235,0.081967471,0.070377289,0.064172143,0.066952016,0.062465949,0.054136899,0.038462646,0.053891747,0.049812507,0.052295607,0.025475192,0.023694149,0.028441458,0.016741293,0.028511343,0.025139111,0.015693973,0.015197189,0.009522121,0.007733161
T:AATTA,0.039050701,0.078792268,0.09123464,0.081418873,0.072509429,0.063733185,0.067925995,0.063067607,0.053919636,0.037616851,0.053102465,0.048455117,0.053843289,0.025744042,0.02429111,0.027883654,0.016474595,0.029418596,0.024687581,0.01587518,0.014260358,0.009113529,0.0075813
T:AATTC,0.040314473,0.079745357,0.088336172,0.081460648,0.068666326,0.063242568,0.066023864,0.062044714,0.053196802,0.038440789,0.053978072,0.049661713,0.053451749,0.024925078,0.024384001,0.028730372,0.017482859,0.030686891,0.024838867,0.01702798,0.015547623,0.009512413,0.008300669
T:AATTG,0.042884782,0.078339787,0.088991004,0.08186995,0.071082842,0.064628448,0.066786648,0.062780125,0.053608872,0.038039846,0.053943758,0.04973707,0.052974112,0.025068297,0.023825201,0.027803611,0.016451248,0.028966511,0.024959643,0.015165034,0.014976777,0.009481408,0.007635025
T:AATTT,0.039457962,0.078161564,0.091747038,0.08153095,0.073109435,0.063749722,0.068474615,0.063157007,0.053320463,0.037590731,0.053140767,0.04781728,0.053985054,0.025677682,0.024267927,0.028137559,0.016375898,0.02891495,0.024868168,0.015679581,0.014311904,0.009095395,0.007428348
T:ACCAA,0.042284057,0.080689552,0.084317307,0.081888217,0.064160962,0.061629368,0.063979819,0.060268382,0.051579719,0.038613981,0.053804662,0.051794442,0.05220292,0.022548117,0.024418588,0.030081953,0.019918611,0.03448115,0.023753986,0.020165959,0.017833127,0.009578554,0.010006566
T:ACCAC,0.038420388,0.082298034,0.079034059,0.077005079,0.055260439,0.055141639,0.05842042,0.060149137,0.049130823,0.038684577,0.054027045,0.051224171,0.051986809,0.020287328,0.025559946,0.031187961,0.026770737,0.044549758,0.022586609,0.033320309,0.021234005,0.009902131,0.013818595
T:ACCAG,0.03743115,0.083748656,0.078620911,0.07685787,0.054473001,0.05579641,0.058079189,0.059243613,0.049355835,0.038758827,0.054691771,0.05332874,0.051501372,0.019699119,0.02492424,0.031136565,0.02695114,0.044958252,0.022417847,0.032218034,0.021797327,0.009821023,0.014189109
T:ACCAT,0.040864623,0.081459193,0.082922934,0.079714488,0.061792912,0.059107208,0.061637735,0.060415717,0.050902735,0.038085797,0.05425121,0.0508192,0.052477915,0.022034323,0.024634135,0.030331515,0.022001302,0.038207919,0.023541868,0.025474504,0.018595308,0.009488391,0.01123907
T:ACCCA,0.038219241,0.084210776,0.076396286,0.076461389,0.054121892,0.056317568,0.056775794,0.059996276,0.049105946,0.038749792,0.054777941,0.053559185,0.051572916,0.019518631,0.024720776,0.031068588,0.027106989,0.044421352,0.021983941,0.034371103,0.022143901,0.010020019,0.014379696
T:ACCCC,0.036406018,0.085864911,0.072178511,0.071761936,0.0472659,0.051541314,0.052809632,0.058410253,0.047061495,0.039438653,0.053076419,0.055720625,0.050717428,0.017474418,0.024776017,0.031402656,0.031098487,0.053380284,0.020731982,0.046457786,0.025038644,0.009928409,0.017458224
T:ACCCG,0.034226953,0.082002586,0.069345799,0.065663165,0.045461765,0.048271914,0.050534156,0.060473373,0.045798827,0.039155214,0.051931597,0.05136963,0.052682702,0.017892259,0.025739301,0.029906207,0.036833889,0.062078383,0.020219223,0.056232788,0.024968038,0.010132974,0.019079257
T:ACCCT,0.037820623,0.08525506,0.076912505,0.076325735,0.053086253,0.055719435,0.057022609,0.059393476,0.049471542,0.038874387,0.054042296,0.055105052,0.050982782,0.019177088,0.024813418,0.030888026,0.026807224,0.04538471,0.022073583,0.034124079,0.022226144,0.010090945,0.014403028
T:ACCGA,0.037016476,0.080647759,0.07479573,0.070916987,0.053089776,0.054043901,0.056878369,0.062095279,0.051152519,0.039456122,0.053881194,0.052810642,0.049580715,0.020735018,0.024575468,0.028873978,0.030214187,0.048147028,0.022819356,0.038688044,0.022836747,0.01112992,0.015614785
T:ACCGC,0.034972671,0.081223446,0.070846762,0.064804737,0.046956594,0.048909084,0.05150012,0.060340725,0.046885947,0.039080884,0.052422642,0.05249784,0.050976926,0.018591153,0.026208857,0.030476591,0.035574154,0.059450542,0.020506301,0.053192015,0.025312041,0.009902373,0.019367594
T:ACCGG,0.033819801,0.08141216,0.069051214,0.064643213,0.045357433,0.04957729,0.051907252,0.060246876,0.050526876,0.039309237,0.054496325,0.054011821,0.049688645,0.01894369,0.025456322,0.030475298,0.036722512,0.055381004,0.020713456,0.052564693,0.026452442,0.010367771,0.018874666
T:ACCGT,0.03503915,0.078421797,0.075138909,0.070731335,0.051959592,0.052911519,0.05504408,0.062150081,0.050429373,0.03976382,0.054994571,0.049860704,0.051640759,0.020733209,0.025060211,0.030626112,0.031389289,0.051122393,0.022390278,0.04050396,0.022626386,0.010961183,0.016501288
T:ACCTA,0.042225249,0.082591756,0.085520414,0.08169866,0.065594035,0.062045854,0.064614419,0.060241172,0.051473291,0.038638412,0.052964517,0.052687665,0.052947938,0.023054531,0.024503659,0.029628595,0.018943897,0.032731933,0.023896163,0.018172197,0.016998208,0.009299018,0.009528417
T:ACCTC,0.037105263,0.085668234,0.076367706,0.075247874,0.052130674,0.053753413,0.056690989,0.058004847,0.047662266,0.038005596,0.053317963,0.052788721,0.052882381,0.019405437,0.025793144,0.031564769,0.028332547,0.049174272,0.021760773,0.037671249,0.022400209,0.009476019,0.014795652
T:ACCTG,0.035627281,0.084806479,0.077081648,0.074898527,0.052104662,0.054409243,0.056306856,0.059139667,0.049232418,0.038899037,0.055115376,0.052814984,0.051323828,0.019639701,0.025376898,0.031213874,0.028157499,0.047951866,0.022226352,0.035553073,0.022795772,0.009937034,0.015387924
T:ACCTT,0.039637304,0.08238548,0.083826334,0.080283649,0.061156463,0.060049822,0.062017801,0.059917596,0.051360231,0.039072787,0.053604985,0.052823215,0.051854494,0.022366409,0.024854456,0.030132496,0.021298367,0.037354609,0.023954153,0.022543787,0.018858017,0.009645217,0.011002327
T:ACTAA,0.039696463,0.080758548,0.088676209,0.081052706,0.068361944,0.062502622,0.066556796,0.061565094,0.051695008,0.037981232,0.052488466,0.049601446,0.053715266,0.024880368,0.024694569,0.029227126,0.01790095,0.032900867,0.024318603,0.018153633,0.015408109,0.009089733,0.00877424
T:ACTAC,0.041547244,0.082667659,0.085813229,0.080622969,0.064079104,0.060216104,0.063908398,0.060065878,0.050792284,0.038420474,0.052707732,0.050407368,0.05328383,0.023231935,0.025187059,0.030169528,0.019994207,0.03619981,0.02327792,0.021652594,0.017080638,0.008763976,0.009910059
T:ACTAG,0.042908754,0.083431155,0.086631823,0.082387417,0.065766753,0.062648314,0.064358994,0.060335985,0.05093914,0.038792427,0.052370059,0.053134817,0.052504021,0.023434132,0.024449859,0.029863887,0.018004373,0.033014621,0.023858221,0.016557552,0.016474516,0.008849348,0.009283834
T:ACTAT,0.042699701,0.081421878,0.089459416,0.08297214,0.071657032,0.06422115,0.067027418,0.061791253,0.052701545,0.037709859,0.052493823,0.051230969,0.053600366,0.024733054,0.024119411,0.028307834,0.015916686,0.028674979,0.024075189,0.01434936,0.014561225,0.008707718,0.007567995
T:ACTCA,0.039122277,0.082948044,0.081981727,0.078658169,0.061168767,0.059414312,0.061592233,0.061040076,0.051929203,0.038919998,0.054479217,0.052672879,0.05173711,0.021926164,0.024178611,0.029372821,0.022171067,0.037486589,0.023629216,0.025019968,0.019344539,0.009975277,0.011231735
T:ACTCC,0.036934628,0.085298953,0.076405849,0.075109437,0.052430076,0.053867439,0.056385944,0.058495576,0.047349807,0.038138036,0.053860156,0.051855332,0.05342482,0.019536669,0.025823032,0.031538408,0.028218026,0.049152663,0.022065127,0.038474572,0.021886146,0.009261379,0.014487925
T:ACTCG,0.036055374,0.081761489,0.073653575,0.069877187,0.04952438,0.051199875,0.054668867,0.059492421,0.048772981,0.038224578,0.053191905,0.050008607,0.052648147,0.019083448,0.025811187,0.030467248,0.033532995,0.054330432,0.022415708,0.044860234,0.023226362,0.010429756,0.016763246
T:ACTCT,0.03882584,0.083513985,0.083120829,0.079759062,0.060609312,0.059600565,0.061427254,0.060010635,0.051452948,0.038901722,0.053760815,0.052716493,0.052414839,0.022053369,0.024799549,0.030075889,0.022006292,0.038013836,0.023563672,0.023891879,0.018837455,0.009413971,0.01122979
T:ACTGA,0.03981721,0.08248898,0.084726712,0.080912434,0.063247388,0.061156871,0.063919256,0.060663307,0.052190221,0.039314042,0.053576604,0.052182416,0.051617956,0.023025807,0.024100299,0.029661568,0.020416756,0.034341297,0.024306782,0.02004131,0.01822324,0.009731629,0.010337914
T:ACTGC,0.037067482,0.083309686,0.079342368,0.076299155,0.054842987,0.055625743,0.058298035,0.059418659,0.049330525,0.03873445,0.05418229,0.051179174,0.052231646,0.020617771,0.025515193,0.031541648,0.026992846,0.045608661,0.022759158,0.033038869,0.020866172,0.0093869,0.013810581
T:ACTGG,0.039429391,0.083636136,0.079995072,0.079217674,0.057805874,0.058121074,0.06011581,0.059316649,0.049937207,0.039012603,0.054100722,0.054319975,0.050824847,0.020349282,0.024629489,0.030922798,0.023850771,0.040417162,0.02309986,0.027546572,0.02077025,0.009790749,0.012790032
T:ACTGT,0.038697653,0.082191018,0.084810209,0.080568185,0.062313286,0.060232888,0.062946078,0.06064004,0.052307034,0.039313954,0.053959863,0.051567783,0.051507323,0.023302215,0.024829255,0.030239836,0.021169959,0.035571187,0.024318427,0.020894022,0.018430925,0.009414536,0.010774324
T:ACTTA,0.040816706,0.080987101,0.088959018,0.082143474,0.070585879,0.063915867,0.066919914,0.061688801,0.053568311,0.038549353,0.052994418,0.050610739,0.053536109,0.025389436,0.024044348,0.028646848,0.016599876,0.029193629,0.024734381,0.013769556,0.015297576,0.009118926,0.007929737
T:ACTTC,0.039887569,0.081658182,0.084740269,0.080582437,0.063342034,0.060891777,0.063991598,0.060349783,0.052448884,0.038765966,0.053666902,0.052602154,0.051867355,0.022750088,0.02442378,0.029857853,0.020371111,0.035127959,0.024304823,0.019959633,0.01834758,0.009735864,0.010326398
T:ACTTG,0.039545705,0.082578991,0.083732648,0.080243076,0.060884716,0.059350395,0.062086505,0.059542141,0.051422959,0.039090859,0.054031647,0.051312789,0.052334875,0.022216274,0.024772164,0.029966997,0.022331759,0.037850564,0.023727978,0.023447919,0.019015408,0.009403378,0.011110253
T:ACTTT,0.039678839,0.080053891,0.088428871,0.081324027,0.067023545,0.061979551,0.065758511,0.061326952,0.052157966,0.038455559,0.053246856,0.049689321,0.052945616,0.024439813,0.02487539,0.029395676,0.018895038,0.033229506,0.024131618,0.018553749,0.016174205,0.009266999,0.008968502
T:AGCAA,0.040708625,0.081356103,0.084101177,0.080627423,0.063739596,0.061020042,0.063147822,0.060881526,0.052013753,0.038707654,0.054225012,0.051440325,0.052594279,0.02274674,0.024454008,0.02975463,0.020764151,0.035171548,0.023909748,0.020500791,0.018008534,0.009716741,0.010409769
T:AGCAC,0.036630165,0.084437184,0.078084721,0.075640908,0.055385655,0.056941692,0.057930702,0.060043209,0.050984928,0.039038827,0.05510325,0.053700546,0.05118973,0.020664791,0.024852986,0.03080928,0.026441401,0.044380652,0.022766206,0.029424618,0.021389405,0.009893087,0.014266055
T:AGCAG,0.036236818,0.084679674,0.078267606,0.076480977,0.054649512,0.056887631,0.058204717,0.060017986,0.051293962,0.039503165,0.054946273,0.055266722,0.05044425,0.020241167,0.024641273,0.031180977,0.026148248,0.04402978,0.022928613,0.027235785,0.022059298,0.010125628,0.014529939
T:AGCAT,0.040501117,0.081743041,0.085296719,0.080596351,0.064922472,0.062126935,0.063845055,0.061148204,0.052738937,0.038898002,0.054342929,0.05246791,0.05153791,0.023246968,0.023892389,0.028885762,0.019802582,0.033456687,0.024403268,0.018421635,0.017557054,0.00992447,0.0102436
T:AGCCA,0.037452229,0.084290967,0.077555127,0.076909339,0.05417823,0.055957003,0.056956544,0.058637337,0.048201534,0.03872851,0.055109505,0.052806388,0.051970374,0.019546534,0.025286623,0.031412993,0.02761026,0.045912845,0.02227933,0.033146377,0.021901367,0.009751167,0.014399417
T:AGCCC,0.034529021,0.087243992,0.071443932,0.071596633,0.046165453,0.052977061,0.051520841,0.059073546,0.048149609,0.040075402,0.054414164,0.05798613,0.048893671,0.01710595,0.024707392,0.03208088,0.031885151,0.053061096,0.021026576,0.041950867,0.025498682,0.010205667,0.018408286
T:AGCCG,0.032559601,0.083806109,0.069007296,0.065145042,0.043919713,0.048296686,0.049311276,0.060743395,0.046138688,0.03926113,0.052139612,0.050806064,0.05095631,0.018233269,0.026037091,0.031550483,0.037492086,0.063260351,0.020097053,0.055147229,0.025870507,0.010364577,0.019856431
T:AGCCT,0.035385765,0.086453334,0.075651554,0.074421441,0.050586072,0.05352807,0.054981313,0.057925494,0.047110665,0.0385603,0.054442213,0.052743172,0.052842651,0.01877337,0.025827479,0.031910446,0.029718418,0.050993232,0.021386255,0.03925774,0.02265161,0.009364106,0.015485299
T:AGCGA,0.036188272,0.082896587,0.074334353,0.069053377,0.048144281,0.049392237,0.053233112,0.05944477,0.047366323,0.038254313,0.053899631,0.049499663,0.053681747,0.019065348,0.025906325,0.031162633,0.033157376,0.056611343,0.020929368,0.04847725,0.023217593,0.009716493,0.016367603
T:AGCGC,0.030622338,0.08206843,0.06782193,0.061275626,0.045264944,0.048826184,0.050470669,0.06258225,0.051431809,0.041601587,0.053143375,0.053883598,0.048101426,0.018362215,0.025028151,0.029456212,0.039035596,0.059092523,0.020978043,0.053083746,0.027263362,0.010388454,0.020217531
T:AGCGG,0.032830734,0.081965452,0.068113446,0.063687163,0.044140468,0.04826145,0.049066755,0.061220447,0.050011274,0.040326449,0.053093228,0.055975002,0.048343216,0.017389573,0.025245973,0.030519008,0.037998774,0.06142258,0.020391432,0.053044515,0.026834196,0.010182499,0.019936366
T:AGCGT,0.033843858,0.078347467,0.074887067,0.067858167,0.050893309,0.053306204,0.055806579,0.063778634,0.052655376,0.040053713,0.056102416,0.051719607,0.049735989,0.020915088,0.024553905,0.030622413,0.032839426,0.050296618,0.022353184,0.037471439,0.02319584,0.011986936,0.016776764
T:AGCTA,0.039940249,0.083656796,0.082874273,0.079481395,0.060660259,0.058921799,0.061525097,0.059195942,0.049105554,0.03798858,0.053085501,0.051507853,0.054328359,0.022338438,0.025525874,0.030462891,0.0224624,0.03961418,0.02290694,0.025555193,0.018669414,0.008938376,0.011254638
T:AGCTC,0.036548654,0.085490923,0.076314504,0.075326013,0.053622795,0.056368799,0.057118548,0.059413928,0.049897395,0.039013853,0.054984326,0.056070863,0.051038026,0.019424825,0.024658473,0.030943753,0.027198731,0.046373629,0.021982657,0.031314358,0.02230454,0.009900935,0.01468947
T:AGCTG,0.035280736,0.085166309,0.076036746,0.075183366,0.052504598,0.054796347,0.056481498,0.059205525,0.048940472,0.038896412,0.054527411,0.054142698,0.051775217,0.019456333,0.025469122,0.031663999,0.028524666,0.048570214,0.022040458,0.03363513,0.022631375,0.009687704,0.015383664
T:AGCTT,0.039444289,0.082372423,0.083805157,0.080757318,0.062246757,0.060602288,0.0627949,0.059867321,0.051445257,0.039179893,0.054185317,0.053191663,0.052189613,0.02254243,0.024348547,0.03014112,0.021231761,0.036634934,0.023468606,0.020359652,0.018567418,0.0097135,0.010909835
T:AGTAA,0.039850858,0.081061289,0.089897686,0.082467259,0.07033038,0.063200066,0.067213323,0.061868495,0.053284202,0.038779182,0.052646182,0.050618445,0.052747134,0.025271725,0.024333436,0.028660757,0.016821449,0.029536498,0.024783124,0.014308469,0.015265976,0.009010534,0.008043531
T:AGTAC,0.041985636,0.083127644,0.086799498,0.081679484,0.064405027,0.06150665,0.064527962,0.060327707,0.05196821,0.038814645,0.052102333,0.052294684,0.052120804,0.023710395,0.024851275,0.029997239,0.019134083,0.033519726,0.023755245,0.018157355,0.016940287,0.008803548,0.009470562
T:AGTAG,0.039977319,0.084043932,0.083032784,0.079059632,0.06022634,0.058394721,0.061835785,0.058928497,0.04921505,0.037891753,0.052303618,0.050683022,0.054382642,0.022060921,0.025689338,0.030474947,0.022345839,0.041010878,0.023003935,0.026854261,0.018540391,0.008815455,0.01122894
T:AGTAT,0.042161028,0.08089409,0.091222449,0.0821774,0.071478821,0.064140226,0.068286258,0.062093017,0.053404845,0.038193124,0.052221924,0.05024935,0.052533255,0.025208797,0.024269557,0.028939313,0.015649928,0.02836674,0.024435511,0.013527772,0.014514781,0.008672546,0.007359269
T:AGTCA,0.039313757,0.082033166,0.084218219,0.080119736,0.062695556,0.060928255,0.063304766,0.060396794,0.052546566,0.039301099,0.054432657,0.052755618,0.051384408,0.022942344,0.024157765,0.029510202,0.020869019,0.035157749,0.023929539,0.020863384,0.018546689,0.009993499,0.010599215
T:AGTCC,0.037336933,0.085290968,0.078118961,0.076164366,0.054887967,0.056830275,0.058137877,0.058871957,0.049642512,0.039256235,0.053915227,0.054264272,0.051171188,0.020051254,0.024886153,0.03130222,0.02564917,0.044325362,0.02267828,0.031880021,0.021504727,0.009884878,0.013949197
T:AGTCG,0.036105195,0.080745572,0.07488217,0.070314789,0.050247816,0.052397384,0.056026599,0.061079292,0.052667455,0.039193611,0.054521032,0.052444141,0.051632123,0.020897105,0.02536083,0.030042667,0.030479822,0.048384185,0.022710193,0.040195511,0.023143256,0.011006406,0.015522846
T:AGTCT,0.039088298,0.083980584,0.082432265,0.079976879,0.060523066,0.059733098,0.061731126,0.059767823,0.050264773,0.038385786,0.053803084,0.052538849,0.052480401,0.02187152,0.024842484,0.030503256,0.022048937,0.038681236,0.023176328,0.024615679,0.018722249,0.009393742,0.011438537
T:AGTGA,0.038306452,0.082844468,0.081541888,0.078174487,0.059073942,0.057502427,0.060694775,0.060492161,0.050150315,0.038703171,0.053900107,0.051255428,0.052793092,0.021815152,0.024989831,0.030210307,0.023941221,0.040868269,0.023190465,0.028357356,0.019668418,0.009507216,0.012019049
T:AGTGC,0.036438291,0.08467178,0.077901701,0.075612787,0.054359483,0.055048209,0.057178972,0.058793597,0.048984743,0.038826705,0.054188266,0.051875916,0.052659771,0.020243327,0.025614718,0.031244151,0.027825013,0.046625817,0.022721465,0.033887393,0.021554219,0.009334018,0.014409657
T:AGTGG,0.037956467,0.084670297,0.078525028,0.077224311,0.054931559,0.055960909,0.057810696,0.058752793,0.048880942,0.038935816,0.053997502,0.053325616,0.051809002,0.02015972,0.025270163,0.031352678,0.026344891,0.044312716,0.022937651,0.031705547,0.021558069,0.009629562,0.013948064
T:AGTGT,0.039830389,0.08100301,0.08456215,0.079704855,0.062849691,0.060680433,0.062732404,0.061590951,0.052782196,0.039249757,0.054715389,0.051541567,0.051258409,0.022857963,0.024031639,0.029280701,0.020999034,0.03514714,0.024256059,0.021901864,0.018314858,0.009975067,0.010734472
T:AGTTA,0.039969997,0.080553772,0.089429973,0.082659022,0.070116488,0.064096931,0.067358312,0.062075528,0.053553631,0.038483998,0.052560556,0.050412047,0.053047848,0.025325609,0.024345588,0.028568027,0.016656384,0.029758583,0.024967874,0.013765912,0.015321095,0.009054498,0.007918327
T:AGTTC,0.040302852,0.082317416,0.083393573,0.079667995,0.062187274,0.05975777,0.062381331,0.05981437,0.05079752,0.038459994,0.053787066,0.051910367,0.053060417,0.022296113,0.024678778,0.029928312,0.021694046,0.037854623,0.02371273,0.023391329,0.018319377,0.009558142,0.010728604
T:AGTTG,0.041687691,0.080855016,0.085382392,0.082122092,0.063745085,0.061562202,0.064556347,0.060307073,0.051934313,0.038779895,0.053732434,0.051505083,0.052226882,0.02302884,0.024470093,0.029646446,0.019817998,0.034286612,0.023793884,0.019552185,0.017680059,0.009578988,0.00974839
T:AGTTT,0.040357159,0.079872321,0.088217734,0.082530313,0.067851805,0.062647537,0.065843848,0.061457044,0.052750667,0.038416568,0.053642921,0.050017565,0.05283325,0.024221938,0.024403664,0.029541062,0.018218319,0.031611396,0.024548244,0.01720069,0.016005903,0.009189474,0.008620578
T:ATCAA,0.043241725,0.078488848,0.088739545,0.082682789,0.071031895,0.063873083,0.066372284,0.062586697,0.053466307,0.038293497,0.053590917,0.05025613,0.052473313,0.024535708,0.023610757,0.028644971,0.016845877,0.028961169,0.02473437,0.014748309,0.015109871,0.009728429,0.007983506
T:ATCAC,0.039422599,0.080861841,0.081694468,0.078412984,0.060687243,0.058178252,0.060920788,0.061045112,0.050903725,0.038326952,0.054546464,0.050666519,0.053271231,0.022214739,0.024540612,0.029763758,0.023419036,0.039688641,0.023440897,0.027684567,0.019078144,0.009676046,0.011555383
T:ATCAG,0.040580713,0.081298298,0.084017836,0.081118332,0.063562858,0.061553144,0.063576042,0.060568007,0.051945655,0.038706078,0.054945669,0.052347538,0.052314339,0.022642223,0.023805379,0.029882446,0.020118182,0.034596484,0.0239268,0.020371829,0.017932039,0.009849899,0.01034021
T:ATCAT,0.042483595,0.079569948,0.087527698,0.081648975,0.069356664,0.063475933,0.06593748,0.061717967,0.053549242,0.038365326,0.053531832,0.0503595,0.052948141,0.024308486,0.023535192,0.028256643,0.017920043,0.030168314,0.024426314,0.017311098,0.015590637,0.009459228,0.008551744
T:ATCCA,0.04214004,0.08059749,0.08192355,0.079366785,0.061228068,0.060802963,0.061779368,0.060510168,0.051441218,0.038436077,0.054526728,0.052092811,0.052601989,0.021816949,0.024164564,0.029749164,0.021823904,0.036530101,0.023615999,0.02481069,0.018994845,0.010056292,0.010990237
T:ATCCC,0.038649055,0.084312436,0.076642988,0.075835765,0.05368191,0.055867297,0.057478057,0.058793211,0.047947733,0.038177976,0.053660524,0.05311626,0.053381423,0.019551875,0.025085212,0.030863454,0.027056255,0.046662196,0.022157675,0.036157853,0.021562212,0.009451291,0.013907345
T:ATCCG,0.035782598,0.082804297,0.074683608,0.069780534,0.049322974,0.051207907,0.053822905,0.06041816,0.047945073,0.038549837,0.053434376,0.05090974,0.052224859,0.019002276,0.026090982,0.03095423,0.032152276,0.055152018,0.02196281,0.044892236,0.022705482,0.009976457,0.016224367
T:ATCCT,0.039705272,0.084216784,0.081637956,0.079376947,0.060440038,0.059200203,0.061403057,0.059926442,0.05045552,0.038663392,0.053683743,0.053361015,0.052589756,0.021483719,0.024857098,0.030330747,0.022022875,0.038446988,0.023213793,0.025112396,0.019047828,0.009458974,0.011365457
T:ATCGA,0.040179979,0.079325555,0.080395959,0.074568619,0.058813243,0.05633883,0.060165843,0.060944993,0.051775283,0.038442922,0.05458433,0.049238615,0.052140856,0.022835047,0.024638534,0.029721165,0.023800461,0.044215516,0.024433863,0.030659438,0.019214176,0.010489501,0.013077272
T:ATCGC,0.038014382,0.081932432,0.074471552,0.069102925,0.049681825,0.050597269,0.054184084,0.059362487,0.047680608,0.037434816,0.053839981,0.04886385,0.054940491,0.018967375,0.025929696,0.030141594,0.032467869,0.055148757,0.021140152,0.048395456,0.022080065,0.009442003,0.016180331
T:ATCGG,0.037940392,0.080872467,0.07593275,0.071839976,0.052458543,0.052984056,0.057301218,0.061407627,0.052416248,0.038769634,0.055511954,0.052089628,0.05016842,0.02100176,0.025113256,0.028926588,0.029633818,0.048071666,0.022553729,0.037770173,0.021536712,0.010640047,0.015059342
T:ATCGT,0.040037915,0.077978385,0.07975084,0.074169552,0.058013325,0.055674658,0.060039841,0.061005614,0.053893706,0.038646592,0.055327441,0.049458387,0.052406609,0.022305454,0.024237593,0.030227925,0.026410604,0.042063312,0.024237799,0.031374544,0.019851415,0.010685181,0.012203308
T:ATCTA,0.043111283,0.079989549,0.088966816,0.081965616,0.070939823,0.064505637,0.066340431,0.061300358,0.053570396,0.037862999,0.052978263,0.05148656,0.053565334,0.024823999,0.02378641,0.028694904,0.016299151,0.028738975,0.024403045,0.01457389,0.015028732,0.009224522,0.007843307
T:ATCTC,0.039325465,0.083575392,0.081105841,0.078349385,0.059543048,0.058159512,0.060930016,0.059277039,0.049508708,0.037894363,0.053799465,0.052325667,0.053640716,0.021213657,0.024862829,0.03021107,0.023138114,0.041089955,0.022854781,0.029068811,0.019035094,0.00957446,0.011516615
T:ATCTG,0.039416102,0.083226852,0.082957262,0.079555777,0.061829751,0.060357181,0.062055644,0.060507512,0.05155185,0.039117991,0.054659229,0.052439419,0.05185608,0.022386952,0.023957087,0.029820269,0.021525064,0.036688766,0.023810958,0.022451556,0.018857813,0.009800372,0.011170513
T:ATCTT,0.040391115,0.080600992,0.087777264,0.081477613,0.067286675,0.06267098,0.065543479,0.061535952,0.052738915,0.038668588,0.053429538,0.051225983,0.053206779,0.024186025,0.024337864,0.0290834,0.018181187,0.031848495,0.024386745,0.017278582,0.016033412,0.009366521,0.008743896
T:ATTAA,0.039698941,0.078737859,0.092165417,0.082216457,0.074422256,0.065464504,0.069049647,0.063166513,0.054322101,0.038004358,0.053105903,0.049051262,0.053015457,0.026587481,0.024025923,0.027600597,0.015302301,0.026539171,0.025060842,0.012236607,0.01396307,0.009202255,0.007061076
T:ATTAC,0.039317019,0.080213517,0.087456657,0.079972747,0.0664066,0.060300645,0.064338696,0.061388463,0.051615292,0.037919434,0.053142223,0.048630845,0.053881768,0.023923897,0.024882512,0.029175594,0.02019006,0.035771379,0.023951142,0.022972969,0.016281052,0.008872321,0.009395169
T:ATTAG,0.040061274,0.080336956,0.088049768,0.080975404,0.067490176,0.062422219,0.065513903,0.061166099,0.051911727,0.037948862,0.053439083,0.050369847,0.053718084,0.024235913,0.024737014,0.029174202,0.018452586,0.033177184,0.024007757,0.019073933,0.015704978,0.009091889,0.008941142
T:ATTAT,0.040703323,0.079105064,0.091389127,0.082061326,0.075388185,0.065146771,0.068987812,0.063277133,0.054149482,0.037864007,0.052262518,0.049580014,0.05416538,0.025835891,0.023908265,0.027323846,0.014993496,0.026585113,0.024857616,0.013297458,0.013514449,0.008788264,0.006815458
T:ATTCA,0.041692946,0.079519372,0.087955253,0.081931143,0.069609696,0.063422791,0.066021423,0.062275764,0.054082959,0.038624308,0.053806247,0.05099759,0.052851406,0.024689049,0.02372533,0.028090548,0.017338249,0.029282248,0.024590358,0.016211063,0.015587183,0.009380204,0.008314873
T:ATTCC,0.041392693,0.08114758,0.083729951,0.080787711,0.063433708,0.061460809,0.063431568,0.060700747,0.052157759,0.038656985,0.055275446,0.052426408,0.052274699,0.022656666,0.02427006,0.029855602,0.020036856,0.034667148,0.024060078,0.02052468,0.017577651,0.009659718,0.009815477
T:ATTCG,0.041128958,0.078326679,0.084203341,0.075221946,0.06143311,0.058170494,0.062331903,0.060328933,0.055592181,0.039243064,0.054806451,0.049494184,0.052375006,0.023313182,0.02422431,0.028878429,0.02307536,0.03817244,0.023518627,0.026006955,0.018356782,0.01090645,0.010891216
T:ATTCT,0.040516,0.080679533,0.086790803,0.081473393,0.067364945,0.062648432,0.065209721,0.061452404,0.051936565,0.038409275,0.053790762,0.050698345,0.053363521,0.02393118,0.024335706,0.029175337,0.01825388,0.032514953,0.024275622,0.018659159,0.016199082,0.009303694,0.009017687
T:ATTGA,0.043436643,0.078892514,0.088983427,0.08195057,0.07211165,0.064481758,0.066903989,0.062409034,0.053552722,0.037619501,0.053694678,0.050607999,0.053075795,0.024812611,0.023429109,0.027671415,0.016190198,0.02836155,0.024825137,0.01498583,0.014781016,0.00954188,0.007680975
T:ATTGC,0.041574693,0.080287602,0.084396925,0.0799111,0.064890204,0.061447829,0.063211476,0.060894512,0.051889275,0.038013595,0.054491864,0.050449943,0.053592315,0.023040209,0.024539653,0.029026995,0.020617826,0.035135806,0.023924059,0.022226535,0.017216848,0.009493691,0.009727044
T:ATTGG,0.043541949,0.080900145,0.085166879,0.081438468,0.065654195,0.062525158,0.064485894,0.060890755,0.051642033,0.038430655,0.053978474,0.05193212,0.052222151,0.022850985,0.023831746,0.028992998,0.019058786,0.032646311,0.024105701,0.019658418,0.017049055,0.009744337,0.009252787
T:ATTGT,0.042852324,0.079115249,0.088333908,0.082146707,0.070902011,0.064070146,0.066654102,0.062224121,0.053549089,0.038235033,0.053531771,0.050246447,0.052789273,0.025011344,0.023722622,0.028265779,0.016832076,0.028809578,0.024719955,0.015568804,0.015138936,0.009401056,0.007879671
T:ATTTA,0.039762211,0.07867551,0.091722467,0.081935542,0.07385192,0.065001139,0.069070661,0.063306783,0.05423286,0.037974027,0.053087337,0.048652239,0.053671032,0.026134374,0.023943132,0.027663105,0.015471868,0.027300454,0.024983914,0.013343462,0.014133071,0.009020511,0.007062383
T:ATTTC,0.041662396,0.078589949,0.089052887,0.082000916,0.070015414,0.063914062,0.066725417,0.062562559,0.053829085,0.038350235,0.054156019,0.049717295,0.052629373,0.025045245,0.02373021,0.028504797,0.017003447,0.029400178,0.024885807,0.015138422,0.015288704,0.009790299,0.008007284
T:ATTTG,0.042007011,0.078563855,0.088843604,0.082648257,0.070034412,0.063883367,0.066483755,0.062582758,0.053544501,0.038603044,0.053513619,0.050176734,0.052767475,0.024791968,0.023815633,0.028555781,0.017114063,0.029094431,0.024903367,0.014950963,0.015541899,0.009523557,0.008055949
T:ATTTT,0.039692718,0.078061304,0.090475558,0.081101913,0.070999535,0.063022111,0.067197944,0.062876808,0.053141933,0.037761366,0.053303903,0.047628722,0.053691971,0.02541114,0.024387177,0.02851772,0.017434576,0.030789882,0.024842016,0.017458232,0.01504248,0.009150991,0.008010004
T:CACAA,0.041547373,0.079735256,0.084307573,0.080777082,0.064326902,0.06120282,0.063362118,0.061326535,0.052508237,0.039037806,0.054339204,0.051212209,0.05207667,0.023184484,0.024125349,0.029588381,0.020430346,0.033886964,0.024005578,0.021147477,0.017794409,0.009823964,0.010253263
T:CACAC,0.038011716,0.080915122,0.078918571,0.074163725,0.055438431,0.056095285,0.057655636,0.063034033,0.051903776,0.039373159,0.056282104,0.051382544,0.051044791,0.021185932,0.023676772,0.030076548,0.025987931,0.043251918,0.023682502,0.03169035,0.021342227,0.011176456,0.013710469
T:CACAG,0.035696942,0.083364007,0.077307439,0.075707764,0.055112701,0.056815788,0.05742731,0.061141802,0.051980126,0.040048673,0.056000017,0.054450255,0.049966204,0.020558573,0.023800823,0.030684836,0.02669652,0.042580341,0.022967883,0.030365407,0.021938808,0.010566151,0.01482163
T:CACAT,0.041106503,0.079236983,0.08408511,0.080335279,0.064655532,0.061741537,0.063483617,0.061799127,0.053438136,0.038861911,0.054777682,0.051997476,0.051625699,0.023228786,0.023537995,0.029137983,0.019866226,0.033017748,0.02438841,0.021298387,0.017816167,0.010404857,0.010158849
T:CACCA,0.037577776,0.08241281,0.077413557,0.075678776,0.054163865,0.054454314,0.057106482,0.060091244,0.049274502,0.038318903,0.05437348,0.051488153,0.052202249,0.019834185,0.025401335,0.03121338,0.027655101,0.046870229,0.022224063,0.036013066,0.021815228,0.009870297,0.014547005
T:CACCC,0.035387923,0.085213672,0.071574843,0.070954933,0.047254105,0.051552438,0.052412576,0.060019622,0.047683556,0.039078787,0.054089668,0.055340798,0.050915229,0.017545967,0.02469842,0.031051171,0.031929424,0.053330033,0.02093652,0.045329962,0.025206824,0.010409649,0.01808388
T:CACCG,0.033190001,0.08059527,0.069245719,0.06510016,0.046254402,0.048821781,0.05145257,0.061558735,0.04790809,0.03862711,0.053951981,0.05174558,0.050605401,0.018536778,0.026017668,0.030338926,0.03688599,0.059146858,0.020674442,0.054149984,0.025238938,0.010396327,0.019557288
T:CACCT,0.035461795,0.084872551,0.076111414,0.074205244,0.051424345,0.053294148,0.055905686,0.059391505,0.048887385,0.038611682,0.054347878,0.052854491,0.051424604,0.019335722,0.025576081,0.031552873,0.029013553,0.048975098,0.022232555,0.037742715,0.023281146,0.009929675,0.015567854
T:CACGA,0.036017849,0.079468361,0.074771819,0.07067123,0.051287199,0.053218057,0.055687367,0.061380318,0.051464951,0.038866667,0.054691635,0.049347685,0.051097551,0.019947977,0.02486154,0.030851011,0.031959509,0.050504683,0.022261357,0.041741806,0.022679348,0.01106587,0.016156212
T:CACGC,0.033217696,0.081156578,0.070463084,0.064662481,0.044743724,0.047729213,0.050407229,0.061029519,0.047713067,0.038228,0.053337192,0.049448348,0.052619757,0.018619305,0.026148254,0.030863732,0.037297183,0.062714766,0.020902432,0.054579253,0.024393486,0.01040331,0.019322389
T:CACGG,0.031255384,0.079171021,0.069561843,0.064623909,0.046339955,0.049538657,0.049003475,0.063608684,0.051034049,0.039685573,0.055283054,0.051784969,0.048328006,0.018678219,0.0240766,0.030299816,0.038061965,0.058613516,0.021214036,0.051457457,0.02631125,0.011960716,0.020107848
T:CACGT,0.036393704,0.075945623,0.075875861,0.068723942,0.052181794,0.054339952,0.054522657,0.065154132,0.053728395,0.038975369,0.057267505,0.050785286,0.04983759,0.021775651,0.024377178,0.029457339,0.031510882,0.048565318,0.022562472,0.036841678,0.02347709,0.011702778,0.015997805
T:CACTA,0.041333142,0.082502572,0.085708239,0.081708294,0.065352468,0.061407985,0.064000091,0.061026617,0.051364205,0.038931969,0.05310488,0.051681721,0.05247415,0.023603779,0.024638031,0.029231107,0.019111672,0.03378396,0.024054633,0.019149556,0.016830968,0.009303723,0.009696237
