 ,X,Y,1,2,3,4,5,6,7,8,9,10,11,12,13,14,15,16,17,18,19,20
B:AA,0.03757471998142882,0.0005629388892113052,0.11393709012825722,0.07929700346275124,0.06532073975199737,0.06205482367051632,0.053599616969415585,0.04369353684251252,0.05660002321397481,0.04332017874760606,0.06429787398680673,0.0678099549261989,0.041654092430309715,0.022224962760915404,0.03395672528195307,0.026162633238542937,0.03258419902114406,0.03972056177819047,0.03905557812469773,0.012608090070222273,0.023135627647844003,0.040829029075503454
B:AG,0.0325031897080479,0.0004808501057197353,0.123861086597015,0.06705089816485033,0.06536093519910766,0.05882365119992546,0.04967300640012008,0.043986656280166354,0.06032365508192309,0.04529204268126988,0.06059280691720217,0.0832921410252097,0.03633394496362568,0.029988172847238218,0.032857745491059756,0.022950887554056817,0.03319315008579215,0.03631945217249527,0.034368618966405196,0.012604587485992459,0.026558557346162904,0.0435839637266142
B:CC,0.029892624110479972,0.00047643431805224147,0.13012397850370588,0.05969814388580358,0.06521013260975146,0.05661187891969508,0.04809545051417953,0.042247582194818084,0.06409031399793061,0.04486995058808624,0.058991410984648524,0.09379487193023207,0.03148689739637223,0.03595693350507845,0.03144070570348628,0.021634209303798804,0.03192637836011571,0.035135381253035454,0.03149613573494943,0.012617590852461093,0.029215585869037313,0.044987409464281945
B:GA,0.033459973276180395,0.0005304157926860992,0.12283059306322734,0.0690961740271375,0.06472976076725025,0.059926833075104595,0.050664859699947086,0.043761206302557795,0.05933297041726465,0.044439453291052346,0.06066472011684375,0.08094804843787473,0.037220468973848474,0.02901615484080547,0.03311672573569813,0.022803437804941495,0.033190958567928114,0.03715384976543694,0.03493955417156794,0.01253646608574717,0.02574166213021581,0.04389571365668394
N:AA,0.07190565450805858,0.007817603690322236,0.090048813074967,0.11040610038930802,0.06041213012956256,0.06662024905223722,0.0640698913555947,0.055733327837060274,0.05135840214141997,0.04208030804177285,0.04348431611947623,0.029324246541397182,0.03528143502749661,0.01096328461134261,0.042877210248255616,0.04422500456431229,0.04159529821293814,0.03044079866595371,0.030290891858357684,0.03355522906016375,0.019323327343442435,0.01818647752656033
N:AG,0.0651543967222557,0.0067258823284285525,0.0937161778178009,0.10398174900389233,0.061813403832686756,0.06575278536822277,0.06454562581255231,0.05581579302609683,0.05212629784860716,0.04434612845652283,0.043400763933462976,0.03420677320017406,0.03331906072456559,0.014265199222468576,0.041984971163696365,0.0427523686447162,0.0397663975528724,0.03036520656259108,0.03208984608999364,0.03347757159127118,0.021358087676201322,0.019035513420920476
N:CC,0.06285797829388612,0.006224089816698505,0.09555419923264868,0.09989219456907852,0.06275930974622368,0.064794963651028,0.06494640606311447,0.05556941050821414,0.052640209967673685,0.04519763263022097,0.04318483819428348,0.0372043379237829,0.03222237967485161,0.016867407052768787,0.04135363280112092,0.04183335526281557,0.03869105074452481,0.030077343023220744,0.03279797130938316,0.03285747371598875,0.022496391207284184,0.019977424611188333
N:GA,0.06633202426438184,0.007205121532255504,0.09319591001147454,0.10518231420192961,0.06141252642438666,0.06586017656005427,0.06436970315668984,0.055746004793244174,0.05202845081099471,0.043811413450561235,0.04337773451010124,0.033102362684723545,0.0336568498927601,0.013757585755017588,0.04229620122241916,0.04300507154575708,0.040065388405336015,0.030398223544354574,0.03185672308741798,0.03347580064934928,0.02097054396775191,0.018893869529039112
Q:AC,0.0543725334424086,0.004369286058779506,0.09932082296878345,0.09364313819397072,0.06454529866680164,0.06900679438418489,0.06354201660697188,0.05366349220890906,0.051729932847879,0.04778902520537331,0.043571068248064844,0.0418399392001902,0.032786522581195215,0.01878709714574177,0.04083522657488507,0.0399346131968012,0.03854643837888843,0.03233937373298039,0.03353802511735997,0.03219716139568694,0.022453576410686002,0.021188617433457943
Q:AT,0.06445364731535463,0.005588206015881201,0.09591459078304355,0.1010068377041682,0.06303274893815268,0.07059176238607623,0.06295822251810722,0.05393502844677143,0.05080646309348112,0.04497136591110844,0.04360287847598088,0.03519764757091596,0.03472783597049076,0.014095201851514562,0.041806354292286706,0.04123185257295323,0.04005012391914752,0.032705218445870834,0.03187265713825831,0.032287475197894655,0.019763995488505742,0.01939988596403611
Q:CA,0.05476550607994333,0.004392050388182492,0.10005855389088711,0.09323152649543387,0.06465910010606242,0.06900595295029703,0.06376829266571095,0.05363700992879692,0.05170633103219735,0.04784884709458743,0.04340845805997533,0.04214936532089991,0.03254156294121553,0.018911453292066147,0.04069011569016072,0.0397052955137045,0.038341270479978574,0.03227107199952866,0.03336915889671455,0.03203276326687356,0.022509183939295,0.02099712996748864
Q:CG,0.03956807828234625,0.0032611984318827035,0.10014375224637564,0.08398595868619513,0.06633871589487432,0.06441572751612434,0.06408572599899401,0.052284055133827716,0.05466467036216768,0.049717056375410545,0.043789862678775174,0.0507259362080255,0.03127219474425297,0.02705033137175198,0.038810697751227426,0.03949277459763073,0.037212380004743306,0.03258422422949562,0.03537215854951914,0.03202337565371456,0.02656893272446994,0.026632192558195295
Q:GC,0.04938150062138765,0.0035433127999757418,0.10203051192453129,0.08790633968615552,0.06601706637834023,0.06748477672253461,0.06472844954092678,0.05342972911932994,0.052665876020124805,0.049452723935067,0.04317584943918511,0.047214290378165116,0.031298016093796135,0.022094228556931154,0.039449236364297535,0.038906760908813245,0.03722793103557964,0.03197502342943982,0.03369304118298009,0.03169522158760568,0.024271489870318796,0.02235862440451409
Q:TA,0.06418468926285946,0.005364496506235257,0.09523950580052198,0.10094009546053762,0.06319680003198813,0.07057037353715391,0.06301112841639903,0.05410366265923085,0.05086813746238131,0.04515846304621576,0.0437054710065544,0.035508200708434794,0.034891746473955314,0.013913839340669632,0.041721623323692725,0.04138822806719323,0.04013123428849542,0.03265233267111885,0.03182484291600141,0.03239518207178861,0.019743096065564018,0.019486850883008323
T:AA,0.048530694240613806,0.0010615998954378847,0.10651048936000226,0.08406098891041482,0.06845634043535481,0.07618098426298252,0.06263092819170157,0.051386677357328506,0.04988400076448524,0.05159200880865281,0.043221508881006974,0.04746622164725099,0.03258494100056069,0.020128135617513254,0.03919345478779836,0.03637519499970634,0.036762068692136794,0.035117505357300495,0.03526457522330754,0.030732173516475152,0.021064246662316044,0.021795261387653156
T:AG,0.04016992164588457,0.0007557726606112005,0.10976369153434778,0.07658714091256835,0.06907138552777187,0.07346674932676063,0.06400718674701247,0.050657924486329,0.05148329531489702,0.0535765862815199,0.04282879409287856,0.05469450448467745,0.030912695486871603,0.02527296901942513,0.038403680141834165,0.035221083692637406,0.03575742054605153,0.034553689457397924,0.0348080570489118,0.03010577632440435,0.024170633627433512,0.023731041639773784
T:CC,0.035811665485181596,0.000645404635469846,0.11184513122715321,0.07175169298681308,0.06959386706012033,0.0709618289878629,0.06516044583504067,0.05008337887447037,0.052972913443905145,0.05431387281001628,0.042597174795777716,0.05948737260369413,0.029584388553212992,0.029229274479024646,0.03744119627842534,0.03460879253070595,0.03481027852595325,0.03401659422889445,0.03415787579894806,0.029521700934248694,0.0260763998149656,0.02532875011011575
T:GA,0.04148831493346095,0.0008111063087073034,0.10939369879171823,0.07811135547317237,0.0684447983376714,0.07425305577560261,0.06341350014793525,0.05035465827867001,0.05117577843254085,0.05294938039143681,0.043048550787541204,0.05286740623685304,0.03135886363915253,0.0245647348126252,0.038752580913308125,0.03528975992677319,0.03606923399841324,0.035076696812733975,0.03506156242344749,0.030150127384897214,0.023675214490958073,0.023689621702380946
U:AA,0.04766430109932666,0.0008429949840115522,0.104954937863773,0.08458895013802474,0.06855735805188419,0.07734150653943797,0.06216920020062975,0.05109061213858923,0.049700842346290956,0.05122938349436017,0.04351681473595622,0.048198224441432444,0.0329789918918264,0.019763094848471423,0.03968361403791354,0.035934143701912565,0.03729519964691515,0.03560417924784407,0.03538330538241435,0.030519123348861983,0.021307730927995806,0.021675490932127856
U:AG,0.03952640885254542,0.0006818186200551113,0.10904615417450367,0.07663461672310826,0.06901698911063354,0.07375522240045111,0.06406070593380174,0.050841309367515596,0.051330158460062225,0.053652686917421484,0.04296416144735889,0.05524294547862663,0.03098846807975496,0.02513357107418612,0.0385615876292837,0.03524606711831741,0.03598825557686689,0.03453194383299053,0.03490509837615832,0.03012876248645971,0.02432263945016667,0.023440428889731975
U:CC,0.03617968475899398,0.0006294593374780352,0.11159078584227128,0.07186638928456862,0.06948217860969075,0.07097685141849458,0.06500883491766517,0.0497282326372514,0.05289563632432916,0.05424460775854745,0.04275428866641226,0.059422536418737563,0.029698073537685197,0.029364759331375938,0.03737263007553215,0.034379609549365385,0.03478313200871779,0.03409184670962425,0.03419666910138108,0.029444907337093186,0.02628138855334932,0.025607497821435458
U:GA,0.04066144522440606,0.0007237882777705362,0.10888783546058348,0.07786952174893691,0.06872249031719062,0.0743515655976049,0.06362076302119309,0.050628940115801685,0.05113510227524351,0.05310777671262359,0.043048138536090234,0.05371860033351591,0.03124449655808781,0.024371653309138708,0.038883990954334105,0.035344785594855974,0.036265061703358706,0.034889092285485285,0.035141721760111364,0.030245039022958557,0.023847997394444598,0.023290193796264368
