 ,X,Y,1,2,3,4,5,6,7,8,9,10,11,12,13,14,15,16,17,18,19,20
ACA,0.05466487888314179,0.004498257732403302,0.09874872948959876,0.09449273422051749,0.064209720970249,0.06931429193300329,0.06306352449338719,0.05366813344311912,0.051329499044165505,0.047641222236139376,0.04368445757675936,0.040882119221616026,0.03303414105283475,0.018614768926241608,0.04139893102591533,0.039987827740349764,0.038768490931379095,0.03254880299953389,0.03369275721803909,0.03236678582941999,0.022313066082967667,0.021076858949218596
ACC,0.05342376264948329,0.004111500583325999,0.10151424326643148,0.09041137032404489,0.06508585525757081,0.06801228534373693,0.06449175230953641,0.0533407139678303,0.0524170632631171,0.048390344496519376,0.04320598603427152,0.04473514686696918,0.031653080935926975,0.02061945461768474,0.04009871118088608,0.03910045688906855,0.03748769592264848,0.03187084148024987,0.03332387041582228,0.03157803618716712,0.023355239845569472,0.021772588162139134
ACG,0.03876652868048341,0.0033993220469526802,0.09855365108382724,0.08664076841852203,0.0656432526228843,0.06559284929717094,0.062450003723616476,0.052756566378206735,0.053993854758569486,0.049590076547927193,0.04467079690772765,0.04767836052139692,0.03240317960035826,0.02510283835851659,0.03936202415225429,0.04042233456311785,0.038552880875703986,0.033286087294595826,0.03625790135842626,0.03296115574259531,0.02596542898185565,0.02595013808529092
ACT,0.0572983748200956,0.004540682065923005,0.09861970748688709,0.09603808157009505,0.0644383050672093,0.0698892200704554,0.06370209796042467,0.05405431413508213,0.05140951789245454,0.04724446704774455,0.04349743159675111,0.04005369967203366,0.033350135374450016,0.01658393574674065,0.04082240529080551,0.04040712397469553,0.03902482686931125,0.032230333597703116,0.03301664954167009,0.032290913116374366,0.021382265824671055,0.020105511278422333
ATA,0.06922435130836975,0.006216651114844208,0.09364708176299517,0.10387577149782733,0.06228790691770302,0.071049900193674,0.06261650195591696,0.053980526693336126,0.05052270207285874,0.043572846245799955,0.04362294860079375,0.03245628972859657,0.035750425540917626,0.012391870294089046,0.04246455681512533,0.041853183372689215,0.04067052233090764,0.032878101673039575,0.03091990328919189,0.032252505179610556,0.01868413023741954,0.019061323174293987
ATC,0.06061939387181419,0.005227860098809218,0.0986448065810464,0.09748203035496861,0.0635321471671034,0.06992973286980168,0.06357437578796485,0.05362522638533437,0.05132328455220216,0.046207952577330715,0.04334242052008827,0.03823957728215301,0.03340571669055665,0.016171892788222026,0.04137098418944608,0.04032319642603427,0.03904377712352591,0.03234834655525601,0.03261131504025927,0.03210678733357193,0.020883024202323294,0.019986151602187686
ATG,0.05913562441962708,0.00493896325879907,0.09835505879742623,0.09698199919466838,0.06373276343794426,0.06995068371011348,0.06300012737387932,0.053817857406996523,0.05124016961270123,0.04647296592132403,0.04368599462564406,0.03848487743345742,0.03367972865254871,0.016454168002037983,0.04118722727608905,0.04045637855516933,0.03929027069003772,0.03275460394941203,0.03293398540541873,0.032267357772682824,0.021226631001980457,0.01995256350204209
ATT,0.06716203926775188,0.0058100207628585575,0.09413775728199256,0.10411638371685614,0.0627853685351154,0.07114864290718129,0.0628473085581188,0.054189059502636944,0.05036305538168503,0.044157303208655414,0.04367444707505561,0.032916977057643126,0.03553995016315249,0.012285760094469335,0.04202176608796199,0.04191188550888201,0.04077822445119468,0.032727885666335686,0.03134925186248254,0.03244925863187906,0.018768606709865628,0.018859047568225824
CCA,0.053839578890027426,0.004159673084189036,0.10220857826623218,0.0901081963393715,0.06532163939475787,0.06803056148922627,0.06466365899495446,0.05326273056591337,0.05228351454420651,0.048500140353142956,0.043042836425183376,0.04485190239827024,0.03147029011443985,0.020636678013028174,0.03995699674914878,0.038933025434816596,0.03737923660410807,0.031794755499728655,0.033234516904943334,0.031473383556643336,0.023341531444530654,0.021506574933137346
CCC,0.04970037112113962,0.0034532271339486444,0.10348127744960847,0.0851962838163204,0.0660272527703225,0.06630042159971632,0.06533453532637959,0.052788527238234136,0.053457582413610795,0.0494622006972268,0.04294226268428316,0.04922621941660502,0.030529290367729084,0.024429988569186125,0.03911527767825542,0.03810555276474645,0.0363936427111505,0.03152660548805953,0.03333400123119092,0.03092217884232609,0.024906120263194144,0.02336718041676631
CCG,0.03861804098608486,0.002978705250459392,0.10143054240534023,0.08101656878737108,0.06705824341117442,0.06314627305587328,0.06585456595206182,0.05204834752514251,0.05549513715646668,0.05012910477503397,0.04318154727536845,0.053741924018148896,0.03025469016901442,0.02901244619021231,0.0383046694004224,0.03878451731431989,0.035905057567231384,0.03203120701517548,0.03476727078365009,0.031162939152976483,0.027400395448287027,0.027677806360184937
CCT,0.05230870220468527,0.004009619450936543,0.1021283493347348,0.08892560589949396,0.06533681202099563,0.06796794101271908,0.0647074892668968,0.053431754175871184,0.05251564304311789,0.04892645928980526,0.043147948560468254,0.045883647321599476,0.03140494229763327,0.02097047836556146,0.03995288974086717,0.038806661994831626,0.037325884627373886,0.03186538592614831,0.03332130430315226,0.03155055096748971,0.023688871566262523,0.02182305862935564
CTA,0.0610416276262611,0.004742241483227263,0.09787779594201274,0.09706252143233696,0.0638781311149007,0.06990450624430085,0.06374274625785747,0.05407112845444791,0.0513026844665101,0.04655374931411484,0.04341987417456623,0.03877609440555223,0.033556831827939136,0.015674644263152692,0.041072584334689445,0.04051662112908351,0.03903351996626506,0.03229257765944586,0.03256891823367861,0.03226765993615593,0.02087748216007612,0.019766059573425275
CTC,0.050952536402603624,0.0038738460621358653,0.1014165815745476,0.0894750255781541,0.06501126393255251,0.06802956511833602,0.06455786685262016,0.053375204399243655,0.05234780029594527,0.04916893665271475,0.043276290164973356,0.045767157973669974,0.03161912039827142,0.021198049384338422,0.04026009570309261,0.038996147350159986,0.037522193019613265,0.031960796619808794,0.03361463937503305,0.03184006844187033,0.023735566079453565,0.022001248620861683
CTG,0.05039514719537919,0.0039203073457140985,0.10236358784172599,0.08907540701060863,0.06573778427779252,0.06811105511305161,0.06480941716337807,0.05358337574850891,0.05235809474640069,0.0492416247482316,0.04304405855799529,0.04610588250496102,0.03141903479854291,0.02118270634265302,0.03982192666095551,0.03892816135999225,0.03735931605715488,0.03187327895037232,0.03342518636683771,0.031668167855391366,0.023771445840956685,0.021805033513395716
CTT,0.05818752204528708,0.0046047896114892,0.09863863374497849,0.09619986903987567,0.06416085766355448,0.06980162826966893,0.06380026348145891,0.05385109721311264,0.051364425137881184,0.0470884608954049,0.0434367719836102,0.039843864452822134,0.03320409175051062,0.0163409516157346,0.041068270816242466,0.040195999053833975,0.03890986134819218,0.03228931331619754,0.033108331471075766,0.03232115474371009,0.021418515626716084,0.020165326718642865
GCA,0.05191036941404027,0.0038806525564885363,0.10110748753155274,0.0908737896412865,0.06529814602418016,0.06859478880541264,0.06400348682895483,0.05371278254985112,0.05203048265848889,0.048658889322638794,0.04341287261142681,0.044500624308579415,0.031986396069013094,0.020104995078682006,0.03999886454375186,0.039326810193978906,0.037934914504706124,0.03225782562107011,0.03361342078508171,0.03196057900354536,0.02331344214770725,0.021518379799562844
GCC,0.04706779598271011,0.00326084022535974,0.10409993851628717,0.08369325871318824,0.0670511774529699,0.06624374698355999,0.06563538513571253,0.05314297809580984,0.05342158166199099,0.05040487801006418,0.04280193673047883,0.050690308371910436,0.030263814210661558,0.024385961643805812,0.03871316714791259,0.038075370525259764,0.036142832327996706,0.0315864734943738,0.03354927900249896,0.03115536782340275,0.025506277664132496,0.023107630279913607
GCG,0.03671490426839329,0.002730960778786258,0.10168121304675633,0.07972661166270452,0.06738854742630439,0.06302047147733066,0.06503585912060252,0.05176959377420851,0.055595047571694194,0.050541456813306906,0.043205283014400624,0.05485468787804126,0.030063875330271637,0.030546010880929075,0.03795765420013777,0.03868802528080951,0.03595271760563328,0.032169160490374306,0.03522308642221941,0.03149659388297341,0.027777407829148844,0.027860831244973322
GCT,0.05042259840871774,0.003536589433103742,0.1014842570934976,0.08924458189522176,0.06577130465492355,0.06794641494411054,0.06473405717512518,0.05360136430807354,0.05231494930225546,0.049379807936515294,0.043211138577788626,0.0462394022159174,0.0315537180008892,0.021152913836907827,0.03966174015741858,0.03913025400382028,0.0375081874338706,0.03195259974825198,0.03365328331408223,0.03185571091235024,0.02380504203144287,0.021840084615715755
GTA,0.06053044654641109,0.00504610022120305,0.09708981910912806,0.09761104075643973,0.06373046584572617,0.06996991038581263,0.06311479967676317,0.053874451782584876,0.05118667848093503,0.04629650097645225,0.04364272836993143,0.03814160608840004,0.03399472248484154,0.01583219512475077,0.04136650028292482,0.04077257253680438,0.039493942862916256,0.032459719561665976,0.03265920254088963,0.03230996968949808,0.020779229532570023,0.020097397143351018
GTC,0.05131536466893231,0.004213801031781788,0.1010788723633438,0.09074795752536766,0.0652068275114092,0.0682914188338519,0.06414733829608323,0.053663052549314624,0.05240313906688281,0.04849602668504944,0.043448947008755984,0.044072497049772154,0.03204518015614378,0.02009463732963915,0.04025771913001513,0.0395236335726899,0.03791619869546824,0.032332693011856754,0.03363756859223246,0.03200847676440479,0.02336421658205362,0.021734433574951296
GTG,0.04777712920065811,0.0036729191517040002,0.10111005447779851,0.08885550688101024,0.06537518412770123,0.06796269294579173,0.06349967977541444,0.05342822898291458,0.05217321503072307,0.049470248511963376,0.04362621011533023,0.04586912581386827,0.03169976496192962,0.022510588311762433,0.04055761223277439,0.03899442015693474,0.037657205466590245,0.03232360861929517,0.03454103037557285,0.03206682031168986,0.02438727549110003,0.022441479057472877
GTT,0.059114075213620665,0.004731332393832273,0.09779841487095917,0.09794184944458897,0.06378261575227209,0.0699301793987907,0.06348103407916843,0.05376228095769957,0.05117729518823955,0.04657347972062219,0.043543339617582034,0.038636913102185914,0.03359052929102585,0.016014057140563108,0.04114802240868326,0.040622991110985635,0.039251964470555636,0.032270757977405806,0.03303235715013002,0.032388420524109125,0.020954553447034962,0.020253536739945045
TCA,0.05783614543478327,0.004854541763395079,0.09884454725625598,0.09637755508782776,0.06411159087263887,0.06985648301244007,0.06360204100788396,0.05389981920017552,0.051380164084716635,0.046894940159386084,0.04341782127870874,0.03941505886413851,0.03336412807792045,0.016767601492070357,0.041027971165443065,0.0403705208796684,0.03903146984545845,0.032396307000880524,0.03292760722046051,0.03221133935428435,0.021373547853842993,0.020038799087620417
TCC,0.054331365233859764,0.004408896811358223,0.10132550004120237,0.09118511845930335,0.06469899114775716,0.0683338926986505,0.06441518477716422,0.05327752514636108,0.05222805202354602,0.04811113950603444,0.04321103446026274,0.043801443452104814,0.03183020323899972,0.019972538858051014,0.04036997063801215,0.039184635104655294,0.03778553838755401,0.03198375359402931,0.033305785547098316,0.0316322187287277,0.02299003037021227,0.02161718177505554
TCG,0.04404157336359753,0.0038781499584437393,0.0992116730538293,0.08793068554188264,0.0654272679924763,0.0656787637938891,0.06319597574140563,0.05245137143804208,0.05370876900216516,0.048686508610351314,0.043956546933327144,0.047297254924956435,0.032148134936293295,0.024066144698858618,0.0394811758894689,0.039906796698466064,0.038209525810693215,0.03274722920934786,0.03514613103273314,0.032349624772010664,0.025289580556638068,0.0251911160411238
TCT,0.057341894422511766,0.004675074058781803,0.09916850222608266,0.09529865544907627,0.06396885180656856,0.0695215077193651,0.06402220811976202,0.05372134893523365,0.05145011019616219,0.04733388854989012,0.043283660032445395,0.04053042262894841,0.03293153371724631,0.017215263044824375,0.04123586210281119,0.03993671138445791,0.03857069900072287,0.03224896570598282,0.03303589894754027,0.032251547841685095,0.02175147297539904,0.020505921134502166
TTA,0.06344040498409174,0.005117898482084951,0.09385789992736691,0.1027261309673385,0.06332643251965672,0.07092070306706992,0.0628332290140478,0.05439844781858403,0.05071909411086573,0.04510724585021448,0.04403652035971518,0.034715125431278394,0.03551104627012568,0.013047971130513564,0.04163157283534926,0.04191141482946357,0.04075284679293965,0.03279462307017441,0.031718373086810074,0.03268937785337984,0.019391540025873285,0.019352101573056328
TTC,0.06043032586353073,0.005114673628627954,0.09799722312090485,0.09816881832070808,0.06358683198759633,0.0701126971964517,0.06361256941328544,0.053778684748011736,0.0510736034282696,0.04623603361051904,0.04330905043687101,0.03798665093556145,0.03365375161223972,0.015515912770709437,0.041415801323762214,0.04051353581375301,0.03927208515193912,0.03237130278889947,0.03285096829878815,0.03230492878655501,0.020798259794001392,0.01989629096901454
TTG,0.061550631824142124,0.0050174153455001865,0.09823991364137213,0.09805465310482206,0.06373660931680523,0.06999751505899898,0.06361264557125071,0.05370309727945989,0.05102441721097273,0.046212959083217584,0.04334322876447623,0.038052512146989334,0.03341358130642788,0.015601187130315318,0.04128365658702579,0.04046088882015864,0.03910391179327904,0.03218491546137173,0.03269149480651864,0.03217565397984147,0.02069572311067142,0.019843388656382892
TTT,0.06441191387284885,0.005344670665929688,0.09507552761203536,0.10166756456180404,0.06343780515629996,0.0706194735569291,0.06345639159443546,0.05401766375131165,0.050514422023875315,0.04523995897572771,0.043480278713574884,0.03573995039759709,0.03467195408531991,0.013872721654220894,0.04166264698064133,0.04133139105152507,0.04001833041302741,0.032163458995805874,0.03189590455191717,0.03229382782488494,0.019566144470595907,0.01951799908969241
