,X,1,2,3,4,5,6,7,8,9,10,11,12,13,14,15,16,17,18,19,20,21,22
B:ACA,0.047179102,0.064411463,0.0583094,0.109505913,0.050820847,0.032218717,0.066324963,0.050118164,0.032385447,0.029826425,0.045926294,0.049728019,0.03973996,0.015068789,0.052440946,0.048679278,0.052355528,0.04074494,0.00867065,0.042026175,0.007304538,0.038730726,0.017483716
B:ACC,0.044323683,0.065560314,0.056570412,0.099135179,0.043583182,0.033021185,0.063139975,0.04444988,0.030312743,0.030330823,0.043334747,0.053250319,0.041754459,0.012209251,0.055202927,0.044522465,0.059638179,0.049702598,0.008109092,0.053709611,0.008676118,0.035929873,0.023532985
B:ACG,0.03628602,0.06102248,0.056834582,0.088881101,0.038053824,0.032660022,0.062839557,0.045060873,0.033299719,0.028286514,0.041561455,0.049913076,0.042700469,0.013514299,0.0572092,0.042724321,0.069267754,0.058230004,0.009943749,0.061925887,0.009585394,0.038504156,0.021695544
B:ACT,0.047564541,0.066906328,0.059769104,0.109579718,0.050084034,0.032436959,0.065798428,0.049222469,0.030943274,0.030226705,0.045300979,0.050426403,0.040573366,0.015017621,0.053340691,0.049350121,0.051956629,0.041282029,0.008571431,0.040470617,0.007402456,0.036914156,0.016861938
B:ATA,0.051856301,0.065853206,0.061308887,0.11917719,0.059584037,0.029037401,0.068210039,0.058241478,0.03082697,0.029399221,0.048033492,0.048896648,0.042711584,0.018230819,0.049180577,0.054032111,0.042670146,0.030808175,0.009187552,0.029481096,0.00594145,0.037828501,0.009503118
B:ATC,0.048567348,0.066542221,0.05856716,0.10876883,0.050683551,0.033171036,0.065440356,0.049947586,0.030351855,0.029970774,0.046670242,0.052596293,0.040251989,0.015058229,0.051875425,0.048773629,0.050608523,0.04047972,0.008926452,0.042339244,0.007339758,0.036907633,0.016162148
B:ATG,0.049699659,0.065219321,0.058411715,0.110794004,0.052189168,0.033428642,0.0665551,0.050333385,0.031707265,0.030720013,0.048003855,0.050598903,0.040081274,0.015252794,0.051024447,0.048749026,0.049713992,0.038522974,0.00835045,0.039414382,0.007299981,0.037614107,0.016315544
B:ATT,0.050689134,0.066306947,0.060821096,0.117157593,0.057997449,0.030603717,0.068543798,0.055618134,0.030406806,0.029180939,0.048165872,0.048374594,0.040924936,0.017306209,0.05007494,0.053420509,0.043821875,0.033555464,0.009292185,0.032392381,0.006476985,0.038732288,0.010136149
B:CCA,0.044266309,0.065872849,0.056144318,0.097724798,0.042334904,0.033500295,0.062208246,0.044071429,0.030641135,0.030987402,0.043784841,0.053981668,0.041123584,0.011752975,0.054970434,0.044452922,0.06061206,0.04956279,0.008089585,0.053317863,0.008546897,0.036790866,0.025261831
B:CCC,0.041215391,0.06561647,0.054418769,0.086471503,0.035232934,0.034037711,0.059818448,0.04123931,0.031106168,0.03007905,0.043664826,0.056509508,0.042684282,0.009994382,0.056342502,0.038337225,0.064888409,0.05825476,0.006943491,0.06592495,0.01060717,0.03476442,0.031848321
B:CCG,0.034442596,0.061743577,0.056676087,0.078622321,0.030523153,0.032167408,0.055975902,0.039970753,0.033224903,0.027180316,0.037083742,0.058613325,0.044710459,0.010040005,0.057632069,0.036106938,0.074088065,0.072078933,0.009839001,0.075372579,0.012729341,0.033192146,0.027986381
B:CCT,0.044574559,0.066762919,0.055205196,0.096659216,0.041009892,0.03416577,0.062889875,0.043608565,0.029869732,0.030678219,0.04385129,0.054599428,0.041830316,0.011559482,0.056003667,0.042797448,0.059955599,0.050629156,0.007973482,0.054894271,0.008880695,0.035379648,0.026221576
B:CTA,0.050655986,0.067494712,0.06008989,0.112902142,0.052657289,0.032509588,0.067282719,0.050255264,0.029953802,0.029868917,0.045819829,0.051326349,0.040254583,0.015485668,0.052557723,0.050264358,0.048489055,0.037698913,0.008281656,0.037303637,0.007353631,0.036305049,0.015189239
B:CTC,0.044671946,0.067093984,0.055762383,0.095914984,0.041103437,0.033404512,0.062708115,0.044405863,0.029832293,0.030561524,0.043429024,0.053849259,0.042422584,0.011627872,0.054705177,0.04347239,0.060152297,0.051216768,0.008376606,0.056622003,0.008502022,0.035963799,0.024201156
B:CTG,0.042390754,0.066095546,0.056122027,0.09716741,0.041517887,0.034144958,0.061607813,0.044468917,0.031322105,0.031047816,0.043853103,0.053726945,0.040899263,0.012065775,0.056320962,0.044120847,0.061100053,0.050479059,0.008219862,0.051556488,0.008631203,0.036956898,0.026184312
B:CTT,0.048912401,0.066663171,0.059417175,0.109590531,0.05070596,0.033643599,0.066913123,0.049235613,0.030826629,0.029589244,0.046085215,0.050808195,0.040550154,0.015037249,0.052511083,0.048234686,0.051773797,0.040713673,0.008375461,0.038932846,0.00794522,0.036401065,0.017133911
B:GCA,0.04312767,0.064993322,0.056327501,0.099957125,0.044466438,0.034133789,0.06282519,0.045492304,0.032272847,0.030709154,0.044910035,0.052441068,0.040716078,0.013060925,0.055621057,0.045427332,0.060204321,0.047162406,0.008223359,0.047462415,0.008643805,0.037811998,0.024009862
B:GCC,0.040424816,0.065284945,0.054824162,0.089805308,0.036067499,0.033711237,0.058388524,0.041224513,0.031201903,0.030545521,0.041658299,0.056586813,0.041592793,0.01014493,0.058110022,0.040928329,0.066960558,0.057304688,0.00850539,0.060729119,0.009756551,0.03590027,0.030343808
B:GCG,0.033959115,0.062473354,0.060250579,0.079911494,0.031632895,0.031864374,0.054811925,0.040349281,0.034702377,0.027331584,0.036069669,0.057617197,0.043782447,0.010354126,0.057449219,0.037705027,0.073799303,0.068911041,0.009520371,0.074902368,0.014150221,0.031393058,0.027058974
B:GCT,0.043724744,0.066030699,0.057163563,0.097126772,0.043459663,0.034396229,0.061735369,0.044697889,0.031496355,0.030212741,0.043707932,0.052811204,0.04090877,0.012434692,0.056216896,0.044746,0.060800872,0.050616192,0.008410486,0.049012067,0.008994792,0.036559118,0.024736956
B:GTA,0.048934406,0.065854711,0.060496252,0.115194413,0.053258626,0.031336817,0.066693232,0.051327622,0.030854488,0.030016782,0.045143138,0.050415913,0.041196601,0.015902456,0.052943973,0.051331404,0.047977785,0.037855089,0.008805668,0.037638217,0.007019537,0.036662238,0.013140634
B:GTC,0.044002549,0.066161579,0.056474298,0.098776207,0.043731628,0.033788497,0.06372028,0.045463421,0.031080925,0.030202914,0.044724882,0.052965164,0.040386519,0.012756212,0.053783941,0.044074085,0.059603381,0.049776933,0.008230352,0.051771503,0.008497202,0.036607237,0.023420292
B:GTG,0.043091861,0.063983845,0.055923341,0.098516531,0.042598125,0.033050581,0.062949133,0.044941667,0.032043277,0.030154877,0.044183057,0.051882752,0.040701768,0.012917232,0.05516109,0.045334773,0.060573974,0.048781482,0.008374592,0.053786737,0.008272681,0.038775617,0.024001008
B:GTT,0.048143871,0.065650756,0.060449944,0.111295359,0.053093372,0.031950014,0.067467008,0.051084994,0.031556503,0.029592756,0.045336041,0.048439444,0.04044945,0.015499578,0.052564503,0.049379029,0.051141543,0.040011397,0.008899333,0.038396329,0.007477993,0.03718647,0.014934315
B:TCA,0.048255036,0.066351942,0.058243809,0.107348307,0.049973856,0.033185206,0.065581129,0.049363548,0.030587301,0.030275892,0.046728031,0.050745898,0.040264559,0.014703202,0.052531325,0.04837557,0.051823182,0.042301145,0.008707834,0.042614527,0.00746685,0.037140228,0.017431625
B:TCC,0.045382258,0.066572379,0.056026747,0.097297986,0.042179945,0.034062241,0.064049073,0.044693372,0.030163772,0.030539451,0.044285537,0.054202963,0.042030095,0.012120594,0.053939833,0.043344875,0.058543204,0.049880273,0.008036337,0.054250865,0.008892418,0.035577903,0.023927877
B:TCG,0.039841843,0.062631245,0.057553991,0.087933396,0.037358923,0.032230942,0.059832478,0.043584886,0.030940295,0.028349535,0.04090435,0.052052995,0.042176046,0.012173039,0.055804592,0.040758767,0.068713176,0.061315707,0.010899505,0.066585063,0.010557959,0.034746234,0.023055031
B:TCT,0.048221322,0.067110604,0.058473722,0.107734647,0.048673016,0.033185012,0.066269037,0.049188796,0.030330685,0.030156165,0.04568387,0.052106527,0.040878985,0.014397783,0.051886562,0.047724213,0.052588777,0.041450032,0.008344281,0.043159878,0.007584705,0.037004354,0.017847025
B:TTA,0.049375629,0.066616608,0.062118355,0.11806768,0.058445111,0.03077919,0.068279196,0.055683732,0.031216467,0.028593992,0.047614045,0.047634809,0.041275574,0.017812636,0.05144627,0.053269457,0.044026151,0.033431319,0.009311032,0.030178315,0.006425839,0.038344148,0.010054443
B:TTC,0.049939039,0.066110678,0.059603585,0.11063499,0.051135835,0.033312767,0.068023428,0.050650784,0.030605799,0.030036683,0.046770134,0.050095787,0.040672649,0.015457375,0.051200325,0.048799102,0.049794934,0.039540183,0.008482268,0.03888177,0.007865734,0.036808028,0.015578122
B:TTG,0.048890401,0.066073087,0.058894567,0.110060077,0.052826365,0.032000942,0.066707454,0.050146995,0.030711929,0.029661779,0.045710774,0.050074294,0.040034257,0.014804407,0.052073286,0.049530504,0.051869334,0.040385841,0.008834712,0.039866149,0.007473106,0.037367935,0.016001804
B:TTT,0.048164775,0.065336831,0.062262234,0.11545388,0.056700778,0.029644357,0.067667065,0.054412526,0.030271227,0.029041317,0.045931451,0.04689601,0.041144691,0.016793619,0.051831477,0.051688152,0.048096493,0.036332991,0.009259621,0.035438366,0.00657277,0.039937873,0.011121498
N:ACA,0.064982504,0.072253853,0.084602633,0.061833975,0.073401531,0.068765561,0.060046528,0.050510677,0.052639155,0.044250901,0.042857453,0.043374454,0.04163415,0.040728518,0.031086259,0.025508833,0.025299724,0.02104278,0.030427177,0.015512591,0.021008584,0.016512029,0.011720129
N:ACC,0.063864948,0.076259094,0.084445349,0.060143764,0.067396666,0.064950396,0.058979024,0.050997024,0.05223539,0.04473481,0.044450872,0.044043867,0.042138209,0.036970243,0.031062543,0.026949039,0.028072925,0.024959791,0.027319222,0.018352245,0.022562189,0.01534658,0.013765811
N:ACG,0.059965185,0.073908669,0.07861704,0.055315464,0.061093838,0.062570936,0.055006019,0.052487224,0.050114815,0.044093263,0.045784828,0.04159433,0.040841527,0.037609178,0.031441246,0.027787201,0.032177076,0.030952215,0.031139895,0.024521804,0.025099376,0.019379614,0.018499258
N:ACT,0.064320525,0.073773836,0.084157647,0.062862758,0.073119479,0.068461556,0.060080567,0.050693744,0.052356192,0.043981186,0.042720027,0.043706118,0.041864719,0.040203532,0.031014922,0.025391729,0.025153714,0.022250545,0.030119417,0.015553983,0.020706502,0.016076088,0.011431217
N:ATA,0.068775573,0.069297666,0.085984075,0.065661844,0.083370581,0.072032726,0.062967658,0.049700483,0.053164717,0.043844595,0.039489415,0.042171855,0.041123311,0.045548531,0.031370791,0.023004459,0.021349429,0.016986838,0.030516425,0.010856101,0.017241121,0.016837254,0.008704552
N:ATC,0.065922235,0.072650794,0.084372376,0.061749145,0.073424998,0.067783962,0.060080191,0.050569296,0.052965414,0.044149432,0.042334032,0.044332799,0.041682029,0.040408064,0.031214145,0.025324295,0.025706022,0.021810694,0.02972112,0.014886605,0.020769438,0.01629625,0.011846664
N:ATG,0.066175809,0.072097928,0.085840423,0.062285876,0.075107917,0.068736692,0.060641827,0.050096484,0.053306254,0.044374757,0.042797913,0.043538416,0.041184354,0.041167746,0.031007065,0.024967589,0.025044101,0.020496389,0.029740892,0.013317097,0.02078757,0.016249448,0.011037453
N:ATT,0.066002095,0.070643933,0.08566164,0.065051416,0.080810365,0.071234602,0.062521904,0.050623995,0.052999089,0.043570374,0.041247643,0.042478264,0.041125734,0.044025222,0.03101916,0.023585188,0.022875215,0.018405681,0.030285584,0.011968156,0.018226023,0.016549544,0.009089173
N:CCA,0.063065887,0.07634994,0.084429589,0.059400887,0.06610863,0.064344734,0.058045329,0.051061623,0.052136592,0.04456797,0.045344052,0.044281579,0.041684099,0.036477811,0.0311166,0.027191728,0.02861885,0.025644866,0.027932394,0.018491698,0.023586175,0.015625321,0.014493643
N:CCC,0.059455657,0.079476989,0.084716931,0.056768101,0.060508591,0.061417721,0.056495543,0.050880379,0.051502964,0.045594283,0.046650495,0.044771968,0.041404111,0.03403544,0.031545887,0.028488158,0.030879125,0.028430534,0.026738684,0.021607503,0.025738372,0.015515458,0.017377105
N:CCG,0.053658956,0.078833066,0.078439162,0.051123809,0.055272432,0.056426101,0.054093495,0.054209987,0.048042806,0.046760851,0.047194226,0.043199617,0.040420682,0.032960414,0.030913566,0.029910013,0.036017956,0.036866407,0.027484765,0.030517952,0.02694656,0.018573631,0.022133546
N:CCT,0.060819825,0.077894658,0.084644404,0.059233677,0.065276396,0.064153499,0.058150634,0.050965525,0.052069734,0.044948698,0.045215639,0.044634974,0.042182842,0.036068184,0.031039965,0.02753978,0.028708303,0.025928353,0.027949852,0.019239654,0.023593839,0.015146519,0.014595045
N:CTA,0.066016205,0.072994525,0.085280269,0.063991109,0.075944264,0.069409566,0.061561731,0.049889514,0.053068222,0.044176495,0.041483279,0.043790693,0.041758589,0.041219034,0.031248308,0.024877396,0.023386367,0.020353292,0.030352632,0.013501984,0.01947289,0.015906038,0.010317597
N:CTC,0.060497375,0.077372378,0.083331959,0.059018095,0.064994897,0.064122011,0.057611474,0.051639818,0.051594572,0.044441245,0.04514958,0.044315104,0.042326761,0.036230037,0.030958606,0.027652681,0.02902538,0.026845687,0.028392234,0.020166785,0.023819408,0.015726212,0.014767703
N:CTG,0.060471643,0.076748205,0.084384828,0.058942434,0.065358613,0.064552016,0.057513683,0.05117985,0.052106951,0.04469762,0.045318263,0.044588351,0.04152906,0.036630148,0.031224825,0.027515954,0.028755212,0.025910787,0.028643138,0.019393412,0.023789732,0.015720374,0.015024901
N:CTT,0.064429665,0.073482707,0.084972373,0.062912924,0.073262118,0.068584004,0.060430565,0.050200128,0.05279136,0.044192755,0.042840283,0.043879301,0.042071784,0.0401067,0.031128879,0.025421698,0.024788893,0.021552118,0.030261598,0.014447079,0.020950708,0.016126059,0.011166299
N:GCA,0.062642185,0.074840675,0.08445825,0.059593858,0.067597629,0.065589045,0.058242494,0.051503292,0.052375332,0.044382226,0.04478141,0.044191172,0.041165744,0.03794824,0.031007908,0.027065851,0.027698295,0.024954482,0.029239762,0.017565661,0.023265009,0.015983564,0.013907915
N:GCC,0.058074667,0.079790882,0.083953871,0.057125617,0.060759237,0.061616184,0.056415135,0.052382693,0.050916813,0.045524868,0.046808697,0.044095551,0.0416946,0.034234359,0.030949252,0.028796246,0.03161305,0.02885307,0.0262427,0.022826036,0.024988145,0.015309629,0.017028696
N:GCG,0.051610856,0.078956491,0.078527904,0.050736507,0.054557566,0.057527024,0.054257133,0.054388295,0.047276727,0.046844938,0.047584266,0.040783753,0.041561611,0.033164663,0.030683198,0.030395651,0.035956301,0.035949903,0.029711352,0.032515184,0.026749005,0.018447285,0.021814387
N:GCT,0.060727437,0.07637161,0.085464366,0.059464426,0.06676249,0.064786545,0.058175261,0.050716148,0.052501079,0.044691453,0.045001022,0.044092634,0.041464514,0.03732566,0.031338919,0.027522118,0.027932787,0.02525898,0.028916626,0.017881239,0.023561403,0.015695531,0.014347752
N:GTA,0.06671134,0.072288928,0.0852616,0.06444126,0.07746138,0.069840078,0.061811351,0.049965535,0.052998655,0.044159991,0.041459036,0.042725647,0.041813298,0.042434858,0.031188592,0.024584829,0.02354508,0.019423044,0.029804045,0.013283969,0.018821143,0.016033018,0.009943324
N:GTC,0.062221936,0.075729219,0.085136996,0.060152922,0.068380197,0.065819135,0.058765594,0.050698851,0.052618119,0.044410008,0.044686145,0.043537417,0.041646586,0.037990466,0.031281742,0.026353686,0.027608498,0.023765038,0.028812175,0.017803499,0.022770469,0.0160686,0.013742701
N:GTG,0.061564424,0.075040891,0.083348277,0.058902661,0.066196388,0.065197766,0.057810826,0.051788743,0.051796498,0.044437161,0.045145123,0.043956006,0.041883798,0.037466595,0.031021004,0.027300126,0.028816186,0.025507755,0.028741066,0.019621296,0.023379655,0.01634845,0.014729304
N:GTT,0.066391413,0.072224249,0.083440712,0.062587124,0.073771408,0.069111649,0.060134998,0.050425599,0.052196041,0.044081968,0.04204092,0.043745844,0.041738323,0.040484004,0.030918307,0.025232867,0.024759252,0.022012861,0.031023945,0.015352882,0.020723273,0.016440672,0.011161689
N:TCA,0.064375274,0.07332868,0.084480483,0.061937764,0.072572844,0.067981325,0.059650998,0.050749897,0.052549641,0.044249158,0.042855103,0.043865322,0.041621986,0.040035098,0.03098529,0.025686042,0.025971473,0.022174143,0.029814371,0.015662203,0.021265752,0.01621507,0.011972085
N:TCC,0.062056966,0.076073845,0.084051882,0.058989918,0.066348824,0.064387131,0.058021661,0.05055588,0.052214488,0.044533653,0.045099466,0.044810584,0.041701821,0.036707941,0.031157836,0.027040581,0.028148219,0.02594177,0.029534244,0.018231521,0.02387169,0.01598584,0.014534239
N:TCG,0.060674783,0.076174646,0.077920331,0.053925141,0.060282906,0.060103446,0.054873854,0.053436058,0.048992917,0.043599965,0.047762545,0.042696731,0.041407879,0.03560247,0.03046393,0.028813181,0.035634942,0.033404811,0.027794198,0.025253718,0.024780358,0.017943205,0.018457984
N:TCT,0.064048478,0.073616776,0.083981575,0.062117064,0.071921051,0.068000024,0.059810543,0.050683315,0.052511813,0.044086817,0.042900444,0.044186255,0.04203432,0.039538319,0.03117878,0.025723364,0.025421326,0.022494358,0.030192101,0.015910961,0.021279727,0.016385062,0.011977528
N:TTA,0.06494984,0.071338987,0.086770115,0.06598083,0.08260195,0.072137285,0.063610777,0.050344397,0.05339146,0.043729139,0.040796146,0.042022452,0.041609529,0.044903786,0.031136734,0.022933261,0.022128301,0.017323908,0.029542476,0.011212263,0.017229933,0.016142409,0.00816402
N:TTC,0.064964764,0.072110932,0.083640409,0.062389622,0.073362661,0.068717097,0.05987527,0.050238238,0.052355445,0.044054984,0.042758553,0.044277201,0.041498719,0.040282854,0.03101067,0.025417161,0.024968337,0.02225658,0.031460428,0.014771833,0.02118243,0.016811366,0.011594448
N:TTG,0.066881726,0.072514382,0.08420492,0.062771087,0.073552713,0.068561215,0.060164711,0.050736217,0.052432646,0.043928403,0.04238907,0.043485136,0.041671299,0.040267877,0.030939977,0.025509219,0.024884815,0.021513044,0.030372155,0.014974615,0.020898297,0.016180572,0.011165906
N:TTT,0.065984369,0.0707103,0.084637407,0.064069654,0.077586069,0.070075135,0.06173234,0.05120347,0.052392746,0.044049761,0.041270041,0.042299483,0.04165827,0.042689198,0.030986954,0.024605893,0.023479732,0.020015844,0.030588208,0.013958735,0.019307123,0.016660294,0.010038975
T:ACA,0.038936349,0.082659751,0.08039959,0.075135036,0.060934068,0.057408332,0.060232726,0.059071295,0.050841672,0.044017786,0.052211881,0.049756483,0.051701049,0.025854408,0.027259695,0.03455477,0.024166677,0.033968099,0.022864642,0.023279394,0.01708185,0.012981624,0.014682823
T:ACC,0.0371667,0.085521154,0.075136204,0.072832879,0.053797525,0.05345178,0.056157751,0.057248726,0.047971467,0.043739535,0.05176314,0.0510264,0.05103518,0.022964276,0.028195305,0.035770208,0.029152166,0.041766902,0.021442916,0.032336382,0.019959289,0.012992159,0.018571956
T:ACG,0.034981844,0.080282903,0.072108369,0.066528412,0.050242119,0.050372518,0.053188845,0.060225447,0.050532174,0.044346388,0.052800686,0.048140062,0.049758991,0.023778476,0.02763127,0.035069139,0.03463417,0.047484318,0.021262821,0.039315452,0.021238754,0.014774505,0.021302338
T:ACT,0.038403575,0.084517558,0.080676801,0.075691921,0.060525594,0.057202487,0.060418105,0.058095696,0.049899824,0.043777744,0.051404956,0.050046803,0.052184686,0.025592019,0.027969758,0.034890589,0.024053717,0.034935991,0.022633907,0.022990345,0.017118189,0.012367815,0.01460192
T:ATA,0.041047867,0.081246371,0.086404838,0.077621332,0.070330965,0.06178129,0.064948946,0.060288923,0.052309995,0.043057496,0.050674371,0.048861199,0.053679064,0.028515686,0.027166177,0.03290426,0.018047281,0.026921079,0.023525251,0.015085537,0.013539682,0.011788112,0.010254276
T:ATC,0.039491246,0.083611444,0.080076247,0.075280633,0.061056281,0.057568525,0.060233828,0.0583656,0.050109647,0.043525226,0.051798735,0.050169803,0.052627364,0.025449544,0.027468337,0.034437422,0.024031182,0.034570079,0.022572397,0.023582717,0.016879587,0.012701695,0.014392461
T:ATG,0.039860145,0.082424385,0.080953638,0.075832522,0.062322485,0.058483354,0.060942159,0.058904234,0.051179273,0.043853528,0.05222253,0.050126975,0.052123968,0.026050007,0.027100639,0.034034829,0.023145923,0.032475095,0.022956578,0.02155722,0.016631103,0.012928174,0.013891235
T:ATT,0.039841365,0.081329086,0.085381603,0.077139903,0.067966354,0.0606478,0.064019505,0.059941221,0.051900811,0.043290449,0.051417762,0.048498882,0.053462158,0.028007681,0.027328285,0.033138392,0.019858408,0.028706151,0.023489903,0.016872827,0.014363882,0.012224947,0.011172622
T:CCA,0.036867552,0.085843165,0.074226857,0.072646422,0.052886955,0.053283707,0.055342568,0.057060443,0.047610998,0.043913458,0.052177325,0.051411695,0.050840891,0.022477243,0.028154666,0.036080928,0.029812186,0.042537136,0.021308849,0.033000668,0.020404517,0.013010386,0.019101384
T:CCC,0.03507766,0.087878519,0.069345882,0.068665307,0.046691383,0.049972828,0.051335232,0.056588218,0.046107027,0.044430203,0.051274856,0.053601205,0.049463491,0.020408657,0.028031053,0.036264423,0.03381179,0.049083201,0.020192035,0.042538496,0.023044923,0.0133378,0.022855812
T:CCG,0.031850015,0.084247997,0.065405925,0.061048471,0.042670518,0.045487427,0.04770632,0.058586132,0.045812553,0.044758713,0.049912369,0.049964813,0.048566205,0.02080072,0.028906001,0.03545841,0.04082606,0.058265797,0.019338859,0.05552446,0.024536614,0.014048704,0.026276918
T:CCT,0.036186633,0.087371384,0.0739787,0.07196854,0.051933942,0.052888084,0.055075672,0.056740334,0.04761515,0.043897511,0.051820752,0.052354657,0.050745751,0.022255825,0.028174654,0.036096126,0.029783967,0.043506047,0.021235192,0.033363287,0.020571422,0.012892445,0.019543926
T:CTA,0.040008012,0.084651524,0.082027666,0.076615463,0.06288306,0.058713002,0.06153877,0.058064453,0.050043014,0.043370423,0.051109556,0.050572163,0.052992086,0.026136022,0.027876889,0.034524503,0.022052268,0.032802213,0.022609366,0.020015819,0.016035586,0.012023345,0.013334798
T:CTC,0.036249117,0.087037184,0.07386789,0.071748782,0.052271746,0.052786591,0.055320777,0.056974287,0.047553634,0.043665874,0.051744842,0.051833084,0.051244116,0.02240378,0.028125214,0.035798384,0.029817079,0.04373128,0.021284969,0.034172933,0.020311507,0.012880218,0.019176712
T:CTG,0.035301174,0.086532895,0.074203903,0.072056477,0.052432114,0.053027864,0.055169168,0.05722581,0.048035374,0.044177518,0.052309158,0.051721167,0.050390255,0.022601273,0.028032584,0.036159387,0.030217052,0.043028952,0.021389532,0.032727078,0.020590998,0.013042639,0.019627627
T:CTT,0.038888181,0.08415957,0.080848102,0.076077296,0.060912091,0.057836027,0.060632184,0.058163589,0.050337857,0.043927969,0.051715191,0.050728765,0.052093139,0.025524334,0.027691003,0.034728893,0.023477382,0.034184224,0.022739412,0.021335657,0.016966201,0.012712435,0.014320498
T:GCA,0.036524411,0.084437139,0.075795769,0.072564205,0.055074104,0.054463257,0.056407064,0.058036214,0.049479707,0.044091382,0.052702905,0.051111892,0.050807017,0.02361591,0.027761218,0.035364674,0.028811406,0.040362953,0.021961432,0.029334332,0.019693178,0.013277662,0.018322171
T:GCC,0.034040392,0.087612155,0.070301409,0.069210383,0.047422316,0.050021434,0.051353448,0.056394362,0.045995404,0.044322102,0.051607653,0.052057334,0.049657102,0.020824235,0.028719265,0.036727768,0.034467195,0.049364111,0.020179536,0.041054546,0.0227375,0.012979237,0.022951114
T:GCG,0.032136654,0.083834049,0.066129114,0.061010184,0.043630112,0.045276511,0.048242973,0.058541378,0.046168845,0.044304108,0.049549394,0.049322335,0.048821536,0.021016421,0.029303068,0.035322433,0.040505943,0.057866665,0.0194973,0.055341349,0.02440736,0.013849708,0.025922559
T:GCT,0.03594401,0.086220216,0.074745984,0.07238223,0.05343766,0.053645479,0.055730454,0.057245673,0.048198685,0.044069186,0.052208914,0.05165865,0.050869462,0.022979877,0.028148368,0.035935177,0.029661917,0.04245159,0.021426599,0.030863595,0.020153455,0.012986563,0.019036255
T:GTA,0.04015462,0.083360526,0.083019567,0.07649754,0.063421385,0.058546504,0.062005077,0.058528449,0.050810726,0.043680769,0.050973494,0.049398843,0.052617872,0.026670547,0.02783533,0.034537317,0.021992741,0.032269618,0.022828973,0.020032807,0.015830488,0.01199639,0.012990418
T:GTC,0.036869216,0.08505278,0.075828925,0.072643477,0.054917139,0.054415436,0.056726877,0.057868668,0.048960173,0.044001631,0.05208802,0.051303814,0.050726415,0.023597719,0.027650615,0.035303852,0.028383916,0.04016959,0.02182213,0.030932628,0.019503875,0.013241436,0.01799167
T:GTG,0.036379824,0.084443674,0.074990117,0.071934873,0.053933549,0.05331826,0.055925964,0.058350389,0.048944467,0.044085177,0.05243389,0.050463992,0.050768382,0.023443128,0.027759766,0.035438189,0.029548652,0.041418819,0.021813992,0.032303063,0.019987553,0.013487233,0.018827045
T:GTT,0.039269171,0.082607419,0.081534281,0.076217536,0.062057904,0.058026698,0.061266191,0.05868536,0.050654279,0.043783607,0.051864982,0.049319151,0.052247143,0.026209954,0.027654333,0.034606113,0.023316381,0.033337467,0.02296721,0.021329791,0.016565653,0.012705926,0.013773449
T:TCA,0.038555541,0.083905999,0.079735219,0.075146821,0.06020599,0.057045213,0.059891154,0.058361129,0.0500909,0.043767021,0.051903084,0.050161252,0.052062191,0.025311889,0.027479274,0.034452986,0.024709906,0.035167778,0.022565555,0.024241337,0.017378622,0.01283656,0.015024578
T:TCC,0.03711663,0.086105158,0.074631495,0.072122017,0.053433867,0.053749026,0.056092344,0.0574019,0.048291489,0.043867603,0.052072314,0.051984501,0.051079697,0.022852392,0.027840989,0.035677221,0.02874951,0.041927253,0.021637116,0.031999755,0.019885218,0.013125417,0.018357088
T:TCG,0.035687423,0.082920047,0.071316226,0.066583994,0.048741196,0.048932889,0.052838339,0.057919139,0.048287484,0.043558684,0.051419107,0.048567947,0.050625979,0.022540959,0.028682744,0.035415544,0.035177952,0.049866894,0.020854179,0.043158326,0.021514955,0.0137193,0.021670692
T:TCT,0.038580725,0.084675783,0.079559963,0.075283732,0.059849708,0.057129857,0.059776277,0.058118225,0.049776959,0.043677123,0.051772057,0.050988267,0.05218354,0.024981037,0.027554419,0.034763839,0.024323876,0.035575455,0.02242629,0.02404328,0.017303361,0.012684238,0.014971989
T:TTA,0.038942481,0.081697572,0.086252123,0.077523828,0.068386598,0.060888735,0.064571217,0.05992882,0.05206878,0.043417372,0.051049078,0.048403786,0.053432703,0.028440268,0.027592173,0.033316375,0.019378428,0.028320057,0.023597693,0.015578186,0.014168577,0.012049212,0.010995937
T:TTC,0.03932788,0.083255637,0.081305718,0.075966248,0.062028752,0.058213558,0.061229052,0.058739725,0.050874195,0.043859055,0.05195288,0.050301262,0.052234242,0.025959806,0.027351644,0.034300115,0.022926197,0.033208052,0.022952515,0.020912615,0.016501198,0.012862346,0.013737308
T:TTG,0.039901425,0.082945284,0.080802843,0.076079612,0.061513295,0.05785666,0.060537152,0.058321078,0.050135813,0.043626347,0.051935698,0.049754868,0.05235833,0.0255982,0.027656883,0.034582453,0.023772015,0.033930003,0.022718146,0.022358929,0.016861523,0.012652833,0.014100611
T:TTT,0.038955322,0.08155898,0.08430556,0.076961941,0.065150383,0.05902483,0.062796003,0.059427305,0.050889308,0.043406588,0.051509699,0.047794588,0.053090091,0.027290319,0.027851226,0.034283309,0.021685738,0.031515276,0.023178201,0.01956028,0.015226671,0.0122496,0.012288784
U:ACA,0.03850216,0.087310707,0.083748687,0.079289786,0.055875803,0.054031104,0.055122149,0.061527691,0.0458466,0.036817004,0.049916135,0.047796298,0.051201533,0.028230526,0.033987099,0.032222182,0.033672592,0.029842352,0.024379187,0.022237438,0.024950139,0.009788251,0.013704578
U:ACC,0.03607032,0.090648276,0.080535091,0.073395175,0.049810974,0.051514746,0.051314575,0.058982466,0.042276068,0.038687981,0.049125723,0.049857753,0.051055122,0.025157997,0.033743476,0.03282088,0.039894378,0.036341563,0.022533799,0.031377392,0.027027327,0.010181808,0.017647109
U:ACG,0.032869112,0.087646144,0.078195735,0.06507306,0.047726111,0.048895413,0.049394566,0.05878094,0.042541957,0.039256985,0.049345846,0.048370718,0.050399227,0.026253672,0.032105641,0.031489195,0.046676502,0.040436471,0.023680875,0.038923295,0.028312997,0.012883761,0.020741775
U:ACT,0.038206325,0.088985513,0.083580717,0.079205448,0.056011593,0.054428032,0.055518449,0.061092815,0.045380589,0.036815454,0.049215461,0.048086326,0.051776108,0.027684573,0.034558609,0.032571098,0.033183515,0.030410511,0.02387703,0.022089224,0.024610206,0.009206705,0.013505699
U:ATA,0.042387288,0.085546716,0.086182802,0.085860667,0.064070817,0.056739356,0.059237418,0.063983757,0.049404898,0.034310527,0.049386526,0.046375293,0.052495858,0.030662488,0.034538796,0.031322035,0.025933082,0.023770816,0.02492995,0.013995026,0.021431192,0.008544647,0.008890047
U:ATC,0.038914485,0.088562148,0.083088234,0.079462802,0.055819114,0.054247833,0.055114049,0.061512692,0.045609314,0.036549603,0.049422447,0.048211882,0.051966406,0.027619724,0.034295391,0.032373739,0.033792616,0.030072526,0.023793277,0.022566597,0.024651998,0.009131085,0.013222035
U:ATG,0.039487207,0.08738063,0.0839084,0.080932143,0.056871845,0.05444377,0.055701699,0.061714983,0.046422761,0.036351373,0.049798698,0.0480126,0.05144698,0.028371244,0.034107775,0.031977254,0.032893429,0.028551015,0.024312463,0.020506289,0.024770173,0.009293946,0.012743323
U:ATT,0.04064206,0.085992563,0.085636429,0.083961069,0.062197021,0.056323899,0.058728321,0.063769384,0.048551083,0.034848207,0.049700848,0.046266689,0.052399194,0.030038922,0.034560812,0.031466702,0.027819031,0.025377077,0.024900697,0.015912589,0.022314942,0.008723507,0.009868953
U:CCA,0.035595879,0.090993715,0.080209062,0.072920602,0.048851726,0.051092603,0.050443285,0.058610125,0.041785564,0.039126909,0.049269908,0.050390167,0.050989474,0.024675199,0.033711604,0.032952094,0.040703153,0.037089579,0.022278568,0.032113001,0.027650221,0.010271132,0.01827643
U:CCC,0.033596804,0.092946788,0.077503195,0.067058329,0.043735893,0.048010807,0.047028932,0.055876963,0.038841634,0.041066015,0.048672316,0.053015074,0.050243946,0.02249052,0.032678251,0.032446837,0.046037261,0.042633295,0.021085449,0.041810603,0.029740608,0.011329153,0.022151329
U:CCG,0.029978104,0.091846965,0.074112086,0.055885715,0.041636426,0.045487513,0.044876279,0.054928756,0.038062314,0.042264829,0.047617212,0.051182021,0.050122261,0.02216037,0.031155029,0.03085982,0.05288948,0.049272369,0.020648519,0.055497182,0.02993801,0.013533524,0.026045217
U:CCT,0.034994866,0.092051604,0.079989181,0.072376324,0.048237509,0.050809734,0.050568589,0.058325443,0.041394255,0.039192923,0.049018186,0.051085218,0.051028158,0.024239098,0.033572553,0.03314996,0.040887502,0.037663071,0.022222224,0.032650234,0.027725365,0.01012603,0.018691972
U:CTA,0.040007006,0.088913696,0.084210454,0.081675448,0.057789938,0.055196207,0.056411874,0.061823529,0.046163742,0.036130073,0.049123135,0.04828749,0.051973824,0.028064975,0.03492017,0.032482966,0.030858278,0.02855899,0.023986097,0.01921594,0.023616165,0.008595416,0.011994588
U:CTC,0.034943864,0.091952561,0.079917627,0.072172296,0.04866864,0.050867916,0.050917596,0.058682603,0.041676245,0.038831823,0.04878305,0.050454532,0.051473786,0.024356123,0.033535509,0.033018877,0.040862966,0.037501508,0.022211123,0.033215662,0.027515564,0.01008381,0.018356319
U:CTG,0.034215714,0.091089081,0.080394091,0.07245937,0.048612913,0.050964016,0.050451923,0.058453435,0.041824868,0.039396518,0.049312386,0.050667333,0.050760164,0.024782262,0.03357007,0.033072037,0.040941341,0.037405243,0.022616781,0.032004246,0.027798003,0.01045061,0.018757595
U:CTT,0.038447172,0.089106949,0.083705946,0.080170518,0.055995992,0.054439266,0.055815295,0.061313984,0.045469026,0.036801018,0.049477998,0.048610034,0.051581727,0.027681814,0.034588586,0.03272518,0.032849491,0.029816948,0.023993795,0.020496666,0.024745139,0.009181427,0.012986028
U:GCA,0.035618524,0.089684442,0.081395432,0.074228006,0.050798843,0.051710766,0.051729473,0.059260938,0.043197369,0.038456056,0.049637547,0.049780897,0.050964872,0.025710458,0.033627865,0.032644531,0.039517225,0.035155206,0.023256778,0.028728955,0.027218268,0.010338031,0.017339517
U:GCC,0.032635651,0.092581809,0.077818392,0.066868988,0.044582994,0.048599415,0.047257018,0.056467894,0.039157358,0.04091976,0.048857627,0.051835159,0.050492054,0.022523817,0.03318544,0.032910772,0.045977087,0.042758116,0.021102606,0.040693477,0.029321291,0.011150667,0.022302608
U:GCG,0.030078351,0.090891825,0.074180316,0.055823896,0.042357342,0.046579033,0.046020012,0.0553295,0.03859932,0.041465279,0.047611538,0.050022444,0.050022188,0.022461034,0.031509767,0.031088716,0.051607126,0.048875923,0.021019785,0.055938118,0.029418144,0.013485587,0.025614757
U:GCT,0.034873674,0.091006283,0.080561628,0.073244307,0.049580788,0.051367755,0.051072682,0.058766137,0.042175161,0.039026571,0.049240773,0.050515049,0.050974917,0.024949504,0.033853156,0.033045433,0.040251894,0.036796784,0.022737861,0.03033321,0.027447612,0.010176356,0.018002464
U:GTA,0.040053057,0.08788533,0.084467903,0.081353438,0.058584331,0.055540537,0.056926831,0.06213027,0.046493095,0.035980429,0.049227136,0.047227846,0.051997226,0.028793872,0.034804119,0.032366578,0.030738298,0.028172598,0.024194355,0.019147038,0.023233526,0.008818301,0.011863885
U:GTC,0.036040864,0.089872023,0.081067527,0.074527449,0.050681579,0.051733313,0.051951333,0.059376382,0.043301519,0.038413815,0.049234167,0.049904896,0.05070696,0.025862877,0.033521805,0.032563783,0.038842158,0.03488329,0.023177009,0.029974275,0.02695299,0.010341818,0.017068168
U:GTG,0.035289901,0.089457547,0.080786078,0.072692402,0.050052221,0.051167205,0.05121324,0.059307504,0.042818902,0.038592203,0.049566601,0.049315633,0.050823433,0.025784275,0.033245382,0.032424599,0.040496177,0.036015923,0.023122038,0.031334288,0.027471846,0.010865767,0.018156836
U:GTT,0.038942786,0.087565483,0.084231447,0.08021419,0.057017729,0.054824523,0.056200348,0.061743931,0.046163589,0.03652294,0.049734834,0.047353604,0.051682438,0.028448294,0.034531947,0.032413175,0.032313373,0.029230255,0.024444573,0.020360052,0.024243308,0.009290086,0.012527096
U:TCA,0.038155413,0.088484927,0.083072313,0.078954691,0.05531275,0.053844932,0.054915969,0.061192852,0.045427609,0.036830383,0.049504333,0.048275109,0.051546333,0.027515308,0.034115344,0.032330511,0.034375356,0.030635669,0.023887861,0.023190203,0.025169751,0.009392576,0.013869808
U:TCC,0.035798561,0.091372647,0.080407436,0.07337383,0.049414138,0.051329098,0.051392808,0.058990299,0.042340903,0.038715026,0.049081216,0.050589829,0.051213819,0.025041943,0.033428977,0.032887357,0.039720778,0.036193907,0.022646789,0.031084893,0.027313446,0.010119601,0.017542697
U:TCG,0.033939087,0.089890393,0.077432066,0.063852612,0.046415947,0.049020619,0.049251919,0.058163498,0.040937253,0.039534271,0.048728387,0.048527929,0.051304889,0.024156967,0.032393187,0.031945657,0.046259227,0.042553963,0.02219127,0.042807565,0.027887161,0.011632602,0.021173531
U:TCT,0.037952174,0.089508724,0.083112524,0.07914499,0.054890938,0.05380005,0.054892881,0.061138487,0.045037293,0.037021307,0.049300529,0.048906277,0.051657356,0.027183779,0.034329525,0.032695379,0.033918259,0.030813794,0.023660248,0.022992205,0.025024815,0.009306105,0.013712363
U:TTA,0.039971428,0.086116202,0.086001277,0.084181012,0.062918556,0.05672841,0.059405543,0.063694523,0.048633653,0.034841052,0.049538623,0.04614737,0.052474451,0.030394742,0.034858153,0.031543256,0.02722105,0.025079075,0.025090711,0.014792443,0.021999808,0.008710368,0.009658293
U:TTC,0.038901186,0.088308699,0.084061289,0.080678598,0.056848074,0.054592771,0.05624504,0.061901223,0.046216452,0.036525063,0.04967102,0.048176131,0.051569016,0.028296701,0.03427594,0.03238349,0.03204624,0.02895864,0.02433287,0.019896036,0.024447539,0.00925268,0.012415301
U:TTG,0.039514527,0.088013941,0.083708442,0.080145822,0.056280927,0.054490814,0.055473238,0.061580748,0.045721501,0.036511247,0.049697016,0.047769613,0.051744459,0.027691982,0.034537494,0.032515142,0.032977702,0.029745322,0.023953269,0.021386904,0.024553033,0.009120418,0.012866437
U:TTT,0.039202536,0.086603462,0.085175038,0.081587025,0.060017378,0.055775054,0.057774712,0.063044884,0.047327204,0.035627958,0.049784957,0.045762985,0.05230853,0.029262439,0.034864229,0.032171135,0.029675456,0.027767128,0.024538713,0.018691503,0.022911881,0.00895772,0.011168071