,X,1,2,3,4,5,6,7,8,9,10,11,12,13,14,15,16,17,18,19,20,21,22
B:AACAA,0.047319656,0.059563203,0.067174057,0.109199206,0.030112508,0.029781602,0.05393779,0.047650563,0.028788882,0.032097948,0.034414295,0.07180675,0.044010589,0.010919921,0.062541363,0.030112508,0.063534083,0.06982131,0.018861681,0.034083388,0.012243547,0.027134348,0.014890801
B:AACAC,0.028979239,0.068771626,0.062283737,0.097750865,0.026816609,0.032439446,0.047577855,0.050605536,0.028546713,0.029411765,0.034602076,0.063148789,0.05233564,0.008217993,0.061418685,0.025086505,0.076124567,0.081314879,0.017733564,0.048875433,0.026384083,0.022058824,0.009515571
B:AACAG,0.036646145,0.071240106,0.056874817,0.094693638,0.033128115,0.026385224,0.063910877,0.043975374,0.024626209,0.029903254,0.028730578,0.073878628,0.051011434,0.006742891,0.067135737,0.023160364,0.062151862,0.077103489,0.021694518,0.040750513,0.020521841,0.030196423,0.015537965
B:AACAT,0.046456693,0.078346457,0.062992126,0.107480315,0.033464567,0.026771654,0.05,0.051574803,0.031102362,0.025590551,0.036614173,0.083464567,0.05,0.005511811,0.061811024,0.029133858,0.061023622,0.06023622,0.016535433,0.031889764,0.016141732,0.019685039,0.014173228
B:AACCA,0.041870992,0.058091286,0.062240664,0.090531875,0.028668427,0.032440588,0.066012825,0.043379857,0.033949453,0.032440588,0.033572237,0.083741984,0.035835534,0.006789891,0.058468502,0.027536779,0.070162203,0.070162203,0.012070917,0.053564693,0.022632969,0.022632969,0.013202565
B:AACCC,0.03033221,0.073182475,0.043331728,0.088107848,0.01974001,0.023110255,0.076071257,0.031295137,0.02503611,0.021665864,0.033220992,0.079922966,0.051998074,0.005777564,0.044776119,0.023591719,0.073182475,0.090033702,0.01974001,0.077997111,0.023591719,0.025517573,0.018777082
B:AACCG,0.032581454,0.052631579,0.046365915,0.082706767,0.020050125,0.043859649,0.063909774,0.042606516,0.025062657,0.043859649,0.042606516,0.05764411,0.05764411,0.00877193,0.056390977,0.01754386,0.078947368,0.090225564,0.00877193,0.0839599,0.018796992,0.012531328,0.012531328
B:AACCT,0.041450777,0.070147469,0.049422081,0.099242726,0.031486648,0.020326823,0.054204862,0.043045038,0.026305301,0.029892387,0.046233559,0.067756078,0.049023515,0.007174173,0.055799123,0.02471104,0.070147469,0.072140295,0.019529693,0.063371861,0.023515345,0.021921084,0.01315265
B:AACGA,0.039660057,0.065155807,0.055240793,0.104815864,0.019830028,0.038243626,0.055240793,0.031161473,0.02266289,0.032577904,0.026912181,0.07082153,0.053824363,0.008498584,0.04815864,0.031161473,0.080736544,0.084985836,0.025495751,0.049575071,0.016997167,0.018413598,0.019830028
B:AACGC,0.029972752,0.059945504,0.029972752,0.100817439,0.01226158,0.028610354,0.068119891,0.066757493,0.032697548,0.04359673,0.021798365,0.058583106,0.04359673,0.004087193,0.051771117,0.032697548,0.072207084,0.096730245,0.024523161,0.059945504,0.028610354,0.010899183,0.021798365
B:AACGG,0.024705882,0.063529412,0.038823529,0.082352941,0.028235294,0.042352941,0.057647059,0.049411765,0.025882353,0.023529412,0.037647059,0.071764706,0.055294118,0.008235294,0.058823529,0.038823529,0.068235294,0.070588235,0.021176471,0.056470588,0.031764706,0.027058824,0.017647059
B:AACGT,0.029451138,0.082998661,0.06291834,0.084337349,0.030789826,0.040160643,0.057563588,0.045515395,0.017402945,0.021419009,0.042838019,0.058902276,0.044176707,0.005354752,0.06291834,0.024096386,0.073627845,0.085676037,0.02811245,0.052208835,0.016064257,0.017402945,0.016064257
B:AACTA,0.051367026,0.064623032,0.076222038,0.109362055,0.037282519,0.026512013,0.057166529,0.038939519,0.035625518,0.032311516,0.023198012,0.072079536,0.057995029,0.005799503,0.070422535,0.032311516,0.043910522,0.064623032,0.013256007,0.031483016,0.009113505,0.034797017,0.011599006
B:AACTC,0.03690369,0.067956796,0.049954995,0.087308731,0.0270027,0.02610261,0.063006301,0.04860486,0.029252925,0.030153015,0.04410441,0.072907291,0.048154815,0.00450045,0.055355536,0.026552655,0.071107111,0.081008101,0.016651665,0.060756076,0.01980198,0.01710171,0.015751575
B:AACTG,0.040975279,0.075177785,0.059261768,0.095834744,0.029122926,0.028445648,0.061970877,0.04334575,0.025059262,0.030138842,0.03826617,0.065357264,0.043007111,0.007788689,0.064341348,0.031154758,0.07145276,0.080596004,0.012190992,0.034879783,0.020656959,0.024381984,0.016593295
B:AACTT,0.039727582,0.074536512,0.072644722,0.092319334,0.033673855,0.031403708,0.059402194,0.05297011,0.031403708,0.034430571,0.030646992,0.055618615,0.048808173,0.01097238,0.066590995,0.033673855,0.054483541,0.069996216,0.016269391,0.040862656,0.015134317,0.021188044,0.013242527
B:AATAA,0.062903921,0.057302887,0.074105989,0.1051271,0.043946575,0.027143473,0.043515726,0.048255062,0.043084877,0.037483843,0.023696682,0.077552779,0.050409306,0.012925463,0.065058165,0.040499785,0.048255062,0.052994399,0.015941405,0.029728565,0.009909522,0.023696682,0.006462732
B:AATAC,0.050691244,0.055957867,0.077024358,0.123107307,0.048057933,0.028966425,0.059249506,0.049374589,0.032258065,0.036208032,0.046082949,0.083607637,0.043449638,0.00921659,0.04279131,0.026991442,0.049374589,0.056616195,0.016458196,0.023041475,0.011849901,0.021724819,0.007899934
B:AATAG,0.039640987,0.075542259,0.074046372,0.105459985,0.030665669,0.029169783,0.060583396,0.04263276,0.029917726,0.043380703,0.04038893,0.078534031,0.059087509,0.005235602,0.072550486,0.02617801,0.052356021,0.049364248,0.01421092,0.017950636,0.011967091,0.026925954,0.01421092
B:AATAT,0.055809698,0.062671546,0.076395242,0.104757548,0.045288198,0.032936871,0.04894785,0.046203111,0.027447392,0.041171089,0.034766697,0.083714547,0.049862763,0.005489478,0.04894785,0.033851784,0.051235133,0.055809698,0.026989936,0.033394328,0.010064044,0.016010979,0.008234218
B:AATCA,0.05542935,0.063607451,0.084961381,0.101771922,0.034529759,0.032258065,0.058609723,0.044979555,0.02998637,0.031349387,0.033621081,0.08132667,0.044070877,0.007723762,0.060881418,0.029077692,0.046342572,0.053611995,0.020899591,0.037710132,0.013175829,0.027714675,0.006360745
B:AATCC,0.052110474,0.057321522,0.065138093,0.099531006,0.029181866,0.028660761,0.070870245,0.034392913,0.023449713,0.028139656,0.040125065,0.069828035,0.048983846,0.014590933,0.05054716,0.028139656,0.059927045,0.066701407,0.020323085,0.057321522,0.020323085,0.022407504,0.011985409
B:AATCG,0.042194093,0.042194093,0.082278481,0.105485232,0.03164557,0.037974684,0.042194093,0.037974684,0.035864979,0.02742616,0.023206751,0.033755274,0.075949367,0.014767932,0.067510549,0.037974684,0.050632911,0.094936709,0.023206751,0.044303797,0.023206751,0.012658228,0.012658228
B:AATCT,0.036851683,0.048680619,0.070063694,0.111464968,0.024567789,0.02411283,0.052320291,0.051410373,0.027297543,0.039126479,0.042766151,0.080527753,0.045950864,0.008644222,0.0577798,0.031847134,0.057324841,0.075523203,0.022292994,0.04322111,0.015923567,0.020018198,0.012283894
B:AATGA,0.058123249,0.068977591,0.059173669,0.102240896,0.037464986,0.026960784,0.056372549,0.039915966,0.024159664,0.035014006,0.030112045,0.086834734,0.040616246,0.007703081,0.056722689,0.029761905,0.06092437,0.06512605,0.015056022,0.049019608,0.013655462,0.022058824,0.014005602
B:AATGC,0.037605146,0.060366155,0.063334983,0.108857001,0.025729837,0.032162296,0.051459673,0.037605146,0.030183078,0.03908956,0.03908956,0.079168728,0.051954478,0.007422068,0.051459673,0.034141514,0.064324592,0.07174666,0.017318159,0.048490846,0.018802573,0.018802573,0.0108857
B:AATGG,0.036780772,0.081573197,0.067370721,0.088856519,0.026219956,0.037144938,0.065549891,0.035324108,0.026219956,0.026584122,0.047341588,0.087399854,0.049162418,0.009832484,0.065549891,0.025491624,0.056081573,0.07392571,0.011653314,0.043699927,0.018936635,0.010560816,0.008739985
B:AATGT,0.053191489,0.067375887,0.062647754,0.091016548,0.030338849,0.020488574,0.048857368,0.046887313,0.027186761,0.031126872,0.033884949,0.073680063,0.050039401,0.00748621,0.055949567,0.02679275,0.056737589,0.065799842,0.01891253,0.089046493,0.010244287,0.019306541,0.013002364
B:AATTA,0.055012225,0.064792176,0.087408313,0.099633252,0.047677262,0.026283619,0.05195599,0.034841076,0.040953545,0.039119804,0.027506112,0.064792176,0.047066015,0.009168704,0.062958435,0.039119804,0.040953545,0.063569682,0.025672372,0.019559902,0.006723716,0.035452323,0.009779951
B:AATTC,0.05496041,0.056357708,0.053097345,0.110852352,0.040055892,0.021891011,0.041918957,0.052631579,0.027014439,0.025151374,0.044713554,0.073125291,0.042850489,0.006986493,0.058686539,0.033069399,0.054028878,0.070330694,0.025151374,0.069399162,0.013041453,0.016301816,0.008383791
B:AATTG,0.051202961,0.064157927,0.068476249,0.104256632,0.042566317,0.03331277,0.054287477,0.048118445,0.028994448,0.030228254,0.037631092,0.069710056,0.053670574,0.014805676,0.055521283,0.034546576,0.05490438,0.052436767,0.025293029,0.027760642,0.011104257,0.02344232,0.013571869
B:AATTT,0.056776557,0.054578755,0.078388278,0.119047619,0.03992674,0.031135531,0.046520147,0.042490842,0.026739927,0.045054945,0.033333333,0.064102564,0.054578755,0.006959707,0.068864469,0.035164835,0.052380952,0.042857143,0.024542125,0.03003663,0.010989011,0.025274725,0.01025641
B:ACCAA,0.045807453,0.050854037,0.060170807,0.094332298,0.029891304,0.026785714,0.054736025,0.044642857,0.023291925,0.032996894,0.037267081,0.080745342,0.048136646,0.008928571,0.057453416,0.030667702,0.067158385,0.085791925,0.01242236,0.04386646,0.020574534,0.022515528,0.020962733
B:ACCAC,0.033159948,0.072496749,0.056892068,0.085825748,0.022756827,0.033159948,0.077048114,0.044538362,0.028283485,0.035435631,0.034460338,0.067295189,0.036736021,0.008127438,0.043237971,0.021131339,0.074447334,0.073797139,0.011053316,0.070221066,0.018855657,0.025357607,0.025682705
B:ACCAG,0.026760254,0.077867953,0.049572275,0.087519193,0.029392411,0.026760254,0.068874753,0.039921035,0.029831103,0.034656723,0.030708489,0.074797105,0.039921035,0.00482562,0.057468743,0.019302479,0.080719456,0.073042334,0.014257513,0.071945602,0.022153981,0.023908752,0.015792937
B:ACCAT,0.034682081,0.062042389,0.050867052,0.097109827,0.022736031,0.035452794,0.068593449,0.039306358,0.026589595,0.036223507,0.041233141,0.08477842,0.043545279,0.008477842,0.046242775,0.021965318,0.080154143,0.076300578,0.010404624,0.052408478,0.025818882,0.018882466,0.016184971
B:ACCCA,0.031059878,0.082612872,0.043868076,0.09414025,0.020493116,0.027857829,0.065001601,0.036183157,0.02401537,0.031059878,0.04482869,0.066922831,0.045789305,0.007364713,0.049951969,0.02145373,0.080691643,0.089657381,0.012808197,0.063400576,0.02209414,0.019852706,0.018892091
B:ACCCC,0.021175727,0.076485461,0.044247788,0.073640961,0.016750948,0.028761062,0.079329962,0.034450063,0.028761062,0.031921618,0.044563843,0.070164349,0.049936789,0.003476612,0.042035398,0.016434893,0.077117573,0.092604298,0.009165613,0.090075853,0.02022756,0.023388116,0.02528445
B:ACCCG,0.017080745,0.088509317,0.046583851,0.059782609,0.014751553,0.026397516,0.045031056,0.034161491,0.032608696,0.040372671,0.038043478,0.061335404,0.041149068,0.008540373,0.050465839,0.011645963,0.090838509,0.110248447,0.022515528,0.090062112,0.02484472,0.02173913,0.023291925
B:ACCCT,0.029938059,0.077426015,0.038196834,0.086373021,0.014796972,0.023399862,0.093599449,0.035099794,0.020991053,0.026496903,0.040605643,0.072264281,0.049896765,0.006538197,0.0550585,0.016861666,0.061940812,0.09669649,0.013420509,0.082243634,0.018926359,0.020991053,0.018238128
B:ACCGA,0.026639344,0.082991803,0.052254098,0.067622951,0.022540984,0.022540984,0.042008197,0.036885246,0.028688525,0.046106557,0.032786885,0.06557377,0.06352459,0.008196721,0.045081967,0.028688525,0.075819672,0.101434426,0.019467213,0.06454918,0.025614754,0.018442623,0.022540984
B:ACCGC,0.021428571,0.072142857,0.041428571,0.048571429,0.026428571,0.023571429,0.063571429,0.045714286,0.033571429,0.038571429,0.045714286,0.078571429,0.042142857,0.007142857,0.043571429,0.014285714,0.087857143,0.1,0.017142857,0.078571429,0.026428571,0.016428571,0.027142857
B:ACCGG,0.02739726,0.076103501,0.047945205,0.077625571,0.02739726,0.02891933,0.054033486,0.041856925,0.02587519,0.028158295,0.03196347,0.073820396,0.056316591,0.009893455,0.051750381,0.022070015,0.080669711,0.089802131,0.01217656,0.080669711,0.02130898,0.01826484,0.015981735
B:ACCGT,0.026260504,0.066176471,0.048319328,0.073529412,0.019957983,0.023109244,0.05987395,0.053571429,0.034663866,0.026260504,0.038865546,0.077731092,0.043067227,0.005252101,0.050420168,0.026260504,0.087184874,0.085084034,0.016806723,0.077731092,0.031512605,0.009453782,0.018907563
B:ACCTA,0.036144578,0.069277108,0.053463855,0.108433735,0.033885542,0.024096386,0.060993976,0.044427711,0.027108434,0.045933735,0.041415663,0.087349398,0.042921687,0.003012048,0.051957831,0.024849398,0.064006024,0.064759036,0.013554217,0.049698795,0.023343373,0.016566265,0.012801205
B:ACCTC,0.032302217,0.071721872,0.04571585,0.087872981,0.022721051,0.023816042,0.071448125,0.041335888,0.023816042,0.030933479,0.039693403,0.065699425,0.053928278,0.003011224,0.053928278,0.01943608,0.072816863,0.078291815,0.015056118,0.070079387,0.02737476,0.025732275,0.023268546
B:ACCTG,0.02529148,0.073901345,0.052197309,0.091659193,0.021524664,0.026008969,0.06941704,0.036233184,0.024035874,0.029237668,0.035515695,0.078744395,0.049147982,0.004663677,0.056143498,0.020807175,0.081255605,0.084663677,0.012376682,0.062780269,0.022600897,0.021345291,0.02044843
B:ACCTT,0.034188034,0.071541627,0.058562836,0.095916429,0.024374802,0.026274137,0.058879392,0.040519152,0.032288699,0.031022475,0.040519152,0.075656853,0.055080722,0.006647673,0.055713833,0.021525799,0.064260842,0.065527066,0.01456157,0.065843621,0.019626464,0.018993352,0.022475467
B:ACTAA,0.061427281,0.064137308,0.074977416,0.102077687,0.04968383,0.020776874,0.054200542,0.041553749,0.03432701,0.036133695,0.026196929,0.06865402,0.06504065,0.008130081,0.0532972,0.033423668,0.056007227,0.060523939,0.01535682,0.035230352,0.009936766,0.022583559,0.006323397
B:ACTAC,0.035268185,0.058045555,0.055106539,0.09331374,0.0286554,0.029390154,0.058780309,0.046289493,0.024981631,0.041146216,0.040411462,0.072740632,0.049963262,0.008082292,0.059515062,0.020573108,0.066127847,0.087435709,0.021307862,0.053637032,0.012490816,0.013225569,0.023512123
B:ACTAG,0.046285018,0.087697929,0.066991474,0.09135201,0.029232643,0.023142509,0.06455542,0.03045067,0.036540804,0.031668697,0.028014616,0.086479903,0.043848965,0.009744214,0.071863581,0.035322777,0.043848965,0.074299635,0.008526188,0.038976857,0.015834348,0.023142509,0.012180268
B:ACTAT,0.045021645,0.074458874,0.068398268,0.113419913,0.027705628,0.036363636,0.05021645,0.048484848,0.034632035,0.03982684,0.028571429,0.082251082,0.057142857,0.006060606,0.056277056,0.025108225,0.048484848,0.054545455,0.012121212,0.03030303,0.019047619,0.024242424,0.017316017
B:ACTCA,0.045041773,0.069378859,0.059934617,0.086451144,0.023247367,0.026879768,0.063567018,0.03596077,0.029422448,0.022884126,0.033418089,0.077733382,0.058844896,0.003269161,0.056302216,0.028695968,0.066472939,0.080639303,0.013076644,0.065746458,0.021067926,0.016345805,0.015619324
B:ACTCC,0.026606773,0.073946095,0.04975812,0.075328265,0.026952315,0.02626123,0.065307533,0.046648238,0.01796821,0.029716655,0.04284727,0.085348998,0.050794748,0.010366275,0.050103663,0.019695923,0.072218383,0.088804423,0.007601935,0.062543193,0.028680028,0.02487906,0.017622668
B:ACTCG,0.019507187,0.056468172,0.047227926,0.077002053,0.028747433,0.022587269,0.062628337,0.044147844,0.026694045,0.045174538,0.040041068,0.073921971,0.041067762,0.00513347,0.057494867,0.013347023,0.065708419,0.078028747,0.025667351,0.088295688,0.044147844,0.008213552,0.028747433
B:ACTCT,0.039147287,0.067829457,0.057751938,0.091472868,0.026356589,0.029069767,0.074418605,0.050387597,0.028682171,0.029457364,0.030620155,0.067054264,0.043410853,0.003875969,0.058527132,0.02751938,0.06627907,0.078682171,0.015116279,0.060465116,0.019379845,0.019379845,0.015116279
B:ACTGA,0.040475306,0.065725956,0.059784627,0.096917935,0.029335314,0.027107315,0.060527293,0.038618641,0.03007798,0.028221315,0.039361307,0.072409952,0.048644634,0.005569996,0.057556628,0.029706647,0.070924619,0.079093947,0.008911994,0.062383958,0.014853323,0.018566654,0.015224657
B:ACTGC,0.030627416,0.070175439,0.052036872,0.093071662,0.027951234,0.03181683,0.06779661,0.040737437,0.019922688,0.030627416,0.037169194,0.06690455,0.047873922,0.006244425,0.054713054,0.023193577,0.085935177,0.075527803,0.012488849,0.055605114,0.025869759,0.025869759,0.017841213
B:ACTGG,0.035115304,0.078092243,0.057127883,0.089360587,0.021750524,0.029350105,0.066561845,0.037997904,0.028039832,0.031184486,0.034853249,0.069968553,0.04245283,0.004454927,0.060534591,0.022536688,0.06918239,0.083333333,0.014937107,0.066037736,0.016771488,0.020964361,0.019392034
B:ACTGT,0.033566949,0.071929177,0.063445223,0.087421616,0.030247141,0.034673552,0.057174474,0.053116931,0.023976392,0.033935817,0.037255625,0.087052748,0.052010328,0.005164146,0.04869052,0.019549982,0.061232018,0.078199926,0.014385835,0.046846182,0.020656584,0.023976392,0.015492438
B:ACTTA,0.041332511,0.084515731,0.073411474,0.0980876,0.020974707,0.026526835,0.045650833,0.055521283,0.034546576,0.027760642,0.026526835,0.066008637,0.051202961,0.008636644,0.063541024,0.030228254,0.061690315,0.070326959,0.016656385,0.046267736,0.009253547,0.032078964,0.009253547
B:ACTTC,0.040266328,0.073557387,0.060875079,0.086556753,0.02758402,0.028852251,0.062777425,0.03455929,0.024096386,0.032656944,0.039632213,0.081800888,0.04280279,0.011414077,0.059289791,0.02758402,0.06626506,0.065313887,0.013950539,0.057387445,0.022511097,0.01934052,0.020925808
B:ACTTG,0.036283892,0.069776715,0.060207337,0.085725678,0.027113238,0.034688995,0.064593301,0.045454545,0.030701754,0.028708134,0.034290271,0.061004785,0.066586922,0.006778309,0.05861244,0.024720893,0.072169059,0.077352472,0.015151515,0.049441786,0.017145136,0.013955343,0.01953748
B:ACTTT,0.041307471,0.062140805,0.068606322,0.098060345,0.038793103,0.030531609,0.058548851,0.048850575,0.029454023,0.036278736,0.034841954,0.068965517,0.046336207,0.011853448,0.058908046,0.034841954,0.05783046,0.067528736,0.017600575,0.040229885,0.014727011,0.021551724,0.012212644
B:AGCAA,0.041523572,0.080549485,0.060880425,0.09272557,0.034655011,0.034342804,0.054011864,0.047767718,0.030596316,0.030908523,0.039025913,0.064626912,0.047143303,0.003746488,0.061192632,0.029971901,0.064002498,0.067124571,0.01623478,0.039962535,0.01623478,0.030596316,0.012176085
B:AGCAC,0.027895182,0.077768385,0.054381516,0.089884474,0.028176951,0.026204565,0.055790363,0.041420118,0.031558185,0.035502959,0.032967033,0.087066779,0.056072133,0.007889546,0.049873204,0.014370245,0.074387151,0.071569456,0.019160327,0.061989293,0.017751479,0.022823331,0.015497323
B:AGCAG,0.027053966,0.068631639,0.044425459,0.086715079,0.023494233,0.029474584,0.067065357,0.036594048,0.02605724,0.035882102,0.039157055,0.076320661,0.047130856,0.004983625,0.057098106,0.018652997,0.074042432,0.08457924,0.013099815,0.054962267,0.02406379,0.041720063,0.018795387
B:AGCAT,0.030795848,0.062975779,0.059515571,0.106574394,0.028027682,0.028027682,0.055363322,0.040484429,0.032525952,0.033217993,0.035294118,0.099307958,0.041176471,0.005536332,0.060207612,0.032525952,0.05432526,0.06366782,0.014186851,0.04982699,0.019031142,0.029065744,0.0183391
B:AGCCA,0.029953917,0.078341014,0.050272308,0.088814411,0.022832007,0.033514872,0.072685379,0.039589443,0.030582321,0.031420193,0.046501885,0.079807289,0.044407206,0.003351487,0.05111018,0.019480519,0.062630917,0.075198995,0.011520737,0.069752828,0.020946795,0.019061584,0.018223712
B:AGCCC,0.028508332,0.074683798,0.046175467,0.072475407,0.023288496,0.030515961,0.064244128,0.03392893,0.023288496,0.024693837,0.045773941,0.077695242,0.047580807,0.002810681,0.048785384,0.016061032,0.080505923,0.094760088,0.014053403,0.07408151,0.023690022,0.032122064,0.020277053
B:AGCCG,0.015044248,0.067256637,0.031858407,0.073451327,0.030088496,0.034070796,0.057522124,0.035840708,0.034070796,0.022123894,0.038053097,0.067699115,0.053982301,0.00619469,0.051769912,0.019026549,0.093362832,0.090265487,0.018584071,0.07920354,0.031415929,0.028318584,0.02079646
B:AGCCT,0.027581491,0.067700023,0.043765671,0.087759289,0.024846136,0.027125598,0.063824937,0.040574424,0.028949168,0.032368361,0.038978801,0.082060634,0.044905402,0.005470709,0.048324595,0.018235696,0.077045817,0.085707773,0.013676772,0.07567814,0.02461819,0.025985867,0.014816503
B:AGCGA,0.03030303,0.068398268,0.05021645,0.07012987,0.037229437,0.025108225,0.052813853,0.036363636,0.029437229,0.027705628,0.028571429,0.083982684,0.046753247,0.008658009,0.045887446,0.025108225,0.069264069,0.101298701,0.022510823,0.069264069,0.038961039,0.012987013,0.019047619
B:AGCGC,0.033898305,0.06920904,0.054613936,0.073917137,0.028719397,0.024482109,0.038606403,0.035781544,0.041902072,0.029661017,0.033898305,0.071563089,0.042372881,0.005649718,0.060263653,0.027306968,0.079566855,0.066384181,0.016949153,0.083333333,0.030602637,0.02212806,0.029190207
B:AGCGG,0.017687662,0.072907679,0.037963762,0.072907679,0.030629853,0.024158758,0.058239862,0.036238136,0.041415013,0.034081104,0.037100949,0.07635893,0.037963762,0.005176877,0.041846419,0.013805004,0.094909405,0.102243313,0.022864538,0.073339085,0.029335634,0.009922347,0.028904228
B:AGCGT,0.018867925,0.062264151,0.046226415,0.093396226,0.023584906,0.035849057,0.043396226,0.046226415,0.040566038,0.031132075,0.030188679,0.061320755,0.058490566,0.00754717,0.048113208,0.018867925,0.091509434,0.085849057,0.024528302,0.066037736,0.024528302,0.016981132,0.024528302
B:AGCTA,0.040735874,0.076215506,0.051905388,0.105781866,0.024967148,0.03022339,0.062417871,0.040078844,0.02956636,0.041392904,0.038107753,0.068988173,0.05781866,0.003285151,0.039421813,0.021024967,0.05913272,0.081471748,0.014454665,0.046649146,0.017082786,0.038107753,0.011169514
B:AGCTC,0.025683318,0.078934967,0.041941565,0.085532516,0.020735156,0.023091423,0.055843544,0.043355325,0.026154571,0.027097078,0.038878417,0.066918002,0.056079171,0.003770028,0.06196984,0.020499529,0.081998115,0.084590009,0.015551367,0.063619227,0.024505184,0.029924599,0.02332705
B:AGCTG,0.027451556,0.073840282,0.045214328,0.08147387,0.019817968,0.029213153,0.060481503,0.039489137,0.032589548,0.034938344,0.038608338,0.063417499,0.053288315,0.004550793,0.055490311,0.01879037,0.08147387,0.086905461,0.015560775,0.061949501,0.022753964,0.034938344,0.017762772
B:AGCTT,0.035651666,0.060783168,0.054354179,0.083869082,0.029222677,0.030099357,0.061075395,0.042080655,0.02893045,0.033898305,0.034190532,0.071595558,0.050555231,0.005260082,0.06604325,0.028345996,0.074225599,0.074517826,0.020163647,0.054938632,0.021332554,0.020455874,0.018410286
B:AGTAA,0.045356371,0.066954644,0.079913607,0.100971922,0.037257019,0.028617711,0.056695464,0.045896328,0.032937365,0.035097192,0.033477322,0.06587473,0.059935205,0.010259179,0.05075594,0.034017279,0.049136069,0.059935205,0.012958963,0.039956803,0.01511879,0.030777538,0.008099352
B:AGTAC,0.044082126,0.076690821,0.054347826,0.089975845,0.03321256,0.033816425,0.061594203,0.040458937,0.018115942,0.031400966,0.033816425,0.075483092,0.049516908,0.005434783,0.062198068,0.025362319,0.059782609,0.087560386,0.013285024,0.051932367,0.021135266,0.010869565,0.019927536
B:AGTAG,0.036,0.069142857,0.066285714,0.082285714,0.030857143,0.033714286,0.073142857,0.052,0.02,0.037714286,0.033714286,0.094857143,0.042857143,0.006857143,0.054285714,0.021714286,0.062285714,0.064,0.014285714,0.052,0.016571429,0.014285714,0.021142857
B:AGTAT,0.068022886,0.068658614,0.062301335,0.108709472,0.043229498,0.029243484,0.053401144,0.03051494,0.026064844,0.03051494,0.031150668,0.082644628,0.04259377,0.010171647,0.050222505,0.031786395,0.061029879,0.06675143,0.017164654,0.047679593,0.01207883,0.01525747,0.010807374
B:AGTCA,0.044550517,0.064041368,0.058074781,0.090692124,0.027446301,0.028639618,0.062450278,0.040572792,0.025855211,0.026650756,0.041368337,0.070007955,0.050119332,0.005171042,0.055290374,0.020684169,0.076372315,0.077963405,0.013126492,0.052903739,0.020684169,0.025457438,0.021877486
B:AGTCC,0.032081662,0.074735691,0.05869486,0.083485235,0.022602989,0.024425811,0.071819176,0.034269048,0.02770689,0.033175355,0.035362742,0.068902661,0.051039008,0.003645643,0.059423988,0.021873861,0.068538097,0.088589136,0.009114109,0.069267226,0.024425811,0.018957346,0.017863653
B:AGTCG,0.034632035,0.072510823,0.058441558,0.067099567,0.015151515,0.03030303,0.050865801,0.038961039,0.027056277,0.029220779,0.022727273,0.072510823,0.053030303,0.00974026,0.044372294,0.020562771,0.074675325,0.0995671,0.021645022,0.064935065,0.020562771,0.038961039,0.032467532
B:AGTCT,0.035541195,0.0726979,0.054927302,0.100969305,0.026655897,0.028271405,0.060177706,0.042407108,0.020193861,0.035137318,0.037560582,0.074313409,0.051696284,0.008481422,0.056946688,0.025444265,0.060177706,0.077948304,0.020193861,0.052504039,0.018982229,0.027059774,0.011712439
B:AGTGA,0.037210862,0.063023802,0.059001006,0.080455917,0.023466309,0.031847134,0.059336239,0.044250754,0.035199464,0.026148173,0.038216561,0.082467315,0.056319142,0.006034194,0.052631579,0.025477707,0.074421723,0.081126383,0.013074086,0.05833054,0.017432115,0.018102581,0.016426416
B:AGTGC,0.025993316,0.075751949,0.045302636,0.08429261,0.027478648,0.030820646,0.06015596,0.051615299,0.028963981,0.033791311,0.026735982,0.072038619,0.051243966,0.008911994,0.059784627,0.018195321,0.076865949,0.079093947,0.014110657,0.069439287,0.026735982,0.013739324,0.018937987
B:AGTGG,0.026323005,0.07293666,0.057581574,0.088565945,0.02166164,0.030435975,0.069646285,0.040032904,0.025500411,0.03646833,0.040307102,0.082807787,0.046887853,0.006032355,0.05264601,0.021935838,0.073485056,0.064162325,0.012338909,0.066081711,0.024129421,0.019742254,0.02029065
B:AGTGT,0.032231405,0.07231405,0.059504132,0.097107438,0.023140496,0.023140496,0.057438017,0.047520661,0.023553719,0.026859504,0.041322314,0.071900826,0.05,0.00661157,0.049586777,0.021487603,0.067355372,0.082231405,0.012396694,0.082231405,0.021487603,0.016942149,0.013636364
B:AGTTA,0.044461778,0.070982839,0.074102964,0.08424337,0.036661466,0.034321373,0.060062402,0.054602184,0.039781591,0.040561622,0.030421217,0.053042122,0.055382215,0.003900156,0.069422777,0.036661466,0.059282371,0.081903276,0.008580343,0.024180967,0.007020281,0.021840874,0.008580343
B:AGTTC,0.038461538,0.072442121,0.053771471,0.101194922,0.030619866,0.023151606,0.062733383,0.045556385,0.025765497,0.02613891,0.035474235,0.062733383,0.048170276,0.007094847,0.05862584,0.034353996,0.069454817,0.075802838,0.014563107,0.057505601,0.019044063,0.019790889,0.017550411
B:AGTTG,0.039306847,0.074387151,0.063820795,0.087912088,0.030431107,0.036770921,0.054945055,0.047759932,0.02874049,0.029163145,0.037193576,0.071851226,0.041842773,0.005494505,0.070160609,0.02578191,0.054099746,0.078613694,0.014792899,0.049027895,0.018174134,0.024091293,0.015638208
B:AGTTT,0.042569081,0.067961165,0.067587752,0.100074683,0.029126214,0.024645258,0.061613144,0.042942494,0.029126214,0.035847647,0.03622106,0.069454817,0.048917102,0.011575803,0.058999253,0.02987304,0.066467513,0.069081404,0.017923824,0.030246453,0.019790889,0.025392084,0.014563107
B:ATCAA,0.04845815,0.072687225,0.067400881,0.097356828,0.02907489,0.022907489,0.054185022,0.046255507,0.029955947,0.03876652,0.033480176,0.07092511,0.04845815,0.007929515,0.056387665,0.034801762,0.051982379,0.063876652,0.018942731,0.044052863,0.017621145,0.024229075,0.020264317
B:ATCAC,0.043126685,0.075022462,0.0606469,0.081761006,0.030098832,0.030548068,0.051662174,0.043126685,0.028751123,0.027403414,0.037286613,0.089398023,0.055705301,0.006289308,0.053009883,0.031446541,0.064690027,0.071877808,0.013027853,0.054806828,0.016621743,0.01572327,0.017969452
B:ATCAG,0.045345242,0.063208519,0.050841635,0.087598763,0.024046719,0.031260735,0.060116798,0.038131226,0.033321883,0.030573686,0.042597046,0.07454483,0.045345242,0.004122295,0.059773274,0.025420818,0.065956716,0.067330814,0.022329097,0.069735486,0.018206802,0.025077293,0.015115081
B:ATCAT,0.050671785,0.072168906,0.050671785,0.100191939,0.03646833,0.032245681,0.063723608,0.038771593,0.033397313,0.033397313,0.031477927,0.092898273,0.048752399,0.008829175,0.054510557,0.023416507,0.051823417,0.063723608,0.018809981,0.039923225,0.016122841,0.016890595,0.021113244
B:ATCCA,0.036292936,0.07485418,0.058651977,0.079066753,0.026895658,0.028839922,0.066429034,0.0382372,0.023979261,0.025599482,0.049254699,0.091056384,0.045042126,0.006804925,0.058976021,0.027219702,0.065780946,0.068697343,0.013933895,0.053791316,0.018794556,0.021062865,0.02073882
B:ATCCC,0.041119118,0.070792709,0.057651547,0.088172955,0.021195422,0.022467147,0.071216617,0.033912675,0.031793133,0.030521407,0.03264095,0.08393387,0.051292921,0.006358627,0.041543027,0.021195422,0.076303518,0.086901229,0.004662993,0.060618906,0.027554048,0.015260704,0.022891056
B:ATCCG,0.026014568,0.066597294,0.032258065,0.084287201,0.017689906,0.031217482,0.077003122,0.042663892,0.02289282,0.028095734,0.035379813,0.074921956,0.075962539,0.009365245,0.037460978,0.021852237,0.062434964,0.097814776,0.021852237,0.071800208,0.019771072,0.020811655,0.021852237
B:ATCCT,0.042694497,0.071157495,0.057558507,0.094560405,0.024351676,0.024984187,0.068627451,0.040164453,0.020872865,0.03257432,0.040480708,0.094560405,0.043959519,0.006325111,0.05028463,0.023086654,0.059139785,0.081593928,0.013915244,0.051549652,0.021821632,0.01486401,0.020872865
B:ATCGA,0.030812325,0.072829132,0.049019608,0.084033613,0.039215686,0.032212885,0.058823529,0.047619048,0.025210084,0.037815126,0.033613445,0.057422969,0.040616246,0.008403361,0.051820728,0.035014006,0.054621849,0.082633053,0.022408964,0.06302521,0.018207283,0.022408964,0.032212885
B:ATCGC,0.020463847,0.061391542,0.058663029,0.090040928,0.02728513,0.024556617,0.047748977,0.040927694,0.034106412,0.031377899,0.032742156,0.076398363,0.047748977,0.002728513,0.045020464,0.038199181,0.06957708,0.090040928,0.031377899,0.064120055,0.032742156,0.009549795,0.02319236
B:ATCGG,0.033057851,0.050964187,0.045454545,0.063360882,0.017906336,0.03030303,0.055096419,0.031680441,0.027548209,0.033057851,0.049586777,0.081267218,0.061983471,0.009641873,0.064738292,0.035812672,0.075757576,0.08677686,0.034435262,0.064738292,0.022038567,0.005509642,0.019283747
B:ATCGT,0.03268945,0.072808321,0.043090639,0.092124814,0.031203566,0.040118871,0.071322437,0.049034175,0.028231798,0.029717682,0.035661218,0.044576523,0.056463596,0.005943536,0.043090639,0.022288262,0.05794948,0.098068351,0.028231798,0.043090639,0.020802377,0.023774146,0.029717682
B:ATCTA,0.04137931,0.057471264,0.063601533,0.10651341,0.04137931,0.02605364,0.058237548,0.053639847,0.02835249,0.04137931,0.034482759,0.091187739,0.040613027,0.005363985,0.047509579,0.036015326,0.052873563,0.059770115,0.01532567,0.036015326,0.018390805,0.020689655,0.023754789
B:ATCTC,0.038279256,0.082026978,0.050674444,0.092234779,0.021873861,0.032810791,0.05030988,0.047028801,0.024425811,0.03353992,0.047393365,0.078381334,0.049580751,0.006562158,0.059423988,0.021873861,0.066715275,0.083485235,0.017863653,0.044841415,0.018228217,0.012395188,0.020051039
B:ATCTG,0.037551745,0.060615021,0.053518628,0.092253105,0.021880544,0.024837374,0.063571851,0.045239503,0.025133057,0.033412182,0.047309284,0.093435837,0.049970432,0.009461857,0.0487877,0.028681254,0.065641632,0.073920757,0.014784151,0.047013601,0.023063276,0.02247191,0.017445299
B:ATCTT,0.039033457,0.06133829,0.059169765,0.111214374,0.032527881,0.032218092,0.048636927,0.04708798,0.025402726,0.038723668,0.028810409,0.07094176,0.046778191,0.005266419,0.058859975,0.034076828,0.067224287,0.065675341,0.019206939,0.048327138,0.022924411,0.018587361,0.017967782
B:ATTAA,0.05,0.07195122,0.087804878,0.118902439,0.034756098,0.029878049,0.051219512,0.048780488,0.036585366,0.034146341,0.024390244,0.062195122,0.05304878,0.006097561,0.058536585,0.04695122,0.052439024,0.057317073,0.014634146,0.020731707,0.010365854,0.02195122,0.007317073
B:ATTAC,0.049363057,0.068471338,0.081210191,0.092356688,0.037420382,0.035828025,0.058917197,0.040605096,0.034235669,0.035828025,0.02388535,0.070063694,0.059713376,0.013535032,0.048566879,0.032643312,0.048566879,0.066878981,0.017515924,0.041401274,0.012738854,0.022292994,0.007961783
B:ATTAG,0.063953488,0.076550388,0.076550388,0.103682171,0.046511628,0.021317829,0.059108527,0.040697674,0.025193798,0.033914729,0.035852713,0.084302326,0.049418605,0.006782946,0.064922481,0.027131783,0.049418605,0.053294574,0.019379845,0.019379845,0.011627907,0.019379845,0.011627907
B:ATTAT,0.066503966,0.056131788,0.076266016,0.08480781,0.050030506,0.023794997,0.04575961,0.049420378,0.043319097,0.046979866,0.030506406,0.0780964,0.045149481,0.011592434,0.064673581,0.038438072,0.043319097,0.05552166,0.023794997,0.025625381,0.004881025,0.021964613,0.013422819
B:ATTCA,0.050840508,0.060680607,0.062730627,0.098810988,0.031570316,0.02501025,0.046330463,0.048790488,0.02501025,0.031160312,0.035670357,0.0799508,0.042640426,0.007380074,0.058220582,0.023780238,0.057810578,0.060270603,0.02296023,0.088560886,0.011890119,0.019270193,0.010660107
B:ATTCC,0.039036545,0.053571429,0.059800664,0.095099668,0.026993355,0.031976744,0.072674419,0.041112957,0.023671096,0.030315615,0.048172757,0.086378738,0.049418605,0.004568106,0.051910299,0.028654485,0.050664452,0.084717608,0.017026578,0.056893688,0.022009967,0.015780731,0.009551495
B:ATTCG,0.050347222,0.071180556,0.060763889,0.116319444,0.041666667,0.027777778,0.046875,0.034722222,0.027777778,0.041666667,0.039930556,0.0625,0.041666667,0.006944444,0.050347222,0.017361111,0.081597222,0.045138889,0.034722222,0.064236111,0.013888889,0.013888889,0.008680556
B:ATTCT,0.053030303,0.05785124,0.061983471,0.104338843,0.034090909,0.026515152,0.055440771,0.047176309,0.024793388,0.028236915,0.042011019,0.083333333,0.046143251,0.007575758,0.056129477,0.034779614,0.061294766,0.060606061,0.020661157,0.05268595,0.01446281,0.019283747,0.007575758
B:ATTGA,0.054213634,0.066559313,0.070853462,0.097691895,0.029522276,0.023081052,0.042941492,0.037573806,0.028448739,0.028985507,0.04401503,0.085882984,0.053676865,0.006977992,0.060118089,0.031669351,0.048845947,0.072463768,0.018786903,0.041331186,0.019323671,0.021470746,0.015566291
B:ATTGC,0.042719615,0.082430806,0.070998797,0.099277978,0.031287605,0.037304452,0.054151625,0.038507822,0.032490975,0.036101083,0.028880866,0.077015644,0.051143201,0.01022864,0.05234657,0.031287605,0.064981949,0.060770156,0.013838748,0.034296029,0.017448857,0.022864019,0.009626955
B:ATTGG,0.048279689,0.064372919,0.059933407,0.094894562,0.02663707,0.021642619,0.066037736,0.036625971,0.027746948,0.03718091,0.037735849,0.097114317,0.049944506,0.007769145,0.057158713,0.02663707,0.05826859,0.06936737,0.015538291,0.03718091,0.014983352,0.028856826,0.01609323
B:ATTGT,0.049197861,0.06684492,0.060427807,0.105347594,0.036363636,0.029946524,0.046524064,0.052406417,0.023529412,0.038502674,0.048128342,0.080748663,0.048128342,0.013903743,0.051336898,0.029946524,0.047058824,0.075935829,0.016042781,0.035828877,0.011229947,0.017647059,0.014973262
B:ATTTA,0.056898288,0.062437059,0.083585096,0.123363545,0.042799597,0.032225579,0.041792548,0.044813696,0.034239678,0.036757301,0.024169184,0.061933535,0.049345418,0.009566969,0.059919436,0.0387714,0.044310171,0.051359517,0.02265861,0.033736153,0.012084592,0.024169184,0.009063444
B:ATTTC,0.043390515,0.062899428,0.072317524,0.103262698,0.030608813,0.027917928,0.05819038,0.039017827,0.031954255,0.039354188,0.031617894,0.070299361,0.048099563,0.01177262,0.070972082,0.033972418,0.056508577,0.059199462,0.021190716,0.044399596,0.014799865,0.020517995,0.007736293
B:ATTTG,0.045819936,0.061495177,0.063102894,0.120980707,0.03778135,0.029742765,0.051045016,0.040996785,0.024919614,0.03255627,0.039389068,0.069935691,0.047829582,0.008440514,0.068327974,0.030144695,0.059485531,0.063504823,0.022508039,0.039790997,0.014469453,0.019292605,0.008440514
B:ATTTT,0.054339623,0.055849057,0.08,0.112704403,0.041006289,0.031949686,0.053584906,0.044025157,0.030188679,0.036477987,0.038238994,0.068176101,0.052578616,0.008805031,0.060628931,0.030188679,0.049559748,0.051572327,0.019622642,0.034716981,0.009811321,0.025157233,0.01081761
B:CACAA,0.031782066,0.069617858,0.0620507,0.111615588,0.030268634,0.029511918,0.061293984,0.04199773,0.022323118,0.030268634,0.038592509,0.078320091,0.045402951,0.004918653,0.064320848,0.027620129,0.060537268,0.074158154,0.016269391,0.050699962,0.015134317,0.01816118,0.015134317
B:CACAC,0.034810127,0.065506329,0.046835443,0.082911392,0.017721519,0.026898734,0.063291139,0.053481013,0.022151899,0.023734177,0.040189873,0.068987342,0.050949367,0.003481013,0.039873418,0.015822785,0.078797468,0.076898734,0.015189873,0.091455696,0.026898734,0.036392405,0.017721519
B:CACAG,0.030112045,0.080707283,0.047268908,0.086834734,0.018207283,0.028886555,0.066001401,0.047093838,0.022934174,0.026785714,0.041141457,0.082808123,0.048844538,0.005077031,0.047093838,0.021008403,0.071428571,0.075455182,0.015581232,0.06092437,0.027135854,0.032913165,0.015756303
B:CACAT,0.047822984,0.06745182,0.04318344,0.090649536,0.027480371,0.028194147,0.046395432,0.043540328,0.020342612,0.024982156,0.03640257,0.087437545,0.049607423,0.004996431,0.048536759,0.021056388,0.072448251,0.064596717,0.014989293,0.10206995,0.018201285,0.023911492,0.015703069
B:CACCA,0.029772329,0.071609263,0.049815139,0.087371084,0.02510216,0.026658883,0.06518778,0.046312512,0.025880522,0.03522086,0.035804631,0.074528118,0.042226114,0.006032302,0.046701693,0.021404943,0.086203542,0.079003697,0.010897062,0.071220082,0.02004281,0.024323798,0.018680677
B:CACCC,0.022727273,0.07814096,0.04392237,0.081205312,0.014811032,0.022727273,0.076098059,0.042134831,0.025025536,0.032175689,0.043667007,0.064606742,0.047752809,0.006639428,0.047497446,0.015066394,0.080694586,0.100102145,0.008937692,0.081460674,0.022727273,0.018130746,0.023748723
B:CACCG,0.021927588,0.076491586,0.051504335,0.045894952,0.029576747,0.021927588,0.055073942,0.060173381,0.031106578,0.031616522,0.039775625,0.075981642,0.049974503,0.008159102,0.0418154,0.024477307,0.08618052,0.088220296,0.021927588,0.075981642,0.024477307,0.015808261,0.021927588
B:CACCT,0.02384183,0.082767978,0.050978872,0.083543322,0.017057569,0.02868773,0.068617949,0.039348711,0.02578019,0.032176778,0.033921303,0.075596046,0.055049428,0.00387672,0.05156038,0.017639077,0.069780965,0.077922078,0.009304129,0.075014538,0.026167862,0.027330878,0.024035666
B:CACGA,0.025108225,0.073593074,0.047619048,0.096103896,0.022510823,0.038095238,0.063203463,0.041558442,0.024242424,0.036363636,0.03030303,0.045021645,0.037229437,0.008658009,0.051948052,0.01991342,0.10995671,0.073593074,0.017316017,0.061471861,0.022510823,0.033766234,0.01991342
B:CACGC,0.009253139,0.074025116,0.04494382,0.064111038,0.021810972,0.028420357,0.05419696,0.04494382,0.04031725,0.02709848,0.037012558,0.06741573,0.04957039,0.005948447,0.041639128,0.018506279,0.105089227,0.066754792,0.018506279,0.082617317,0.037673496,0.042300066,0.01784534
B:CACGG,0.019490255,0.055472264,0.046476762,0.067466267,0.020489755,0.021989005,0.056471764,0.051474263,0.029985007,0.024987506,0.034982509,0.059470265,0.056471764,0.006496752,0.047476262,0.014492754,0.097451274,0.094452774,0.017991004,0.090954523,0.035482259,0.027486257,0.022488756
B:CACGT,0.024619841,0.076755974,0.04634323,0.072411296,0.018102824,0.027516293,0.048515568,0.047791455,0.036205648,0.023171615,0.036929761,0.064446054,0.057204924,0.010861694,0.035481535,0.015930485,0.081824765,0.094134685,0.024619841,0.083997104,0.026068067,0.022447502,0.024619841
B:CACTA,0.047213622,0.074303406,0.058823529,0.099845201,0.034829721,0.02244582,0.063467492,0.043343653,0.031733746,0.034055728,0.034829721,0.080495356,0.041021672,0.008513932,0.054179567,0.027863777,0.058823529,0.069659443,0.017801858,0.05495356,0.015479876,0.007739938,0.018575851
