,X,1,2,3,4,5,6,7,8,9,10,11,12,13,14,15,16,17,18,19,20
ACA,0.037891935,0.121591442,0.070606901,0.072427825,0.059857833,0.062138764,0.045386341,0.060021256,0.05608188,0.044587381,0.072075632,0.027861061,0.031588781,0.035802989,0.034361495,0.028638835,0.029649262,0.02902621,0.025574834,0.024059383,0.030769961
ACC,0.034140555,0.128384404,0.061044515,0.072617077,0.055710324,0.064163438,0.042055678,0.065309556,0.05497663,0.043499425,0.082539943,0.02539244,0.036581211,0.033433392,0.031082313,0.027250711,0.029067215,0.025841378,0.023967607,0.026778394,0.036163796
ACG,0.026961039,0.11794494,0.064868281,0.068173878,0.054813301,0.063318733,0.045071181,0.065991625,0.054533824,0.044255262,0.07584476,0.02686788,0.039783622,0.034595433,0.034119545,0.028462455,0.032393771,0.028534653,0.026783261,0.026775497,0.039907058
ACT,0.040646173,0.121175174,0.071197446,0.072746062,0.059708892,0.062224894,0.045506026,0.059841431,0.056089726,0.043735183,0.072391794,0.027823259,0.030459841,0.036255689,0.033701819,0.029412483,0.028676542,0.028604791,0.025615933,0.024045643,0.030141199
ATA,0.053449119,0.11452859,0.083270833,0.071672204,0.064099493,0.05762897,0.048012147,0.054713236,0.057295781,0.045276002,0.059809356,0.030112921,0.022426593,0.038094787,0.037854225,0.030282847,0.027997173,0.031824844,0.027098897,0.020272861,0.024279121
ATC,0.042646829,0.123617523,0.071095411,0.072443476,0.059930153,0.061007658,0.04433333,0.05922455,0.056416661,0.044271136,0.072488622,0.027605648,0.030451106,0.036141707,0.033257101,0.02905758,0.028382285,0.028555291,0.025423172,0.023564611,0.03008615
ATG,0.042344086,0.123404318,0.071110232,0.073195574,0.060154778,0.060787124,0.044873937,0.05912879,0.056844644,0.044573631,0.071474239,0.027694424,0.029905769,0.035704686,0.034021385,0.028950716,0.028848281,0.029069485,0.025450179,0.023519307,0.028944416
ATT,0.051618556,0.114263205,0.083827017,0.071458518,0.063629363,0.058417356,0.048282044,0.054465763,0.056734771,0.045627747,0.059383496,0.030370912,0.02296844,0.038495932,0.037626645,0.030483685,0.027714492,0.031720482,0.027942428,0.020165812,0.024803336
CCA,0.034854724,0.129945409,0.060292349,0.073935848,0.055934794,0.064226282,0.041755969,0.065017315,0.055153932,0.043091251,0.0833881,0.0250877,0.03647819,0.033390607,0.030665441,0.026998992,0.028874953,0.025492942,0.023639107,0.026778973,0.034997121
CCC,0.029723702,0.134956719,0.054066798,0.072736784,0.052900417,0.065817996,0.038943897,0.069413225,0.054205769,0.042010957,0.090108094,0.022937007,0.04148117,0.031499975,0.028031377,0.026294752,0.028856502,0.023333892,0.021751813,0.028232854,0.042696302
CCG,0.024730306,0.125877481,0.057875865,0.069871855,0.050973491,0.067246274,0.042635638,0.069928945,0.052621409,0.042032901,0.084148693,0.024512925,0.04312639,0.032367711,0.03117706,0.02721975,0.030583655,0.026068622,0.024622713,0.028803442,0.043574874
CCT,0.033686778,0.130102205,0.059448297,0.073379897,0.055886252,0.064437555,0.041287821,0.065870496,0.054994309,0.043090626,0.084782329,0.024699483,0.037092442,0.033293483,0.030105815,0.027356394,0.02876278,0.025097638,0.022890951,0.026723582,0.037010868
CTA,0.044582623,0.121524452,0.0712264,0.073359192,0.059603084,0.061527289,0.044855362,0.059537465,0.056745186,0.043934867,0.072808581,0.02796495,0.028629202,0.036235478,0.033852675,0.029054441,0.028232924,0.028267749,0.025342033,0.023688734,0.029027314
CTC,0.033018638,0.127710691,0.061490395,0.072367905,0.056698805,0.064058433,0.042387396,0.064416483,0.054815094,0.043071352,0.08256369,0.0253803,0.036947526,0.034665631,0.030404706,0.02800278,0.028622446,0.026003497,0.023817107,0.026281836,0.03727529
CTG,0.032560365,0.127615842,0.061198884,0.074025932,0.056382913,0.064671857,0.042653777,0.065296224,0.055487485,0.042911951,0.082564361,0.025594148,0.036556636,0.033476934,0.03111427,0.027575849,0.029299521,0.025746475,0.023819218,0.026690701,0.034756656
CTT,0.041530614,0.121653294,0.071029517,0.072434933,0.059773188,0.062117344,0.044930828,0.059384104,0.055906111,0.043828176,0.072964355,0.027510231,0.030540481,0.036337385,0.033546414,0.029369703,0.02839755,0.028921959,0.02516589,0.023978961,0.030678962
GCA,0.034774518,0.125495768,0.063819741,0.073596679,0.056821236,0.063999357,0.043585347,0.064791463,0.05524376,0.043228585,0.079342813,0.026222112,0.035226027,0.03354662,0.032276287,0.027896355,0.02957509,0.02695225,0.024515088,0.026189332,0.032901574
GCC,0.030149234,0.131592485,0.055120076,0.074688992,0.053010702,0.066451039,0.041160008,0.069056844,0.054502996,0.04202069,0.08798123,0.023747294,0.040027119,0.031555022,0.029793289,0.026269361,0.029474714,0.02445088,0.022763889,0.028380811,0.037803326
GCG,0.025565452,0.126436534,0.058475819,0.069261948,0.051469277,0.065614314,0.043874828,0.071018483,0.052511832,0.042116334,0.081935912,0.024621535,0.041877905,0.031200212,0.032238847,0.027395802,0.031646368,0.026921557,0.025594847,0.029146457,0.041075739
GCT,0.033701939,0.125415996,0.062239146,0.073618486,0.056023066,0.064406959,0.043467393,0.065108768,0.055398559,0.042601107,0.082120222,0.025908943,0.036362972,0.033841208,0.031679486,0.0277373,0.029160453,0.026204707,0.024155787,0.02660592,0.034241581
GTA,0.043441656,0.119428983,0.07354994,0.072686599,0.059930881,0.061105409,0.045612205,0.059324768,0.056610566,0.044422155,0.069538138,0.028473627,0.028675788,0.036697173,0.034845942,0.029394623,0.028686875,0.029442299,0.025999282,0.02319675,0.028936342
GTC,0.032558277,0.125418624,0.063328979,0.072585417,0.056503985,0.064079033,0.04352837,0.063671593,0.055105957,0.043502557,0.079617505,0.026035123,0.036222602,0.034378706,0.031953423,0.027967019,0.030017421,0.026899871,0.024459335,0.026213763,0.035952441
GTG,0.032439414,0.126679887,0.062639363,0.072255952,0.056875704,0.063996679,0.043317656,0.064727573,0.054966651,0.043645761,0.07973671,0.02598451,0.036947085,0.033739878,0.031872573,0.02744504,0.0300231,0.026774983,0.024464191,0.026365062,0.035102228
GTT,0.04126742,0.118220444,0.07437413,0.071382875,0.060590909,0.061262241,0.04626641,0.058302575,0.056382491,0.044751573,0.069428642,0.028623955,0.029186006,0.036817391,0.035308531,0.029626826,0.028777345,0.029674636,0.026567556,0.023420919,0.029767126
TCA,0.040317723,0.123215105,0.069561616,0.072638958,0.059783725,0.061763176,0.044791672,0.06016996,0.05635076,0.044084534,0.073285284,0.027454889,0.031426117,0.035627031,0.033169307,0.029009276,0.028667007,0.028579282,0.025252737,0.024059314,0.030792528
TCC,0.034456857,0.128455095,0.062323748,0.072193537,0.056750687,0.063694222,0.041829272,0.064086635,0.054744227,0.043311326,0.081982068,0.025351681,0.036444292,0.034444173,0.030630432,0.027916042,0.028702454,0.025858647,0.023646467,0.026072492,0.037105647
TCG,0.030260494,0.120629948,0.065130908,0.06926522,0.054205158,0.063154992,0.044901097,0.065213478,0.054021026,0.043206747,0.077885597,0.026219486,0.039051792,0.034436092,0.033358545,0.028393571,0.031173725,0.02745722,0.026000674,0.02700721,0.03902702
TCT,0.039243926,0.123141068,0.069183992,0.072568717,0.059777889,0.062416076,0.044250211,0.059743638,0.055979936,0.043866803,0.074355398,0.027361009,0.031508289,0.036461919,0.032726333,0.029132864,0.028426542,0.02837508,0.025179162,0.024271764,0.032029383
TTA,0.048538456,0.110995435,0.08463871,0.070938473,0.063064154,0.05905443,0.049627817,0.054737268,0.057079482,0.045453415,0.060116838,0.030517206,0.023316111,0.038792853,0.038423217,0.031013609,0.028205203,0.031646552,0.028136192,0.02037383,0.025330747
TTC,0.042368834,0.121209377,0.072663236,0.071767289,0.060806634,0.061235346,0.044933164,0.058533209,0.056211729,0.044185946,0.070658475,0.028029515,0.029827961,0.036681001,0.033876799,0.029672282,0.028324986,0.029216366,0.025708234,0.023521782,0.030567832
TTG,0.043681645,0.121245203,0.072410865,0.072698131,0.060072282,0.061620746,0.045284648,0.05884235,0.055730846,0.044426845,0.070939742,0.027956516,0.029291529,0.036254094,0.034357243,0.028882727,0.028360146,0.029505686,0.025776865,0.023560072,0.02910182
TTT,0.048262499,0.112424452,0.082629837,0.071281581,0.062957464,0.059687611,0.048546162,0.054568769,0.056678141,0.045443572,0.061708647,0.030080669,0.024811785,0.038390755,0.037509152,0.030558383,0.028267397,0.031695106,0.027578252,0.020790122,0.026129644