,X,1,2,3,4,5,6,7,8,9,10,11,12,13,14,15,16,17,18,19,20,21,22
T:ACA,0.040063877,0.08044762,0.084061162,0.079396823,0.063142372,0.060282292,0.062708698,0.061488224,0.05236323,0.038852577,0.054409818,0.051240804,0.051954777,0.023004515,0.024112785,0.029658364,0.021289705,0.035754639,0.024004401,0.022999129,0.018165481,0.009843494,0.010755214
T:ACC,0.038400923,0.083341905,0.078832034,0.076768832,0.055840412,0.056377067,0.058485734,0.059655206,0.049578937,0.038726743,0.053997431,0.052800954,0.051827538,0.020380661,0.025003634,0.030770592,0.025909378,0.04395775,0.022535017,0.03220459,0.021168953,0.009794252,0.013641458
T:ACG,0.036309167,0.078307496,0.075919161,0.06987636,0.052415704,0.053389339,0.055297883,0.062873752,0.052335681,0.039323577,0.055103585,0.0500246,0.050835013,0.021121173,0.024548131,0.030275535,0.03098873,0.049892315,0.022426768,0.039441587,0.022561009,0.011030564,0.015702872
T:ACT,0.039545289,0.082337832,0.084340594,0.079944602,0.062725285,0.060097824,0.062920671,0.060443403,0.05136904,0.038679513,0.053518471,0.051559806,0.052483075,0.0227681,0.02471976,0.029920479,0.021227156,0.036723312,0.023752796,0.022740967,0.018143598,0.009372747,0.010665679
T:ATA,0.042042525,0.079107948,0.089946538,0.082134228,0.072576953,0.064529003,0.067626061,0.062666797,0.05356598,0.037894811,0.052758918,0.049929873,0.05339224,0.025361696,0.023895847,0.028226319,0.015711904,0.028297123,0.024666534,0.014785543,0.014442536,0.008985643,0.00745498
T:ATC,0.040634762,0.081455003,0.083684109,0.07961876,0.063224429,0.060457126,0.062725922,0.060729262,0.051544847,0.038417071,0.053957079,0.051658856,0.052880478,0.022602766,0.024279047,0.029573069,0.021097216,0.036315348,0.023701985,0.02334797,0.017943924,0.009631456,0.010519515
T:ATG,0.040998126,0.080317091,0.084590224,0.080154102,0.064499262,0.061363577,0.063419182,0.06129918,0.052639954,0.038693399,0.054395827,0.051586759,0.052244731,0.023145325,0.02396471,0.029216453,0.020291477,0.034173555,0.024076609,0.021270471,0.017682894,0.009812243,0.010164849
T:ATT,0.040883362,0.079216326,0.088979396,0.081550471,0.070246374,0.06347613,0.066663668,0.062333515,0.053247338,0.03812649,0.053525324,0.049662425,0.053266985,0.024899463,0.024088926,0.028406834,0.017305944,0.030190238,0.024637658,0.016569927,0.015289669,0.009293986,0.00813955
T:CCA,0.038117038,0.083710077,0.077938708,0.076484964,0.054903085,0.056258986,0.057620873,0.059456649,0.04923764,0.038863714,0.054444129,0.053236245,0.051679504,0.019943969,0.024985615,0.031034672,0.026513807,0.044795179,0.022401493,0.03289626,0.021617387,0.009815746,0.014044261
T:CCC,0.036355745,0.085670992,0.073050169,0.07206551,0.048571249,0.052992615,0.053372123,0.059095086,0.047884202,0.039385161,0.053546919,0.055771341,0.050656719,0.018057823,0.024917618,0.031273729,0.030405031,0.051710225,0.021239765,0.042645396,0.024423011,0.010008981,0.016900593
T:CCG,0.033290737,0.082278768,0.069139517,0.063787635,0.044606782,0.04848167,0.049578313,0.061217707,0.047712197,0.039697547,0.052095752,0.052253021,0.05025944,0.018364437,0.025700197,0.030722283,0.037162419,0.061313114,0.02043369,0.055933669,0.026136019,0.010392785,0.019442301
T:CCT,0.037419909,0.085197252,0.07768088,0.075826603,0.053913905,0.055854066,0.057325121,0.05913466,0.049254823,0.038880407,0.054067524,0.054260432,0.051630429,0.019744997,0.025005332,0.031041013,0.026547121,0.045778466,0.022309368,0.0332585,0.021783093,0.009720991,0.014365108
T:CTA,0.041125269,0.082444837,0.08561177,0.081067633,0.065050863,0.061550297,0.064113751,0.060381608,0.051406769,0.038281806,0.053207424,0.052007717,0.053135467,0.023240066,0.024614358,0.029615951,0.019356196,0.034443962,0.023721348,0.019758798,0.017009919,0.009135264,0.009718927
T:CTC,0.037484149,0.084890097,0.077554661,0.075597921,0.054283859,0.055752073,0.057579644,0.059368664,0.049185376,0.038637538,0.053967138,0.05369823,0.052138398,0.019873918,0.024949615,0.03081133,0.026540334,0.045985007,0.022367463,0.034025907,0.021504365,0.009726482,0.014077829
T:CTG,0.03652634,0.084356913,0.077930477,0.07588942,0.054461086,0.056025923,0.057456164,0.059645208,0.049710328,0.039094518,0.054579678,0.053599373,0.051248627,0.020069583,0.024882518,0.031074428,0.026967049,0.045303212,0.022481227,0.032631755,0.021802931,0.009823467,0.014439777
T:CTT,0.040006495,0.082040953,0.084480283,0.080417539,0.063091517,0.060723064,0.063103069,0.060521419,0.051800563,0.038812604,0.05386344,0.052246479,0.052394004,0.022679305,0.024488585,0.029792581,0.020635714,0.035872003,0.023838564,0.02107141,0.018030904,0.009626292,0.010463213
T:GCA,0.037743865,0.082425575,0.079484654,0.076472623,0.057171718,0.05744106,0.05874684,0.060462625,0.051127229,0.038988935,0.054948447,0.052885805,0.051484892,0.020965635,0.024625713,0.030370435,0.025601565,0.042470139,0.023060555,0.029180508,0.020871546,0.010005499,0.013464138
T:GCC,0.035382494,0.085532275,0.074091497,0.072663409,0.04934811,0.053066305,0.05348122,0.0588023,0.047718156,0.039293411,0.05387463,0.054133856,0.050903108,0.01845753,0.0255222,0.03162936,0.031012224,0.052020294,0.021246126,0.041132393,0.024040527,0.009730635,0.016917939
T:GCG,0.03357957,0.081751755,0.069947843,0.063706148,0.045617308,0.048300704,0.050241642,0.061161693,0.047948127,0.039325768,0.051843114,0.051555152,0.05040997,0.018613602,0.02609147,0.030575334,0.036896161,0.060722775,0.020646092,0.055742945,0.025932094,0.010254655,0.019136081
T:GCT,0.037184789,0.08411547,0.078451205,0.076244353,0.055486098,0.056652887,0.058064411,0.05964872,0.049833206,0.038985356,0.054440741,0.053506025,0.051701934,0.02039816,0.024965017,0.030879742,0.02641727,0.044658017,0.022511757,0.030760928,0.021323507,0.009782867,0.013987542
T:GTA,0.041268413,0.081179111,0.086653049,0.080881747,0.065630769,0.061375995,0.064580584,0.060851925,0.052194971,0.038562284,0.053049034,0.0508166,0.052714669,0.023758837,0.024547145,0.029624175,0.01931386,0.033918807,0.023956614,0.019738401,0.016797871,0.009113853,0.009471288
T:GTC,0.038078838,0.082878647,0.079538432,0.076630781,0.05699658,0.057359581,0.059067511,0.060309017,0.050574237,0.038930705,0.054337509,0.053043133,0.05139447,0.020950253,0.024518919,0.030343716,0.025229176,0.042207195,0.022920016,0.030754858,0.020730496,0.009989764,0.013216167
T:GTG,0.037606349,0.08226859,0.078725673,0.075770642,0.056035918,0.056275664,0.058198644,0.060822036,0.050636132,0.038996305,0.054705643,0.052233918,0.051514797,0.020830282,0.024631641,0.03046957,0.026283528,0.04366286,0.022942559,0.032177431,0.021198182,0.010168938,0.013844699
T:GTT,0.04038476,0.080426379,0.085159353,0.080562939,0.06430042,0.060890616,0.063805401,0.061060168,0.05210334,0.03866562,0.054002144,0.050732008,0.052472957,0.023304858,0.024448072,0.029694994,0.02049416,0.035032932,0.024097444,0.02107011,0.017598895,0.009630941,0.010061488
T:TCA,0.039711061,0.081733409,0.083396913,0.079414262,0.062389448,0.059947271,0.062357776,0.06074792,0.051589147,0.038654629,0.054064592,0.051664209,0.052357865,0.0224872,0.024312032,0.029580286,0.021771888,0.036985442,0.023682913,0.023999145,0.018444008,0.009719619,0.010988966
T:TCC,0.03832295,0.083950872,0.078289779,0.076007298,0.055447246,0.056703112,0.058341254,0.059821016,0.049923584,0.038808838,0.054323723,0.053832641,0.051851956,0.020267326,0.024703198,0.030692386,0.025530037,0.044086015,0.022729114,0.031862702,0.021104237,0.009908883,0.013491835
T:TCG,0.037101696,0.080854587,0.075050717,0.069820865,0.050904492,0.051902478,0.055135962,0.060372709,0.049968852,0.038620686,0.053668907,0.050487234,0.05183086,0.019997604,0.025456319,0.030573836,0.031548038,0.052354544,0.022005202,0.043284778,0.022839503,0.010268648,0.015951486
T:TCT,0.039703664,0.082509156,0.083176668,0.079606572,0.061996187,0.060012145,0.062224056,0.060487607,0.051254656,0.03856077,0.053954158,0.052538845,0.052559242,0.022190376,0.024383305,0.029862657,0.021408441,0.037326771,0.023529763,0.023767005,0.018388857,0.009613247,0.010945853
T:TTA,0.039970713,0.079564359,0.08988009,0.081939807,0.070675678,0.06373602,0.067231717,0.062328505,0.053396814,0.038265037,0.053121517,0.049577876,0.053241301,0.025297656,0.024295874,0.028523321,0.016915909,0.029778108,0.024743219,0.015286914,0.01506616,0.009159684,0.00800372
T:TTC,0.040426113,0.08109198,0.084909292,0.080322009,0.064239152,0.061073921,0.063704656,0.06112272,0.052342828,0.038708948,0.054124607,0.051760581,0.052426949,0.02306517,0.024201376,0.02944929,0.020110279,0.034865384,0.024068544,0.020647054,0.017555851,0.009742082,0.010041215
T:TTG,0.041041325,0.080846941,0.084417551,0.080414246,0.063719624,0.060720897,0.063069574,0.060664703,0.051579553,0.038522844,0.054083777,0.05117262,0.052614005,0.022745271,0.024452544,0.029682924,0.020874692,0.035646469,0.023835605,0.022082543,0.017917343,0.009595303,0.010299646
T:TTT,0.040049394,0.079421563,0.087977471,0.081308078,0.067444629,0.061855111,0.065411004,0.061785785,0.052256487,0.038291618,0.053649581,0.049027763,0.053173741,0.024273397,0.024554267,0.029375595,0.018945961,0.033144407,0.024336083,0.019276698,0.016178819,0.009312999,0.00894955
U:ACA,0.040721562,0.084205168,0.08804674,0.083378442,0.058577945,0.056368926,0.057540366,0.064832277,0.047386088,0.032609789,0.050768312,0.049238325,0.052593659,0.02411701,0.029734274,0.027423062,0.030111617,0.031360649,0.026066549,0.022329712,0.025178358,0.007311501,0.010099667
U:ACC,0.038214806,0.087445466,0.084903384,0.077669162,0.052238343,0.054059194,0.053783534,0.062377759,0.043564014,0.034410891,0.050151647,0.051504377,0.052670711,0.021535031,0.029595288,0.028146941,0.035661745,0.038358151,0.024181914,0.031590514,0.027322552,0.007554058,0.01306052
U:ACG,0.035247985,0.084934618,0.082639035,0.069330105,0.050177794,0.05166008,0.052130081,0.062405863,0.042120036,0.035042136,0.050571175,0.050213935,0.052317419,0.022708933,0.028263918,0.02722159,0.041696214,0.04285383,0.025553515,0.039247659,0.02870011,0.009507776,0.015456194
U:ACT,0.040351104,0.085676095,0.087839093,0.083230668,0.058659092,0.056842461,0.057888719,0.064418416,0.047147481,0.032590305,0.050080927,0.049466454,0.053156751,0.023643597,0.030217347,0.027711965,0.029805376,0.031968631,0.025498968,0.022136607,0.024825417,0.006894647,0.009949878
U:ATA,0.044474195,0.082282655,0.090326388,0.089576779,0.067133212,0.058752039,0.061481934,0.067043071,0.051621059,0.030199991,0.0499603,0.047613542,0.053585485,0.026138535,0.030140656,0.026346614,0.023396389,0.024833887,0.026507286,0.014004197,0.021593259,0.006438215,0.006550311
U:ATC,0.041115098,0.085245494,0.087365207,0.083498337,0.058481487,0.056527021,0.057501096,0.064867506,0.04741824,0.032351453,0.050249533,0.049638299,0.053326632,0.023574069,0.029989457,0.027490908,0.030228316,0.031589464,0.025421331,0.022636503,0.024900385,0.006841153,0.00974301
U:ATG,0.041744912,0.084111351,0.08818673,0.084945508,0.059630786,0.0567964,0.058103818,0.065027981,0.048178738,0.032131182,0.050586737,0.049397375,0.052760997,0.024193595,0.029796946,0.027171344,0.029395592,0.029939776,0.025949734,0.020575308,0.025020391,0.006960861,0.009393939
U:ATT,0.042772003,0.082702337,0.089776344,0.08772626,0.06508825,0.058501755,0.061039643,0.066940871,0.05069352,0.030690849,0.050336377,0.047543861,0.053576303,0.025600544,0.030162912,0.026540046,0.025062419,0.026549184,0.026492682,0.015892286,0.022482925,0.006562463,0.007266166
U:CCA,0.037740197,0.087784193,0.084586667,0.077254669,0.051219541,0.053671771,0.052893067,0.062019441,0.043114913,0.034833859,0.050370835,0.052054209,0.052632155,0.021096556,0.029552958,0.028310969,0.0363552,0.039157654,0.023913587,0.032312207,0.027975767,0.00761705,0.013532535
U:CCC,0.035722417,0.089972139,0.081938371,0.071545445,0.045978894,0.050632117,0.04953404,0.059190201,0.039678596,0.036709983,0.049899247,0.054975939,0.052141126,0.019310515,0.028686032,0.028134812,0.040862057,0.045138497,0.022719815,0.042243748,0.030210315,0.008316294,0.016459399
U:CCG,0.032027927,0.089302681,0.078388918,0.060126445,0.043750281,0.04837676,0.04745864,0.058320964,0.037704636,0.037959537,0.048926106,0.053405222,0.052339941,0.019316546,0.027550879,0.026858561,0.047486215,0.052363043,0.022317791,0.056178519,0.0304981,0.009857706,0.019484584
U:CCT,0.037060601,0.088881254,0.084378845,0.076707031,0.050573712,0.053379663,0.053035726,0.061716887,0.04264435,0.03491427,0.05011951,0.0527869,0.052719446,0.020757583,0.029420909,0.028521123,0.036467453,0.039774565,0.023855886,0.032875429,0.028075056,0.007499012,0.013834791
U:CTA,0.042163297,0.085476148,0.088421378,0.085600083,0.060515834,0.057510038,0.058749186,0.065061092,0.048212305,0.03188196,0.049898578,0.049670351,0.053231047,0.023914922,0.030504134,0.027535167,0.027762595,0.029960046,0.025584692,0.019245819,0.02382348,0.006444452,0.008833395
U:CTC,0.037033888,0.088727535,0.084295293,0.076505916,0.050984939,0.053414997,0.053386466,0.062098254,0.042852963,0.034600141,0.049874701,0.05207593,0.053167536,0.020862634,0.029400523,0.02837934,0.036482534,0.039643735,0.023849732,0.033454602,0.027832447,0.007495405,0.01358049
U:CTG,0.036283564,0.087968365,0.084826488,0.076790391,0.050965012,0.053572218,0.052903958,0.061856572,0.043014188,0.035116884,0.050450445,0.052349002,0.05247873,0.021242219,0.02943642,0.028469672,0.03654396,0.03949907,0.02427274,0.032212051,0.028136935,0.007735422,0.013875696
U:CTT,0.040570052,0.085726328,0.087955015,0.084219607,0.058678686,0.056830624,0.058203788,0.064685151,0.047310079,0.032567297,0.050291023,0.05000943,0.052938073,0.023605193,0.030213693,0.02783261,0.029449766,0.031324675,0.025613359,0.020553055,0.024984411,0.006870056,0.009568029
U:GCA,0.037775227,0.08645822,0.085777003,0.078503244,0.053261704,0.054281267,0.054198945,0.062706657,0.044520163,0.03422947,0.050703345,0.051406347,0.052544157,0.022011474,0.02945391,0.028016687,0.035255031,0.03705994,0.024936287,0.028857047,0.027544498,0.007673207,0.012826168
U:GCC,0.03462888,0.08953465,0.082203306,0.071273133,0.046709455,0.051395501,0.049708618,0.059859612,0.040132775,0.036608959,0.050166144,0.05375613,0.052326209,0.019370541,0.029164743,0.028505953,0.041150826,0.045270236,0.022703243,0.041011561,0.029735236,0.008205462,0.016578829
U:GCG,0.032099212,0.088314789,0.078481053,0.060046833,0.04431654,0.049517194,0.048576228,0.058884916,0.038320821,0.037224106,0.048816111,0.052153084,0.052187413,0.019557709,0.027837217,0.027072987,0.046534892,0.051930999,0.022741773,0.056591241,0.029850625,0.009866176,0.019078082
U:GCT,0.036982019,0.08769873,0.0849269,0.077561543,0.051966729,0.054007118,0.053510627,0.062173756,0.043516116,0.034743938,0.050358708,0.052169804,0.052601088,0.021358059,0.029667423,0.028404214,0.036010117,0.038855224,0.024379979,0.030480382,0.02777604,0.007540088,0.013311399
U:GTA,0.042242954,0.084573663,0.088666618,0.085264882,0.061342902,0.057841013,0.059270968,0.065334809,0.048479842,0.031752347,0.049981118,0.048569102,0.053261842,0.024591923,0.030435899,0.027400515,0.02766399,0.029578099,0.025793122,0.019191339,0.023409181,0.00662709,0.008726783
U:GTC,0.038199544,0.086792156,0.085456889,0.078725261,0.053179649,0.054278768,0.054386164,0.062775265,0.044410231,0.034152861,0.050249434,0.051499059,0.052358247,0.02214771,0.029361836,0.027946478,0.034699659,0.036768065,0.024854131,0.030202116,0.027260079,0.007677047,0.012619349
U:GTG,0.037480336,0.086418925,0.085178676,0.077032262,0.052511932,0.053668248,0.053741678,0.062750532,0.043785103,0.034366856,0.050657843,0.050972531,0.05245171,0.022110471,0.029166278,0.027853663,0.036138848,0.03803294,0.024846418,0.031535739,0.027780266,0.008074377,0.013444367
U:GTT,0.04113131,0.08430756,0.088483645,0.084208926,0.059719088,0.057210341,0.058589027,0.065071783,0.047920578,0.032311274,0.050532259,0.048725689,0.053020731,0.024260806,0.030185901,0.027518368,0.028996477,0.030696313,0.026094752,0.020390021,0.024453089,0.006940998,0.009231062
U:TCA,0.040334116,0.085241416,0.087352822,0.083006704,0.057952858,0.056224329,0.057314341,0.064556433,0.047067939,0.03262908,0.050358695,0.049699255,0.052949527,0.023498045,0.029836623,0.027529022,0.030806435,0.032196959,0.025522494,0.023267265,0.025403293,0.007024203,0.010228146
U:TCC,0.037954172,0.088207011,0.08478668,0.077684602,0.051845336,0.053813721,0.053877354,0.062400887,0.043551346,0.03443716,0.050111659,0.052218612,0.052894738,0.021413886,0.029272924,0.028226191,0.035370047,0.038193954,0.024304314,0.031291498,0.027667315,0.007503483,0.01297311
U:TCG,0.036180419,0.08693626,0.081702299,0.068057589,0.048575478,0.051798598,0.051756291,0.061684581,0.041291487,0.035338066,0.049930503,0.050332317,0.053200921,0.020880478,0.028512237,0.027540331,0.041575911,0.045103445,0.02387736,0.043090613,0.028295723,0.008605899,0.015733194
U:TCT,0.040066119,0.086188851,0.087420829,0.083235438,0.057516708,0.056152029,0.057299009,0.06449418,0.046734861,0.032797079,0.050142077,0.050332003,0.053094042,0.023197961,0.030016306,0.027836566,0.030345364,0.03240273,0.025291337,0.023106381,0.02526342,0.006958853,0.01010786
U:TTA,0.042044601,0.082779511,0.090162723,0.087926391,0.065849197,0.058974766,0.061717603,0.066844679,0.050777274,0.030668595,0.050191221,0.047400721,0.053632161,0.025931473,0.030418712,0.026617615,0.024531224,0.026247727,0.026682809,0.014772773,0.022167744,0.006555753,0.007104728
U:TTC,0.041065313,0.085035819,0.088308544,0.084685226,0.059581945,0.05690967,0.058657611,0.06525213,0.047969644,0.032293552,0.050421118,0.049556286,0.052943771,0.024118539,0.029937864,0.027501305,0.028714586,0.030387324,0.02596481,0.01994155,0.024688487,0.006915699,0.009149207
U:TTG,0.041711993,0.08468571,0.087916181,0.08416442,0.058918887,0.056837804,0.057818946,0.064925463,0.047644131,0.032322727,0.050510809,0.049170681,0.053055864,0.023592209,0.030187955,0.027602526,0.02962146,0.03124419,0.025577881,0.021423022,0.024754307,0.006827141,0.00948569
U:TTT,0.041276365,0.083333234,0.089338318,0.085414942,0.062739011,0.058115302,0.060112926,0.066307081,0.049385431,0.031451342,0.050501962,0.047081094,0.053543466,0.024955185,0.030462471,0.027193052,0.026816576,0.02914423,0.026144564,0.018670591,0.023066938,0.006721066,0.008224854
B:ACA,0.046072672,0.059524088,0.060631967,0.115139676,0.05021804,0.034829249,0.060124468,0.052747526,0.041811752,0.021828991,0.046035753,0.047956473,0.066826617,0.004443566,0.042422111,0.039216962,0.042012863,0.045967918,0.015728857,0.04444767,0.020931959,0.028451901,0.012628921
B:ACC,0.043072838,0.061876661,0.057608617,0.105792409,0.042271054,0.034791786,0.057408181,0.048598479,0.038327576,0.022541234,0.043960885,0.050873959,0.065226841,0.003908914,0.044708875,0.035934822,0.049124016,0.056794423,0.015373075,0.05516498,0.023792583,0.026577698,0.016270093
B:ACG,0.034632745,0.058913675,0.058041618,0.094686033,0.037240562,0.034947154,0.056359855,0.051497284,0.039554888,0.021019635,0.041084671,0.047431764,0.06124652,0.004806606,0.044770667,0.033537707,0.057693479,0.065304131,0.019145586,0.062338469,0.026915239,0.02852128,0.020310432
B:ACT,0.046649561,0.060963464,0.061739069,0.115518406,0.049478785,0.035010263,0.060270286,0.052282525,0.039866557,0.02249884,0.044839798,0.047733368,0.067189087,0.00460544,0.043530341,0.03958289,0.041685172,0.0470426,0.015449084,0.044016735,0.020722374,0.027395867,0.011929489
B:ATA,0.051244614,0.058749684,0.06641832,0.123852727,0.059868246,0.032785162,0.063143566,0.058110362,0.042389598,0.022416107,0.04713312,0.046024286,0.070283324,0.005556344,0.040763598,0.04411057,0.03389082,0.034630157,0.014318565,0.034517317,0.015393195,0.027343244,0.007057074
B:ATC,0.047357518,0.059892631,0.060964409,0.114436987,0.049549427,0.035779725,0.059665369,0.052185397,0.039642428,0.021946771,0.046638462,0.050977873,0.067236103,0.004560551,0.042559975,0.039451469,0.040409193,0.046209435,0.015527969,0.045744081,0.02044672,0.026809307,0.0120082
B:ATG,0.048581528,0.059161394,0.060862676,0.116820951,0.051594556,0.036112584,0.05985218,0.052424496,0.041107209,0.022527881,0.047551734,0.048846296,0.067857628,0.004597956,0.041479426,0.03920989,0.039608938,0.043746833,0.015336746,0.043261959,0.020179953,0.027483564,0.011793622
B:ATT,0.049775187,0.058739636,0.065045362,0.121274839,0.058095107,0.034381105,0.062932329,0.056603884,0.041137256,0.021893048,0.046909448,0.045749454,0.070134826,0.005413718,0.041199628,0.043214868,0.034830985,0.037920503,0.014820554,0.037253248,0.017068008,0.028168263,0.007438745
B:CCA,0.043188778,0.062486066,0.056723414,0.10440211,0.040757681,0.035251163,0.056562532,0.0486781,0.038369315,0.022754337,0.044389735,0.05167765,0.064174982,0.003644913,0.044536627,0.03563724,0.049848878,0.056942517,0.015772862,0.055283139,0.024555513,0.027045512,0.017316935
B:CCC,0.040900849,0.064611945,0.054975952,0.093680979,0.034078064,0.03533889,0.053171335,0.046658086,0.037686868,0.022395569,0.045312301,0.054020967,0.062293138,0.003118435,0.045419645,0.031225324,0.055436063,0.067161211,0.014821547,0.064561449,0.02639604,0.025211032,0.021524311
B:CCG,0.033400773,0.061415923,0.057926782,0.083242407,0.030874471,0.033115146,0.04903324,0.048096077,0.038670439,0.021410135,0.038158352,0.057587225,0.058745302,0.003942806,0.045850954,0.028961546,0.063433146,0.08015685,0.018206802,0.073879636,0.028533079,0.024054268,0.021304642
B:CCT,0.043306606,0.063182926,0.055817922,0.103696857,0.039704389,0.035952536,0.056436234,0.048126565,0.037533809,0.022561332,0.044932388,0.051437282,0.064302291,0.003584479,0.045285933,0.034733042,0.049596441,0.058623345,0.01558662,0.056282877,0.024742841,0.026448548,0.018124737
B:CTA,0.048975005,0.060442092,0.062934415,0.118925593,0.052052748,0.035625791,0.061219447,0.05239475,0.039869743,0.02238579,0.045505518,0.048701055,0.06824078,0.004673609,0.043134723,0.040457574,0.038782115,0.042964348,0.014248207,0.040846532,0.019493312,0.026876668,0.011250185
B:CTC,0.043237073,0.0631078,0.056266217,0.102670227,0.039777716,0.035006173,0.056651039,0.049281621,0.037388332,0.022483963,0.044104263,0.050679352,0.06525114,0.003657781,0.044828064,0.035218898,0.049107163,0.059048635,0.016102298,0.057759771,0.025149091,0.026396425,0.016826958
B:CTG,0.041577737,0.062753879,0.056451893,0.104246492,0.040285101,0.03595309,0.055593547,0.049619358,0.038881872,0.022815483,0.044818487,0.051063248,0.063047594,0.003658023,0.045372445,0.03547725,0.050300819,0.058302069,0.016073234,0.053574177,0.024830732,0.027632681,0.017670788
B:CTT,0.047567866,0.060698763,0.061707146,0.115451037,0.0500795,0.036669745,0.060196182,0.051566917,0.039995149,0.021738276,0.045892954,0.047879022,0.068210329,0.00488911,0.043063265,0.039136285,0.041844012,0.046275449,0.015192668,0.042072675,0.020760921,0.027083589,0.01202914
B:GCA,0.042181696,0.061073854,0.056933669,0.106706742,0.043466803,0.036383962,0.056212764,0.050457014,0.040282437,0.022415357,0.045129399,0.050225575,0.064151643,0.004106087,0.044743173,0.036495359,0.049272574,0.054323544,0.016597787,0.050024371,0.024004966,0.028280234,0.016530987
B:GCC,0.039507731,0.063475817,0.054252241,0.096351511,0.03486821,0.034977383,0.052687442,0.048020375,0.038006004,0.022731654,0.042824452,0.053678028,0.060470338,0.003236107,0.04657538,0.032587523,0.056412166,0.065780425,0.016469679,0.061892979,0.027337302,0.026744854,0.0211124
B:GCG,0.03322497,0.060833428,0.060481444,0.084432309,0.032373909,0.03231769,0.047415412,0.047686018,0.041132977,0.021618129,0.035974064,0.057859137,0.057177396,0.004100512,0.045201663,0.03004942,0.062862558,0.077447943,0.017048002,0.074002788,0.030058274,0.023077974,0.023623984
B:GCT,0.042392606,0.062437136,0.057140748,0.104034261,0.042080674,0.036271627,0.055741183,0.050000385,0.039238592,0.022169451,0.044314062,0.050106771,0.063647278,0.004017987,0.045503894,0.035946832,0.049972446,0.058083567,0.016252751,0.051520272,0.024812549,0.027433455,0.016881473
B:GTA,0.047916351,0.059940931,0.063637321,0.12124352,0.053133835,0.034100636,0.061314352,0.053352981,0.040829953,0.022621552,0.044759002,0.047821679,0.068022886,0.004630113,0.043191748,0.04094259,0.038385586,0.042532024,0.014883871,0.041495666,0.018482995,0.027123471,0.009636936
B:GTC,0.04284274,0.061410284,0.058007256,0.105050043,0.042578282,0.036068834,0.056708861,0.049696206,0.038695642,0.022560284,0.045406343,0.050382013,0.06421387,0.003943906,0.043614287,0.035629592,0.048834286,0.05709481,0.015952283,0.053169123,0.023939807,0.026829722,0.017371527
B:GTG,0.042029703,0.060806554,0.05612018,0.104666624,0.041548538,0.034794332,0.05764694,0.05006575,0.04001457,0.022320941,0.044343142,0.049404521,0.064851143,0.003912966,0.044245042,0.036345074,0.049638216,0.055610256,0.016614674,0.054596915,0.024894437,0.028647994,0.016881488
B:GTT,0.046836903,0.060105437,0.063234197,0.117070801,0.052225134,0.034785825,0.061239866,0.052969647,0.040995932,0.021364275,0.044928862,0.046892602,0.067638597,0.005052664,0.042856456,0.03986303,0.04084876,0.045041114,0.0153575,0.042326012,0.019852887,0.027575679,0.01093782
B:TCA,0.047239488,0.060266421,0.059722203,0.113158457,0.049031085,0.035687657,0.059825379,0.052508823,0.039319659,0.022309357,0.046460129,0.048290779,0.067132963,0.004568042,0.042892597,0.038998167,0.041554454,0.048187526,0.01555449,0.04624197,0.021446708,0.027416412,0.012187236
B:TCC,0.043968289,0.062546037,0.057538182,0.103789447,0.040881282,0.036080379,0.057303019,0.048434212,0.037762411,0.022333828,0.044986625,0.051833943,0.065415604,0.003824707,0.04386229,0.035216923,0.048056148,0.057539511,0.01589594,0.055871466,0.023970651,0.026107526,0.016781579
B:TCG,0.038296449,0.059829295,0.059008703,0.092970662,0.035306321,0.032886573,0.053867799,0.049790276,0.03696441,0.021073938,0.040486417,0.051868974,0.059541671,0.004720281,0.044179483,0.032355435,0.056452677,0.069217295,0.019168793,0.067977832,0.02676814,0.025477521,0.021791055
B:TCT,0.046769214,0.061153416,0.060962341,0.113765411,0.047966923,0.036052904,0.059488363,0.051745714,0.039446529,0.022228817,0.045723491,0.049300816,0.067920721,0.004465823,0.042873964,0.038757773,0.042219157,0.047531335,0.015045781,0.045501502,0.021517894,0.027028222,0.012533891
B:TTA,0.048453199,0.059361018,0.066326636,0.122692368,0.059042316,0.034498872,0.062774765,0.056336501,0.042292522,0.021594613,0.046558448,0.044320508,0.070056739,0.005612946,0.042352153,0.043238102,0.03527654,0.037675953,0.014692756,0.034431506,0.0165741,0.028221711,0.00761573
B:TTC,0.048613942,0.059997493,0.062578044,0.116038255,0.050532708,0.036408289,0.061136872,0.05253319,0.039712546,0.021977643,0.046184724,0.047894602,0.068701469,0.005047405,0.041831196,0.039512314,0.039931227,0.044982691,0.015130944,0.04275024,0.020311152,0.027191502,0.011001553
B:TTG,0.047672121,0.059991168,0.061268098,0.115520189,0.051670194,0.034916475,0.060655863,0.052688778,0.04000489,0.021522937,0.045363401,0.048290434,0.067568588,0.004714318,0.04276466,0.039928497,0.041503555,0.045562796,0.015474451,0.043745272,0.020426079,0.02741376,0.011333473
B:TTT,0.04711338,0.058646507,0.065830842,0.120011859,0.056183134,0.032900048,0.062144206,0.056250074,0.040594508,0.021418893,0.044533518,0.045320297,0.069511987,0.005413092,0.042607262,0.041807532,0.038105024,0.040816413,0.015173113,0.039727276,0.018629371,0.029236902,0.00802476
N:ACA,0.068907254,0.069479466,0.090346135,0.066044621,0.078745687,0.072961255,0.063890846,0.052500662,0.055725007,0.040313563,0.044090085,0.045181207,0.043631276,0.036334346,0.027160183,0.020647278,0.023804275,0.020078761,0.029282729,0.014135186,0.019572512,0.010536448,0.006631218
N:ACC,0.066632812,0.073254104,0.089058657,0.063569156,0.071365426,0.06900559,0.061712856,0.053289414,0.054772584,0.040741212,0.045955292,0.045816318,0.044185114,0.032796791,0.027220279,0.022300251,0.027133256,0.024441162,0.027712307,0.018239556,0.022115827,0.010041816,0.008640218
N:ACG,0.061234632,0.070954646,0.088115378,0.058982906,0.068113582,0.0662747,0.060648029,0.05500236,0.055247252,0.041100418,0.048192117,0.04438806,0.043447316,0.033258507,0.027045786,0.023310002,0.031013794,0.027748425,0.028662056,0.021899325,0.023548433,0.011242177,0.010570099
N:ACT,0.067456646,0.070988311,0.089998574,0.066708738,0.07863602,0.072723861,0.064011394,0.052758074,0.055421033,0.040353048,0.043897284,0.045375083,0.044185988,0.035882738,0.027127476,0.020801894,0.023695559,0.02070634,0.028866533,0.014226223,0.019384583,0.010313416,0.006481184
N:ATA,0.07223952,0.066562733,0.090545258,0.069522654,0.088203604,0.07683883,0.066123096,0.05188886,0.055317327,0.039557046,0.040751306,0.044485443,0.043567389,0.040222069,0.027126304,0.018604697,0.01998879,0.01642034,0.030281092,0.01020083,0.016004155,0.011012254,0.004536401
N:ATC,0.068950228,0.070132325,0.089771136,0.066218186,0.078458105,0.072742752,0.063834454,0.052747071,0.055579246,0.040243394,0.043913732,0.045607225,0.044216255,0.035768485,0.027034948,0.020555803,0.024228442,0.020481948,0.028949442,0.014265232,0.019462285,0.010310009,0.006529299
N:ATG,0.069316779,0.069265562,0.090710833,0.066389002,0.079780801,0.073514145,0.063929723,0.052030198,0.055746382,0.040239846,0.044262418,0.045254342,0.043775523,0.036541433,0.02703072,0.020392641,0.02371483,0.019440016,0.029449425,0.012988912,0.019396721,0.010556465,0.006273284
N:ATT,0.069422356,0.067605764,0.090661733,0.068845428,0.085920398,0.075856889,0.065838338,0.052278794,0.055410625,0.039829763,0.042210706,0.044233369,0.043615918,0.039190327,0.027099879,0.019137107,0.021153442,0.017470204,0.030144047,0.011151752,0.017026192,0.010965875,0.004931092
N:CCA,0.06593362,0.073567478,0.089308691,0.063124553,0.070311678,0.068630319,0.061159469,0.053355155,0.054682404,0.040798737,0.046784829,0.046023673,0.044034114,0.032361911,0.027229932,0.022531892,0.027631053,0.024848768,0.027511937,0.018350589,0.02275508,0.01009169,0.008972428
N:CCC,0.062049621,0.076374259,0.088775928,0.060411102,0.06410945,0.065349123,0.059221968,0.05344616,0.054128259,0.041555859,0.048180479,0.047075367,0.043824253,0.030091785,0.027645669,0.023831215,0.030446958,0.028556951,0.026573319,0.021830862,0.025261579,0.009974831,0.011285002
N:CCG,0.054981895,0.07644349,0.084689842,0.05467402,0.059422657,0.060216677,0.057647342,0.057320399,0.052153955,0.042988842,0.049673548,0.044971973,0.043258856,0.029309846,0.027224523,0.02532254,0.035624195,0.035749021,0.026029431,0.030726412,0.02619493,0.011059619,0.014315986
N:CCT,0.063505382,0.074812731,0.089534038,0.062903003,0.069379637,0.068087347,0.061262796,0.053402599,0.054888946,0.040901405,0.046746393,0.046529509,0.044254485,0.03209495,0.027287307,0.022809156,0.027726522,0.025523238,0.027522011,0.018835354,0.022926077,0.009841323,0.009225792
N:CTA,0.069708558,0.070367566,0.090293926,0.067964138,0.080925757,0.073980592,0.064817261,0.052153262,0.055407277,0.040208018,0.042867154,0.045472228,0.044292256,0.036516478,0.027139862,0.020248774,0.022375808,0.01939975,0.029016889,0.012656103,0.018246918,0.010242387,0.005699038
N:CTC,0.063079125,0.074652298,0.089012725,0.062787155,0.069697306,0.068198455,0.061245361,0.053838106,0.054863814,0.040795521,0.046616364,0.046346746,0.044438987,0.032272285,0.027140398,0.022567234,0.02792566,0.025631371,0.027638654,0.019458692,0.022808772,0.009918768,0.009066203
N:CTG,0.063297293,0.073968077,0.089712379,0.062898993,0.069902743,0.06853333,0.061181318,0.05359908,0.055063712,0.040855618,0.046904116,0.046275459,0.043860497,0.032526597,0.027319856,0.02276865,0.027710717,0.025087277,0.02772702,0.018661497,0.022878679,0.009985406,0.009281685
N:CTT,0.067651908,0.070812148,0.090785209,0.066891335,0.078616157,0.07305044,0.064327044,0.052256873,0.05589644,0.040239892,0.044100131,0.045698436,0.044200952,0.03574384,0.027158624,0.020756844,0.023311767,0.020218711,0.0290835,0.013221294,0.019505186,0.010253354,0.006219914
N:GCA,0.065270651,0.072286534,0.090106082,0.063544935,0.072477809,0.069885436,0.061926124,0.053324764,0.055379727,0.040601573,0.046354122,0.045765964,0.0439418,0.033755821,0.027115862,0.022090295,0.026757565,0.023556967,0.028365344,0.016934511,0.022034349,0.01014113,0.008382635
N:GCC,0.060603021,0.076401875,0.088400454,0.060429005,0.064529141,0.065112037,0.059112162,0.0547938,0.053679354,0.041635859,0.048209009,0.046282566,0.043886114,0.030462462,0.02730149,0.024084629,0.030732229,0.02924952,0.026532777,0.022704954,0.024708483,0.009968516,0.011180543
N:GCG,0.054226903,0.076394695,0.084163024,0.054462172,0.059452197,0.060334547,0.058285192,0.057803895,0.051786669,0.043158836,0.049432468,0.044461518,0.043895611,0.029589793,0.027053687,0.025568783,0.035213709,0.03628522,0.026030819,0.031750998,0.025830709,0.010862112,0.013956444
N:GCT,0.063518384,0.073776915,0.089951377,0.06356714,0.071039715,0.069128271,0.061604271,0.053374943,0.055092276,0.040722252,0.046648044,0.046022859,0.044053677,0.032979017,0.027267491,0.022572387,0.027244447,0.024704826,0.027868088,0.017658794,0.022488789,0.009941106,0.008774931
N:GTA,0.070261807,0.069241444,0.09003834,0.067883335,0.082187123,0.074174337,0.064786498,0.05234579,0.05523262,0.040257663,0.04260406,0.044792225,0.043884404,0.037539709,0.02711766,0.020159158,0.022270686,0.019144795,0.02930859,0.012673423,0.017943862,0.010517179,0.005635294
N:GTC,0.065529838,0.072698087,0.089986888,0.063968806,0.072975642,0.069846777,0.062103353,0.052775298,0.055487395,0.040665909,0.046057939,0.045737432,0.043683478,0.033619607,0.027267966,0.021989265,0.02642305,0.023315958,0.028325458,0.0171754,0.02181163,0.010223812,0.008331014
N:GTG,0.064793914,0.07234626,0.089374413,0.062712491,0.071199723,0.069025668,0.061473941,0.053716114,0.055280782,0.040772722,0.046406824,0.045765875,0.044010411,0.033390925,0.027172645,0.022253937,0.027641973,0.024289043,0.028226683,0.018550516,0.022382027,0.010313247,0.008899866
N:GTT,0.069559973,0.06955305,0.090056495,0.066963667,0.079778477,0.073557993,0.064681234,0.052517203,0.055557643,0.040172894,0.043556915,0.045122421,0.044026693,0.036351956,0.027105156,0.020435901,0.023088875,0.019808813,0.029159399,0.013424016,0.018993886,0.01045861,0.006068731
N:TCA,0.067347374,0.070589411,0.09011767,0.065990379,0.077893944,0.072474553,0.06362108,0.052790377,0.055646761,0.040311134,0.04432032,0.04551419,0.044044828,0.03567723,0.027037994,0.020784449,0.024456082,0.020784896,0.02905997,0.014592561,0.019848814,0.010335342,0.006760643
N:TCC,0.064849591,0.073586068,0.089692591,0.063192133,0.070998055,0.068993364,0.061811732,0.053025647,0.055187621,0.040687915,0.04677116,0.046397162,0.044158308,0.032647408,0.027248858,0.022318841,0.027092789,0.024401426,0.027858476,0.017731424,0.022534598,0.010087363,0.00872747
N:TCG,0.061716293,0.072936396,0.086455301,0.058509283,0.066038206,0.064652144,0.060191144,0.056120899,0.053468212,0.041221037,0.048914503,0.044055867,0.04383608,0.031948301,0.026829033,0.023607676,0.032285639,0.029850447,0.027384996,0.024537359,0.023705911,0.010797266,0.010938008
N:TCT,0.067512618,0.071137498,0.09028828,0.066219112,0.077463822,0.072501221,0.063828047,0.052615745,0.055726055,0.040286689,0.044250038,0.045943574,0.044189651,0.035210096,0.027133047,0.020840977,0.023953038,0.020832388,0.028888564,0.014510161,0.019799219,0.010229663,0.006640497
N:TTA,0.068095401,0.067837536,0.090823677,0.069502489,0.086954513,0.076238679,0.066264861,0.05210356,0.055490009,0.039865617,0.041715931,0.044078122,0.043743575,0.039774054,0.027235475,0.019119541,0.020640356,0.01727371,0.030285415,0.010626076,0.016641072,0.010969422,0.00472091
N:TTC,0.06832761,0.069711914,0.090815844,0.066778466,0.079607436,0.073617869,0.064640295,0.052287897,0.055928131,0.040145392,0.044149365,0.04566691,0.044000213,0.036166196,0.027093958,0.020430222,0.023082217,0.019553512,0.029368954,0.012920101,0.019143606,0.01048609,0.006077803
N:TTG,0.070277916,0.069976282,0.089993141,0.06680996,0.079080968,0.073099109,0.06416412,0.052620079,0.055403723,0.040149589,0.043727265,0.045113679,0.043997694,0.035950958,0.027022315,0.020484697,0.023427774,0.020157005,0.028943228,0.01376911,0.01932203,0.01033398,0.006175375
N:TTT,0.069287644,0.068170554,0.090012932,0.068086408,0.083038213,0.074783083,0.065554973,0.053270999,0.055147461,0.040088062,0.04252461,0.044257344,0.04400134,0.037998297,0.026951093,0.019810429,0.021930751,0.0189789,0.029516379,0.012951934,0.017569479,0.010719207,0.005349908