 ,X,Y,1,2,3,4,5,6,7,8,9,10,11,12,13,14,15,16,17,18,19,20,21,22
B:AA,0.04929448173455242,0,0.06599428309637564,0.06092250731187384,0.11439077067702724,0.055022009993956705,0.03127467571488919,0.06772822353552156,0.05326809524092847,0.03044382925446511,0.028765136917546882,0.045928597352680935,0.0484840345734124,0.04077904923965862,0.016264616310429737,0.05164890086025545,0.05085502812978374,0.048447060843460024,0.038219787150311386,0.009311855137776017,0.03569664882011303,0.007158029121699669,0.0374169897264029,0.012685389256879027
B:AG,0.04646196385095559,0,0.06681204204502006,0.0574854973741749,0.10325540795877165,0.04566915187148703,0.033735608076182075,0.06431428657793183,0.04689204446322917,0.0304015552902832,0.02979116961244487,0.044210802076477984,0.052713776844905295,0.04099447789221257,0.013274164988680554,0.05421561197925643,0.04597354924688165,0.0563198781562004,0.047130153211577916,0.00857721803071868,0.04669795136323887,0.008402746364333961,0.03545168805314545,0.021219254671889856
B:CC,0.043124185626941966,0,0.06585531337460775,0.05530283755201065,0.09326707838284465,0.03899802879957235,0.03394923709146421,0.06135072204531962,0.043003394987959485,0.030514413921249643,0.029817940236903852,0.042809358961508906,0.05536130536130536,0.04194647689686278,0.011033710868330493,0.055834187862853796,0.041519854640031044,0.06266464149595351,0.05540692310262321,0.008128310498762538,0.05847294932190191,0.009754486601234121,0.03454034021839975,0.02734430215135838
B:GA,0.047381610478073384,0,0.06657679071912584,0.05756941465601486,0.1041324659659353,0.04661013942597651,0.03357511683335645,0.06515769681058645,0.04789312932783327,0.030207994014003876,0.0296790590117301,0.044911742034529134,0.052405847956988556,0.0409892374627891,0.01368716074786249,0.052819965361207775,0.046236014668270674,0.0548957127237895,0.04627665235746976,0.008770645397459177,0.046906214018712686,0.008257836462327894,0.035543142067426314,0.019516411498530915
N:AA,0.06531995501319252,0.0127789022502293,0.07059679553307664,0.08348971430950598,0.06323465205986219,0.0757251879913659,0.06937869820611023,0.06063200394361588,0.05023139680067865,0.05157351660063621,0.042600073912597174,0.04070177845126665,0.04242626330978387,0.040973633189951786,0.0414121505847732,0.030578273570935344,0.02419989204007693,0.023511178833208017,0.02049565871697828,0.031054858348719367,0.013485635589776182,0.01979206917755687,0.015824749577978716,0.009982961988124114
N:AG,0.06230439988199428,0.012281996236493843,0.0743400006848926,0.08321660026540652,0.06049091060300966,0.06847575022859886,0.06604664033587815,0.05840378332975644,0.050279080976214446,0.05136634161209682,0.04303600131618493,0.04280686007154788,0.04371599332718915,0.04128969957674913,0.03773027014759436,0.03071412816467711,0.02601912551975798,0.02636237582865093,0.02416002069141398,0.029914348010950626,0.01669897502205163,0.022413012789412327,0.015240553639959612,0.01269313173951875
N:CC,0.060600846093836,0.012064650399741276,0.07685706782112887,0.08304488909300463,0.057754706674410884,0.06292920552119502,0.06271940261288339,0.05679607839573768,0.05066165825036828,0.05078142645420423,0.04369120241467,0.044647661756716514,0.04402614224083032,0.041105472438640024,0.03494199211764336,0.03076780803480786,0.02732402527824135,0.02924756817663486,0.027366355294164264,0.02813409927383823,0.019716104667280503,0.024565692040494167,0.014957582839301906,0.015298362110226373
N:GA,0.06313657722889308,0.01259739641859918,0.07332570964717769,0.08267510834726116,0.06037847987067055,0.06918536463361064,0.06628091042726009,0.05836553267529164,0.05027091888936302,0.05130996209453947,0.0428725369738017,0.042579061616537725,0.04372134674285203,0.04114837723503158,0.038143418173229686,0.030651106256595062,0.02572819141195666,0.026356645280503188,0.023981412798222346,0.030350613790174265,0.016418890478483602,0.022304431816465287,0.01562617335720998,0.012591833836270381
Q:AC,0.05289882133054125,0.008190413354602724,0.0783751580771882,0.08169731687209872,0.06734732442244429,0.0641079287387882,0.06169640373800024,0.05777222159084757,0.054181541579627984,0.0493131689218889,0.04149935336764122,0.045521354439910754,0.04569369660683965,0.04536437851599607,0.03330625412602942,0.030826377349936446,0.0289394135053262,0.028130968264055114,0.028326052740583446,0.027388020199584417,0.0202705647174277,0.02190097236499292,0.013752824614254072,0.013499470561394486
Q:AT,0.055870652822488064,0.008685043854468716,0.07574477819909717,0.08399817928869355,0.07021529064909837,0.07152481776020879,0.06478231897165618,0.06058217753212856,0.05439992823398767,0.0507976923836572,0.040866192729213394,0.044178606681079355,0.04479459268330941,0.04530396751018348,0.03651376793812434,0.03081768577251679,0.027280883587263303,0.024143111295612626,0.023314035659184187,0.02812855723112759,0.01465428314831936,0.019324603804378143,0.013680020069922048,0.010398812194281704
Q:CA,0.05255366088349334,0.008223332353722764,0.0787174948761583,0.08158160928791833,0.06675150370925778,0.06301504808007,0.06113721881547422,0.0571369109311664,0.05409721240637736,0.049200426000435796,0.04164050130826206,0.04590131712240838,0.046115879276236414,0.04514890960103489,0.03271869043726772,0.03076840704556934,0.029175291027243283,0.02887296730513964,0.02897167884167582,0.027148815181304294,0.020765002447384745,0.02256725840351433,0.013715868328613403,0.0140749963302714
Q:CG,0.04507458315495195,0.005774394096527243,0.0809394219376541,0.07472065756441401,0.057021600723287595,0.05123306447454901,0.05338355762502762,0.05149750568216341,0.055301778704488214,0.045602477323399705,0.04279203978804219,0.04733286335951358,0.04542915928449161,0.04484486689457455,0.028709216461042613,0.03052936256685447,0.030875078552840038,0.03921945951965686,0.042539866471502694,0.025763048341931476,0.03767673813951366,0.02635814329148949,0.015753982711201882,0.021627133330882026
Q:GC,0.04876135105772405,0.007152943899004398,0.0814293809764764,0.07994260622623417,0.06380387206752629,0.057406985117989695,0.057996351082324774,0.05466614323171714,0.05404491270599064,0.04777368610233416,0.04233800127219061,0.046872753754096816,0.0469078368769789,0.045036753042610116,0.030171967258866197,0.030877522490380654,0.030459767656299947,0.03270070514026985,0.03411041099416942,0.025907204730633654,0.026200527248530198,0.02460460232943107,0.01369089373681659,0.01714282100140428
Q:TA,0.05568591467624127,0.008396473296545888,0.07609927877542622,0.08460202072630373,0.07134126643521206,0.07292051536527625,0.06545541558604212,0.061448995819514005,0.05436679781795866,0.05088553081451648,0.04078428870674828,0.043689712929700114,0.04452138997956808,0.045639665616751535,0.037070652807637716,0.031024235642378044,0.027146760404909036,0.0230391436000248,0.022550344389389933,0.028081203034156475,0.013722794191868268,0.018447898541412655,0.01340167201662896,0.009678028825789458
T:AA,0.0396240754439028,0.002158774678577983,0.08460091495743707,0.0837444420156372,0.07900684558276863,0.06099249362855659,0.05724036485556287,0.059325098319717745,0.0609519224566056,0.048323013860277333,0.039040130854947806,0.05049469897161239,0.04746391029057791,0.052037985014189735,0.02769607259781395,0.031460062684104804,0.033152558567485314,0.026235682651071637,0.030501175326965127,0.024452116935168175,0.018988201007530486,0.020010638384493826,0.010364579973280337,0.012134240941714681
T:AG,0.037378310984081425,0.0017795019730747076,0.08786554021670478,0.07920837970379556,0.0750615315839648,0.0540462786757871,0.05403974985423041,0.055131450713135556,0.05887174888714587,0.04576096526101631,0.04006070120658196,0.04989544956720226,0.05041653824660444,0.0512322883393302,0.02474575784985296,0.0310683528148326,0.03383426418139378,0.03200837800220722,0.037149893223625774,0.02318598370749642,0.027103504126584885,0.023005531174400667,0.010886195736094886,0.01626370397085543
T:CC,0.035019016206317664,0.0014952944456062519,0.08946157695511127,0.07559746875345322,0.07058715871966491,0.048386081423584616,0.05090221485979583,0.0513913522089005,0.05728024379981852,0.043463466739290954,0.041074468825645305,0.04988643606246326,0.05178945008078269,0.05035757672419045,0.022758622591337003,0.030741950178539753,0.03430381288936537,0.03723818229996022,0.043294910968026123,0.021965814976981107,0.0359269908861079,0.025493605719772598,0.011523820148469298,0.020060483536815193
T:GA,0.03821624414244978,0.001837585051387149,0.08688932776497335,0.07963512674905973,0.07557950255586651,0.055117609409201296,0.05454408375700903,0.0557791783192698,0.059428310155036274,0.046385982900680994,0.03978200007970117,0.049944486797655015,0.04988037577048449,0.05136612967937676,0.02523076619269089,0.030798469748552666,0.033466421152065856,0.03127182192079099,0.03593756756581562,0.02345883750679983,0.0263949256231399,0.022597947303853692,0.0109640249887498,0.015493274865389407
U:AA,0.03926378672652767,0.002014208768674956,0.0845205078168243,0.08378164443125442,0.07968579451634814,0.06208007418366638,0.05755056190230941,0.060127259491350546,0.061083155336852345,0.04880879623769461,0.03844498372247189,0.04926739819234607,0.04805922305899346,0.05239645523447365,0.02789403067867051,0.03077459056268944,0.03265118223431056,0.02602480667068078,0.03031881584363732,0.024601995674460597,0.018767461397912785,0.019945463748693656,0.010309355463959988,0.011628448105196532
U:AG,0.03692299204780122,0.0017232382519399164,0.08799991943289596,0.0794569339930393,0.07525892037917568,0.054226661568890146,0.054219404947510964,0.05550516428973359,0.05878306389695849,0.045790711294376465,0.03991033606983549,0.04968726113257881,0.050443008013298596,0.05120263904712839,0.025018958214083144,0.030910788201538378,0.033950765986973594,0.03185653296702281,0.037154529438281333,0.02326159988661994,0.02680631987994106,0.02301018819175357,0.01076789579063745,0.01613216707798569
U:CC,0.035715436519990325,0.0015050582572621784,0.08911687457114557,0.07536642207847194,0.07048543453582308,0.048283436694521585,0.0510826612718576,0.05132081611132855,0.05737988964792609,0.043399847613764274,0.04104184998508908,0.04934086304672731,0.05177999519430493,0.05027536291989091,0.02255357061409657,0.030629870714509854,0.03408437862170998,0.037396045351716235,0.043591844168901835,0.022046818375183967,0.03650618239557114,0.025547317216312843,0.011507561515042078,0.020042462578852088
U:GA,0.03744765884814059,0.001791541643555259,0.08737869669173394,0.07986509237052541,0.07560619725606416,0.05520685566554659,0.05454001497543078,0.056139147876252855,0.05920240360025028,0.046362186545799974,0.039666035572082016,0.049814163861282686,0.050106196529235904,0.05141414126730742,0.025472492008177302,0.03075672719346209,0.03361746780098944,0.031136034628589725,0.036064511613988576,0.023498232665198196,0.02611927223864277,0.022558575261576834,0.010818070113175465,0.015418283772991741
