,X,1,2,3,4,5,6,7,8,9,10,11,12,13,14,15,16,17,18,19,20
B:ACA,0.01607003,0.22947511,0.059373797,0.081020701,0.03759079,0.059373797,0.025623747,0.057999495,0.01944603,0.045172684,0.069196399,0.042447318,0.027276892,0.040893761,0.028561565,0.006569425,0.024365631,0.062895859,0.014499874,0.016939756,0.03520734
B:ACC,0.01669999,0.21452183,0.054247756,0.078137622,0.037948794,0.054247756,0.029177719,0.065889052,0.021277449,0.04519596,0.076785581,0.041781485,0.031583892,0.038418571,0.032844269,0.006651351,0.023448734,0.054654514,0.012701159,0.018470247,0.045316269
B:ACG,0.015724187,0.165429219,0.058612413,0.077813418,0.042058276,0.058612413,0.03362419,0.069872816,0.021601131,0.046656647,0.071353267,0.046723941,0.041295619,0.043493865,0.031111909,0.009622934,0.030528701,0.047666046,0.016800879,0.018281331,0.053116799
B:ACT,0.017340512,0.22778961,0.059343492,0.08293189,0.038689361,0.059343492,0.026504383,0.056427507,0.020361619,0.046948271,0.066743147,0.041920711,0.024424801,0.041966416,0.028392003,0.006970027,0.022943956,0.065824474,0.015009552,0.014913572,0.035211203
B:ATA,0.01857128,0.258162967,0.06756795,0.088945914,0.037703897,0.06756795,0.019778862,0.046496599,0.016443862,0.042845552,0.063388586,0.037128409,0.015085333,0.039647349,0.025458268,0.005146372,0.020519449,0.078969216,0.014401351,0.011556931,0.024613904
B:ATC,0.018585886,0.240139409,0.060768827,0.082131914,0.039417947,0.060768827,0.024872737,0.056172711,0.018488226,0.04376381,0.072018018,0.039222628,0.022864607,0.038239926,0.027936814,0.006518793,0.02226644,0.064205232,0.012946031,0.014783256,0.03388796
B:ATG,0.017710498,0.244780845,0.059794976,0.083192449,0.038053695,0.059794976,0.024576165,0.054241357,0.018024529,0.045130151,0.070906518,0.038815113,0.023625468,0.038750586,0.027802513,0.006452695,0.023651279,0.06353754,0.013443115,0.01503478,0.032680751
B:ATT,0.018421703,0.252566941,0.066110513,0.089622148,0.038819102,0.066110513,0.021548495,0.045926589,0.017383624,0.042012867,0.06389204,0.037751724,0.016094398,0.041297095,0.02618636,0.005784775,0.020162995,0.078236774,0.015052134,0.011544434,0.025474774
B:CCA,0.016414864,0.21990384,0.052734337,0.078269425,0.038444835,0.052734337,0.028037096,0.067780976,0.020830851,0.044986183,0.078100319,0.041019866,0.032318566,0.036961309,0.032249386,0.006821912,0.023924732,0.05351069,0.012183358,0.018374963,0.044398154
B:CCC,0.014934275,0.206956605,0.048839373,0.076823246,0.038576234,0.048839373,0.029420044,0.079452251,0.02103204,0.043190114,0.080554429,0.040379798,0.039096309,0.035365126,0.033752415,0.006584441,0.024758451,0.044421118,0.011689768,0.019896462,0.055438128
B:CCG,0.013718775,0.160838034,0.052800161,0.074576954,0.044500403,0.052800161,0.038759065,0.085213537,0.023186946,0.040350524,0.081244964,0.042788074,0.046897663,0.036603546,0.037489927,0.008481064,0.026712329,0.034790492,0.01373892,0.019822724,0.064685737
B:CCT,0.017316017,0.216724537,0.051320497,0.07967322,0.037844968,0.051320497,0.028713474,0.07001939,0.02126924,0.04520653,0.077561328,0.041444956,0.032362314,0.036879209,0.032005321,0.007169913,0.023941047,0.051512145,0.012584927,0.019206199,0.045924272
B:CTA,0.019107689,0.237177888,0.060775564,0.083121058,0.038290811,0.060775564,0.024097854,0.057236029,0.01940942,0.045364079,0.066496846,0.040872931,0.021927712,0.04059441,0.028467149,0.00594758,0.021393881,0.067042283,0.014065302,0.015289633,0.032546319
B:CTC,0.016175121,0.217835335,0.052392545,0.079666361,0.039206609,0.052392545,0.028726504,0.067294568,0.020581075,0.046102885,0.075882987,0.041345732,0.032573732,0.038264756,0.031172926,0.007686475,0.024109031,0.052396536,0.012878637,0.018841042,0.044474598
B:CTG,0.015993733,0.212926285,0.052319773,0.079372429,0.037591457,0.052319773,0.02975475,0.067628468,0.021686525,0.04656038,0.076210472,0.042554811,0.033237026,0.039002762,0.0323617,0.007440273,0.024594765,0.051970911,0.01312038,0.018930516,0.044422808
B:CTT,0.017762028,0.2302293,0.060009868,0.083469286,0.039172258,0.060009868,0.025422172,0.057524913,0.02005611,0.045143353,0.068163402,0.041135012,0.023185713,0.039442362,0.029236038,0.006835428,0.023084874,0.065116631,0.014225468,0.015424729,0.035351189
B:GCA,0.016329299,0.217306032,0.055379106,0.081431826,0.038005747,0.055379106,0.029584962,0.064185316,0.02147154,0.046216745,0.07313301,0.041528231,0.030829052,0.038488747,0.031273022,0.007342574,0.024691539,0.053949622,0.013899663,0.017500207,0.042074655
B:GCC,0.015836689,0.198644044,0.048399124,0.078036274,0.039204552,0.048399124,0.031461151,0.076992348,0.023637448,0.044728178,0.081667068,0.042439573,0.038086061,0.036072776,0.035034587,0.007204231,0.025157449,0.044246366,0.012332083,0.020264767,0.052156107
B:GCG,0.014044744,0.159758962,0.055918009,0.073900975,0.043818652,0.055918009,0.038765391,0.086664611,0.024293611,0.040070224,0.075110911,0.043272995,0.047614529,0.037080971,0.037009798,0.009110104,0.02585941,0.03757918,0.014353159,0.019192902,0.060662855
B:GCT,0.016635436,0.212622956,0.053360761,0.080240437,0.038612904,0.053360761,0.028959678,0.067155666,0.021812534,0.046520578,0.074289065,0.042676697,0.03244162,0.038901539,0.032652369,0.007367056,0.02475844,0.052183315,0.013318428,0.018642134,0.043487623
B:GTA,0.018486474,0.229360404,0.062618884,0.083681179,0.039013791,0.062618884,0.025143982,0.052110853,0.019939501,0.046318556,0.066581687,0.041365053,0.022422857,0.042824686,0.028538783,0.006452763,0.022039787,0.068609321,0.014655765,0.014398182,0.032818609
B:GTC,0.015825467,0.215319518,0.054308655,0.080596011,0.038813155,0.054308655,0.029101779,0.065436947,0.020089156,0.046137124,0.073919035,0.041925195,0.032382037,0.03931134,0.030551045,0.00726574,0.024961019,0.055473244,0.013651568,0.018258163,0.04236515
B:GTG,0.015083211,0.211017082,0.055034708,0.077883449,0.037433404,0.055034708,0.028797526,0.067075927,0.020748922,0.045832682,0.072234639,0.044311686,0.034209737,0.039786723,0.030305847,0.007250081,0.026127333,0.054531935,0.014124139,0.019185676,0.043990587
B:GTT,0.017477981,0.233207655,0.061328123,0.081869203,0.038288735,0.061328123,0.025425755,0.053721258,0.020128935,0.045061135,0.068349845,0.041244982,0.022474597,0.041565539,0.029145233,0.00648746,0.022566185,0.06688953,0.014984761,0.01456244,0.033892527
B:TCA,0.017969189,0.23553719,0.05757442,0.082748937,0.037823959,0.05757442,0.026085212,0.056651689,0.019429511,0.045602985,0.071246891,0.04073658,0.025078232,0.039621279,0.028083126,0.00708096,0.023308995,0.063054642,0.013780791,0.015437696,0.035573297
B:TCC,0.01710772,0.223757003,0.05325681,0.079363262,0.038866768,0.05325681,0.027683322,0.068567427,0.019358505,0.044293315,0.07642535,0.040232214,0.031700377,0.036351704,0.030497903,0.007426266,0.023978999,0.053318475,0.012478417,0.018125198,0.043954156
B:TCG,0.014748258,0.178708021,0.057788023,0.080106879,0.047178708,0.057788023,0.034604705,0.068895059,0.021087651,0.043380311,0.074003248,0.042463457,0.037931576,0.040420181,0.034683292,0.008670823,0.026693561,0.046052287,0.014591083,0.01838948,0.051815372
B:TCT,0.016909742,0.232181923,0.059064159,0.081951641,0.039010427,0.059064159,0.025689247,0.058801893,0.019295721,0.045176869,0.070236039,0.040705559,0.025001599,0.039502974,0.029367364,0.006882876,0.022698778,0.06283183,0.013420329,0.016519542,0.035687328
B:TTA,0.017426214,0.235919995,0.066910759,0.089098111,0.039023453,0.066910759,0.023090404,0.046511628,0.019236787,0.044517762,0.0610141,0.040141091,0.016871865,0.044352351,0.027762131,0.005682072,0.021633003,0.07744338,0.016567867,0.012195667,0.027690602
B:TTC,0.018066945,0.239050013,0.060607939,0.083094778,0.038601439,0.060607939,0.024683228,0.056273266,0.018543411,0.0439394,0.068405701,0.040154793,0.022463597,0.039093399,0.028355497,0.007038516,0.022548818,0.065876173,0.013802,0.014956363,0.033836785
B:TTG,0.01819935,0.240470096,0.060054827,0.083442872,0.038854682,0.060054827,0.024538206,0.054377529,0.019851084,0.043827182,0.070557612,0.039767028,0.022164378,0.038820091,0.02842108,0.006338856,0.021632537,0.06738386,0.013910028,0.014312152,0.033021723
B:TTT,0.017474548,0.238423653,0.065303776,0.086540859,0.038108709,0.065303776,0.023035672,0.04782414,0.020863119,0.044084501,0.062909898,0.041543072,0.018169052,0.043105071,0.028828297,0.005680691,0.020880927,0.075311764,0.015815877,0.012513801,0.028278799
N:ACA,0.058093633,0.092672623,0.097376865,0.060754328,0.061817639,0.097376865,0.05249923,0.049799322,0.044343068,0.041147928,0.033876633,0.032832002,0.015533674,0.04033046,0.04179465,0.042309882,0.033446305,0.031757267,0.031128764,0.021478206,0.019630656
N:ACC,0.057688502,0.095217584,0.094189537,0.061567535,0.061450813,0.094189537,0.052611575,0.05088424,0.045441721,0.040973968,0.036825212,0.03165609,0.017269121,0.039404283,0.041035748,0.041119443,0.032785297,0.032163727,0.03067973,0.022549054,0.020297281
N:ACG,0.043093813,0.094286157,0.090749995,0.061983642,0.059052913,0.090749995,0.052070351,0.051629242,0.046410191,0.042244871,0.040140284,0.03208499,0.02146952,0.038240897,0.042585434,0.04255678,0.033704204,0.035426633,0.032011352,0.025190444,0.024318292
N:ACT,0.060965523,0.092194355,0.098699499,0.060869248,0.062262742,0.098699499,0.052768166,0.049925413,0.043807788,0.040925164,0.032676849,0.033144781,0.013822142,0.039715275,0.042032989,0.042476668,0.03326068,0.031016886,0.031057558,0.020654363,0.01902441
N:ATA,0.070420588,0.087216568,0.104130746,0.059399296,0.062091122,0.104130746,0.052027562,0.049339934,0.040477662,0.040814905,0.026895718,0.035255686,0.010635482,0.041045042,0.043264242,0.044044943,0.033770886,0.0281948,0.030405134,0.018230065,0.018208873
N:ATC,0.063115981,0.092260111,0.099445705,0.060417476,0.061923283,0.099445705,0.052260668,0.050030595,0.043322876,0.04074198,0.031689388,0.033046141,0.013795073,0.040301551,0.042029168,0.042407957,0.033256086,0.030578737,0.030758294,0.020348815,0.01882441
N:ATG,0.061888564,0.091913762,0.099165996,0.060395395,0.062020815,0.099165996,0.052541677,0.04976891,0.043356592,0.041020345,0.031822637,0.033446283,0.013840144,0.040002513,0.042145567,0.042670213,0.033759036,0.030808174,0.030926069,0.020584782,0.018756529
N:ATT,0.068348908,0.087747949,0.10435446,0.059680987,0.062166721,0.10435446,0.052213251,0.049132242,0.041044191,0.040717802,0.027300426,0.035020683,0.010636122,0.040584498,0.043335313,0.044022869,0.033624637,0.02863093,0.03060422,0.01844947,0.018029863
N:CCA,0.058194652,0.095808899,0.094114585,0.061781993,0.061484723,0.094114585,0.052554073,0.050736233,0.045665123,0.040879906,0.036872664,0.031474352,0.017243125,0.039241506,0.04090401,0.041015206,0.032689768,0.032097562,0.030629177,0.022525823,0.019972036
N:CCC,0.054763939,0.097279586,0.090216472,0.062581071,0.060581712,0.090216472,0.052740148,0.05166738,0.046731738,0.041093227,0.040675823,0.030833078,0.020478822,0.038518692,0.040348161,0.040247866,0.032398391,0.03283512,0.030423245,0.023945701,0.021423357
N:CCG,0.043503595,0.096744971,0.08619205,0.06341134,0.058213247,0.08619205,0.052376441,0.053107725,0.047647539,0.041501335,0.04516364,0.030557649,0.024963925,0.037910664,0.041657844,0.040024734,0.032453193,0.035235966,0.030978856,0.026534907,0.025628328
N:CCT,0.056747359,0.095932257,0.093214506,0.061763191,0.061488854,0.093214506,0.052927483,0.050933314,0.046016494,0.040970476,0.037729966,0.031479477,0.017471382,0.039227557,0.040867981,0.041103186,0.032800568,0.032260691,0.03077014,0.022872679,0.020207932
N:CTA,0.064011868,0.091203389,0.099212631,0.060417997,0.062224839,0.099212631,0.052634915,0.050030084,0.04334814,0.040917662,0.031763282,0.033321252,0.013211819,0.039969023,0.042134536,0.042471021,0.033323724,0.030551254,0.03093721,0.020246227,0.018856498
N:CTC,0.054931454,0.095524714,0.0935297,0.061627996,0.061411886,0.0935297,0.052857749,0.050765456,0.046210278,0.041079915,0.037919041,0.031610364,0.017689065,0.039341619,0.041021505,0.041249116,0.03297896,0.032464467,0.031025295,0.022836218,0.020395504
N:CTG,0.055075001,0.096257411,0.093466773,0.062041453,0.061654868,0.093466773,0.052968993,0.05074659,0.04619791,0.040858767,0.037863036,0.031482677,0.017545095,0.039153654,0.040921118,0.041100862,0.032811323,0.032350246,0.030883641,0.022977559,0.020176251
N:CTT,0.061156899,0.09214974,0.098664704,0.060697471,0.062117514,0.098664704,0.052548365,0.049975525,0.043998378,0.040924895,0.032837438,0.032907853,0.013772263,0.039943363,0.041896821,0.042313117,0.033259532,0.031186705,0.031105906,0.020808761,0.019070046
N:GCA,0.056035771,0.094868002,0.094759646,0.061532997,0.061823495,0.094759646,0.052933971,0.050351593,0.04561229,0.041038981,0.036657896,0.032036022,0.016627293,0.039171527,0.041213835,0.041526919,0.033269476,0.032301763,0.031042989,0.022578316,0.019857572
N:GCC,0.052500723,0.09785707,0.089241259,0.063009474,0.060852451,0.089241259,0.053099558,0.051629588,0.047662253,0.041019303,0.041666247,0.030620707,0.020289041,0.038326874,0.040397742,0.040046256,0.032430449,0.033283197,0.030767664,0.024628634,0.021430251
N:GCG,0.042725421,0.096806693,0.085371209,0.063406424,0.058027983,0.085371209,0.051921256,0.052719928,0.047898639,0.041454198,0.04609345,0.030288251,0.026170405,0.037715194,0.041499052,0.040309808,0.032492982,0.035663655,0.031160482,0.026670421,0.026233339
N:GCT,0.054894106,0.095245554,0.093453056,0.061940464,0.061567838,0.093453056,0.052884974,0.050717041,0.046342499,0.041081668,0.038061446,0.031641423,0.017473625,0.038890262,0.041066235,0.041215637,0.032954258,0.032614236,0.031109387,0.023023557,0.020369677
N:GTA,0.063756022,0.090613663,0.099731586,0.06030355,0.062088604,0.099731586,0.052479085,0.049829085,0.042817651,0.040936417,0.031136275,0.033751732,0.013281222,0.04030988,0.042364072,0.042921683,0.033469599,0.03046475,0.030892947,0.020034642,0.019085947
N:GTC,0.055567785,0.095061807,0.094586723,0.061589751,0.06142606,0.094586723,0.052859804,0.05070264,0.045460779,0.04116264,0.036352827,0.0319557,0.016796529,0.039351923,0.041516474,0.041634699,0.03319475,0.032263225,0.031064881,0.022619725,0.020244555
N:GTG,0.052084978,0.095385384,0.093020328,0.061761367,0.06137714,0.093020328,0.052796441,0.050384394,0.046298033,0.041354211,0.038166688,0.031685859,0.018741811,0.039684201,0.041003423,0.041374687,0.033232801,0.033291691,0.031252349,0.023407108,0.020676778
N:GTT,0.061985793,0.091495495,0.09986952,0.060422849,0.062062232,0.09986952,0.052252927,0.049817147,0.043325729,0.040899813,0.031843371,0.033227765,0.013570443,0.039991967,0.042173301,0.042582391,0.033165249,0.030940822,0.030949974,0.020361947,0.019191743
N:TCA,0.060920818,0.092473004,0.098908535,0.060740762,0.061993628,0.098908535,0.052645989,0.049912144,0.043738722,0.040855813,0.032411187,0.033149271,0.014011072,0.039974367,0.042095118,0.042470138,0.033361503,0.030878094,0.030960161,0.02072369,0.018867448
N:TCC,0.05828903,0.095289695,0.094853432,0.061421083,0.061423402,0.094853432,0.052566728,0.050648154,0.045304183,0.040915376,0.036166662,0.031724063,0.016759828,0.039462394,0.041178217,0.041469661,0.032859383,0.031968721,0.030711548,0.022206052,0.019928955
N:TCG,0.047804466,0.094536636,0.091818292,0.061553094,0.059005103,0.091818292,0.051877867,0.051531831,0.045813772,0.041700042,0.039474794,0.031865704,0.020653941,0.038599853,0.042291409,0.042285731,0.033243939,0.034476157,0.031526505,0.024539491,0.023583082
N:TCT,0.060175017,0.092877433,0.097916163,0.060722281,0.061965641,0.097916163,0.052552009,0.050120783,0.044356881,0.04085658,0.033596195,0.032637993,0.014540821,0.04014072,0.041729817,0.042037957,0.03323126,0.031228401,0.031046307,0.021076237,0.019275342
N:TTA,0.065638265,0.087423032,0.103439303,0.059896609,0.062338748,0.103439303,0.052443805,0.04937431,0.041508701,0.041022768,0.028470399,0.035112249,0.011086577,0.040123691,0.043297214,0.044105364,0.033795887,0.029079425,0.030876341,0.018923465,0.018604544
N:TTC,0.062808092,0.091668362,0.100106972,0.060383577,0.062009003,0.100106972,0.052359494,0.049721673,0.043262342,0.040727791,0.031407778,0.033245961,0.013179037,0.040247695,0.042198492,0.042638011,0.033276298,0.030708657,0.030953695,0.020240947,0.018749153
N:TTG,0.064038065,0.091689529,0.099995635,0.060420447,0.062027441,0.099995635,0.052224315,0.049730631,0.043266116,0.040777449,0.031433111,0.033080958,0.013245386,0.040227873,0.042084019,0.0423958,0.033056686,0.030602228,0.0307827,0.02017117,0.018754806
N:TTT,0.0665582,0.088639969,0.102749074,0.060140929,0.062214982,0.102749074,0.05213175,0.04927638,0.041899316,0.040677831,0.029332417,0.034265858,0.011777811,0.040454375,0.04279822,0.043371797,0.033111436,0.029452123,0.030640748,0.019073328,0.018684381
T:ACA,0.035886686,0.096924892,0.073321478,0.068403671,0.073241221,0.073321478,0.050665366,0.056394689,0.058874482,0.049834931,0.056735432,0.032444616,0.025161325,0.044852429,0.037529703,0.033624267,0.028819011,0.031934727,0.030176388,0.021319359,0.020533849
T:ACC,0.033160984,0.102038244,0.068834855,0.070077856,0.071497002,0.068834855,0.050134293,0.05856169,0.058554474,0.048177025,0.06345926,0.031283386,0.027827399,0.043411415,0.037109723,0.032556535,0.028868752,0.031050107,0.029113793,0.023263931,0.022184423
T:ACG,0.024080495,0.097114242,0.070719034,0.068006841,0.069824608,0.070719034,0.048858797,0.059694075,0.057087903,0.049392754,0.06160514,0.03233813,0.03181651,0.043029221,0.039158129,0.033634662,0.030703104,0.032912953,0.029825255,0.024309499,0.025169613
T:ACT,0.038420953,0.096933136,0.074160678,0.068860114,0.073297755,0.074160678,0.051218889,0.056446384,0.058339127,0.049446586,0.05635727,0.032902929,0.022844007,0.044760766,0.037862855,0.033871921,0.02806367,0.031537641,0.02996934,0.020879487,0.019665813
T:ATA,0.0499459,0.091837495,0.079527485,0.065495027,0.075433194,0.079527485,0.051207064,0.054535431,0.056295796,0.052293761,0.046925618,0.034065513,0.018127997,0.04631722,0.038034693,0.034443342,0.027951687,0.030999763,0.031199164,0.017409522,0.018426843
T:ATC,0.040454686,0.097717744,0.074071629,0.067783422,0.074017384,0.074071629,0.05065556,0.056385256,0.05785637,0.050517552,0.055179985,0.032369393,0.022900437,0.044739793,0.037376844,0.033626715,0.028329488,0.031494183,0.030291306,0.020207599,0.019953024
T:ATG,0.040443502,0.096410805,0.074157297,0.067984276,0.074226433,0.074157297,0.050730072,0.056392498,0.057941307,0.050601766,0.054628738,0.032643747,0.023034833,0.044932557,0.037380348,0.0336167,0.028561756,0.031674876,0.030529048,0.020372999,0.019579147
T:ATT,0.048329022,0.091935788,0.079949016,0.066251416,0.075718798,0.079949016,0.051323003,0.054261639,0.056582253,0.052191355,0.0471793,0.033899181,0.018019887,0.045854588,0.037990675,0.03474793,0.027685456,0.031175788,0.031266616,0.017535821,0.01815345
T:CCA,0.033453506,0.102735482,0.068197798,0.070704022,0.07163273,0.068197798,0.050102591,0.058593746,0.05863792,0.048129502,0.064002696,0.031001007,0.027926827,0.043290697,0.036851096,0.032252925,0.028873708,0.030890905,0.029147704,0.023369248,0.02200809
T:CCC,0.02984876,0.105793416,0.064420618,0.07141338,0.069986194,0.064420618,0.049079449,0.060920084,0.058778415,0.047051111,0.068960624,0.030052704,0.031796402,0.042573237,0.03638269,0.031312056,0.029230909,0.030246053,0.028255689,0.024887133,0.024590456
T:CCG,0.021744922,0.10340943,0.065317377,0.070919522,0.066410295,0.065317377,0.047854402,0.063586495,0.057215553,0.046495073,0.071099369,0.029934891,0.036337455,0.040898462,0.037927226,0.031630199,0.030397356,0.031274853,0.027552211,0.026634397,0.028043135
T:CCT,0.032529402,0.102901354,0.067697236,0.070667975,0.071525046,0.067697236,0.050207849,0.059007492,0.059022567,0.047871772,0.064759257,0.031107368,0.027929883,0.043280997,0.036920805,0.032240427,0.028855477,0.030687806,0.02909133,0.023645116,0.022353604
T:CTA,0.04192806,0.096857124,0.074377354,0.068238945,0.073434278,0.074377354,0.051287482,0.056323597,0.057970107,0.049741955,0.055536775,0.032800725,0.021633469,0.044997408,0.037783001,0.033566125,0.027998802,0.031234828,0.030255987,0.020203458,0.019453167
T:CTC,0.031950997,0.101356521,0.068493971,0.069907924,0.07204208,0.068493971,0.050058256,0.058443334,0.059403265,0.04810857,0.063798559,0.031421136,0.028231373,0.044040248,0.036956445,0.03228033,0.028758873,0.031124054,0.029471922,0.023295085,0.022363087
T:CTG,0.030771598,0.102168304,0.068306236,0.071202099,0.071249961,0.068306236,0.050525871,0.058757308,0.059308906,0.047768767,0.064532951,0.031288367,0.02820067,0.043076909,0.037106825,0.032529325,0.028773343,0.030926385,0.029142758,0.023918546,0.022138635
T:CTT,0.038909957,0.097466359,0.073757243,0.068675748,0.073668933,0.073757243,0.050865128,0.056492707,0.058177299,0.049663576,0.056558206,0.032727792,0.022684423,0.044865869,0.037632069,0.033589276,0.028214951,0.03162832,0.030083287,0.020796269,0.019785347
T:GCA,0.032961761,0.099873151,0.069932102,0.070417757,0.072041374,0.069932102,0.050513249,0.058345695,0.058741962,0.048656253,0.061920713,0.031658152,0.027087072,0.043524596,0.03729779,0.032795863,0.028842639,0.031411645,0.029724896,0.023061518,0.02125971
T:GCC,0.028666613,0.105513195,0.064386703,0.073066212,0.06924683,0.064386703,0.049677019,0.060848864,0.059112348,0.046348619,0.070021681,0.030205319,0.031311402,0.041803125,0.036799636,0.031402959,0.029260147,0.030259978,0.028342887,0.025532534,0.023807226
T:GCG,0.022605319,0.102410988,0.065798529,0.070823194,0.065862815,0.065798529,0.048210784,0.063226166,0.057091159,0.046418355,0.069864585,0.030123409,0.036880473,0.041014595,0.038030048,0.032024084,0.030587115,0.031443152,0.027990645,0.02639438,0.027401676
T:GCT,0.031984014,0.101136021,0.068897946,0.070993929,0.071131796,0.068897946,0.050527187,0.058632987,0.059074895,0.047759705,0.064248159,0.031366894,0.027692806,0.043133748,0.037284028,0.032525243,0.028730082,0.031128907,0.029270991,0.023696524,0.02188619
T:GTA,0.041674978,0.095563371,0.075320449,0.067677374,0.073291594,0.075320449,0.05123247,0.055898519,0.057971908,0.050217226,0.054158101,0.033279726,0.021788545,0.044944033,0.037997278,0.034218423,0.028064787,0.031582208,0.030261215,0.020048998,0.019488349
T:GTC,0.031967658,0.100338594,0.069873293,0.070009931,0.071877352,0.069873293,0.050463019,0.058484971,0.058539384,0.0486222,0.061622146,0.031743189,0.027333073,0.043733356,0.03740855,0.032819584,0.029155644,0.031399121,0.029577429,0.023076412,0.022081803
T:GTG,0.030275778,0.09991586,0.069579639,0.06986006,0.071881435,0.069579639,0.050042189,0.058056103,0.059395539,0.048501994,0.062183808,0.031505747,0.029097408,0.043985236,0.037173019,0.032803401,0.029393985,0.031791391,0.029552963,0.0233816,0.022043208
T:GTT,0.039077069,0.096159404,0.075460948,0.067820887,0.07371677,0.075460948,0.050898453,0.055799355,0.057949835,0.050138076,0.054790108,0.032959597,0.022529567,0.044958602,0.038053722,0.034135787,0.028073628,0.031813108,0.03011248,0.02029449,0.019797166
T:TCA,0.038451133,0.097700317,0.073492774,0.068666436,0.073826734,0.073492774,0.050843333,0.056624794,0.058298095,0.04985316,0.056137611,0.032502758,0.023553049,0.044495662,0.037458844,0.033619637,0.028371386,0.03154413,0.030131185,0.020919798,0.020016388
T:TCC,0.033786732,0.101613375,0.069293675,0.069503796,0.072313404,0.069293675,0.05007407,0.058442164,0.058535318,0.048750814,0.062364907,0.031271639,0.027201152,0.043788397,0.036975921,0.032493354,0.028872464,0.031057848,0.029376801,0.022851427,0.022139066
T:TCG,0.027189304,0.098882029,0.070431285,0.06859124,0.069773001,0.070431285,0.048881635,0.060059491,0.056606859,0.04887237,0.063169315,0.031519339,0.03137712,0.042570263,0.03845842,0.032952647,0.030101782,0.031985836,0.029229938,0.02415221,0.024764632
T:TCT,0.037464956,0.098195714,0.072628428,0.068533086,0.073632756,0.072628428,0.050652848,0.056665629,0.058707178,0.049544482,0.057671271,0.03246491,0.024028689,0.045088057,0.037333649,0.033142887,0.028299685,0.031502985,0.030222748,0.021117377,0.020474237
T:TTA,0.0453889,0.091361368,0.079849561,0.066747003,0.074683777,0.079849561,0.051482951,0.054542836,0.057025284,0.051460192,0.048917992,0.034283519,0.01852116,0.045911447,0.038466146,0.035059235,0.027650997,0.031238008,0.030967716,0.018191186,0.018401163
T:TTC,0.040351768,0.096799217,0.074896712,0.067819549,0.07444078,0.074896712,0.050770527,0.056050551,0.057862067,0.05034214,0.05446398,0.032821281,0.022119688,0.045063452,0.037589646,0.033715525,0.028155656,0.031654827,0.030317947,0.020210332,0.01965764
T:TTG,0.041148816,0.097243387,0.074523599,0.068219163,0.074054802,0.074523599,0.050872253,0.055937121,0.057760323,0.050245083,0.054896976,0.032527667,0.022308659,0.044745365,0.037586712,0.033692451,0.028153246,0.031658322,0.030240639,0.020104155,0.019557663
T:TTT,0.044795941,0.093238271,0.078457959,0.067274157,0.074363598,0.078457959,0.051281553,0.054443829,0.057529316,0.050806547,0.05116147,0.033672343,0.019848385,0.045462942,0.038263622,0.034599144,0.027342546,0.031356053,0.030424822,0.018599182,0.018620361
U:ACA,0.03706092,0.119364304,0.087545111,0.061323949,0.071212519,0.087545111,0.050391675,0.046953032,0.049658069,0.044462086,0.050025668,0.027227747,0.027329658,0.035280939,0.034197498,0.028974253,0.027258192,0.035339622,0.032811043,0.02620196,0.019836643
U:ACC,0.034362397,0.12332481,0.08122538,0.063650287,0.068240001,0.08122538,0.050343215,0.048734077,0.051311746,0.044607679,0.056159102,0.026400322,0.030938545,0.033922094,0.03366263,0.028938294,0.027334527,0.03407551,0.032173636,0.027698985,0.021671384
U:ACG,0.024549672,0.115603074,0.079404455,0.061890225,0.066373288,0.079404455,0.050813771,0.051290912,0.051649435,0.045394734,0.05467514,0.028179527,0.034374728,0.033842283,0.03526684,0.030762037,0.03072237,0.034988794,0.034661928,0.029967947,0.026184385
U:ACT,0.039557,0.119452079,0.0885064,0.061780446,0.071821595,0.0885064,0.050894105,0.046894884,0.049864573,0.044230717,0.05029201,0.02713674,0.024978573,0.034855481,0.034559642,0.029081078,0.026669031,0.034901915,0.032604301,0.024759243,0.01865379
U:ATA,0.052115612,0.115391255,0.09889948,0.05803507,0.074623599,0.09889948,0.049614592,0.04439161,0.046092488,0.043465604,0.041766402,0.028040499,0.019183231,0.036476195,0.035152003,0.027080427,0.025182341,0.035533994,0.032090633,0.021697235,0.016268249
U:ATC,0.041751721,0.121015327,0.090045599,0.060651745,0.071815619,0.090045599,0.049561541,0.04653728,0.048632785,0.044136059,0.048736769,0.027374707,0.024935595,0.035317097,0.034560912,0.028686112,0.026171603,0.035093877,0.032018488,0.024618368,0.018293195
U:ATG,0.041656731,0.120480262,0.090213304,0.060434757,0.072309746,0.090213304,0.049867209,0.046328344,0.048568352,0.04418743,0.0479893,0.027216637,0.024839736,0.035274716,0.034549719,0.02892684,0.026465087,0.035352513,0.032115652,0.024726135,0.018284224
U:ATT,0.050203791,0.115265661,0.09861873,0.058561457,0.074831476,0.09861873,0.049950958,0.044519118,0.04648299,0.043797092,0.042220544,0.028121777,0.019155815,0.036127783,0.035305995,0.027820435,0.025063955,0.035591688,0.032317008,0.021469227,0.01595577
U:CCA,0.03451089,0.124799425,0.080789607,0.063961795,0.068420921,0.080789607,0.050217332,0.048593962,0.051254243,0.044383843,0.056464184,0.026243888,0.031254893,0.033852504,0.033620144,0.028968959,0.027161308,0.033898912,0.031842253,0.027662216,0.021309114
U:CCC,0.030958286,0.126359186,0.075586054,0.065026621,0.066022206,0.075586054,0.0496948,0.050211504,0.052262959,0.044628429,0.060949394,0.025732287,0.036138865,0.033279695,0.03298893,0.028844896,0.027696042,0.032776204,0.03149869,0.029589934,0.024168963
U:CCG,0.022770679,0.119418445,0.071880251,0.065684454,0.062340722,0.071880251,0.050204953,0.053512251,0.052602176,0.045456736,0.063224549,0.026638203,0.040078165,0.032755647,0.033562687,0.029619159,0.030360383,0.033091783,0.03313331,0.032283176,0.029502021
U:CCT,0.033919243,0.124384556,0.079897007,0.064296464,0.068689649,0.079897007,0.050457084,0.048735949,0.051397485,0.044519977,0.057295895,0.026252704,0.031253907,0.034078341,0.033432512,0.029032424,0.027428523,0.033718471,0.031843178,0.027774523,0.021695101
U:CTA,0.043154462,0.119682192,0.08944242,0.061454305,0.071923398,0.08944242,0.050650141,0.046230181,0.049159801,0.043950003,0.049423387,0.027229558,0.024150803,0.035053041,0.03453047,0.028552363,0.02637026,0.034948987,0.032323525,0.024311623,0.018016661
U:CTC,0.033270566,0.123391311,0.08115647,0.063357204,0.068930631,0.08115647,0.050308397,0.048594448,0.051354585,0.044420563,0.056278122,0.026446648,0.030986849,0.034621275,0.033483443,0.029302881,0.027291676,0.033852116,0.032102163,0.027913092,0.021781091
U:CTG,0.031927827,0.123680152,0.080152148,0.064711405,0.068634215,0.080152148,0.051068764,0.048669177,0.051765033,0.044509002,0.057118435,0.026190283,0.031308581,0.033803598,0.03370327,0.029248247,0.027634061,0.03394704,0.032234033,0.027859369,0.021683212
U:CTT,0.040184467,0.120017373,0.088488602,0.061589349,0.071761773,0.088488602,0.050505328,0.046593035,0.049600664,0.044235721,0.050462975,0.027187807,0.024881918,0.035052377,0.034313831,0.029024176,0.026516518,0.035116398,0.032428408,0.024766993,0.018783687
U:GCA,0.034232785,0.121985863,0.082550538,0.063645257,0.069672232,0.082550538,0.051023852,0.048024975,0.050757455,0.04456319,0.054702359,0.026377717,0.029753382,0.034187006,0.033889196,0.029529274,0.027488842,0.034479296,0.032321007,0.027231211,0.021034024
U:GCC,0.029803876,0.125518834,0.074264248,0.066752035,0.066270443,0.074264248,0.050860021,0.050105785,0.052849155,0.044516842,0.061950157,0.025583521,0.035629434,0.032826394,0.033115762,0.029019186,0.02832462,0.032983931,0.031830175,0.029801295,0.023730038
U:GCG,0.022963141,0.118277455,0.071902314,0.06513986,0.062306794,0.071902314,0.050328944,0.053721205,0.052419703,0.045881678,0.062974917,0.026578892,0.040730606,0.032094779,0.033968152,0.029460318,0.031100811,0.033365292,0.033596294,0.032400434,0.028886099
U:GCT,0.032879227,0.12237342,0.080694917,0.064561592,0.068525773,0.080694917,0.051209963,0.048316119,0.051828756,0.044358776,0.05697348,0.026287932,0.030981889,0.033752937,0.033819154,0.029297731,0.027656397,0.034090158,0.03230893,0.027691215,0.021696718
U:GTA,0.04278274,0.117864588,0.090718805,0.060844581,0.07202156,0.090718805,0.050320714,0.046268342,0.049141069,0.044163463,0.048111891,0.027509065,0.023721898,0.035221817,0.034858116,0.028547882,0.026593682,0.035383183,0.0326341,0.024205785,0.018367913
U:GTC,0.033190729,0.122273449,0.082338189,0.063190538,0.06916775,0.082338189,0.050838956,0.048773565,0.050794139,0.044665299,0.054490843,0.026698663,0.029954139,0.0342676,0.034053335,0.029385826,0.027779696,0.03439618,0.032610358,0.027362157,0.021430401
U:GTG,0.031131765,0.121580896,0.081522469,0.062976776,0.069033628,0.081522469,0.050553678,0.048635021,0.05125483,0.044753111,0.054609575,0.026715528,0.032168323,0.03461347,0.033567249,0.029533447,0.028062494,0.034496983,0.03266488,0.028525942,0.022077466
U:GTT,0.040474103,0.118311549,0.090236696,0.060890688,0.071880426,0.090236696,0.050512463,0.046449924,0.049332099,0.04425752,0.049090257,0.027426781,0.024299711,0.034974172,0.034723733,0.02878913,0.02656756,0.035406113,0.032899636,0.024562604,0.018678136
U:TCA,0.039735546,0.120627882,0.088760127,0.061350125,0.071901474,0.088760127,0.050224279,0.046766467,0.049314345,0.044216995,0.049736476,0.0271103,0.025620008,0.035015929,0.034464809,0.028976859,0.026496819,0.035022235,0.032233767,0.024964423,0.018701007
U:TCC,0.035079405,0.123938825,0.082373329,0.062938854,0.069251618,0.082373329,0.049945633,0.04849887,0.050503849,0.044474402,0.055041189,0.026674527,0.030051976,0.034576328,0.033717021,0.029148121,0.027112017,0.034052865,0.031840822,0.027116515,0.021290504
U:TCG,0.028149474,0.117269025,0.079555231,0.062603735,0.065700726,0.079555231,0.049971269,0.051304111,0.051016115,0.04500665,0.056444091,0.027926495,0.033788984,0.033441923,0.034485395,0.030284952,0.029858222,0.034190073,0.033847133,0.029859596,0.025741568
U:TCT,0.038903732,0.121251907,0.087434743,0.061586073,0.071241008,0.087434743,0.050274381,0.046850751,0.04967889,0.044174917,0.051062949,0.027067103,0.026113619,0.035305715,0.034073909,0.028966779,0.026510461,0.034880863,0.032359815,0.025555255,0.019272388
U:TTA,0.04712287,0.113688329,0.097012917,0.059282966,0.074164235,0.097012917,0.05088578,0.04506115,0.047880208,0.044041301,0.04403333,0.028069117,0.019736985,0.03571714,0.035381131,0.028067564,0.025777649,0.035410787,0.032910444,0.02201143,0.016731751
U:TTC,0.041766087,0.119948634,0.090513877,0.060656701,0.072440495,0.090513877,0.050008254,0.046221293,0.048663258,0.044092852,0.048504047,0.027487441,0.023980704,0.035391722,0.03445782,0.028930131,0.026209654,0.035328429,0.032316036,0.024237425,0.018331265
U:TTG,0.042627649,0.119841476,0.090193431,0.061050891,0.072033999,0.090193431,0.050073242,0.046162434,0.048742178,0.044128603,0.048953089,0.027187409,0.024322763,0.03511339,0.034512462,0.028577242,0.026058656,0.03535017,0.03234403,0.02435696,0.018176495
U:TTT,0.046493389,0.115332975,0.094863248,0.059986602,0.073406328,0.094863248,0.050495777,0.04514157,0.048373794,0.04397335,0.046291828,0.027753822,0.021277295,0.035290912,0.035112535,0.027811645,0.025572069,0.035420078,0.032634265,0.022603944,0.017301326