,X,Y,1,2,3,4,5,6,7,8,9,10,11,12,13,14,15,16,17,18,19
ACA, 0.05843569139433144, 0.032953222269539055, 0.07372808827213988, 0.0679335339155423, 0.05951900593240972, 0.0569071798319047, 0.056649828869692595, 0.05582987181290322, 0.05314524740965536, 0.04792709191021602, 0.04606739564349044, 0.04846771064342258, 0.04460350805961132, 0.04427857495973994, 0.04465898575172657, 0.046132498258708986, 0.03767960441577131, 0.03606738091168886, 0.03461153189514416, 0.033089469635290386, 0.021314578207071354
ACC, 0.05777678624019488, 0.03172464913667954, 0.071863650937027, 0.06839346940302587, 0.05690051634931101, 0.05841614597600499, 0.05733256874212995, 0.05480746342742151, 0.056541516295025365, 0.048223334339720314, 0.04697424520668643, 0.04744440097497582, 0.047776476652965104, 0.044205415609880776, 0.04415019159538418, 0.04501963807465869, 0.03800861435411717, 0.03464579177764937, 0.03546692892635143, 0.03230475872137852, 0.02202343725941184
ACG, 0.042955271517747785, 0.023680320491527258, 0.06962241937121719, 0.06967799650618355, 0.05671568562017846, 0.05928707824051029, 0.061048486387785074, 0.05452305185316277, 0.054214462708322544, 0.05151952627796222, 0.04871115510516666, 0.05161438347552965, 0.050661386808098424, 0.04415460532836163, 0.04622656246864003, 0.044213892077005566, 0.03954512449580571, 0.035531609509296375, 0.03794172870738517, 0.03355205998141131, 0.02460319306870222
ACT, 0.061452130613256516, 0.0325517797135581, 0.07378838785649736, 0.068042200425984, 0.0602159664468689, 0.05714590663289863, 0.055515238301967376, 0.05600254015118016, 0.053154913894819245, 0.04685847453403582, 0.04576246652607286, 0.04792350290065075, 0.04419341029250247, 0.04444578321312106, 0.0445353793921453, 0.04619571268475827, 0.037780734142458826, 0.03598832384426509, 0.03396758440300895, 0.03306976278408058, 0.02140980124586935
ATA, 0.07181130739102423, 0.037219242252153666, 0.07566656761380008, 0.06569724120688718, 0.06371632777959974, 0.055302823055292376, 0.05361033461453661, 0.05630227258348159, 0.04918654060343808, 0.04579213580668447, 0.042118179130216225, 0.049300029783721486, 0.03859053443450664, 0.044079236346475946, 0.04367812579572754, 0.04734425978447051, 0.03772640270428472, 0.03773966826682654, 0.032486243059338914, 0.032899817302564124, 0.01973271048496953
ATC, 0.06512404799202716, 0.036734854258119815, 0.07368232576691644, 0.06662078425635098, 0.06054124752837856, 0.05668975943514718, 0.054862938033834595, 0.05574292894677408, 0.05351806243087259, 0.046765080023233284, 0.044575904425541664, 0.04792927072758529, 0.042444376236209815, 0.04393952521327851, 0.04418850735816601, 0.046227036934168665, 0.03757874961545276, 0.03578515121154138, 0.03361971712278495, 0.03265262429534212, 0.020777108188274326
ATG, 0.06253139997848922, 0.03357893958972068, 0.07412735712191652, 0.06740014663952554, 0.06040504459379883, 0.05638294936761078, 0.05559255668055675, 0.05604255641151923, 0.052972047561775315, 0.047422702890893544, 0.04502886054572123, 0.04830716152512479, 0.04278427117595592, 0.044424618317501115, 0.044590458090502515, 0.04652490616633303, 0.037855360484667595, 0.03641298504697876, 0.03376890473752012, 0.03301215090033226, 0.020834622173556156
ATT, 0.07034329238619746, 0.03841051369574831, 0.07524091416242706, 0.06615273732762474, 0.06393379150584495, 0.055541719229516444, 0.05333502866598827, 0.05627497693907285, 0.049508759223755174, 0.04544934512759967, 0.04255493183472817, 0.04872223431166965, 0.03895318167081527, 0.044004281739568885, 0.04400234030710843, 0.047319811439997056, 0.03742155154750501, 0.0373790773817754, 0.03245365179223391, 0.03303348444584697, 0.019964375264976655
CCA, 0.0583890068201145, 0.030723639235258754, 0.07184671841001794, 0.06864122327054266, 0.056810746684872314, 0.058618616806029644, 0.05731000525760336, 0.054924207797416955, 0.05713619642996961, 0.04821454672085322, 0.047050465441113395, 0.04712802443197285, 0.04781334530209281, 0.044181013593555085, 0.04391969215936489, 0.04506196337756319, 0.03804994557956531, 0.03456364416579626, 0.03542987722525469, 0.032263695820332346, 0.021923425470710172
CCC, 0.05417905231662605, 0.027660146579615113, 0.07034018210980807, 0.06924189673817084, 0.05442093814346363, 0.0599514453453273, 0.059513420772797365, 0.05426119752114396, 0.058966249635282776, 0.049368581331009014, 0.04810847413018322, 0.04726600087934449, 0.0512158470824763, 0.044181689401484744, 0.04332773396859184, 0.04403614487000407, 0.038800882355039264, 0.033738537949105224, 0.036808994425965885, 0.03179862978434323, 0.022813954660217732
CCG, 0.04225361982058185, 0.021733218985273278, 0.06715224779068057, 0.07055602421079736, 0.05284447716318901, 0.0627333705054878, 0.0632151491187677, 0.052727013394301046, 0.05801039132136144, 0.052486678793439316, 0.04960240198685757, 0.04998914599828765, 0.05611814314599057, 0.043601815429831735, 0.044124836160538895, 0.04220234182667313, 0.040015325931858, 0.03336846962998356, 0.039909828288683745, 0.032036029311332016, 0.025319471186083693
CCT, 0.05628203354444653, 0.030935043812383534, 0.07164931018791859, 0.06873387199117931, 0.056185755361133786, 0.05888585114744847, 0.057404562325901756, 0.05501217780761454, 0.057157624397323685, 0.04828762769201231, 0.04758388641238539, 0.047028072772661494, 0.0487824947425328, 0.04436884610459522, 0.043886624980193606, 0.045048749475051095, 0.03818260783071582, 0.034572212315838284, 0.03562729654626858, 0.032201969205077695, 0.022183381347317434
CTA, 0.06522927141325167, 0.034460475012931646, 0.074201345696043, 0.0672757116259934, 0.06056474900569944, 0.0567887483037758, 0.05458918969830785, 0.055884310368130664, 0.052588911951833434, 0.04645489259967983, 0.04496742262150792, 0.04796094021181073, 0.04307368548031787, 0.04430505146840319, 0.04417802484637681, 0.046298395725917936, 0.03764016192791637, 0.036083622567751564, 0.03349631074166032, 0.032944520384294726, 0.02101425834839583
CTC, 0.05470829455581983, 0.029799399965927297, 0.07219417926443232, 0.06875385737502773, 0.05685545895513271, 0.05879312584847626, 0.057656111188414995, 0.055303080281709306, 0.05643142014996273, 0.04849747438968113, 0.04782500509913391, 0.04753347834822686, 0.04855760797563799, 0.044425834845232944, 0.04410447616886216, 0.04509476493840138, 0.038226845846152546, 0.034927460923398504, 0.035556826548520416, 0.03250739961868403, 0.022247897713164974
CTG, 0.05384374476539983, 0.028625819323234884, 0.07171898404945193, 0.06951369808374697, 0.05643737683935855, 0.05917113296965299, 0.05801394777613197, 0.055102828089847324, 0.057023496744662734, 0.0485715969738809, 0.04808215943430546, 0.04714486060938041, 0.04925793407865506, 0.04461368501721029, 0.04410735005317384, 0.04510792226268726, 0.038277230621581955, 0.034688726980869534, 0.03595470740339018, 0.03244993852199137, 0.02229285940138632
CTT, 0.0616780626523443, 0.03314272164150648, 0.07393955777202468, 0.0678334578986158, 0.06011914690639544, 0.057101091704074, 0.055039238324693235, 0.0559464171097947, 0.0532002062579135, 0.046978236490762465, 0.045718661478814995, 0.04801015083599163, 0.04421121963881446, 0.044246642250310615, 0.04476119203513353, 0.04615266823165612, 0.037676288134302786, 0.03584957924900042, 0.03386402561833058, 0.033077446903031577, 0.02145398886648872
GCA, 0.05493929104628577, 0.02850053170615416, 0.07243822774684726, 0.06922945053628385, 0.057606324972688375, 0.05821139886652554, 0.05764016751379604, 0.05558414664594077, 0.055507303278764825, 0.048696922807917986, 0.04756172255173262, 0.047627259521010615, 0.047702582816494574, 0.04468637855576833, 0.044535996769627266, 0.04556252803091518, 0.03822917426605299, 0.03540093336641314, 0.035381707664327425, 0.03288605727589895, 0.022071894060554233
GCC, 0.05129178106150704, 0.025976951252320423, 0.06994580076788863, 0.07058644883018696, 0.053806215666430166, 0.06060569788105731, 0.05957480089182149, 0.05435507299794084, 0.05904441532636665, 0.04952566085422337, 0.04914691534051596, 0.04693888373309285, 0.05270624975289212, 0.04438661807247, 0.043451966771422025, 0.04395738766107948, 0.038716337347188684, 0.03388596570283738, 0.03704182012225794, 0.03190818579929171, 0.02314682416720898
GCG, 0.039979290106187816, 0.0182117870291913, 0.06685610712831795, 0.07150183704801924, 0.05277723047824465, 0.06281271799417842, 0.06421477990342117, 0.053139501725877676, 0.057766710604845964, 0.052917255834057667, 0.05000746576437119, 0.05054394078092003, 0.05670821702391444, 0.04371953050986912, 0.0443795723625488, 0.04210327849570821, 0.04018406020112841, 0.03363083495177388, 0.040386670311373475, 0.03238240886904685, 0.025776802877003593
GCT, 0.053774440949783515, 0.02491506294292673, 0.07243402139376308, 0.0699459927780799, 0.05704974655165395, 0.05909252357454499, 0.05804289663609087, 0.05531486792164709, 0.056109667855107515, 0.0488299184988428, 0.048316773542568546, 0.047648876065949974, 0.049276177065523986, 0.04483723166963613, 0.04458101054418659, 0.045231844800890805, 0.038435003603849445, 0.035065447680653165, 0.03572607019413871, 0.03285694368841433, 0.022515482041748084
GTA, 0.06461862364311005, 0.03452764272451535, 0.07423234683368915, 0.06720733447736449, 0.060929038125262465, 0.056469860105943556, 0.05508364201204621, 0.05589278115036852, 0.05191350675782615, 0.046573442731375196, 0.04468182244581137, 0.04850570330796669, 0.042615626104113916, 0.0442480193056951, 0.04439654828740212, 0.04647549627137156, 0.03765121627491824, 0.03643647924670263, 0.033646816697959894, 0.032942429116067554, 0.020951624380489888
GTC, 0.05536606622738613, 0.031101258424067177, 0.07213431452692183, 0.06872547216031756, 0.05737174750243186, 0.05834096934618228, 0.057240287620336214, 0.05511227739872732, 0.05596516466776838, 0.04842284486711256, 0.04715501654336797, 0.047747361323986916, 0.047324525244156736, 0.04451776689743551, 0.04451003404353988, 0.04537790636447409, 0.03825693884859241, 0.03503876271069908, 0.03551252275948148, 0.03270057464036738, 0.02207818788264736
GTG, 0.052440005326727504, 0.028526981142789322, 0.07237920305535055, 0.06913898244278273, 0.05706156856477547, 0.05818601886792003, 0.05883689033514766, 0.05553344798053683, 0.05573801818521033, 0.04939847489779409, 0.04794462169075613, 0.04800895958670796, 0.04819281310076593, 0.044416632176365586, 0.0445909697536294, 0.04517799776620597, 0.0381247161266948, 0.035295770124559867, 0.035905643138684946, 0.0328863965993565, 0.022215889137238504
GTT, 0.0626614064181676, 0.03497897125800754, 0.07388063220813697, 0.06738869032240524, 0.060838763675880696, 0.05667403554210835, 0.05507334400244177, 0.055786422986784406, 0.05218611523106002, 0.04666557877148713, 0.04514259507921647, 0.04851493935117502, 0.04334827284085317, 0.04409226148750397, 0.044739092059914685, 0.04632323276661492, 0.037471234415942516, 0.036046443260048876, 0.0338161444393895, 0.0331225316943369, 0.021249292188524442
TCA, 0.06136322664143407, 0.033561100168928826, 0.07363704930458728, 0.06772489894274122, 0.06015221857049819, 0.0570655895932182, 0.055603125335975334, 0.05592233349542807, 0.05355991989418298, 0.047147492752885094, 0.04545377301410016, 0.04786237729303399, 0.04376922522186528, 0.04438553949088895, 0.04454491785380727, 0.046306203018523874, 0.037860277491417973, 0.035991875901316424, 0.034019047862139246, 0.03290161484403103, 0.021168193308996722
TCC, 0.05890222878062723, 0.03208841672358169, 0.07221050269654906, 0.06792577518217419, 0.05745717822224222, 0.058332734517012506, 0.05673175723663504, 0.055177749164388605, 0.05647610357927504, 0.04801790079252205, 0.04668808866886701, 0.04729532409227281, 0.04687576733608307, 0.0441613274982302, 0.044045854794516684, 0.04540584431363263, 0.038061286414076606, 0.03479021801948543, 0.03518463718072657, 0.03236427580742502, 0.02180702897967622
TCG, 0.04903740145077104, 0.02888094592435926, 0.0692197341964069, 0.06890574529437661, 0.0565081526055382, 0.059231859270221274, 0.05986757093526369, 0.05404248284393219, 0.055193684113481814, 0.05040545315129582, 0.047783263219119985, 0.050338481332378136, 0.050042953639245095, 0.04375074935629836, 0.0452501898531351, 0.04360882960218788, 0.03891332273978474, 0.03490028424015167, 0.03726029689029219, 0.03291584641210177, 0.02394275292965841
TCT, 0.06073933200870839, 0.034458491630972185, 0.07361915733799365, 0.06757476810034835, 0.05953287285417345, 0.057388632976402246, 0.05537813237956987, 0.05575671037063962, 0.053832443597547186, 0.04716302337452665, 0.045897746831246575, 0.047901429698296825, 0.04466271672811477, 0.04415249880322616, 0.04431342207683233, 0.04591180140631345, 0.037675832500918945, 0.03564250580822542, 0.0341913678698849, 0.03284336122579222, 0.021363752420266655
TTA, 0.0668908186233571, 0.03529306705553372, 0.07541181146337901, 0.06699818772372708, 0.06360591195625682, 0.055780858342105485, 0.05407549664024433, 0.05636836494579056, 0.049012951329340665, 0.045835147320225346, 0.04356329905343795, 0.049325442583367504, 0.04037884547668131, 0.04433927716821394, 0.04437424757284307, 0.04709057444702168, 0.037596881352525854, 0.03753218818623601, 0.03268405029398523, 0.03331416133002713, 0.020528417135700115
TTC, 0.06378216309274506, 0.035421470878965654, 0.07402921141762114, 0.06714717883128384, 0.06091547355758388, 0.056780506487211536, 0.05452625082220376, 0.05601253362151749, 0.05268894524530677, 0.04661282709320971, 0.04485965413924092, 0.04799890308884721, 0.042854960968647424, 0.044054924163252435, 0.04457177856597927, 0.046423077287607604, 0.03756790627229523, 0.03604955377733413, 0.033644848502435494, 0.033012407935389336, 0.021045424251321932
TTG, 0.06492911308120923, 0.036051044341224074, 0.0738163046531531, 0.06712449918725827, 0.060727814314523405, 0.056634351224388674, 0.05462962022784939, 0.05570057757066377, 0.05288794440023404, 0.046510008133957934, 0.04470836904502086, 0.04793032054371951, 0.042781379535716965, 0.043958961846095504, 0.04446395538860118, 0.04639904818337558, 0.03741530688049929, 0.03586426969283861, 0.03362354683569754, 0.032896654879531535, 0.020946910034441307
TTT, 0.06827271094906938, 0.038718752246662644, 0.07450297225786522, 0.06673626880936251, 0.06279408854618078, 0.05596790324382912, 0.05362778704239686, 0.05600129412321611, 0.04981780432176606, 0.04551391749122144, 0.04354128701004672, 0.048599148841644464, 0.04097106108577847, 0.043875746030159306, 0.04420612388066211, 0.04668092658060847, 0.03703955279930849, 0.03673265380903184, 0.0328493625748704, 0.03299151664310756, 0.02055912171321197
