 ,X,Y,1,2,3,4,5,6,7,8,9,10,11,12,13,14,15,16,17,18,19,20
N:AATAC,0.06950158,0.001678333,0.087377337,0.104457644,0.059532451,0.062204057,0.104457644,0.051918408,0.0489105,0.040356426,0.040697123,0.026679676,0.035189057,0.01030421,0.040516151,0.043263712,0.043925325,0.03364334,0.028496486,0.030611741,0.018146117,0.018132684
N:TATTG,0.071287976,0.001782554,0.0878177,0.104783077,0.059277104,0.061853401,0.104783077,0.051905145,0.049016971,0.040226586,0.040546126,0.025876054,0.034901451,0.00994663,0.040808772,0.043432674,0.043915469,0.033460035,0.028244974,0.030546317,0.017970443,0.017617463
N:ATTGC,0.065581187,0.00158023,0.090334914,0.101795224,0.059727245,0.062106206,0.101795224,0.052598977,0.04910842,0.042450443,0.040501007,0.029154706,0.033980571,0.011565703,0.039923998,0.042485243,0.043217358,0.033616999,0.029857325,0.031061057,0.019470829,0.018087133
N:CGCAA,0.049754595,0.001476454,0.094738782,0.089919653,0.061790767,0.058357005,0.089919653,0.050978972,0.051428051,0.045149414,0.041006022,0.041851223,0.031598659,0.022816193,0.037957791,0.04215414,0.041838514,0.032884466,0.034288898,0.03098647,0.024207915,0.024896362
N:TGCGA,0.046206217,0.00120392,0.095370321,0.092206995,0.061693705,0.058698265,0.092206995,0.05162496,0.050756813,0.044690825,0.041803626,0.038920846,0.03185196,0.020619058,0.038132224,0.042132771,0.043290301,0.033460131,0.03469056,0.03198892,0.024650532,0.023800057
N:CTCGC,0.042571857,0.001232343,0.095539829,0.086480492,0.063479917,0.057859369,0.086480492,0.052666058,0.051120407,0.047829728,0.04137749,0.045095407,0.030935802,0.024477868,0.038084912,0.041512307,0.040752774,0.032912488,0.035437938,0.031585204,0.026604562,0.025962756
N:TCTCG,0.04730303,0.001548619,0.094245458,0.091553405,0.061192083,0.059415301,0.091553405,0.051842673,0.051424375,0.046391692,0.041811399,0.039666149,0.031944035,0.02039299,0.038984284,0.041988421,0.041469155,0.033282849,0.03428991,0.031816841,0.024536627,0.023347298
N:CTCTC,0.052025612,0.001266724,0.095307762,0.09250658,0.060721996,0.061224268,0.09250658,0.052607914,0.050447699,0.046905845,0.041365889,0.039446007,0.0311645,0.018456098,0.039938139,0.040785277,0.041109985,0.03314015,0.033357548,0.031538578,0.023386231,0.020790617
N:ACTCT,0.057198418,0.001461576,0.093172356,0.096772707,0.06121661,0.062083599,0.096772707,0.053012829,0.0502349,0.044816439,0.041281308,0.034344095,0.032851866,0.01449771,0.039460806,0.041651539,0.042131122,0.033463193,0.031542253,0.031357463,0.021268177,0.019408326
N:TACTC,0.063791338,0.001498345,0.090718838,0.09997742,0.060433365,0.062296144,0.09997742,0.052708136,0.050051374,0.042925484,0.040862459,0.030783288,0.033638895,0.012486675,0.040326835,0.04191305,0.042481931,0.033471557,0.030181849,0.031023443,0.019638472,0.018813682
N:AGTAT,0.0698279,0.001561872,0.087914169,0.10355042,0.059753272,0.062005054,0.10355042,0.052358991,0.049248192,0.040672325,0.040723839,0.027151384,0.034907342,0.010249128,0.040475979,0.043112632,0.043740779,0.033839303,0.028577863,0.030699377,0.01808492,0.017994838
N:TATAC,0.072030436,0.00174479,0.087063054,0.103276481,0.059363772,0.062296146,0.103276481,0.051553684,0.049235699,0.040224476,0.040979792,0.026860492,0.034949183,0.011297229,0.041384146,0.042538666,0.043179615,0.033405215,0.02838034,0.030237872,0.018137628,0.018584802
N:TATAT,0.075737715,0.001644113,0.08457374,0.105393728,0.058241052,0.060991237,0.105393728,0.05140902,0.04969382,0.038752282,0.040866681,0.025028127,0.036021758,0.009898111,0.042044063,0.043669737,0.045154904,0.033814057,0.026320913,0.029753313,0.017081803,0.018516098
N:GATAT,0.072947883,0.001954473,0.088766492,0.10473323,0.059089653,0.061965876,0.10473323,0.051573679,0.049163991,0.040047628,0.039995463,0.025102048,0.034791983,0.009801647,0.041679267,0.043292698,0.043911052,0.033508522,0.027705634,0.030023787,0.017803101,0.017408664
N:TATCT,0.066334083,0.001788316,0.08978806,0.101417756,0.059140585,0.06219174,0.101417756,0.052177771,0.050034687,0.041882357,0.040874267,0.029014828,0.034064114,0.011838194,0.041146312,0.042451452,0.042874278,0.03358357,0.029588435,0.030763287,0.019248464,0.018379686
N:ATCTC,0.059430001,0.001511929,0.09389754,0.096254936,0.060816882,0.06183348,0.096254936,0.052536586,0.050436002,0.045231205,0.040715102,0.034907987,0.032266453,0.015217941,0.04002965,0.041400089,0.041891947,0.033010724,0.03114009,0.03064777,0.021335129,0.019233619
N:TCTCT,0.055746144,0.001489027,0.093879599,0.095305609,0.060347741,0.061589609,0.095305609,0.052398734,0.050214464,0.045559044,0.040957358,0.036692717,0.031726227,0.016484539,0.04041466,0.041258699,0.041503359,0.03344608,0.032284814,0.031314563,0.022166711,0.019914693
N:CTCTA,0.060335739,0.001444306,0.092531736,0.096738003,0.060806436,0.061817671,0.096738003,0.05279992,0.050588334,0.044337462,0.041109231,0.033997629,0.032461594,0.014952858,0.039899044,0.041554106,0.042228181,0.033355278,0.030999089,0.030868996,0.021032321,0.019404065
N:TCTAT,0.067539052,0.001698895,0.089213791,0.102221565,0.059197839,0.062129248,0.102221565,0.051987147,0.049779206,0.041408695,0.040904776,0.028469039,0.03408356,0.011561387,0.041066829,0.042425688,0.042857462,0.033879209,0.029371954,0.030697488,0.018989613,0.018295992
N:GATAG,0.063406312,0.001635225,0.092203689,0.098585993,0.0593703,0.062199881,0.098585993,0.052156842,0.050688044,0.042880671,0.041319196,0.031836134,0.033099346,0.013689417,0.040961868,0.041484318,0.041665756,0.033419799,0.030604576,0.030942977,0.020479955,0.018783708
N:TATCC,0.069078151,0.001817512,0.091788941,0.100849486,0.059847582,0.062080143,0.100849486,0.051906973,0.049545384,0.042139636,0.04023028,0.029317901,0.032994556,0.012334862,0.040990145,0.042224807,0.042069719,0.033039366,0.029404025,0.030205841,0.019238482,0.018046723
N:ATCCA,0.064427017,0.001629192,0.093326516,0.098906847,0.060821614,0.061712267,0.098906847,0.051882557,0.049914689,0.04322655,0.040456816,0.031619169,0.032163659,0.014572875,0.040128838,0.041740487,0.041936033,0.032826889,0.030529332,0.030334428,0.020506857,0.01843052
N:TCCAC,0.056757345,0.001371016,0.096453591,0.095024859,0.061779682,0.061309822,0.095024859,0.052578709,0.050168806,0.04525403,0.04066089,0.035914539,0.031449948,0.01685883,0.039171031,0.041186367,0.04141487,0.032756952,0.032295487,0.030744764,0.022278883,0.019544721
N:TGTGG,0.053517841,0.001264569,0.096930039,0.092572403,0.062020412,0.061156702,0.092572403,0.052767026,0.050467496,0.046360192,0.041330822,0.038006875,0.03117664,0.018706566,0.039070742,0.040468021,0.040711082,0.032938783,0.033043497,0.030950305,0.023507782,0.020459801
N:CACAT,0.056146885,0.001263729,0.093205773,0.096214908,0.060726933,0.061459108,0.096214908,0.052381507,0.049456609,0.044757804,0.041282984,0.034556289,0.032829251,0.01674564,0.040381066,0.041552165,0.041948338,0.033797514,0.032349316,0.031095245,0.021893504,0.019740525
N:CATGT,0.058061283,0.001267581,0.093057761,0.096882883,0.060584983,0.062157133,0.096882883,0.05283722,0.049496606,0.044394261,0.041093493,0.033900285,0.032905979,0.015704212,0.040161411,0.041617846,0.042035218,0.033763283,0.031847266,0.030912273,0.021363478,0.019072663
N:AACAT,0.066386088,0.001581451,0.088478951,0.103511441,0.059501063,0.062238948,0.103511441,0.052166138,0.049008545,0.041193528,0.040896083,0.027799888,0.034769186,0.010819823,0.040315295,0.043036259,0.043886789,0.033920149,0.029255924,0.030881667,0.018758098,0.018083248
N:TGTTG,0.064384083,0.001736558,0.092495667,0.100608008,0.060051309,0.061707222,0.100608008,0.051698886,0.049559103,0.043064299,0.040452695,0.030768609,0.032533346,0.013241369,0.040429521,0.041691478,0.042196854,0.032717996,0.030807727,0.030664975,0.019971806,0.018610479
N:GTTGA,0.064591917,0.001708194,0.091824112,0.101013993,0.059796221,0.062083654,0.101013993,0.051951403,0.049775862,0.042769494,0.04066097,0.030124551,0.033138837,0.012582059,0.040319095,0.041974147,0.042352631,0.033298851,0.030518977,0.030832805,0.019482736,0.0181855
N:CTCAA,0.063399673,0.00152901,0.092630935,0.098488871,0.060530275,0.062009835,0.098488871,0.052405322,0.050184835,0.043740792,0.040736813,0.03257764,0.032605183,0.013871678,0.040166981,0.041701625,0.041550351,0.032788797,0.030740032,0.030659283,0.020461153,0.018732044
N:GCTCA,0.049695531,0.001074319,0.097139684,0.089956822,0.062563483,0.060972413,0.089956822,0.05310092,0.050929235,0.047757369,0.041024616,0.041794327,0.030872867,0.020916878,0.038257042,0.040843295,0.0403557,0.032754939,0.033463285,0.031175254,0.024308384,0.021086815
N:TGCTC,0.054121281,0.001266893,0.095758877,0.093443248,0.061875443,0.061445858,0.093443248,0.053054045,0.050938553,0.046241944,0.040914892,0.03798732,0.031616337,0.017442659,0.038665335,0.040943003,0.040997301,0.032958671,0.03262471,0.031176661,0.022900653,0.020183069
N:AGCAC,0.052492174,0.001221772,0.096343405,0.092068014,0.062202909,0.061985063,0.092068014,0.053138692,0.050111798,0.046792283,0.040833245,0.039340179,0.031217531,0.017969435,0.038787061,0.040780336,0.04115475,0.032827213,0.033221603,0.031441045,0.023330275,0.020673205
N:TGTGC,0.048701611,0.001107144,0.095884016,0.091202241,0.062465142,0.061607045,0.091202241,0.053256786,0.050129656,0.047341022,0.0415697,0.039397939,0.03142846,0.019360838,0.03915818,0.040690828,0.041146884,0.033736598,0.033955582,0.031355872,0.024314634,0.020987582
N:AATGT,0.064793261,0.001489485,0.08822545,0.103107747,0.05975844,0.062126612,0.103107747,0.052597415,0.049187633,0.04129893,0.040975017,0.028097376,0.035102722,0.010887475,0.039901532,0.043392131,0.044308651,0.034160283,0.029400434,0.03090312,0.019018308,0.018160228
N:CATTT,0.067215054,0.001536455,0.088162549,0.103624245,0.059745608,0.062340177,0.103624245,0.052399829,0.049035122,0.041378671,0.04063447,0.027965349,0.034670447,0.01061762,0.039961135,0.042895672,0.043686074,0.033707167,0.029308661,0.030878233,0.01881216,0.017801058
N:ATTTC,0.068800552,0.001771925,0.088156541,0.104736673,0.059347861,0.06218935,0.104736673,0.052174239,0.048851636,0.040997484,0.040445559,0.0266501,0.034725077,0.01015743,0.04058298,0.042984077,0.043737376,0.033551957,0.028872352,0.030605653,0.01827537,0.017649137
N:TTTCC,0.064179387,0.001649714,0.091543566,0.100555373,0.059967417,0.061948258,0.100555373,0.052127788,0.049462309,0.043040276,0.040681172,0.030676377,0.033088409,0.012501879,0.040151895,0.042071514,0.04258407,0.033019287,0.030739443,0.030985386,0.019892675,0.018578434
N:TTCCA,0.063790137,0.00160455,0.092990334,0.09913428,0.060596577,0.062030022,0.09913428,0.052277781,0.049833245,0.043747045,0.040357697,0.032269885,0.032607982,0.013388573,0.039918125,0.041546902,0.041825424,0.032743586,0.030677828,0.030653145,0.020383931,0.018488669
N:TCCAA,0.06386032,0.001643394,0.092828493,0.099022453,0.060573113,0.061614069,0.099022453,0.052290533,0.049679339,0.043715957,0.04071823,0.031914124,0.032391212,0.013452563,0.039653588,0.041859593,0.04206879,0.033122354,0.030802737,0.030747189,0.020299479,0.018720018
N:GTTGG,0.059669891,0.001367764,0.094282249,0.095868015,0.061311858,0.061231402,0.095868015,0.052076197,0.050721744,0.044806993,0.041136451,0.035462182,0.031832757,0.016440678,0.038773627,0.040947733,0.041368947,0.032585559,0.031806431,0.030571479,0.021780105,0.020089922
N:CGTTG,0.048850623,0.001442874,0.093447315,0.093101025,0.06150378,0.059458294,0.093101025,0.051744859,0.051619244,0.045049923,0.041975753,0.036961341,0.032417137,0.019176645,0.039103585,0.042462935,0.042434078,0.033542578,0.034316638,0.031531042,0.02372085,0.023038455
N:AACGC,0.042048335,0.001130894,0.094270614,0.091105752,0.061659398,0.058369337,0.091105752,0.052279748,0.051536764,0.046508287,0.042040125,0.040851763,0.031755349,0.021556776,0.037783365,0.042452666,0.042719483,0.033818051,0.035236287,0.032301298,0.025058238,0.024411719
N:TGCGT,0.041178294,0.001283634,0.093526457,0.08929669,0.062369517,0.059522737,0.08929669,0.051570564,0.050697587,0.047257341,0.042120156,0.042669906,0.031734509,0.023788959,0.038796484,0.041475027,0.041289569,0.034009019,0.035811935,0.0316643,0.025912453,0.024728172
N:CGCAT,0.044325006,0.001182562,0.094843908,0.090256208,0.061730155,0.058445483,0.090256208,0.051508721,0.050659444,0.046555612,0.04239757,0.040444033,0.031901074,0.022555017,0.038297753,0.041223038,0.04256622,0.033700015,0.036033015,0.031794664,0.025145009,0.024179284
N:TATGC,0.064464728,0.001416845,0.089843735,0.099674541,0.06006584,0.062292505,0.099674541,0.052567861,0.049533418,0.042490366,0.040993901,0.030799697,0.034077086,0.012768274,0.040580144,0.042185493,0.042901401,0.034085933,0.030060311,0.03071225,0.020139337,0.018671793
N:CATAG,0.065601991,0.001567327,0.091936737,0.09935623,0.060207414,0.062427948,0.09935623,0.052325309,0.049499679,0.042742117,0.040612783,0.030688051,0.033397632,0.01267185,0.040195111,0.041975239,0.042643515,0.03374155,0.030213015,0.030763919,0.019900219,0.018176132
N:CCTAT,0.067995139,0.001607916,0.092060772,0.099213147,0.05999987,0.062132028,0.099213147,0.052220944,0.050070214,0.042355801,0.040651442,0.030338949,0.033209088,0.012576282,0.040483646,0.042020207,0.042368833,0.033253399,0.029904307,0.030508049,0.01962798,0.018188838
N:GCCTA,0.060442532,0.001409112,0.095240841,0.093297223,0.060962737,0.061878905,0.093297223,0.052521921,0.050554617,0.045716354,0.040414644,0.036957338,0.031572949,0.017368764,0.039206643,0.040685026,0.040718097,0.03237158,0.03209807,0.031180561,0.022269148,0.019835715
N:TGCCT,0.055118453,0.001249167,0.09657631,0.09128588,0.061889193,0.061434376,0.09128588,0.053295355,0.050917859,0.047109844,0.040773239,0.039961079,0.031149695,0.018647878,0.038695252,0.040185328,0.040351743,0.03257849,0.032507826,0.031126715,0.023467406,0.020393035
N:GGCAC,0.050204121,0.00119464,0.098231658,0.089188553,0.0632171,0.060792814,0.089188553,0.053421141,0.051356665,0.048051465,0.041003267,0.041641354,0.030508515,0.019929571,0.038702167,0.040208318,0.039966819,0.032863675,0.033659954,0.03083775,0.024754215,0.021077684
N:GGTGC,0.050378011,0.001305164,0.098530604,0.089052044,0.062708543,0.06112544,0.089052044,0.053087671,0.050961108,0.047474939,0.041023616,0.042238522,0.030276663,0.021073177,0.038714148,0.040124853,0.040252838,0.032534077,0.033395591,0.030705032,0.024713597,0.021272318
N:CACCG,0.038076682,0.001167195,0.096817875,0.084521298,0.064134908,0.058019295,0.084521298,0.05283379,0.052912819,0.048472009,0.041262151,0.046192332,0.030938254,0.026152453,0.037505243,0.041481,0.040128391,0.033027958,0.036590333,0.031859244,0.027340924,0.026044548
N:ACCGC,0.044173451,0.001325959,0.097308005,0.085701854,0.063101004,0.058028466,0.085701854,0.052142947,0.053400204,0.047686442,0.041468861,0.0446704,0.030558895,0.025138264,0.037032966,0.04144596,0.039726106,0.032885622,0.034958149,0.031342104,0.026086359,0.02611613
N:CGCGG,0.044206215,0.001162865,0.098889782,0.080706281,0.064327824,0.056870448,0.080706281,0.051414819,0.056529109,0.047093128,0.041469722,0.050361877,0.02772362,0.029517093,0.035152069,0.043488826,0.036708341,0.030251838,0.036054591,0.030153487,0.027914538,0.029297248
N:CGCGA,0.045612451,0.001216855,0.100370945,0.08591588,0.061264745,0.054738867,0.08591588,0.050440619,0.052148142,0.045013837,0.041991325,0.045249357,0.026819886,0.028645169,0.035857981,0.043443701,0.039881455,0.031628427,0.036083688,0.030853173,0.028075995,0.028831623
N:GTCGC,0.042005749,0.001055438,0.097395428,0.08628208,0.06270831,0.057563049,0.08628208,0.052546245,0.053025358,0.046821187,0.040991973,0.043467393,0.029715448,0.025191645,0.03820756,0.042571659,0.040943367,0.033107433,0.035374542,0.031322909,0.027115043,0.026306105
N:TGTCG,0.04872276,0.001602818,0.094896327,0.092224963,0.060934449,0.059524917,0.092224963,0.052196445,0.051561882,0.045280074,0.041250235,0.037709082,0.032085542,0.019946792,0.03881045,0.042140082,0.042242195,0.033124912,0.03426822,0.03150933,0.024685955,0.023057608
N:GACAT,0.058842558,0.001503897,0.09305759,0.097923432,0.060796811,0.061925848,0.097923432,0.052684366,0.049784836,0.043980532,0.041185858,0.032284109,0.033267134,0.013887127,0.039621669,0.042274526,0.042896584,0.034003748,0.031032915,0.031076955,0.021105151,0.018940923
N:ATTTG,0.069844302,0.001736753,0.088458092,0.103846156,0.059708125,0.062268553,0.103846156,0.052005184,0.049066561,0.041337505,0.040554692,0.027366986,0.034341185,0.010561532,0.040656691,0.042761501,0.043110203,0.03317526,0.028874701,0.030429422,0.018406258,0.017644183
N:TTTGC,0.063585726,0.001589282,0.091176161,0.100920425,0.060329516,0.062343996,0.100920425,0.052426474,0.049526695,0.042968843,0.040707379,0.030854699,0.033076307,0.012338204,0.039798953,0.04212526,0.042329083,0.03327187,0.030604206,0.030747729,0.020027304,0.018331465
N:TGCAA,0.062668233,0.001505326,0.091554215,0.100313511,0.060375109,0.062167447,0.100313511,0.05261689,0.049291267,0.043255117,0.040845704,0.031323106,0.033183238,0.012750489,0.039654854,0.042213958,0.042939157,0.03356724,0.030439803,0.030669412,0.020079675,0.01827274
N:TGCAC,0.050771318,0.00129262,0.095742031,0.09230008,0.062014304,0.061942167,0.09230008,0.052855601,0.049707442,0.046650225,0.041404217,0.03886152,0.031462482,0.019203712,0.039236081,0.040876749,0.0413589,0.03356033,0.033222763,0.030976632,0.02395123,0.020309514
N:CACCA,0.05523196,0.001371933,0.096765726,0.092775525,0.061747053,0.061340501,0.092775525,0.052338279,0.05103407,0.046001322,0.040920552,0.038221219,0.030801697,0.018482619,0.039117234,0.040529392,0.040930813,0.032521488,0.032866678,0.030657013,0.023385254,0.020184145
N:ACCAG,0.058310508,0.001518227,0.095857668,0.094187924,0.061612233,0.061509335,0.094187924,0.052646596,0.050659897,0.045758757,0.040481424,0.036755831,0.031216767,0.016776024,0.039603717,0.040901987,0.040551046,0.032288707,0.032119727,0.030608816,0.022576111,0.019870772
N:TCTGG,0.058273195,0.001485104,0.096143356,0.093827615,0.062110667,0.061408852,0.093827615,0.052493223,0.05093129,0.046193321,0.040447118,0.037598226,0.031095892,0.017022062,0.039546443,0.040389408,0.040340988,0.032205432,0.031971553,0.030372993,0.022525274,0.019790374
N:TTCTG,0.060978272,0.00162311,0.09305727,0.098892086,0.060696019,0.062020474,0.098892086,0.052257465,0.049640731,0.044230744,0.040371569,0.03251796,0.032478719,0.013775486,0.040229118,0.041812735,0.042056125,0.032996035,0.031024684,0.03091895,0.020835079,0.018695284
N:TTTCT,0.065673359,0.001710221,0.089695779,0.102338567,0.059945887,0.062252035,0.102338567,0.052050782,0.049164828,0.042245423,0.040487559,0.029150918,0.033662876,0.011686097,0.040787047,0.042420752,0.042834853,0.033163838,0.029846299,0.030966529,0.019338821,0.018238964
N:TTTTC,0.06716553,0.001761474,0.088480111,0.103079876,0.059928934,0.062073583,0.103079876,0.052032793,0.048969487,0.041507882,0.040501669,0.028386735,0.034255177,0.011272013,0.040531901,0.042869654,0.043549075,0.033216118,0.029505609,0.030803466,0.018731525,0.018297511
N:TTTTT,0.065878298,0.00172074,0.088445292,0.099848286,0.060863475,0.061205577,0.099848286,0.051692862,0.049782879,0.042272676,0.040434241,0.032882655,0.033681765,0.014366135,0.040719035,0.04243495,0.042720907,0.031882213,0.029216072,0.029931197,0.019827853,0.020344609
N:ATTTT,0.071503176,0.001679726,0.085318758,0.10665097,0.059447405,0.062289916,0.10665097,0.051942097,0.048402045,0.039990288,0.040557773,0.025326679,0.035763937,0.009329612,0.040650576,0.043593193,0.044651279,0.033425729,0.027595388,0.030187143,0.017319776,0.017723563
N:GATTT,0.06672713,0.00176869,0.089450226,0.102475403,0.059926238,0.061817332,0.102475403,0.051856625,0.049428695,0.041982545,0.040640818,0.029006948,0.033922194,0.011734119,0.040497892,0.042650321,0.04301808,0.033069359,0.029466055,0.030624539,0.018901861,0.018559529
N:AATCT,0.064861168,0.001660381,0.089719976,0.101849811,0.0599171,0.062234177,0.101849811,0.052432276,0.049621754,0.042419806,0.040698384,0.029325614,0.034040269,0.011636801,0.040440294,0.042490883,0.043279697,0.033297747,0.029777682,0.0308379,0.01919475,0.01841372
N:ATCTA,0.064808571,0.001505761,0.089357211,0.101435142,0.059350809,0.062181508,0.101435142,0.052324794,0.050184127,0.041816542,0.041277395,0.029250788,0.034268963,0.011993816,0.040430776,0.042464041,0.043017919,0.033881414,0.029923474,0.031036459,0.019471774,0.018583572
N:TCTAG,0.0613251,0.0013823,0.09255466,0.097521345,0.060562818,0.061832016,0.097521345,0.052847068,0.050207563,0.044628763,0.041090981,0.033284477,0.032406913,0.014258235,0.039660988,0.041749427,0.041797665,0.033240326,0.031242642,0.031027884,0.021086337,0.018771149
N:CCTAG,0.057937646,0.001277162,0.096008175,0.090670618,0.062028882,0.06129932,0.090670618,0.053071957,0.050959002,0.046587113,0.040841426,0.039993297,0.030990453,0.018729082,0.038806945,0.04047853,0.040666317,0.032395434,0.032161385,0.030638523,0.023257232,0.020530884
N:CCCTA,0.061250035,0.00142522,0.095469515,0.094050279,0.061106802,0.061234328,0.094050279,0.052696473,0.050896157,0.04499034,0.041053877,0.036126754,0.031658872,0.016058122,0.039353412,0.040989927,0.041185516,0.03279613,0.031554533,0.030514134,0.022012555,0.019526742
N:ACCCT,0.055647893,0.001387431,0.096973471,0.091906937,0.061913463,0.061050645,0.091906937,0.053016882,0.051487587,0.04604795,0.041021989,0.038606895,0.031215775,0.017981841,0.039029366,0.04053426,0.040561214,0.032895162,0.032594411,0.030678678,0.023161016,0.020380196
N:AACCC,0.057579478,0.001378494,0.095690155,0.093428866,0.061345251,0.061055072,0.093428866,0.052323187,0.050904786,0.045534761,0.040907571,0.038112957,0.031253269,0.018306944,0.038914513,0.040673546,0.040592023,0.032579029,0.032320205,0.030453709,0.022319569,0.020897748
N:GGTTA,0.060994726,0.001449767,0.092101717,0.097576663,0.060619121,0.061852807,0.097576663,0.052335521,0.0503163,0.043923988,0.04118905,0.033364913,0.032861766,0.014371294,0.039550896,0.042019049,0.042214067,0.033306408,0.03098998,0.030982959,0.020833423,0.019568924
N:GTTAG,0.06045159,0.001317592,0.091375697,0.098676939,0.060593687,0.062392654,0.098676939,0.052306545,0.050011436,0.043771532,0.041387412,0.032208969,0.033049179,0.013402243,0.03979241,0.042020463,0.042616393,0.033422384,0.031454177,0.031245023,0.020492335,0.019334402
N:GCTAA,0.060113257,0.001331196,0.090688806,0.098808096,0.060682977,0.062242339,0.098808096,0.052527278,0.049772303,0.043965875,0.040779882,0.032964004,0.032927941,0.013629241,0.039429614,0.04241969,0.042315317,0.033522281,0.031286399,0.031327316,0.020899672,0.01955842
N:AGCTA,0.061265165,0.001298512,0.091512793,0.09712538,0.060782279,0.062299233,0.09712538,0.052735229,0.049947139,0.044824776,0.041002617,0.034296695,0.032561583,0.014409788,0.039335803,0.041659352,0.041828404,0.03319574,0.031159212,0.031187717,0.021082972,0.019364229
N:GCTAT,0.065917907,0.001537815,0.090211935,0.100197206,0.060063508,0.062504682,0.100197206,0.052585687,0.049429628,0.042950092,0.041049484,0.030371419,0.033677981,0.012187919,0.039820267,0.041905206,0.042704663,0.033437039,0.030242664,0.030945123,0.019732361,0.018330205
N:ATCCC,0.059605116,0.001425296,0.095794129,0.093011624,0.061145593,0.060953813,0.093011624,0.052203166,0.050957734,0.045437549,0.040567315,0.037766371,0.031373533,0.018950989,0.039426001,0.040772429,0.040701788,0.032409879,0.031754538,0.030408678,0.022102584,0.020220251
N:TCCCT,0.056919236,0.001439062,0.0958073,0.093231957,0.061380105,0.061315028,0.093231957,0.052892501,0.050797701,0.045854404,0.041141961,0.037207874,0.031588974,0.017364303,0.039384192,0.040799278,0.041245399,0.032872536,0.032235636,0.030643814,0.022562256,0.020084528
N:CCCTT,0.0599271,0.001456077,0.094529502,0.095129981,0.06093132,0.061392586,0.095129981,0.052701034,0.050939585,0.044833002,0.040809064,0.035690877,0.031932964,0.015897089,0.039348711,0.0410351,0.041305828,0.032831544,0.032117726,0.030703777,0.021691243,0.019665909
N:CCTTT,0.060897814,0.001447133,0.092327236,0.097271327,0.060714943,0.061701777,0.097271327,0.052827309,0.050409341,0.044234908,0.040854424,0.033765793,0.032582488,0.014048628,0.039623761,0.041710065,0.042109886,0.033102464,0.03167597,0.031128476,0.021021105,0.019273826
N:CTTTA,0.064546278,0.00152844,0.088822497,0.101960477,0.060270658,0.062500011,0.101960477,0.052592053,0.049475683,0.042229665,0.040818073,0.029492663,0.034216675,0.011551471,0.040035651,0.042752997,0.043245607,0.033427149,0.029788869,0.030977596,0.019311763,0.018495246
N:TTTAT,0.069015723,0.001590085,0.085767174,0.105024662,0.059519847,0.06235656,0.105024662,0.052108213,0.048783218,0.040421615,0.040833515,0.026985882,0.03564332,0.01024206,0.040417285,0.043656725,0.044380747,0.03369978,0.027785254,0.030503839,0.017975917,0.018263917
N:CATAA,0.0679453,0.001623017,0.087834328,0.103606794,0.059503741,0.062099164,0.103606794,0.052330649,0.049186918,0.041112244,0.040677724,0.027646798,0.034822868,0.010873851,0.040794489,0.043143621,0.043564741,0.03386067,0.028628137,0.03060145,0.018573983,0.017962719
N:TATGA,0.069346495,0.001727314,0.088082985,0.103693095,0.059538947,0.062135898,0.103693095,0.05218334,0.049343352,0.040784305,0.04054618,0.026929913,0.035132946,0.010453796,0.040683929,0.043057064,0.043639242,0.03397222,0.02868435,0.030575682,0.018172037,0.017623815
N:CTCAT,0.058363127,0.00135315,0.093103423,0.097548167,0.060618156,0.061991098,0.097548167,0.053102711,0.050117337,0.044324502,0.040997816,0.033527454,0.03311379,0.014313741,0.039592986,0.041769505,0.04236746,0.033715483,0.031309591,0.031288039,0.021147224,0.018787074
N:ACTCA,0.05867122,0.00140326,0.093879693,0.096653723,0.061090249,0.062170401,0.096653723,0.052548103,0.05018369,0.044608521,0.040508769,0.034835931,0.032517164,0.015610072,0.040017628,0.041354114,0.041483876,0.032893492,0.031462127,0.030777639,0.021374202,0.0193024
N:AACTC,0.059301658,0.001415441,0.09307205,0.09692226,0.060781849,0.062257279,0.09692226,0.05213804,0.049989169,0.044759701,0.04086688,0.034726398,0.032516824,0.015302763,0.039644259,0.041499854,0.041745282,0.032829859,0.031507257,0.030976645,0.021172345,0.019651924
N:AGTTC,0.060811439,0.001457334,0.093393433,0.097618284,0.060558556,0.06224932,0.097618284,0.052153024,0.050101817,0.044296051,0.040383814,0.034249644,0.032501209,0.014970631,0.039944187,0.041442257,0.04153357,0.032487249,0.031356946,0.030749342,0.020883729,0.019239879
N:GTTCT,0.06005302,0.001525614,0.092734949,0.098822902,0.060706463,0.062077242,0.098822902,0.052296574,0.049898397,0.04407288,0.040646912,0.032675461,0.032594516,0.013906136,0.039810411,0.041846393,0.042048266,0.03320288,0.031188458,0.031007164,0.020864496,0.019197963
N:TTCTT,0.066725285,0.001757662,0.089520355,0.102531466,0.059937631,0.062410688,0.102531466,0.051898464,0.04931921,0.042054206,0.040398151,0.028935818,0.033542369,0.011543332,0.041011218,0.042283701,0.042728291,0.03304018,0.029672722,0.030821187,0.019191727,0.01814487
N:TCTTG,0.061983661,0.001747649,0.093141965,0.098251732,0.060409896,0.061971281,0.098251732,0.052074754,0.049987404,0.044096945,0.040886201,0.032478092,0.032437575,0.013856826,0.040198733,0.04170666,0.041777939,0.033027315,0.031364826,0.030875627,0.020613513,0.018859675
N:CTTGT,0.059247999,0.001507963,0.093295215,0.096972313,0.060883988,0.061703976,0.096972313,0.052395718,0.049947051,0.044381898,0.041066728,0.033714968,0.032475462,0.014773293,0.03990674,0.041741856,0.042292945,0.033246498,0.031722367,0.03106961,0.02131171,0.019369389
N:CACAA,0.060502484,0.00149426,0.092751432,0.097708256,0.06057556,0.061725562,0.097708256,0.052062162,0.049628566,0.044162111,0.041051988,0.032970387,0.032562378,0.014788642,0.040317228,0.041623278,0.042225396,0.033128719,0.031627799,0.031045472,0.021047329,0.019292735
N:TGTGT,0.048657874,0.001081348,0.093636393,0.092322206,0.060579019,0.06130665,0.092322206,0.052364059,0.04946813,0.04692754,0.041948296,0.038987063,0.031793897,0.020434395,0.041699021,0.040622537,0.041257519,0.033594031,0.034476445,0.031630858,0.023771163,0.02111935
N:AACAC,0.058961826,0.001598161,0.092191736,0.09953736,0.060501445,0.061861156,0.09953736,0.052284023,0.049372862,0.04360235,0.040605722,0.032019306,0.032645108,0.014286556,0.040373596,0.042031726,0.042611837,0.033388196,0.031571984,0.031055922,0.020887256,0.019074511
N:GTTGC,0.058265101,0.001434662,0.093841156,0.095839435,0.060700017,0.061428487,0.095839435,0.05223462,0.050749165,0.044661208,0.041256336,0.035276201,0.032169846,0.015563856,0.039269641,0.041696091,0.041718814,0.033089456,0.032109697,0.030942809,0.021998894,0.01991507
N:TGCAG,0.054160773,0.00143969,0.097257495,0.09415061,0.061788541,0.062274513,0.09415061,0.053088252,0.050366763,0.045986424,0.040592416,0.037241776,0.031470937,0.016793386,0.038612513,0.040835293,0.04142799,0.033090259,0.032116338,0.030755703,0.023004521,0.019395194
N:GCTGC,0.049292998,0.001208587,0.098286007,0.089745628,0.063033594,0.061435151,0.089745628,0.053256484,0.05141562,0.047761077,0.041066678,0.041421994,0.030751956,0.019883632,0.037900814,0.040342613,0.04034709,0.032794624,0.033548111,0.030944485,0.024796013,0.021021219
N:GGCTG,0.046704241,0.001112587,0.099851323,0.085744437,0.06421092,0.060506449,0.085744437,0.053075583,0.052119695,0.049211174,0.04127085,0.04571796,0.029660434,0.023101502,0.037694678,0.039708844,0.039416123,0.032324066,0.034001417,0.030626287,0.025919093,0.022277899
N:AGCCA,0.054263042,0.001214464,0.096562577,0.091202197,0.062337319,0.06125052,0.091202197,0.052569689,0.050930191,0.0471324,0.041284414,0.03981462,0.031017554,0.019095504,0.038602869,0.040394053,0.040339616,0.032663444,0.032945702,0.030770167,0.023714497,0.020692963
N:GCCAC,0.049783266,0.001205104,0.098956,0.087873906,0.063221879,0.060791719,0.087873906,0.052892158,0.051692859,0.047715146,0.041367854,0.042132562,0.030697861,0.021555832,0.037959319,0.040148603,0.039937474,0.032599836,0.033833235,0.030611523,0.025322053,0.021827905
N:GATGT,0.059134358,0.001451172,0.093318023,0.098596514,0.060726679,0.061808319,0.098596514,0.052272956,0.049749555,0.043974878,0.041065922,0.032421964,0.032845413,0.014253324,0.039276245,0.041896035,0.04260865,0.033873644,0.031192817,0.031084221,0.020865998,0.018986799
N:CATCC,0.057244222,0.001348577,0.095589364,0.094413112,0.061706379,0.061401499,0.094413112,0.052499193,0.050962787,0.044898944,0.041129083,0.035958622,0.031614515,0.017837626,0.038753317,0.041012783,0.041486986,0.033143919,0.031899137,0.030504541,0.022568648,0.019613635
N:TCCAG,0.057749408,0.001483629,0.096637896,0.09323815,0.062065743,0.061540707,0.09323815,0.052538374,0.050978926,0.046250571,0.040627517,0.038166963,0.031115276,0.017342407,0.039119861,0.040360727,0.040578395,0.032167841,0.031890372,0.030501962,0.022567679,0.019839446
N:ACTGG,0.057866662,0.001425947,0.095746713,0.094415667,0.061450752,0.06155782,0.094415667,0.052594554,0.050672446,0.045712293,0.040808351,0.036367477,0.031557462,0.016853423,0.039178733,0.040826601,0.041019323,0.032623029,0.032139034,0.030863469,0.022333097,0.019571481
N:GACTG,0.055469009,0.001361168,0.095347425,0.094616007,0.061918081,0.062071783,0.094616007,0.052742403,0.050544414,0.045391401,0.040968738,0.036610117,0.031810671,0.016634485,0.038765145,0.041155528,0.041838647,0.032807065,0.031969977,0.031066445,0.022356142,0.019939341
N:AGTCT,0.059115433,0.001464971,0.093191129,0.097790533,0.061219959,0.062146415,0.097790533,0.053070784,0.050014816,0.044642599,0.041096992,0.033609071,0.032387604,0.014043688,0.039211642,0.041548933,0.041932052,0.033107378,0.031440108,0.031124714,0.021036053,0.019014594
N:GTCTC,0.054892331,0.001529683,0.095743276,0.092964324,0.061581515,0.061289994,0.092964324,0.0525182,0.050594804,0.0460492,0.04083959,0.03807841,0.031111776,0.01827819,0.039525648,0.040950422,0.041102477,0.033079357,0.032667871,0.030840743,0.02297264,0.020425226
N:TCTCC,0.05407141,0.001330453,0.095869932,0.092921613,0.061491924,0.061051596,0.092921613,0.052657661,0.050679781,0.046673517,0.041330312,0.03805898,0.031258889,0.017815652,0.039337001,0.040911379,0.041376958,0.032884471,0.03280591,0.031019698,0.023042593,0.020488657
N:CTCCT,0.053499638,0.001274189,0.09618376,0.092337468,0.061622653,0.061249838,0.092337468,0.052902811,0.050887833,0.046726827,0.041172686,0.038621242,0.031097636,0.018342834,0.039148832,0.040597647,0.041313904,0.032843735,0.032669593,0.030878143,0.023560312,0.02073095
N:TCCTA,0.062256112,0.001509131,0.092339257,0.097467028,0.06095333,0.062180937,0.097467028,0.052487163,0.050319354,0.043933037,0.040889461,0.032898638,0.03279508,0.01369366,0.039591793,0.041945751,0.042566841,0.033297271,0.030718811,0.030858422,0.020737889,0.019094005
N:ACTAG,0.064636596,0.001359811,0.091421119,0.098662653,0.060302948,0.062367446,0.098662653,0.05281879,0.049962467,0.043740192,0.040996188,0.031913592,0.033129109,0.012644405,0.039388557,0.042297241,0.042882016,0.032819733,0.030650111,0.030850366,0.020156942,0.018337065
N:AACTA,0.068366934,0.001538532,0.087665126,0.103900072,0.05941417,0.06263736,0.103900072,0.052171143,0.049088192,0.041198223,0.040924655,0.027648543,0.034740584,0.010415035,0.040067611,0.042862919,0.04364191,0.033533967,0.029201918,0.030859193,0.018364119,0.01785972
N:AGTTG,0.061373086,0.001408347,0.091885163,0.098293223,0.060497738,0.062291501,0.098293223,0.052337337,0.049971073,0.043934713,0.041355305,0.03270168,0.033046498,0.013724935,0.039388996,0.041764038,0.04219554,0.03337321,0.031430218,0.031277149,0.020582053,0.018874974
N:GTTGT,0.062162298,0.001580244,0.091964707,0.099080523,0.060273343,0.061681935,0.099080523,0.05199344,0.049736023,0.043629415,0.04076532,0.032402343,0.032632435,0.014079373,0.040142133,0.04166944,0.042240477,0.032750626,0.031249001,0.030979599,0.02061,0.019296799
N:CACAC,0.044228035,0.000907106,0.094867006,0.0893434,0.061322186,0.061089066,0.0893434,0.052580331,0.049776829,0.048410666,0.042301881,0.042108687,0.03114571,0.022703767,0.041569219,0.040011728,0.040523024,0.033500976,0.035394201,0.031836301,0.025166311,0.02187017
N:GTCAA,0.060849751,0.001597477,0.091642549,0.099562718,0.060419255,0.061663053,0.099562718,0.052424189,0.049890183,0.043610061,0.041195761,0.031237057,0.033227902,0.013165181,0.040241308,0.042408512,0.042546463,0.033527169,0.030809442,0.031220093,0.0205057,0.018693455
N:TGTCA,0.057625585,0.001403464,0.093184884,0.097462981,0.061085063,0.061914794,0.097462981,0.052741859,0.049932461,0.044391246,0.041320088,0.032799701,0.032848267,0.014329123,0.039589834,0.04197346,0.042698446,0.033814229,0.031333884,0.031389858,0.021684758,0.019013031
N:GACAC,0.052402222,0.001379566,0.096078513,0.093494417,0.06131816,0.061184867,0.093494417,0.052764099,0.050649263,0.045563983,0.041522878,0.037085061,0.031575144,0.018351804,0.039250278,0.041032602,0.041334598,0.033140111,0.033086852,0.03113784,0.023511072,0.020642253
N:TTTGA,0.067068535,0.001693022,0.088883126,0.10275562,0.06014496,0.062158384,0.10275562,0.052076864,0.049153208,0.041843134,0.040735909,0.02900356,0.03411056,0.011450827,0.040512995,0.042493731,0.043028408,0.033037176,0.029396971,0.030548692,0.018949255,0.018199441
N:GTCGA,0.051341781,0.001812095,0.094738007,0.093791844,0.060399491,0.058996846,0.093791844,0.051391579,0.051455209,0.044848669,0.041238311,0.036587728,0.032089304,0.019459968,0.039680739,0.042142976,0.04253306,0.033323189,0.033353621,0.031237205,0.023620871,0.022165661
N:GACAG,0.051584715,0.001519574,0.096711748,0.091289438,0.061982379,0.061046943,0.091289438,0.053110802,0.051152615,0.046719269,0.040903326,0.03936116,0.031208664,0.018788904,0.039414486,0.040885823,0.040944847,0.033315429,0.032839977,0.03106558,0.023905305,0.020959579
N:TCTGT,0.057629942,0.001666688,0.093913384,0.096794147,0.060628945,0.061599145,0.096794147,0.052579945,0.049989292,0.044498765,0.040590223,0.034387057,0.032304745,0.015699637,0.040194819,0.041664483,0.041865083,0.033351758,0.031768663,0.030947525,0.021533538,0.019598069
N:AATTT,0.071965629,0.001751518,0.085118465,0.107445258,0.059291447,0.062182816,0.107445258,0.052002256,0.048403208,0.039766452,0.040473897,0.024303002,0.036009452,0.008980526,0.040946347,0.043861016,0.044833314,0.033446983,0.027244485,0.030078949,0.016986529,0.017463194
N:AATTG,0.070563286,0.001801308,0.087887003,0.104021316,0.059242745,0.062156443,0.104021316,0.051913002,0.048862586,0.041167077,0.040566715,0.026951926,0.034628569,0.010456064,0.040871668,0.043286876,0.043773381,0.033344837,0.028257852,0.030353459,0.018074336,0.017798236
N:ATTGA,0.06966413,0.001752551,0.088840207,0.103918876,0.05950675,0.061983781,0.103918876,0.051865428,0.049214392,0.040921254,0.040651299,0.026881006,0.034543243,0.010679394,0.041151104,0.043284007,0.043309881,0.033253626,0.028396808,0.030268812,0.018210319,0.017784256
N:AGTCA,0.056064161,0.001320672,0.093172152,0.096776246,0.061227612,0.062010104,0.096776246,0.052983315,0.050406242,0.044836614,0.041277531,0.034345033,0.03292417,0.014696393,0.039152295,0.041980821,0.042276203,0.033599545,0.031818164,0.031402249,0.021606169,0.019348065
N:ACTGA,0.059138865,0.001429535,0.09302977,0.098037718,0.060934608,0.06212679,0.098037718,0.052683642,0.049901884,0.043823886,0.040732878,0.033416572,0.032934396,0.014941862,0.039578232,0.041707315,0.042470356,0.033050551,0.030968902,0.030795229,0.020889699,0.019369593
N:GTCAG,0.052344311,0.001289307,0.095591345,0.092894251,0.06205429,0.061768783,0.092894251,0.053113891,0.050853147,0.046536809,0.041268232,0.03803139,0.031556059,0.017624363,0.039045337,0.040940489,0.041255342,0.033052708,0.032722771,0.03116935,0.02346505,0.020528525
N:GGTCA,0.054217958,0.001342661,0.095927412,0.093031898,0.061720044,0.061293884,0.093031898,0.052985367,0.051010205,0.046147231,0.041067967,0.037464861,0.0314277,0.01784449,0.039268019,0.040915217,0.04084526,0.032925358,0.03274854,0.031032989,0.02350491,0.020246133
N:GACCA,0.057779841,0.001549223,0.096125343,0.094199041,0.061487273,0.061294427,0.094199041,0.052345411,0.050672237,0.045409738,0.040866642,0.036238042,0.03141998,0.016787095,0.039651131,0.041085939,0.040903243,0.032679166,0.032142766,0.030725182,0.022633667,0.019805574
N:ACCAC,0.054104605,0.001228775,0.095982009,0.091748353,0.061874542,0.061274893,0.091748353,0.052764027,0.051165318,0.046157535,0.041164094,0.039289196,0.031027165,0.019357123,0.038667771,0.040553557,0.040900652,0.032718556,0.03291959,0.030724951,0.023590514,0.021038422
N:AGTGG,0.057960574,0.001385394,0.096302292,0.093816171,0.062071896,0.061820636,0.093816171,0.052915316,0.050472384,0.045536173,0.040563693,0.03690192,0.031405681,0.017162324,0.038892678,0.040896321,0.041049034,0.03246298,0.03192586,0.030499663,0.0222355,0.019907341
N:CACTA,0.065119413,0.001561025,0.092189631,0.099681959,0.060464865,0.062382948,0.099681959,0.052587609,0.049618679,0.043131623,0.040318107,0.031165408,0.033026112,0.012586888,0.040032525,0.042141105,0.042398817,0.032597904,0.030306697,0.03076966,0.019880194,0.018356875
N:ACTAA,0.067095404,0.001563561,0.087879488,0.103545008,0.05983665,0.062474766,0.103545008,0.05242941,0.049125731,0.041521733,0.040793471,0.027827455,0.034586185,0.010562958,0.040147583,0.043197577,0.04363359,0.033433977,0.02933986,0.030849116,0.018552861,0.018058608
N:AGTTA,0.063577896,0.001426861,0.088182628,0.102283235,0.059719763,0.062830762,0.102283235,0.052588546,0.0494423,0.041994374,0.04109699,0.029399355,0.034699014,0.011533492,0.039832986,0.042898961,0.043583062,0.033625909,0.029987491,0.031133662,0.019168973,0.018710505
N:AACTT,0.0644389,0.001541317,0.089150919,0.102408523,0.059899281,0.062681448,0.102408523,0.052183819,0.049234147,0.042232318,0.040826472,0.029416249,0.034203266,0.011490116,0.040191187,0.042663045,0.04297567,0.033299163,0.030125251,0.031021441,0.019174123,0.018434823
N:ACTTT,0.064294771,0.001558591,0.088825014,0.102426361,0.060154467,0.06258174,0.102426361,0.052520342,0.049032605,0.042118975,0.040838679,0.029037384,0.034387523,0.011167822,0.039983515,0.043080928,0.043665062,0.033533542,0.029828677,0.031013672,0.01921035,0.018313619
N:CTTTG,0.061367832,0.001534857,0.092365536,0.098934309,0.060831995,0.062182734,0.098934309,0.052654429,0.049683189,0.043998443,0.040906596,0.032304819,0.032487975,0.013169301,0.039731636,0.041916362,0.042105292,0.033237762,0.031285269,0.031165784,0.020626911,0.018574661
