,X,1,2,3,4,5,6,7,8,9,10,11,12,13,14,15,16,17,18,19,20,21,22
ACA,0.054043527,0.077510824,0.083464123,0.068416023,0.067077893,0.063199,0.059066223,0.054570365,0.050751591,0.042567137,0.046252393,0.045624955,0.045683774,0.034972975,0.031019711,0.028852683,0.026960239,0.025596337,0.027529336,0.018615109,0.020995498,0.014468086,0.012762198
ACC,0.051839056,0.081413661,0.081449953,0.066012785,0.060433061,0.059327491,0.056675477,0.054091094,0.048982308,0.043093427,0.047052658,0.046881663,0.046034593,0.031213564,0.031172353,0.030231732,0.031113831,0.031215599,0.024899567,0.024428342,0.022944943,0.013784168,0.015708675
ACG,0.048169886,0.07838307,0.076984537,0.060180516,0.055535377,0.05661081,0.053363489,0.055580056,0.048378365,0.042954062,0.048110307,0.044621768,0.044990134,0.031856968,0.030900179,0.030305186,0.03623856,0.036881562,0.027159945,0.031254214,0.024911613,0.01698676,0.019642637
ACT,0.053273682,0.079240561,0.083209476,0.069239873,0.066730145,0.062953748,0.059188828,0.054456886,0.050248146,0.042329035,0.045920738,0.045986028,0.046122903,0.034382247,0.031254267,0.029002289,0.026782634,0.026706198,0.027135939,0.018605672,0.020754257,0.013921013,0.012555434
ATA,0.057943481,0.074917015,0.086012969,0.072302458,0.076815077,0.066762384,0.062614637,0.054700405,0.052148813,0.041697356,0.043713409,0.044355194,0.045888031,0.039099705,0.031263717,0.026741988,0.021719364,0.020353977,0.027937657,0.01238888,0.017329706,0.014246599,0.009047178
ATC,0.054858343,0.078176653,0.083132231,0.068393935,0.067138007,0.062736708,0.059085816,0.05443653,0.050746186,0.042361396,0.045743115,0.046354806,0.046037593,0.034607752,0.031201045,0.028735251,0.027181509,0.026187527,0.026951263,0.018363999,0.020752921,0.01415227,0.012665143
ATG,0.055213618,0.077357923,0.08434134,0.069127994,0.068610216,0.063525854,0.059685548,0.054309589,0.051340864,0.042523624,0.046182205,0.045829928,0.045533302,0.035336544,0.030960406,0.028358781,0.026419372,0.024667228,0.027150009,0.016589991,0.02073846,0.014206889,0.011990315
ATT,0.055567445,0.075892976,0.08550412,0.071531316,0.074357452,0.065919189,0.062058349,0.055186229,0.051777857,0.041661431,0.045018289,0.044466907,0.045876037,0.037886091,0.031097276,0.027206251,0.023382356,0.021928762,0.027756326,0.013826187,0.018262691,0.014172439,0.009664024
CCA,0.051339624,0.08156073,0.081205051,0.0653857,0.059366239,0.05891546,0.055802822,0.053972762,0.048774747,0.043153008,0.047650112,0.047190352,0.045682513,0.030781684,0.031185294,0.030429697,0.031715363,0.031866418,0.025182903,0.024748434,0.023749174,0.013983617,0.016358299
CCC,0.047924147,0.084405025,0.079466627,0.061966328,0.053395454,0.055603938,0.05316115,0.053256204,0.047238746,0.044192956,0.048128553,0.048714475,0.045258167,0.02819307,0.031170796,0.031186265,0.03525765,0.03647881,0.023861359,0.031199605,0.025994786,0.014162288,0.019783599
CCG,0.042310535,0.083294721,0.074063652,0.054904467,0.048628741,0.050866073,0.050247879,0.055339242,0.044882746,0.04500531,0.047880655,0.046948655,0.044854616,0.02715214,0.030684032,0.031525901,0.041702883,0.045385537,0.023678291,0.043145108,0.027021375,0.016320379,0.024157063
CCT,0.049635856,0.083064606,0.081164923,0.065113273,0.058452082,0.058579712,0.055803461,0.05382674,0.048594178,0.043352158,0.047480493,0.047792934,0.046010838,0.030319373,0.031124053,0.030713224,0.031846222,0.032461916,0.025120202,0.025467929,0.023807783,0.013630996,0.016637046
CTA,0.055141122,0.078723404,0.08428558,0.070524116,0.069332102,0.064057653,0.060484955,0.054089009,0.050886264,0.042238702,0.045079643,0.046154842,0.046204144,0.035251232,0.031437745,0.028560533,0.02481407,0.024697772,0.027333384,0.016140514,0.01960663,0.013649594,0.01130699
CTC,0.049653628,0.082589406,0.080451378,0.064791081,0.058582584,0.058649995,0.055669501,0.054288917,0.048439764,0.042966955,0.047334155,0.047303865,0.046231414,0.030569937,0.031048989,0.030632278,0.031967892,0.032877763,0.02543004,0.026182492,0.023827791,0.013973772,0.016536404
CTG,0.049099914,0.082012942,0.081175307,0.064973186,0.058711495,0.058882867,0.055442856,0.054074485,0.048819097,0.043324596,0.047701325,0.047523959,0.045495049,0.030848078,0.031197067,0.030692732,0.031973029,0.032271773,0.025637727,0.025236793,0.023936039,0.01406722,0.016902462
CTT,0.053688436,0.078926781,0.083759611,0.06943951,0.067003345,0.063257533,0.059518856,0.054163902,0.050644537,0.042504875,0.046055242,0.046296533,0.046107454,0.034415334,0.031263927,0.0289508,0.026355004,0.025940272,0.027316725,0.017229148,0.020896458,0.014050378,0.01221534
GCA,0.051148353,0.080066209,0.081843548,0.065713726,0.061175445,0.060062495,0.056446504,0.05454678,0.049654738,0.042951835,0.04750447,0.046905267,0.04533367,0.032144996,0.031023566,0.030112708,0.030687038,0.030520979,0.02630432,0.022620965,0.023321614,0.014278339,0.015632436
GCC,0.046567928,0.084491081,0.079280417,0.0623226,0.053802616,0.055780221,0.053123246,0.054186117,0.046918701,0.044080678,0.048339725,0.047781666,0.045561001,0.02832274,0.031131843,0.031614764,0.035852976,0.036898942,0.023568133,0.031352491,0.025425531,0.013917884,0.019678699
GCG,0.041354244,0.083024717,0.074313345,0.054707773,0.048677385,0.051623921,0.050732791,0.055521463,0.044723853,0.044729978,0.04797934,0.04529661,0.045462418,0.027369482,0.030757419,0.031809534,0.041285385,0.044730972,0.024909063,0.044237906,0.026767706,0.016182909,0.023801787
GCT,0.049543603,0.081712266,0.081936283,0.065505011,0.059940816,0.059241917,0.056073652,0.05388915,0.04915648,0.043212358,0.047484799,0.047193548,0.045606124,0.031359788,0.031348053,0.030643498,0.031236226,0.031645329,0.025828403,0.023604463,0.02363738,0.013979892,0.016220964
GTA,0.055360778,0.077933648,0.084518498,0.070822853,0.070358498,0.064235985,0.060812698,0.054380916,0.051038914,0.042224859,0.045127201,0.045115181,0.046253675,0.036101486,0.031374279,0.02844641,0.024890904,0.024056785,0.027054101,0.016056701,0.019109216,0.01372268,0.011003734
GTC,0.051039119,0.080761207,0.082150475,0.066130091,0.061531725,0.060164906,0.056856837,0.054093089,0.049690574,0.042931981,0.047242056,0.046616391,0.045544586,0.032175115,0.031123264,0.029685575,0.030405437,0.029782821,0.026004339,0.023405418,0.022941758,0.014309338,0.015413901
GTG,0.050375198,0.080155517,0.080899823,0.064875194,0.059938017,0.059448383,0.055977885,0.054798922,0.049117865,0.043002329,0.04764924,0.046545314,0.045722386,0.03182289,0.030941662,0.03022629,0.031704491,0.031281536,0.025948527,0.025035005,0.023504266,0.014637973,0.016391287
GTT,0.055105488,0.077505451,0.083128427,0.069233287,0.067811338,0.063727085,0.059563773,0.054465001,0.050529798,0.042369092,0.045641325,0.045640875,0.045930226,0.034986902,0.031117645,0.028723077,0.026172918,0.025875417,0.027932306,0.017701051,0.020576475,0.01427512,0.011987922
TCA,0.053536435,0.07864815,0.08311302,0.068406215,0.066319929,0.062627763,0.058719713,0.054494781,0.050448578,0.042517699,0.046106887,0.046099825,0.045827211,0.034301616,0.031034847,0.028960457,0.027611252,0.026675347,0.027005089,0.019104488,0.021251923,0.014175261,0.013013514
TCC,0.051032978,0.081469575,0.081160108,0.065058372,0.059833676,0.059166123,0.05619523,0.053800995,0.049127283,0.043051516,0.04741831,0.047614442,0.045739171,0.031151207,0.031075931,0.030196353,0.030957742,0.031627929,0.026278992,0.024085427,0.023726586,0.014198259,0.016033793
TCG,0.048784502,0.080789355,0.076225804,0.059240335,0.054360716,0.054884277,0.053141041,0.055475523,0.046855372,0.04255628,0.048758797,0.045410951,0.04576245,0.029904769,0.030663665,0.031075394,0.038198856,0.039346627,0.024852998,0.033551401,0.024699093,0.015632148,0.019829646
TCT,0.053407352,0.079139138,0.082806564,0.068522241,0.065829781,0.062694306,0.058797208,0.05436009,0.05029895,0.042459616,0.046029855,0.046570965,0.046079658,0.033925801,0.031206248,0.029088937,0.027105165,0.026937151,0.027174314,0.019140629,0.021214689,0.01424581,0.012965531
TTA,0.05428187,0.076570846,0.08639988,0.072415348,0.075423136,0.066400759,0.06293015,0.055156391,0.05201879,0.04171179,0.044769436,0.044220846,0.046324435,0.038357173,0.031291599,0.027001426,0.022743148,0.021276312,0.027303259,0.012939807,0.017578435,0.013819557,0.009065606
TTC,0.054480386,0.077622303,0.083168308,0.069037294,0.067630753,0.063587113,0.059424915,0.05431997,0.050704885,0.042401974,0.046009746,0.046290388,0.045684844,0.034888892,0.03105121,0.028699257,0.026133752,0.025864833,0.028220383,0.017137625,0.02088223,0.014557257,0.012201685
TTG,0.055760913,0.077783687,0.083322824,0.069223903,0.067482832,0.063357164,0.059287657,0.054495936,0.05048878,0.042263307,0.045816225,0.04564681,0.045879988,0.034636487,0.031127657,0.028865584,0.026463518,0.025765653,0.027429435,0.017876497,0.020805257,0.014098442,0.012121445
TTT,0.05485606,0.07620807,0.084592563,0.070550785,0.071310249,0.064685061,0.061137127,0.055357315,0.050935011,0.042087414,0.045134166,0.044148971,0.046189595,0.036670242,0.031259115,0.02824901,0.024524216,0.0240195,0.027742262,0.016165613,0.019195353,0.014250168,0.010732136