,X,1,2,3,4,5,6,7,8,9,10,11,12,13,14,15,16,17,18,19
B:ACA,0.032108185,0.059619006,0.072604113,0.067150857,0.061428606,0.06656396,0.049323845,0.089330692,0.094563862,0.060841709,0.045704644,0.062260045,0.027217372,0.031032206,0.032695082,0.021495121,0.033771061,0.047171888,0.017484655,0.027633091
B:ACC,0.027403491,0.057251691,0.078372847,0.060662914,0.056171471,0.066575701,0.043919495,0.091534482,0.107055546,0.058303485,0.046335778,0.072488487,0.025271476,0.026465405,0.028824834,0.021121155,0.033259424,0.051765308,0.015549491,0.031667519
B:ACG,0.019123205,0.056462585,0.070975057,0.070975057,0.05170068,0.07037037,0.049659864,0.082993197,0.117157974,0.05600907,0.044897959,0.069690098,0.029402872,0.026379441,0.028495843,0.024187453,0.03015873,0.057067271,0.01579743,0.028495843
B:ACT,0.031675051,0.061114217,0.078069685,0.069001925,0.060213651,0.062294267,0.048723682,0.085740016,0.091267623,0.06387802,0.04229551,0.067169741,0.027575927,0.033041426,0.031892429,0.020060866,0.037078442,0.044469288,0.017017577,0.027420657
B:ATA,0.043471421,0.077713686,0.071840587,0.070582066,0.063240692,0.052333508,0.05453592,0.080597798,0.061562664,0.067645517,0.048243314,0.06103828,0.028316728,0.042160461,0.037231253,0.020870477,0.035500787,0.040849502,0.017881489,0.024383849
B:ATC,0.035623131,0.064427915,0.076059214,0.068329323,0.056989718,0.059687887,0.046926274,0.087398819,0.084591264,0.06100051,0.047108583,0.068949172,0.026252461,0.03204988,0.034675126,0.021840589,0.032450959,0.048676438,0.017829797,0.02913294
B:ATG,0.037792509,0.062156496,0.070853873,0.065046178,0.058303587,0.063488016,0.048133039,0.08615219,0.086973766,0.060881636,0.044081818,0.068389144,0.029406765,0.033259675,0.034279563,0.022352541,0.034222902,0.048642983,0.0169698,0.028613519
B:ATT,0.042722285,0.073180571,0.067734388,0.071970308,0.064264967,0.056156205,0.0533726,0.081813781,0.057124415,0.063982572,0.050185574,0.063095046,0.027997418,0.043569469,0.039494917,0.021058577,0.035581733,0.040745522,0.020211393,0.02573826
B:CCA,0.029453493,0.054196697,0.077426555,0.059096154,0.057828727,0.068251896,0.045513875,0.091046668,0.105007283,0.05983391,0.045627376,0.071108337,0.026143049,0.027183474,0.027940147,0.021394927,0.034561035,0.050791669,0.016344135,0.031250591
B:CCC,0.02664079,0.053259527,0.080187015,0.056479358,0.055486944,0.071740473,0.045320219,0.090199365,0.119971771,0.055531052,0.047657904,0.072666725,0.023707657,0.023200423,0.024655963,0.020973006,0.031426429,0.054516584,0.014996471,0.031382322
B:CCG,0.016556291,0.058695455,0.08690919,0.059874807,0.050394629,0.069672503,0.045087544,0.08387009,0.118116665,0.054204844,0.045223623,0.080150594,0.025219995,0.024630318,0.027170462,0.025310714,0.028395174,0.052481176,0.016329493,0.031706432
B:CCT,0.028496966,0.05442578,0.080449712,0.058211425,0.055833508,0.06934008,0.044248293,0.09051306,0.111096315,0.058858219,0.045636997,0.071356554,0.024140621,0.025890768,0.028496966,0.020925676,0.034013735,0.051895676,0.01531379,0.03085586
B:CTA,0.036587762,0.06448286,0.081278853,0.06266575,0.061585306,0.058294863,0.045771535,0.082408408,0.085797073,0.06404086,0.046999312,0.068117081,0.027158432,0.033002652,0.033002652,0.021215991,0.035949317,0.044936647,0.016746881,0.029957764
B:CTC,0.027540555,0.057165039,0.077309688,0.062027541,0.056041352,0.069055694,0.046336779,0.089465942,0.105340579,0.059575859,0.04455931,0.074224656,0.025150165,0.026743758,0.029890083,0.02075757,0.03401708,0.050320762,0.015874637,0.02860295
B:CTG,0.025233274,0.054278222,0.079496249,0.061794841,0.057525767,0.070881869,0.044413612,0.088613771,0.11239861,0.060087211,0.045587607,0.068061231,0.024714887,0.026010856,0.028922974,0.020765994,0.03502165,0.050192108,0.016557907,0.029441361
B:CTT,0.033001709,0.06148924,0.078472192,0.064381821,0.061029057,0.061817943,0.047661831,0.085506421,0.087960731,0.062584915,0.043388701,0.071350309,0.026186615,0.033023623,0.032300478,0.022439409,0.037274839,0.044944559,0.016807643,0.028377964
B:GCA,0.026241383,0.054819488,0.077836196,0.064259843,0.054071737,0.070779297,0.045309031,0.085126767,0.11120458,0.059376095,0.045706274,0.067788293,0.024956186,0.028624839,0.031569109,0.021123963,0.034443276,0.050987265,0.0170347,0.028741675
B:GCC,0.025142357,0.052146299,0.083026719,0.054927727,0.055234341,0.071397284,0.043057381,0.087428822,0.117257994,0.058607096,0.044196233,0.073653088,0.024507227,0.024463425,0.027989488,0.023850197,0.032720105,0.052759527,0.015549715,0.032084976
B:GCG,0.015745535,0.056641657,0.089453662,0.058860826,0.051780619,0.069639649,0.04633837,0.082690479,0.122635528,0.052943041,0.043485153,0.077618092,0.026048822,0.02388249,0.029324738,0.026260171,0.026154496,0.053260066,0.017753355,0.029483251
B:GCT,0.0245758,0.055071163,0.082254135,0.061012096,0.058832329,0.0703509,0.042676412,0.083514981,0.10886011,0.060328247,0.045091251,0.069795273,0.0261572,0.02703338,0.030473992,0.022695217,0.035068599,0.04908749,0.016839766,0.03028166
B:GTA,0.034141834,0.064772465,0.078216678,0.065973666,0.061538462,0.05955186,0.048279048,0.082698083,0.085747286,0.065280665,0.043705244,0.065650266,0.027396627,0.035666436,0.034372834,0.021159621,0.033864634,0.048140448,0.015800416,0.028043428
B:GTC,0.026814594,0.059613145,0.07368353,0.064756113,0.056507957,0.067602536,0.045769181,0.089241817,0.109781343,0.0561845,0.043246216,0.07255143,0.027105706,0.026135334,0.028722991,0.021121749,0.033477811,0.051623755,0.016528658,0.029531634
B:GTG,0.02711848,0.053850244,0.074950452,0.065113356,0.056871465,0.070019819,0.046019239,0.092207667,0.111761009,0.058660028,0.044158167,0.064871659,0.025837482,0.026731764,0.029342099,0.022526224,0.032725866,0.050998211,0.016483782,0.029752985
B:GTT,0.031261346,0.061796529,0.076210878,0.070002178,0.060925133,0.062268535,0.051521313,0.085469465,0.081729722,0.06397502,0.048616658,0.066189819,0.028320383,0.033693995,0.033040447,0.019715344,0.037143272,0.04298889,0.017645777,0.027485295
B:TCA,0.03274081,0.062843618,0.074011982,0.067996351,0.058627746,0.062917581,0.046300634,0.087941619,0.092650576,0.061438327,0.043490052,0.068070314,0.027760657,0.031532753,0.033628362,0.021917606,0.034836419,0.045955474,0.017356574,0.027982545
B:TCC,0.028085783,0.056579852,0.078842187,0.061522262,0.056214544,0.068162283,0.047447138,0.090295685,0.103941035,0.05832044,0.046372701,0.07248152,0.025550112,0.027591542,0.027591542,0.020392814,0.03393072,0.050197696,0.016481864,0.029998281
B:TCG,0.024620524,0.056721621,0.084900864,0.067179897,0.051419856,0.064710582,0.040090057,0.082576803,0.109013,0.056648994,0.043430895,0.077856053,0.02730772,0.025637301,0.031665335,0.024911032,0.026871959,0.058900428,0.013871741,0.031665335
B:TCT,0.032392723,0.062657308,0.073911887,0.064703595,0.060078987,0.063107491,0.049069963,0.088727005,0.089750148,0.062350365,0.04577544,0.072806892,0.024985164,0.030653379,0.031737912,0.020851665,0.03650576,0.046307475,0.016922794,0.026704046
B:TTA,0.039239172,0.072824837,0.071339594,0.072776926,0.067889996,0.058403603,0.053995784,0.075459946,0.059697202,0.064152932,0.048198544,0.060415868,0.028171713,0.04268877,0.039478727,0.021272518,0.038280951,0.040101571,0.018924875,0.02668647
B:TTC,0.033048487,0.061470186,0.078018035,0.065978943,0.060880034,0.061399367,0.0486757,0.087507672,0.084887399,0.063641943,0.045890185,0.070110004,0.026438789,0.033402578,0.03134885,0.021977244,0.036943487,0.044450215,0.016736698,0.027194183
B:TTG,0.034729989,0.063666867,0.073991224,0.067165677,0.05965184,0.060626918,0.049642949,0.086466489,0.082049958,0.06220425,0.046516963,0.069259227,0.027675012,0.034930741,0.034586596,0.020677393,0.035590352,0.044136626,0.018497806,0.027933121
B:TTT,0.038236224,0.069739177,0.071999806,0.077930917,0.062714213,0.059505579,0.056102482,0.078854615,0.060453584,0.06375945,0.049758137,0.062471134,0.028002625,0.04176086,0.038357763,0.020515812,0.039986388,0.037166679,0.018692725,0.023991833
N:ACA,0.05464783,0.063308763,0.058251433,0.026351351,0.044492219,0.043939394,0.101535627,0.087203112,0.034520885,0.033374283,0.034418509,0.043468468,0.093140868,0.042342342,0.078562654,0.036036036,0.029197379,0.05489353,0.017239967,0.023075348
N:ACC,0.05015229,0.065617884,0.053848656,0.02714611,0.048378035,0.048318893,0.098412041,0.079693645,0.036963657,0.034095278,0.034893693,0.049442588,0.086199249,0.037141083,0.070319662,0.044533814,0.02906822,0.062187657,0.018866251,0.024721294
N:ACG,0.047910095,0.069597792,0.053430599,0.035193218,0.045051262,0.066837539,0.059148265,0.0670347,0.038742114,0.040713722,0.043572555,0.051656151,0.06910489,0.044262618,0.072358044,0.053824921,0.025729495,0.060528391,0.024349369,0.030954259
N:ACT,0.057593257,0.06505905,0.054159513,0.026793611,0.043233963,0.042661672,0.110217991,0.082904115,0.03438947,0.03001925,0.0350398,0.042375527,0.09565059,0.040996826,0.081057177,0.03511784,0.026975704,0.051766297,0.01966599,0.024322356
N:ATA,0.071448904,0.069990037,0.072267293,0.028501281,0.045260461,0.03903359,0.107351267,0.097779675,0.031846001,0.041808995,0.037859379,0.036471677,0.064652718,0.046719328,0.060631939,0.0264731,0.029639909,0.049032166,0.017791062,0.025441218
N:ATC,0.066007018,0.070590839,0.05712389,0.028514526,0.044067904,0.045743369,0.111497487,0.088609996,0.031928682,0.034900262,0.035975089,0.043815003,0.079379129,0.03932602,0.065311542,0.034615749,0.027218411,0.051907818,0.019473335,0.02399393
N:ATG,0.06306814,0.070026707,0.060201406,0.027172715,0.046455786,0.044593634,0.09790998,0.09398966,0.033788254,0.036311959,0.035503394,0.044520128,0.078308382,0.043834072,0.061279494,0.034866342,0.029181878,0.056795629,0.018548012,0.023644427
N:ATT,0.070041458,0.068650447,0.069741436,0.028993018,0.04481235,0.040312023,0.108007855,0.096334279,0.033847916,0.039630155,0.039221034,0.04058477,0.065268383,0.046176086,0.060658957,0.026292821,0.028529348,0.048276238,0.019583242,0.025038185
N:CCA,0.051978758,0.066559081,0.052616765,0.027134038,0.049670676,0.046330525,0.100467246,0.08288454,0.037285846,0.032500798,0.035484416,0.04980203,0.087556998,0.035109118,0.067609915,0.045673754,0.02944212,0.059090653,0.019346606,0.023456118
N:CCC,0.043561339,0.062354876,0.057057856,0.031443498,0.051180341,0.049487229,0.084607198,0.078004063,0.041747291,0.034297601,0.038530379,0.054203754,0.073142415,0.032435178,0.066660217,0.051712461,0.029387577,0.070070627,0.01966428,0.030451819
N:CCG,0.040481896,0.059718894,0.062309735,0.038279681,0.047088542,0.061143856,0.059330268,0.066001684,0.046440832,0.042684112,0.041842088,0.054537211,0.073450353,0.034846817,0.060690459,0.051816828,0.031996891,0.065289203,0.025584559,0.036466092
N:CCT,0.049277776,0.063664175,0.053556907,0.027862758,0.049858653,0.049064787,0.094411958,0.07913488,0.038725167,0.03305193,0.034891376,0.048619448,0.085931147,0.035859505,0.073093754,0.044282229,0.028869612,0.065542346,0.01971111,0.024590481
N:CTA,0.062052506,0.070282281,0.061764464,0.028598469,0.047197762,0.043823554,0.09669986,0.085548515,0.035223438,0.034277014,0.036334458,0.042342194,0.080034565,0.042630236,0.063286972,0.038021562,0.030120978,0.053287795,0.022755329,0.025718048
N:CTC,0.050702862,0.063671016,0.054857512,0.030393482,0.049956638,0.048605369,0.097533429,0.080410625,0.037210334,0.030837182,0.033539721,0.045317952,0.083657705,0.036040578,0.077405562,0.042958272,0.028497671,0.064558417,0.019704334,0.024141339
N:CTG,0.047902119,0.061807729,0.051498916,0.027028654,0.047330243,0.047465687,0.109273417,0.075397303,0.036690344,0.031046834,0.03325909,0.046261739,0.096601854,0.035426198,0.081025765,0.043342162,0.028849627,0.057458464,0.019368529,0.022965326
N:CTT,0.06142634,0.067312698,0.058302967,0.029812197,0.044948544,0.046510231,0.088595683,0.084271013,0.037200176,0.033996716,0.036979938,0.04637008,0.076202298,0.044808393,0.078084331,0.037240219,0.027970208,0.056060545,0.01837985,0.02552757
N:GCA,0.052392935,0.061366442,0.051965625,0.028416105,0.04546102,0.050588738,0.097853955,0.075111575,0.038980154,0.032617985,0.036986041,0.045912069,0.085604406,0.040713133,0.083182984,0.042707245,0.030410217,0.054387048,0.021412971,0.023929351
N:GCC,0.047084913,0.063716769,0.056522524,0.029292695,0.050540213,0.054047085,0.08241149,0.076042392,0.041437817,0.035352363,0.037415229,0.052061577,0.084809572,0.032773781,0.063329981,0.052010005,0.032954282,0.059797323,0.021428019,0.026971971
N:GCG,0.036752257,0.056574492,0.05770316,0.042113431,0.044582393,0.057632619,0.06010158,0.062288375,0.045005643,0.046275395,0.046416479,0.060172122,0.072658014,0.034988713,0.05967833,0.052694695,0.035976298,0.064404628,0.028498871,0.035482506
N:GCT,0.052644604,0.062476096,0.055164346,0.030956827,0.046885194,0.050844788,0.089743301,0.074647349,0.038853518,0.032036716,0.03687372,0.046997683,0.086053679,0.036896218,0.077887017,0.04634525,0.031564265,0.058898963,0.020427906,0.02380256
N:GTA,0.060694115,0.069697962,0.055496439,0.025579111,0.042072522,0.04616518,0.110010641,0.082548907,0.032127364,0.032782189,0.037284112,0.038430056,0.091225342,0.0460424,0.073913399,0.03658836,0.027830073,0.05201768,0.017557502,0.021936646
N:GTC,0.048122953,0.064373898,0.05404384,0.028376165,0.047933988,0.046705719,0.100056689,0.077632905,0.036690602,0.033257748,0.032974301,0.050138574,0.093568909,0.036249685,0.075270849,0.042359536,0.026832955,0.061004031,0.019715294,0.024691358
N:GTG,0.048668057,0.059624739,0.054713922,0.026384063,0.046768589,0.046050498,0.096571693,0.081862404,0.035603428,0.032731063,0.033217512,0.045934677,0.100463285,0.037780866,0.082163539,0.04174195,0.028260366,0.058883484,0.018299745,0.024276118
N:GTT,0.061222568,0.06828671,0.058271326,0.029041474,0.042510439,0.046654736,0.096920034,0.088317478,0.037110295,0.033499733,0.039559198,0.045147719,0.072462403,0.044865153,0.073749647,0.035100939,0.029857775,0.051426957,0.019654014,0.026341402
N:TCA,0.061205174,0.065537911,0.059838048,0.026774635,0.044294879,0.044673467,0.104511515,0.088568724,0.033484068,0.0335051,0.033778526,0.043306341,0.08861079,0.039604585,0.07283626,0.034577768,0.027153223,0.056451783,0.017814702,0.0234725
N:TCC,0.050588063,0.064215183,0.052432965,0.029958699,0.049225351,0.046143525,0.097465356,0.0812386,0.03882681,0.032558335,0.035807879,0.048323864,0.084278496,0.036059456,0.073565484,0.041636093,0.027107487,0.065116669,0.02039875,0.025052936
N:TCG,0.053888131,0.069382187,0.048236211,0.04044046,0.043656207,0.062950692,0.071623465,0.069479634,0.040537907,0.038491522,0.041414929,0.053400897,0.071623465,0.035763009,0.066946014,0.047456636,0.029526408,0.059345157,0.025238745,0.030598324
N:TCT,0.056448578,0.06736197,0.058186836,0.029191979,0.048241134,0.045140942,0.10354282,0.084583266,0.034998118,0.0332061,0.032811856,0.044280773,0.077486873,0.042058671,0.077791517,0.037291902,0.027453721,0.056323137,0.019192517,0.02440729
N:TTA,0.070249227,0.070562063,0.068267927,0.030414682,0.044666134,0.043901422,0.10344468,0.090792172,0.033404011,0.038861274,0.040321179,0.039834544,0.061802635,0.051131426,0.06228927,0.027633912,0.028989537,0.045569884,0.018909243,0.028954778
N:TTC,0.059570595,0.066644603,0.059260332,0.030012824,0.04538121,0.04430563,0.094733794,0.088445787,0.037004095,0.035638936,0.035866463,0.045298474,0.075083771,0.044160841,0.076531668,0.033673934,0.026806768,0.05661275,0.019236338,0.025731188
N:TTG,0.065127782,0.067407012,0.05940546,0.027908443,0.04286892,0.045754328,0.095848892,0.087604869,0.037025362,0.033339799,0.039886523,0.045948305,0.0755298,0.04252946,0.072377673,0.037073857,0.030017943,0.052010087,0.019106736,0.023228747
N:TTT,0.064872202,0.069909086,0.063139657,0.030185579,0.044688946,0.046171433,0.099665994,0.091896333,0.036312001,0.037044314,0.040813046,0.041491775,0.057531213,0.050904674,0.066051048,0.029846214,0.029917659,0.052923,0.020433315,0.026202511
T:ACA,0.035447746,0.065802141,0.093472918,0.044199187,0.061409376,0.062134646,0.049276081,0.081420731,0.040811457,0.058062787,0.047751485,0.076903365,0.029241217,0.04074563,0.038675611,0.042359563,0.032090578,0.046129324,0.022117814,0.031948345
T:ACC,0.032086349,0.061127165,0.088681299,0.04139471,0.064598495,0.062001853,0.047921676,0.086168373,0.042553744,0.057479742,0.047387626,0.086686547,0.028197882,0.035469633,0.037719863,0.046668822,0.0299819,0.048815129,0.021155628,0.033903565
T:ACG,0.024443859,0.058964944,0.085759332,0.043770891,0.064900957,0.064773345,0.048739523,0.075855,0.046845927,0.057441834,0.053955146,0.084182707,0.031520146,0.038452355,0.037435577,0.048080881,0.030112298,0.047759793,0.023731702,0.033273781
T:ACT,0.038246563,0.066816195,0.093401929,0.044780701,0.062150665,0.060669854,0.049613926,0.078929204,0.040498475,0.058175383,0.046569952,0.077425933,0.029849808,0.040519437,0.038665802,0.04247339,0.03198044,0.044584557,0.022321475,0.032326312
T:ATA,0.049719239,0.073434672,0.099496558,0.048309044,0.057467179,0.058003843,0.051454684,0.073125684,0.038133339,0.05812465,0.046369155,0.066530061,0.030113582,0.044993809,0.040279995,0.03605638,0.033865583,0.041039688,0.0226816,0.030801255
T:ATC,0.039283726,0.065744063,0.091625489,0.0445847,0.06159406,0.05974086,0.050039822,0.081021829,0.039800978,0.059129407,0.047422733,0.07792517,0.029392572,0.04043641,0.039607437,0.042080654,0.032120989,0.044139384,0.022103091,0.032206627
T:ATG,0.038983768,0.065922249,0.094198362,0.043979794,0.061087002,0.060032709,0.049990577,0.082469363,0.039427888,0.058548793,0.047159803,0.076382144,0.028948225,0.040934208,0.039202533,0.041548333,0.031873886,0.045479525,0.02194509,0.031885746
T:ATT,0.048637012,0.074143243,0.097325704,0.049305275,0.058292064,0.058404332,0.051682506,0.071131608,0.03772741,0.058511254,0.047345039,0.0663023,0.031121415,0.046156423,0.040596482,0.036585127,0.032956909,0.040600046,0.023025642,0.030150208
T:CCA,0.032523826,0.060498718,0.089286945,0.041449458,0.064662035,0.06153883,0.048125502,0.089069736,0.042080032,0.057139166,0.046632794,0.086434531,0.027780648,0.035546561,0.037299537,0.04631033,0.029930723,0.0489197,0.020975428,0.033795499
T:CCC,0.026666028,0.054894939,0.084043617,0.039349936,0.067280642,0.063491398,0.047411062,0.094040084,0.043921221,0.056560818,0.048082923,0.093371817,0.026028898,0.031101983,0.037118785,0.049460176,0.027575015,0.052915287,0.020553416,0.036131953
T:CCG,0.021964861,0.055586194,0.082765133,0.040436958,0.068626959,0.066654968,0.047032543,0.084054726,0.047258153,0.055917644,0.051592076,0.090912129,0.029772051,0.034395646,0.035805007,0.050419466,0.028371046,0.049770491,0.022928574,0.035735374
T:CCT,0.031066813,0.060135337,0.086929034,0.040772933,0.065130573,0.062631978,0.047610114,0.088348846,0.041397337,0.057359228,0.046638818,0.088134848,0.028090387,0.035080982,0.038241114,0.047433248,0.029796507,0.049365091,0.020909246,0.034927568
T:CTA,0.041374933,0.067067705,0.092937334,0.044812749,0.061519714,0.058576129,0.048987068,0.080799589,0.039037024,0.058934689,0.046116164,0.077429608,0.029552139,0.039555482,0.039792907,0.042106589,0.032188041,0.044480839,0.0223664,0.032364898
T:CTC,0.030524118,0.061266787,0.08742718,0.041558393,0.065476794,0.062642935,0.04859703,0.086100181,0.041241544,0.057109066,0.046613329,0.087633184,0.02891687,0.036491954,0.037607721,0.046420919,0.029971986,0.048164109,0.021719285,0.034516618
T:CTG,0.030293341,0.06033668,0.088951324,0.041595937,0.06494565,0.062607857,0.047684543,0.086621369,0.041996411,0.057893871,0.046815414,0.086880775,0.028910885,0.035965015,0.037394494,0.046943158,0.030541775,0.048349909,0.02138418,0.033887413
T:CTT,0.038810825,0.066814277,0.092149612,0.044602095,0.062360277,0.060833498,0.049712417,0.07695355,0.039625607,0.058030476,0.047020745,0.07787647,0.029970278,0.041210203,0.039918971,0.042768032,0.032068797,0.043943631,0.022564433,0.032765805
T:GCA,0.031497987,0.060748364,0.090567298,0.042527968,0.064134295,0.062316127,0.048219574,0.084230926,0.042475951,0.058089459,0.047600211,0.083773662,0.029583043,0.036627086,0.037537984,0.046551407,0.030722574,0.047855456,0.02167528,0.033265349
T:GCC,0.027382909,0.055701985,0.087009691,0.03899188,0.067119801,0.063376355,0.046558419,0.091416052,0.043709479,0.056467829,0.04759139,0.091061926,0.027906133,0.033270718,0.036498291,0.049803147,0.028506555,0.050931695,0.021028241,0.035667504
T:GCG,0.02127387,0.053257151,0.083447102,0.038819504,0.06719253,0.066029563,0.048824392,0.085985404,0.050364902,0.05560331,0.051517756,0.089467563,0.030806829,0.035664324,0.034680016,0.050557044,0.028147174,0.050621092,0.022726736,0.035013736
T:GCT,0.030383652,0.060083694,0.088878323,0.04210852,0.065130574,0.062538318,0.047495499,0.084170404,0.041950414,0.05767798,0.047115589,0.087644186,0.0298172,0.036082292,0.037212921,0.047619481,0.030489435,0.0474682,0.021976735,0.034156584
T:GTA,0.040296413,0.068264092,0.09471741,0.045627227,0.060899583,0.059987475,0.049314937,0.076130479,0.040370604,0.058276727,0.046829551,0.075517316,0.029876996,0.041136513,0.039801082,0.042114083,0.032172541,0.044112866,0.022636865,0.031917238
T:GTC,0.030553871,0.061211009,0.089837232,0.042116478,0.064559805,0.062796073,0.048404281,0.083555985,0.042549216,0.0576147,0.048550166,0.084229679,0.029126166,0.03715967,0.037746488,0.045875064,0.030586654,0.047964988,0.022108938,0.033453538
T:GTG,0.030198468,0.060405453,0.090098991,0.041292329,0.063902246,0.063158842,0.048417318,0.087379668,0.042990841,0.057220135,0.048227513,0.084133516,0.02826635,0.036604388,0.037033883,0.046115324,0.030261736,0.049703369,0.021168128,0.033421503
T:GTT,0.038918503,0.069208153,0.091979033,0.046618149,0.061125475,0.060909133,0.050006916,0.075285234,0.040496735,0.05872798,0.047614741,0.075295874,0.030725881,0.04257149,0.039399066,0.041191867,0.032735024,0.042739953,0.022836492,0.031614301
T:TCA,0.03779519,0.065170552,0.092889959,0.043453985,0.062404287,0.060572853,0.049555289,0.080951465,0.039725088,0.058300068,0.047092526,0.079246297,0.029453535,0.040449089,0.038967493,0.042630361,0.031689252,0.045029412,0.021912337,0.032710962
T:TCC,0.03172897,0.062012735,0.086599792,0.042508474,0.064636607,0.062647402,0.048658515,0.086415181,0.04153845,0.05729479,0.047097519,0.085722619,0.028491186,0.036662111,0.038152104,0.045862049,0.030401741,0.047988893,0.021492374,0.034088488
T:TCG,0.027949606,0.058635394,0.08519056,0.043268178,0.064119922,0.064071279,0.049441819,0.077760302,0.045959772,0.058193552,0.0515578,0.084914915,0.031832959,0.036989144,0.036616213,0.048906743,0.029554833,0.046802922,0.02369332,0.034540767
T:TCT,0.036896011,0.066080167,0.091242864,0.043933811,0.063143359,0.060690717,0.049941642,0.080211442,0.039544506,0.058298719,0.04653061,0.079634818,0.029587793,0.040590384,0.039404327,0.042442541,0.031988738,0.044753016,0.022559934,0.032524601
T:TTA,0.046342533,0.076290581,0.096023587,0.050443894,0.057767597,0.05977334,0.050991911,0.064997041,0.038008286,0.059019268,0.048249633,0.066301322,0.032479888,0.04713387,0.04125474,0.03736601,0.033641684,0.0398562,0.023836559,0.030222057
T:TTC,0.039676004,0.067692511,0.091325886,0.0451777,0.061746578,0.060608649,0.050570046,0.077420149,0.039489197,0.058453533,0.046952368,0.076298167,0.030088471,0.042257131,0.039914069,0.041507624,0.032430394,0.043459986,0.022669724,0.032261812
T:TTG,0.040792186,0.067336371,0.094432931,0.045496288,0.061790684,0.059897804,0.049760409,0.078111122,0.040071219,0.057858263,0.04699716,0.076000307,0.02973645,0.041034793,0.039273496,0.04163103,0.031926763,0.043552694,0.022243056,0.032056976
T:TTT,0.046492165,0.07499883,0.095379201,0.048782282,0.058727297,0.06018049,0.051262963,0.066659683,0.038614384,0.0583796,0.048069058,0.066669713,0.032351388,0.046939044,0.040337266,0.037523375,0.033744403,0.040156731,0.024061275,0.030670854
U:ACA,0.038300801,0.062710737,0.08219717,0.048257908,0.059048788,0.064406955,0.051562034,0.079713054,0.051189302,0.060614262,0.047200495,0.071996926,0.037426887,0.032138679,0.033122692,0.035971512,0.030248641,0.048673074,0.033440374,0.03177971
U:ACC,0.035181273,0.059641333,0.081376902,0.04468825,0.06257131,0.065426564,0.048898564,0.084160308,0.055422397,0.059859752,0.046040436,0.079613743,0.034607923,0.029038238,0.031517007,0.037250507,0.028489316,0.052190657,0.031009757,0.033015764
U:ACG,0.027932076,0.059985545,0.077104549,0.044681577,0.062369049,0.072077669,0.045676396,0.075447871,0.059993666,0.057825367,0.051170232,0.07619094,0.040068866,0.030664783,0.030664783,0.039212103,0.029410093,0.050885998,0.034859264,0.033779175
U:ACT,0.041276125,0.062193705,0.080895688,0.050241221,0.059539391,0.064039546,0.051274188,0.077542947,0.050798789,0.060104294,0.047441646,0.071957003,0.0378823,0.031319146,0.033493658,0.035845712,0.031279529,0.04722889,0.033611041,0.03203518
U:ATA,0.054214931,0.063901827,0.081474038,0.055717758,0.053619685,0.061287723,0.053221346,0.070293368,0.044274547,0.062713598,0.048644966,0.063523857,0.040216461,0.034361321,0.035305115,0.033521639,0.031765324,0.044154592,0.035766826,0.032021076
U:ATC,0.043116216,0.0627509,0.081884621,0.049682333,0.058589064,0.063367468,0.051900639,0.078563865,0.050082768,0.06053427,0.046825679,0.071793342,0.037433065,0.031315971,0.033388512,0.03561687,0.029816437,0.046901074,0.03380235,0.032634556
U:ATG,0.042625206,0.062360972,0.082414702,0.048565273,0.057971786,0.062804823,0.052174477,0.08082878,0.05024853,0.061408381,0.046473207,0.07161045,0.036958976,0.032251827,0.033239459,0.035485964,0.029814543,0.047948814,0.032659338,0.032154491
U:ATT,0.053103271,0.064972101,0.080048073,0.057091596,0.054698257,0.062000172,0.052864624,0.06825822,0.043529917,0.060825822,0.049051421,0.062369302,0.040667868,0.035196154,0.035300884,0.033752253,0.032212207,0.043468109,0.038336338,0.032253412
U:CCA,0.035771812,0.059281407,0.082187457,0.044172673,0.062304876,0.064105949,0.050157438,0.086765224,0.055012587,0.059258452,0.045471588,0.079161119,0.034291164,0.028558912,0.031733506,0.037211331,0.028603867,0.052105811,0.030934836,0.03290999
U:CCC,0.029868355,0.056583838,0.081314135,0.04158868,0.065954302,0.065349328,0.047488691,0.092285789,0.057977332,0.058470006,0.045340488,0.086089932,0.032050369,0.025315951,0.03092857,0.038065096,0.02703065,0.056658705,0.02739291,0.034246873
U:CCG,0.025773354,0.056512548,0.079297485,0.0419938,0.066502717,0.072660582,0.04292681,0.080520146,0.061709553,0.056401144,0.049516367,0.083235623,0.036448658,0.028310584,0.030909086,0.039740651,0.02728288,0.053953038,0.03127672,0.035028255
U:CCT,0.034291084,0.060398342,0.082047506,0.044119812,0.063745302,0.065007556,0.049570853,0.085167784,0.055266013,0.059238772,0.045048824,0.081298679,0.034433487,0.027986593,0.032192816,0.037322238,0.028518425,0.052440229,0.028950479,0.032955206
U:CTA,0.044620352,0.062984494,0.081911676,0.050614237,0.059112107,0.06227416,0.050664126,0.07817708,0.048960751,0.060366475,0.046910524,0.072691594,0.037486132,0.0310765,0.033585236,0.035255352,0.030774786,0.045649029,0.033791922,0.033093467
U:CTC,0.033539349,0.061158537,0.081709336,0.044816875,0.062175068,0.065916066,0.049657744,0.083580864,0.054760976,0.058682028,0.04637048,0.080453076,0.035392357,0.028477272,0.031670907,0.036889374,0.02923041,0.052155858,0.030561777,0.032801644
U:CTG,0.033486062,0.060519266,0.08231054,0.044308485,0.062596359,0.065382345,0.049847143,0.083828267,0.05520451,0.059222341,0.046444459,0.078915604,0.035176557,0.028467258,0.03230225,0.037446562,0.029261373,0.051572501,0.030972012,0.032736108
U:CTT,0.041489785,0.063553965,0.081098761,0.050337017,0.059740015,0.064201834,0.051147115,0.075775559,0.050149669,0.059790254,0.047493302,0.073435276,0.038696307,0.032426945,0.033959223,0.035589885,0.030917692,0.046272921,0.032051202,0.031873273
U:GCA,0.035290261,0.060853517,0.08237276,0.044065098,0.062035023,0.065125667,0.049488735,0.081897276,0.05499282,0.058787084,0.046931209,0.077611919,0.03626044,0.029702126,0.032485387,0.037691694,0.029660101,0.050135921,0.031553631,0.03305933
U:GCC,0.030859198,0.056813078,0.082673687,0.040792558,0.065762184,0.066138949,0.047535069,0.088492078,0.05860609,0.058598726,0.04565124,0.083389173,0.03406232,0.027236356,0.031675319,0.038313513,0.027555441,0.053342415,0.028607194,0.033895414
U:GCG,0.025741224,0.055191925,0.077915838,0.040639616,0.065591232,0.072082818,0.041714827,0.080835708,0.064388339,0.055454008,0.050941482,0.080022579,0.039251922,0.029353261,0.03027727,0.039500564,0.027441401,0.051942772,0.035488683,0.036224531
U:GCT,0.033732766,0.060584769,0.081896975,0.044012744,0.062144529,0.066553134,0.048590521,0.081810133,0.055187075,0.058678772,0.047536019,0.080198494,0.036404545,0.029138072,0.032117743,0.037454535,0.029621902,0.050151408,0.031077903,0.03310796
U:GTA,0.043379761,0.06295345,0.081497173,0.050111327,0.058805455,0.064035348,0.050604672,0.07545153,0.049457861,0.061659501,0.047709515,0.071108793,0.038359757,0.03223189,0.03364052,0.035663668,0.031022328,0.045753444,0.033830934,0.032723071
U:GTC,0.03334407,0.06073919,0.080475079,0.046143812,0.062091956,0.06658024,0.049330864,0.082079072,0.055841855,0.059104598,0.047063371,0.077091553,0.036444158,0.029863918,0.031870521,0.037416861,0.029239069,0.051524277,0.03182865,0.031926886
U:GTG,0.033354651,0.059425868,0.081256863,0.043509949,0.062130006,0.065719836,0.050069383,0.085953206,0.055827592,0.059819241,0.0463613,0.07747638,0.035140516,0.029509008,0.0313359,0.037166508,0.028981695,0.052469441,0.031925959,0.032566698
U:GTT,0.041903433,0.063908147,0.081233638,0.052385304,0.057736177,0.064523111,0.050755134,0.072739235,0.049370607,0.059893704,0.048731594,0.070198644,0.039323334,0.032891979,0.034097858,0.03571085,0.031311625,0.045996894,0.034906931,0.0323818
U:TCA,0.041177003,0.062089934,0.08121256,0.049011992,0.059099299,0.064366033,0.051751237,0.078931932,0.051074069,0.061086639,0.046965768,0.072578106,0.037323489,0.031316174,0.033175554,0.03555923,0.030226817,0.048325765,0.032690892,0.032037505
U:TCC,0.034952969,0.061345606,0.081127628,0.04587462,0.062291218,0.065608983,0.049936526,0.083097923,0.054480444,0.058192484,0.045984021,0.079066347,0.035280087,0.02865539,0.032181124,0.037276379,0.029026919,0.051996724,0.03084232,0.032782286
U:TCG,0.031288891,0.060292841,0.077920103,0.04674726,0.061805464,0.072229759,0.04531467,0.07567918,0.058448081,0.056551299,0.050552828,0.077323857,0.038347799,0.0300964,0.031296894,0.039124119,0.02890791,0.050248702,0.034398172,0.033425771
U:TCT,0.039290019,0.063812744,0.081965678,0.04937745,0.059411798,0.063773174,0.051610736,0.078533713,0.05051436,0.059572008,0.04732464,0.073812348,0.037479455,0.031292073,0.033273464,0.035505785,0.030486198,0.048027247,0.032859427,0.032077681
U:TTA,0.05042538,0.065489711,0.079715854,0.058555802,0.055485939,0.062618918,0.050999539,0.064196807,0.043638154,0.061631952,0.050423285,0.063941159,0.042952936,0.036197142,0.035788525,0.033617619,0.033148234,0.041349902,0.037722644,0.032100499
U:TTC,0.042219721,0.064284176,0.080657693,0.051608048,0.058450049,0.064660464,0.051782317,0.074825786,0.049274841,0.059512313,0.048038308,0.070945248,0.038310323,0.032295267,0.034138967,0.035452089,0.030999905,0.046875035,0.03361838,0.032051069
U:TTG,0.044165581,0.062831581,0.081797323,0.050496456,0.058545135,0.06333832,0.051550258,0.076047115,0.049577068,0.059754857,0.047148216,0.071275436,0.038543065,0.032645002,0.033799614,0.035649143,0.030747084,0.046244958,0.033653103,0.032190684
U:TTT,0.049971996,0.066290662,0.081258562,0.057700381,0.055048797,0.064176835,0.051734051,0.065181142,0.044256478,0.060419981,0.050499125,0.063849505,0.041984299,0.036160379,0.035698079,0.033755355,0.032582069,0.041548568,0.036610989,0.03127275