,X,1,2,3,4,5,6,7,8,9,10,11,12,13,14,15,16,17,18,19,20,21,22
AACAA,0.059996099,0.073763751,0.089327464,0.075218279,0.075656276,0.068682511,0.064496964,0.056800712,0.053439584,0.037942417,0.046312422,0.046140188,0.047519983,0.032254029,0.027261837,0.023216234,0.022008055,0.02319657,0.027781255,0.014314486,0.018617523,0.009585648,0.006467714
AACAC,0.056319,0.073952639,0.089062787,0.072873423,0.07111128,0.066726819,0.062720616,0.057070285,0.05377403,0.038181415,0.047936692,0.047093169,0.047269927,0.031204452,0.02730746,0.02406734,0.02461116,0.025305522,0.027890042,0.016842684,0.020456751,0.009924357,0.00829815
AACAG,0.056856789,0.07556899,0.088569509,0.073350895,0.07057827,0.06717738,0.062774641,0.056744286,0.052970572,0.038250609,0.047765354,0.047910061,0.047654905,0.0302928,0.027270697,0.024394855,0.024483115,0.025529281,0.027267413,0.016476388,0.020611459,0.009511829,0.007989902
AACAT,0.058434565,0.073019693,0.089805567,0.074849437,0.076475074,0.06893818,0.064682623,0.057430241,0.053797331,0.037665504,0.046413328,0.045733993,0.047553942,0.032976276,0.027214934,0.02307936,0.021909289,0.022895196,0.028084524,0.014477395,0.018355002,0.0097637,0.006444845
AACCA,0.059693888,0.07503958,0.088967241,0.074141171,0.071004584,0.067333632,0.063092881,0.056178158,0.053046193,0.038170171,0.047650557,0.04742579,0.047456529,0.030161358,0.027279344,0.024175037,0.023975022,0.024874158,0.027208441,0.015506156,0.020477061,0.009556076,0.00758697
AACCC,0.053440993,0.079553225,0.084708134,0.069137996,0.061318197,0.061812916,0.058541292,0.056403069,0.050055951,0.038994627,0.048914043,0.048177061,0.048235619,0.026356549,0.027415575,0.0260075,0.030006007,0.034122387,0.025208842,0.027154464,0.023801595,0.00935903,0.011274928
AACCG,0.051645477,0.076553257,0.084516792,0.065976218,0.060755858,0.060725351,0.058864639,0.057914988,0.050843799,0.038632492,0.049772638,0.047943378,0.04727766,0.027824726,0.026628063,0.025949097,0.032367219,0.034805283,0.026470396,0.027974345,0.024078363,0.010593632,0.011886329
AACCT,0.0554221,0.077332616,0.086973897,0.071808414,0.067375473,0.06488372,0.061428693,0.05682463,0.052009789,0.038278723,0.047768111,0.047661446,0.048620867,0.028823956,0.027414675,0.024881007,0.026356314,0.029360004,0.02639422,0.020975894,0.021158108,0.009301807,0.008945536
AACGA,0.055806568,0.073404447,0.087257482,0.0694596,0.067600101,0.064366158,0.061826136,0.057544255,0.053828086,0.038232218,0.049364456,0.046070192,0.0475528,0.029846918,0.026939665,0.025186387,0.027978513,0.028752895,0.027920474,0.019822398,0.021632504,0.010322194,0.00928555
AACGC,0.048327679,0.075007161,0.084769954,0.063868451,0.060915887,0.061136199,0.059086406,0.058682468,0.052311289,0.039097992,0.051378829,0.046753332,0.047061871,0.028442933,0.027018977,0.025939755,0.032870403,0.034732241,0.027722828,0.0270954,0.024475924,0.01133733,0.011966693
AACGG,0.051004106,0.076008142,0.084472009,0.065804145,0.061762544,0.060745447,0.058564954,0.057428002,0.051915644,0.039313877,0.050509864,0.047796688,0.047533853,0.02829156,0.026666913,0.025610218,0.032240877,0.034090036,0.026392815,0.026918884,0.024192474,0.010928958,0.011807988
AACGT,0.054562822,0.071884091,0.087816662,0.069800337,0.069466411,0.064735233,0.061038936,0.058221128,0.054651403,0.038385781,0.049405967,0.045852453,0.047081711,0.031329658,0.026746299,0.024564602,0.02774904,0.028087214,0.028793155,0.018918419,0.021339596,0.010753157,0.008815926
AACTA,0.061729663,0.072867055,0.090119448,0.076991171,0.07969646,0.070836803,0.065989241,0.057071046,0.054188419,0.037486398,0.045005463,0.047003642,0.047993048,0.033063907,0.02732653,0.022521911,0.019357128,0.02054123,0.027739499,0.011160964,0.016639093,0.009373117,0.005298762
AACTC,0.055326712,0.077276927,0.086712281,0.072126288,0.068200049,0.065223137,0.061300363,0.057552107,0.052319232,0.038249222,0.047806193,0.047658953,0.048551971,0.02904517,0.027338393,0.024457869,0.026325913,0.028563844,0.026539228,0.020510744,0.021170361,0.009245845,0.008499197
AACTG,0.056039452,0.075668086,0.088973984,0.074425647,0.071491969,0.067700215,0.063195817,0.056874714,0.053538554,0.038030677,0.047447931,0.048049138,0.047905047,0.03064274,0.027289368,0.024247348,0.02358574,0.024791214,0.027598589,0.015310098,0.020222259,0.009464605,0.007506811
AACTT,0.057046016,0.073579586,0.090314294,0.076259522,0.077330324,0.069683182,0.065400838,0.057069644,0.05405257,0.037901122,0.046139517,0.046529188,0.047922961,0.032924262,0.027433464,0.023081605,0.020794677,0.022138801,0.02817981,0.012390887,0.018106622,0.00975211,0.005968997
AATAA,0.058603696,0.072566834,0.090095513,0.076408771,0.081466286,0.070313501,0.065800564,0.057208961,0.054151587,0.037232433,0.045127201,0.045714657,0.04779911,0.03453527,0.027143366,0.021885111,0.020187273,0.020823196,0.028454292,0.012304189,0.016894408,0.009781667,0.005502113
AATAC,0.058168745,0.073339874,0.089682362,0.075152067,0.077366049,0.068954286,0.064874185,0.057545906,0.053356455,0.037666158,0.045951799,0.045661522,0.047791425,0.033154048,0.02734758,0.023250302,0.021526228,0.023137683,0.027855362,0.014439748,0.017699653,0.009674352,0.006404211
AATAG,0.060878944,0.073460285,0.090275667,0.07648068,0.079406193,0.070328043,0.065415101,0.056557896,0.054124818,0.037234178,0.045704354,0.046549035,0.047939339,0.033333974,0.027158529,0.02244392,0.020061531,0.020763476,0.027997371,0.011536914,0.017311838,0.009502072,0.005535844
AATAT,0.058589283,0.070320756,0.091138796,0.077114782,0.084938044,0.072088374,0.066880968,0.058057421,0.05489309,0.03693884,0.044257244,0.04537442,0.047709798,0.036441008,0.027059071,0.02123446,0.018341865,0.018627441,0.029222555,0.010401557,0.015509042,0.0100888,0.004772387
AATCA,0.059235418,0.073100014,0.089912217,0.075372256,0.07676754,0.069309292,0.064521959,0.057200108,0.054126994,0.037625948,0.046728831,0.046260136,0.047443237,0.032673063,0.027128322,0.022918812,0.022065533,0.021923952,0.028121649,0.013273373,0.01837573,0.009708814,0.006206801
AATCC,0.05530117,0.077793596,0.086117867,0.070878607,0.066664882,0.06430737,0.0608715,0.057176477,0.051549099,0.038287994,0.048129134,0.047251233,0.048929683,0.028277166,0.027597685,0.024856445,0.02738479,0.030195204,0.026018123,0.022531995,0.021444437,0.009170884,0.009264658
AATCG,0.053723053,0.075465612,0.084676249,0.066816139,0.063600842,0.061467812,0.060075641,0.059023954,0.051111572,0.03820624,0.050418923,0.044969047,0.048393808,0.028731139,0.026923884,0.025149517,0.031405765,0.033827014,0.026550481,0.026937862,0.021922648,0.010120847,0.010481951
AATCT,0.057143162,0.074410858,0.08992132,0.075244258,0.075948704,0.069016245,0.064460336,0.057379716,0.053856358,0.037672908,0.046244447,0.04685351,0.047956565,0.032147637,0.027381038,0.023123014,0.021802275,0.023096841,0.027902985,0.014127087,0.018329042,0.009586243,0.006395452
AATGA,0.058235499,0.0737575,0.090176605,0.07545071,0.076758578,0.069421856,0.064595796,0.056739187,0.054204392,0.037972007,0.046716914,0.047042996,0.047513303,0.032734575,0.02703698,0.022801353,0.022063331,0.02175082,0.028348968,0.012374325,0.018481961,0.009566666,0.006255678
AATGC,0.058296979,0.073301283,0.089601533,0.074076095,0.073195621,0.068574818,0.063270514,0.057125095,0.054159861,0.038134953,0.047599934,0.047595849,0.04736999,0.03155487,0.026861595,0.02342905,0.023384904,0.023328202,0.027991325,0.014577172,0.019812482,0.009732405,0.007025469
AATGG,0.060646082,0.074844223,0.088295757,0.073476255,0.071980257,0.067215902,0.062070783,0.055944861,0.052627867,0.037975934,0.049689718,0.047790574,0.047502594,0.029977956,0.026970147,0.02375915,0.024531698,0.024517871,0.026824808,0.015562913,0.020448935,0.009861832,0.007483883
AATGT,0.058400256,0.072006361,0.090933541,0.075826561,0.078602171,0.070138224,0.065382861,0.057045239,0.054473318,0.037726732,0.046342222,0.0458188,0.047015096,0.033956245,0.027086266,0.022733914,0.020706755,0.021003962,0.028713828,0.012417502,0.017907605,0.009918678,0.005843865
AATTA,0.055692672,0.07247739,0.090614447,0.076078515,0.081434832,0.070343371,0.065836771,0.058054163,0.054040711,0.037132333,0.045414749,0.044959153,0.047848471,0.034806885,0.027382146,0.022036295,0.020326152,0.021560948,0.028619106,0.01289003,0.016809174,0.009988894,0.00565279
AATTC,0.056900068,0.073756026,0.090413424,0.0752689,0.07680413,0.069406414,0.065026857,0.057274168,0.054058928,0.037788698,0.046741348,0.046014733,0.047891331,0.032806259,0.027261642,0.022962574,0.021368111,0.022321516,0.028291686,0.01336524,0.018318911,0.00982269,0.006136346
AATTG,0.060502238,0.072341047,0.090385454,0.075695196,0.079049996,0.070309854,0.065062186,0.057042758,0.054304739,0.037318686,0.04616082,0.045910668,0.047354269,0.033602182,0.02707358,0.022239116,0.02070479,0.020951613,0.02857369,0.012228979,0.017704043,0.009817049,0.005667047
AATTT,0.05717444,0.072050288,0.090679921,0.076385678,0.081447651,0.070557828,0.066341879,0.058081151,0.053952654,0.037309144,0.045324007,0.044559974,0.047732117,0.034687926,0.027345622,0.022217943,0.019736841,0.021061926,0.028535278,0.012701075,0.016684344,0.009977063,0.005455251
ACCAA,0.061293989,0.075157518,0.088596535,0.074399539,0.072255768,0.067707757,0.063426294,0.056083477,0.052933302,0.037973453,0.04706381,0.047529096,0.047202939,0.030269584,0.027343257,0.024125604,0.023047241,0.02459065,0.026897333,0.015658158,0.019730617,0.009301955,0.007412124
ACCAC,0.054175458,0.078354708,0.085370099,0.069523233,0.062358384,0.061910311,0.058787297,0.057508567,0.050597698,0.038767002,0.048692676,0.047764454,0.048111417,0.026924011,0.027358106,0.025884343,0.0298568,0.032921833,0.025562937,0.02561725,0.023300543,0.009590617,0.011062256
ACCAG,0.053041285,0.079393,0.086129431,0.069603404,0.061993887,0.062373896,0.058959695,0.056501155,0.050856446,0.038989804,0.049274488,0.04893905,0.047401758,0.026661013,0.027537337,0.025895893,0.029426994,0.032568086,0.02561215,0.024370919,0.023819372,0.009443085,0.011207854
ACCAT,0.057658076,0.076149806,0.08706961,0.072190926,0.068995968,0.065623258,0.061278768,0.057185098,0.052184359,0.038277134,0.047780367,0.047205436,0.048386298,0.02953391,0.027227138,0.024446943,0.025970738,0.027704137,0.026563434,0.019625135,0.020850978,0.009445953,0.00864653
ACCCA,0.05460795,0.078729042,0.085081789,0.069131756,0.061864231,0.062358596,0.057994386,0.056262954,0.050915998,0.038957493,0.049268637,0.049196724,0.047561526,0.02668065,0.027369062,0.025570212,0.030087406,0.032147193,0.025427174,0.025740736,0.024159136,0.009491295,0.011396055
ACCCC,0.05122163,0.081648043,0.082790948,0.065120145,0.055080084,0.05779876,0.054887947,0.055871861,0.048583543,0.040068279,0.04929667,0.050990612,0.047364655,0.024148315,0.027287152,0.026569378,0.033785489,0.038992337,0.023963997,0.033937858,0.026695752,0.009743794,0.014152751
ACCCG,0.045468275,0.080740895,0.078688261,0.058770305,0.051664298,0.05447848,0.053063683,0.058529471,0.046314629,0.040375201,0.04977267,0.047947168,0.04830131,0.023557248,0.026873685,0.026891732,0.038828906,0.047396883,0.02345841,0.044578032,0.026903617,0.010479881,0.01691696
ACCCT,0.05227371,0.080017821,0.085865674,0.069358225,0.060872944,0.062005164,0.058218474,0.055798101,0.051130986,0.038941073,0.049252328,0.050055206,0.047439543,0.026229875,0.02744076,0.02587243,0.029994864,0.033015762,0.025492804,0.025173864,0.024498619,0.009460702,0.011591068
ACCGA,0.050749047,0.077711545,0.08400739,0.065120119,0.060193202,0.059865147,0.057611515,0.057491109,0.051408243,0.039216961,0.049925465,0.048804278,0.046378303,0.027113525,0.026850094,0.025825828,0.032948334,0.035740842,0.02635195,0.0290898,0.024532708,0.010469567,0.012595029
ACCGC,0.045545778,0.080261947,0.079179061,0.059408211,0.053395308,0.055264503,0.054933795,0.058588222,0.047616635,0.040268918,0.049241595,0.048828979,0.047690803,0.024400651,0.02693674,0.027087169,0.037776223,0.045079716,0.023725568,0.042162337,0.026089869,0.010411368,0.016106604
ACCGG,0.046416566,0.07966335,0.080225428,0.059972538,0.05365026,0.055108978,0.054651484,0.056796823,0.049449507,0.040110013,0.050835111,0.050222199,0.046699644,0.025038632,0.027137987,0.026852281,0.037568857,0.041878047,0.024400115,0.039236617,0.026910122,0.010903385,0.016272055
ACCGT,0.046868466,0.077099591,0.083187786,0.063881457,0.058869696,0.059185842,0.05744618,0.058372538,0.050425759,0.039750399,0.05007024,0.046979387,0.048121836,0.027568719,0.027110802,0.026358177,0.034507357,0.03768374,0.025931377,0.031223508,0.024933465,0.010878532,0.013545147
ACCTA,0.060524487,0.076000851,0.088832368,0.075134871,0.073431434,0.068209304,0.063397422,0.0559442,0.053137924,0.037897904,0.046194421,0.048094317,0.048025855,0.030703314,0.027469083,0.023735,0.022533064,0.023650645,0.027056031,0.014684004,0.019174198,0.009178252,0.006991048
ACCTC,0.051163933,0.081218782,0.083823863,0.067715068,0.059495059,0.060368601,0.057747346,0.057012537,0.04946399,0.038841346,0.048955814,0.048566791,0.048812837,0.026042661,0.027469765,0.026372993,0.031427947,0.036067781,0.024751084,0.02913931,0.02430076,0.009294274,0.011947456
ACCTG,0.049846286,0.080089658,0.084824984,0.067819689,0.059979049,0.060631453,0.057450749,0.057034283,0.050675531,0.039192501,0.049894829,0.048877919,0.047755615,0.026534125,0.027390605,0.026309186,0.03124477,0.034942622,0.025422569,0.02763085,0.024585375,0.009563882,0.01230347
ACCTT,0.055012003,0.077039109,0.088701474,0.073260942,0.069010958,0.065814566,0.061814442,0.056457781,0.052782511,0.038275284,0.047625312,0.048510251,0.047940276,0.029654702,0.02742133,0.024705705,0.024971013,0.027227689,0.027130914,0.017725494,0.021072285,0.009415858,0.0084301
ACTAA,0.056968799,0.074559544,0.089440525,0.075154361,0.076770521,0.06876481,0.065051447,0.057201528,0.053262013,0.037623297,0.045823197,0.046018514,0.04816954,0.032740482,0.027518933,0.023234414,0.021585635,0.023958496,0.027646716,0.014700347,0.017754224,0.009517091,0.006535566
ACTAC,0.059343586,0.076103971,0.087913396,0.074165378,0.072888963,0.06689175,0.062932085,0.057149642,0.052063726,0.038054071,0.046121481,0.047085897,0.048476789,0.030502425,0.027573664,0.024227002,0.023489535,0.025924197,0.026543019,0.017137383,0.01887416,0.009117554,0.007420325
ACTAG,0.059451347,0.076365247,0.089359445,0.076055626,0.073354938,0.068567079,0.063978721,0.056194593,0.053013623,0.038121612,0.046119741,0.049098463,0.048131318,0.030636285,0.027403726,0.023738279,0.021624817,0.023739828,0.026959697,0.013687816,0.01863422,0.009043622,0.006719957
ACTAT,0.061518195,0.073904753,0.089980748,0.077089999,0.079818887,0.070476396,0.065324285,0.056539183,0.053919472,0.037482965,0.044739052,0.046594296,0.048175882,0.033512167,0.027339384,0.022468149,0.019656276,0.020731051,0.027599196,0.011437667,0.016850022,0.009392383,0.005449593
ACTCA,0.054877665,0.076563771,0.088059274,0.072149183,0.069229204,0.065783449,0.061433403,0.056300781,0.053141777,0.03843279,0.048150771,0.048287353,0.047495986,0.029696023,0.027253095,0.024152107,0.026023286,0.026927772,0.027008709,0.018929801,0.021645976,0.00970196,0.008755864
ACTCC,0.051012757,0.081349948,0.08359344,0.067619517,0.059617422,0.060136269,0.057777419,0.057736625,0.049351444,0.038766149,0.049051297,0.048051398,0.049143508,0.026060611,0.027375296,0.026167209,0.031224729,0.036294515,0.024763327,0.029984787,0.023900459,0.009311584,0.011710289
ACTCG,0.048954769,0.078902191,0.081969196,0.063028033,0.057135739,0.057026943,0.056345569,0.057891564,0.048460127,0.039278407,0.051486411,0.04676478,0.048154968,0.025604273,0.026960557,0.026471133,0.035474646,0.040186279,0.025025417,0.035382255,0.024985962,0.010729138,0.013781644
ACTCT,0.0541026,0.077754223,0.087886753,0.072751311,0.068615688,0.065689899,0.061463833,0.057005197,0.052869427,0.038409462,0.047488782,0.048339744,0.048148448,0.029300484,0.027265702,0.024617316,0.025579507,0.027749639,0.026805255,0.019170008,0.021131148,0.009314156,0.008541418
ACTGA,0.05513176,0.07671975,0.089547678,0.074108184,0.071138517,0.067175073,0.06308198,0.056098193,0.053610409,0.038349921,0.047360718,0.047812495,0.04729543,0.030704648,0.02722978,0.024476411,0.02394566,0.025077909,0.02763045,0.015641253,0.020450209,0.009438522,0.007975048
ACTGC,0.05129422,0.078808347,0.08498358,0.068862661,0.062007909,0.061729789,0.058680604,0.05831046,0.050815611,0.03873207,0.04904959,0.048074838,0.04861847,0.027148485,0.027446007,0.026178363,0.029840904,0.033663399,0.025686257,0.026434349,0.023047305,0.009318487,0.011268297
ACTGG,0.056205105,0.078220128,0.087178345,0.07166144,0.065467946,0.064701884,0.060333079,0.055714939,0.0516927,0.038707797,0.048611886,0.049442711,0.047111007,0.027807937,0.027347401,0.025340375,0.026892857,0.029001714,0.026160069,0.020462749,0.022684181,0.009369838,0.009883912
ACTGT,0.05444178,0.0760223,0.088936958,0.073620065,0.070337061,0.066607969,0.062161653,0.057037538,0.053039334,0.038326371,0.047820772,0.047785727,0.047501314,0.030588914,0.027555951,0.024629693,0.024713343,0.02598291,0.027487317,0.01702754,0.020649942,0.009486501,0.008239045
ACTTA,0.057320701,0.074353891,0.090109565,0.0764097,0.078669136,0.070005342,0.065322758,0.056665478,0.054424156,0.037585612,0.045880089,0.046836193,0.047994224,0.033539587,0.027373089,0.022866595,0.020581434,0.02142475,0.028140751,0.011379049,0.017689014,0.009619444,0.00580944
ACTTC,0.056123289,0.076110933,0.088919484,0.074116023,0.071524814,0.067168786,0.063188313,0.056522907,0.05343625,0.038221817,0.047192768,0.048286386,0.04774629,0.030455843,0.027292695,0.024090242,0.023716879,0.025216054,0.027431704,0.015720457,0.020402248,0.009452744,0.007663073
ACTTG,0.054648647,0.077292524,0.087874077,0.073113303,0.068971065,0.065665968,0.061585102,0.056811104,0.052426317,0.038382359,0.048003008,0.047366005,0.04811195,0.029644164,0.027335621,0.024646995,0.025788871,0.027703272,0.026967542,0.01841968,0.021360715,0.0094011,0.008480609
ACTTT,0.055938025,0.07451448,0.089589181,0.075021584,0.075198679,0.068427281,0.0645844,0.057604334,0.053283997,0.037967844,0.046424912,0.046079707,0.048066093,0.032161551,0.027414977,0.023581375,0.022216619,0.024249288,0.027653299,0.015073796,0.018593503,0.009617305,0.006737771
AGCAA,0.057563756,0.075678687,0.088845981,0.073720049,0.071561567,0.067165505,0.062767944,0.056616688,0.053123876,0.038072334,0.047555595,0.047212323,0.047620505,0.030499212,0.027342648,0.024032907,0.024168811,0.025511871,0.027294399,0.015994629,0.020500829,0.009440283,0.007709601
AGCAC,0.051300421,0.079145755,0.08592425,0.069199086,0.06300053,0.062799045,0.059039942,0.056638927,0.051783816,0.038958023,0.049539848,0.049144511,0.047674317,0.027599157,0.027260208,0.02587811,0.029338298,0.032130458,0.026157528,0.023096716,0.023684925,0.009462764,0.011243365
AGCAG,0.051325458,0.079242304,0.087510603,0.069998322,0.062646206,0.063238729,0.059024041,0.055954501,0.052128613,0.039061996,0.049435715,0.050450778,0.047060572,0.027532029,0.027524029,0.025970975,0.028462324,0.031215699,0.02632771,0.020752371,0.024067798,0.009616024,0.011453203
AGCAT,0.057138926,0.075288185,0.089706176,0.074228192,0.072436869,0.068110454,0.062776024,0.056333025,0.053697681,0.038204876,0.047378292,0.048035718,0.047267066,0.030986499,0.027098375,0.023729252,0.02347663,0.024311292,0.027846304,0.014592408,0.020258867,0.009496917,0.007601972
AGCCA,0.052428777,0.079404311,0.086263546,0.069251685,0.061461458,0.062124725,0.05784106,0.056364024,0.050110928,0.038995558,0.04937777,0.048608439,0.047802658,0.026655217,0.027503113,0.026370134,0.030337597,0.033575181,0.025243373,0.025204212,0.024169272,0.009418817,0.011488146
AGCCC,0.047213968,0.082822824,0.083898379,0.065397702,0.053811606,0.058201053,0.054101893,0.055338732,0.049547302,0.040241824,0.050969839,0.052635915,0.046256727,0.0239372,0.027686279,0.027305053,0.034272983,0.038824221,0.024108075,0.031059215,0.02765629,0.009693754,0.015019167
AGCCG,0.042649043,0.082381331,0.079034818,0.058831598,0.050486812,0.053674578,0.052795589,0.05898983,0.046073537,0.040732889,0.050379682,0.048054492,0.047974049,0.02343023,0.027148752,0.027403161,0.03957768,0.048359112,0.023022449,0.044033919,0.027484676,0.010408675,0.017073099
AGCCT,0.048069242,0.082322245,0.08326875,0.06682446,0.057499178,0.059372506,0.056343919,0.057782253,0.049241003,0.039170088,0.050124848,0.04863183,0.048760824,0.025231608,0.0274912,0.02692238,0.032865823,0.038061622,0.024419011,0.030929092,0.024810281,0.009116127,0.012741708
AGCGA,0.047334631,0.080654151,0.080742597,0.061988349,0.055003574,0.056362768,0.055457417,0.059125136,0.048117463,0.038894599,0.050155669,0.046491944,0.04907222,0.02506677,0.027122265,0.027058319,0.036130704,0.042933489,0.024029074,0.038969926,0.025196573,0.009670765,0.014421596
AGCGC,0.039608486,0.079837101,0.079486207,0.057056763,0.050501267,0.054918981,0.05382284,0.059356009,0.050071098,0.041248109,0.050854402,0.051010047,0.046311178,0.0240929,0.027385368,0.027056891,0.03964348,0.044925437,0.024449784,0.042048397,0.02815215,0.011036193,0.017126913
AGCGG,0.042173443,0.081141697,0.080201246,0.058382524,0.051384663,0.054782283,0.052774675,0.057835264,0.048931926,0.040924195,0.050877717,0.051404641,0.046138986,0.023730223,0.027019267,0.027399578,0.03910725,0.046148727,0.02377122,0.040263871,0.028027982,0.010600522,0.0169781
AGCGT,0.045251628,0.076599505,0.083901882,0.063160768,0.057867638,0.059300618,0.057331587,0.058700814,0.051599084,0.039285244,0.052183207,0.048190365,0.046277889,0.027623979,0.027113971,0.026581336,0.035059838,0.036875209,0.026934644,0.029533014,0.025696934,0.011186308,0.013744541
AGCTA,0.054929532,0.078071373,0.08662212,0.072821475,0.068630138,0.064977197,0.061375336,0.057370937,0.05172851,0.038124959,0.047497868,0.047183514,0.049074071,0.029298716,0.027502294,0.024792594,0.0261088,0.029214363,0.026104517,0.02041775,0.020609183,0.00899486,0.008549891
AGCTC,0.050578702,0.080256779,0.085687637,0.069076137,0.061296021,0.062299533,0.058564594,0.056327177,0.051432136,0.038940821,0.049995981,0.050938531,0.047312195,0.026486454,0.027413223,0.026162198,0.029916248,0.032957623,0.02563445,0.023392615,0.02448101,0.009347911,0.011502024
AGCTG,0.049040614,0.080699365,0.085184598,0.068530667,0.059923547,0.061240253,0.057614428,0.056694563,0.050316952,0.039071841,0.049937955,0.049390536,0.048006359,0.026196844,0.027517558,0.026632203,0.031075672,0.035351828,0.025331438,0.025893801,0.024825101,0.009375211,0.012148665
AGCTT,0.054901707,0.076322473,0.088752497,0.073843357,0.070107451,0.066903142,0.06243861,0.05616049,0.053220767,0.03846576,0.047899671,0.04890577,0.047893778,0.029851351,0.027293136,0.024379361,0.024625547,0.026353509,0.027203712,0.016206004,0.020815343,0.009400834,0.008055732
AGTAA,0.055484853,0.074527855,0.090359224,0.076838904,0.078995122,0.069931016,0.065551333,0.05703431,0.054286324,0.037780844,0.045703858,0.046357937,0.0478325,0.033754645,0.027468358,0.022875027,0.02045421,0.021661068,0.028314965,0.011801112,0.017498133,0.009587103,0.005901301
AGTAC,0.0585646,0.076547826,0.089425824,0.075400262,0.073461293,0.067520763,0.063653573,0.056470861,0.052913492,0.03805115,0.046054269,0.047484966,0.047653007,0.031281872,0.027673867,0.024203371,0.022596941,0.024499054,0.026991512,0.014598978,0.018827172,0.009154235,0.006971111
AGTAG,0.054729232,0.07839586,0.086651116,0.072615745,0.068348543,0.064626392,0.06146172,0.057357873,0.050983564,0.038242983,0.046747489,0.047050773,0.049179305,0.029212456,0.027580477,0.025002809,0.025955292,0.030051323,0.025900352,0.021609409,0.020458976,0.009048757,0.008789555
AGTAT,0.060223315,0.073483145,0.09092949,0.076885502,0.079866859,0.070711186,0.066035061,0.057009297,0.054080029,0.037466279,0.044888192,0.04647542,0.047633523,0.033654096,0.027392211,0.022839172,0.01936107,0.020555702,0.027912923,0.011107029,0.016651594,0.009442673,0.005396233
AGTCA,0.054996366,0.076352956,0.089474018,0.073908874,0.071032709,0.067042014,0.062504558,0.055820189,0.053619853,0.038335285,0.047875337,0.047882875,0.047182967,0.030594133,0.027167607,0.024195283,0.02443668,0.02542875,0.027509197,0.016145528,0.020891141,0.009555628,0.008048048
AGTCC,0.052341822,0.080036912,0.086220721,0.069609172,0.062591228,0.062601486,0.059026404,0.055902274,0.051266604,0.039024694,0.049501362,0.049445268,0.047349649,0.027156964,0.027329572,0.026123762,0.028734722,0.032007175,0.025843785,0.023647027,0.023658364,0.009650302,0.010930731
AGTCG,0.04872653,0.078394381,0.083765499,0.064803046,0.058560841,0.058787712,0.057543222,0.057886897,0.051393937,0.03903314,0.050953362,0.048167949,0.047265537,0.027172782,0.026796685,0.02650011,0.033234176,0.036177073,0.026133191,0.030375896,0.0252959,0.010456749,0.012575385
AGTCT,0.055698225,0.0778141,0.087596969,0.072968158,0.068692409,0.06593006,0.061557034,0.056620393,0.05209835,0.038336522,0.047529922,0.048235454,0.048035909,0.029173806,0.027469523,0.024665198,0.025323098,0.027961777,0.026389507,0.019272216,0.020756861,0.009267608,0.008606902
AGTGA,0.052771307,0.077993458,0.086636463,0.070860266,0.066754184,0.063903101,0.060752984,0.057610189,0.051813386,0.038424772,0.048247542,0.047289986,0.048628564,0.028903986,0.027177066,0.024921646,0.027658938,0.029931218,0.026479001,0.022396377,0.021966175,0.009393479,0.009485912
AGTGC,0.050366103,0.080258336,0.084686958,0.068196905,0.06131452,0.061119238,0.05820342,0.057428898,0.050268158,0.038945165,0.049303071,0.048073225,0.048767815,0.026849235,0.027339944,0.02622622,0.03078509,0.03471095,0.025530154,0.027031002,0.023728771,0.009243453,0.011623369
AGTGG,0.0534985,0.079676142,0.085904121,0.069946331,0.06210747,0.062176265,0.058641921,0.056454728,0.050827964,0.038960839,0.048945406,0.049017516,0.048033864,0.026853004,0.027399756,0.025882661,0.02929312,0.032334339,0.025580732,0.024293732,0.02368112,0.009500077,0.010990393
AGTGT,0.0562808,0.07505023,0.089063648,0.072834688,0.070677642,0.066886384,0.062481367,0.056680627,0.053487533,0.038266231,0.047727463,0.047912253,0.046846973,0.030778208,0.02744365,0.024060358,0.024395642,0.025365314,0.027784965,0.017084493,0.020652714,0.009752886,0.008485933
AGTTA,0.056543259,0.074057164,0.090227685,0.076721468,0.078570724,0.069841049,0.065858824,0.057024052,0.054177053,0.037490561,0.045768633,0.046704706,0.048174816,0.033421682,0.027497875,0.02287349,0.020488624,0.021666828,0.028311164,0.01161323,0.017627569,0.009559536,0.005780007
AGTTC,0.056836629,0.076981639,0.087828402,0.072954507,0.070065982,0.066604605,0.062456964,0.056419929,0.052685023,0.038173946,0.047580939,0.047604919,0.048202631,0.029664043,0.027471872,0.024333927,0.024672786,0.026986206,0.026767652,0.017838004,0.020460066,0.009355898,0.008053433
AGTTG,0.057333012,0.075665797,0.089371632,0.074659827,0.071577484,0.067267672,0.063050056,0.056616709,0.053261248,0.038293145,0.0473646,0.047602076,0.047753054,0.030408478,0.02724752,0.024115382,0.02368298,0.024926898,0.027448285,0.015313487,0.020287897,0.009445564,0.007307196
AGTTT,0.05842387,0.073495134,0.089088048,0.075429682,0.075728675,0.069268024,0.064432061,0.057853662,0.05386182,0.037826403,0.046099454,0.047252079,0.048112702,0.032007828,0.027251296,0.02323004,0.021609884,0.022892393,0.027644156,0.014322204,0.018300293,0.009519014,0.006351278
ATCAA,0.062751451,0.072167559,0.09024116,0.075774759,0.078347919,0.069994319,0.064954783,0.05684469,0.054397777,0.03749035,0.045923237,0.046507257,0.047136092,0.03291309,0.027101747,0.022524837,0.020701307,0.020754709,0.02827292,0.011972239,0.017768439,0.009709367,0.005749993
ATCAC,0.054760889,0.075947538,0.086295299,0.071103793,0.067959627,0.064606896,0.060816046,0.058327219,0.052346728,0.038095952,0.04806332,0.047188717,0.04871066,0.029397468,0.027066819,0.024397568,0.027505046,0.028789864,0.026622559,0.02207457,0.021348965,0.009492693,0.009081768
ATCAG,0.057287097,0.075676275,0.089196329,0.074235114,0.071347478,0.067410238,0.062865582,0.056171532,0.053322007,0.03814564,0.047775819,0.048011349,0.047321584,0.030526242,0.027130862,0.024216554,0.023713166,0.024932663,0.027490175,0.015658502,0.020324869,0.00948809,0.007752832
ATCAT,0.059264798,0.073307579,0.089478294,0.074879715,0.076879335,0.069220587,0.064204827,0.056947229,0.054196317,0.037613737,0.04657158,0.046490013,0.047786622,0.03268674,0.026935995,0.02272139,0.022849156,0.022062673,0.028054464,0.013429833,0.018329222,0.009626931,0.006462965
ATCCA,0.059207339,0.075329689,0.087252115,0.07204257,0.069116977,0.066345391,0.061204083,0.056136161,0.053199421,0.038407801,0.047639346,0.048463546,0.047677851,0.029391129,0.027227309,0.023998581,0.02592669,0.026156132,0.026779074,0.01871838,0.021489479,0.009652281,0.008638656
ATCCC,0.054231074,0.079828427,0.083773588,0.0684461,0.060734482,0.061937113,0.058210664,0.056835823,0.050242699,0.038770631,0.04874781,0.049226482,0.049032546,0.026198409,0.02713208,0.025670064,0.030348682,0.034078284,0.024954753,0.027618294,0.023807019,0.009006659,0.011168319
ATCCG,0.048155459,0.07933644,0.081931919,0.063021875,0.05673549,0.058042373,0.056435135,0.058085879,0.048555736,0.039372212,0.049570138,0.047695198,0.048451034,0.025733474,0.026876513,0.026618258,0.035138392,0.040941528,0.024782064,0.03558257,0.025004481,0.010044163,0.01388967
ATCCT,0.055611229,0.077852122,0.087283788,0.072105173,0.067949425,0.065257458,0.061459188,0.056521157,0.052385172,0.038342828,0.047858682,0.048905494,0.04830889,0.028977385,0.027554731,0.024727958,0.025912379,0.027905996,0.026509446,0.019212313,0.021343434,0.009071243,0.008944509
ATCGA,0.054429601,0.07404154,0.087287162,0.068339378,0.065700148,0.063086142,0.06058587,0.058228921,0.051413107,0.038225885,0.050713114,0.045554608,0.047310414,0.029515944,0.026339426,0.024765696,0.031201598,0.031367215,0.026886018,0.02298634,0.02136154,0.010406672,0.010253661
ATCGC,0.050015881,0.079047839,0.080081886,0.062412444,0.056396037,0.057221957,0.056742036,0.059791996,0.048334736,0.039010979,0.049110424,0.045892649,0.049939228,0.02505203,0.026898136,0.026174377,0.035569354,0.041845785,0.023866042,0.039139597,0.024156239,0.009505027,0.013795323
ATCGG,0.050983692,0.076484597,0.08440624,0.065351438,0.060492359,0.060044249,0.057863645,0.057321558,0.052272061,0.038943796,0.050238056,0.048687378,0.047316249,0.027638289,0.027068198,0.025884785,0.032232022,0.035134688,0.026488607,0.028291565,0.024437132,0.010276367,0.012143029
ATCGT,0.053963858,0.074476808,0.08559709,0.067986813,0.065833001,0.062824062,0.060474271,0.058250753,0.052555316,0.038082871,0.04936155,0.045627363,0.047810007,0.029799784,0.026914246,0.025239141,0.030067552,0.031046576,0.027512287,0.023855754,0.022293432,0.010269868,0.010157596
ATCTA,0.061264148,0.073345371,0.090048806,0.076350885,0.078888734,0.070302483,0.06506927,0.05664117,0.054371291,0.037391101,0.045289231,0.047031043,0.047507799,0.033132168,0.02711719,0.022478265,0.020345367,0.020900786,0.028070334,0.011711698,0.017403901,0.009626257,0.005712701
ATCTC,0.054947462,0.077853183,0.086086453,0.071146992,0.067219922,0.064649807,0.060598288,0.057356474,0.051783854,0.038331937,0.047560277,0.048319656,0.048923083,0.028711772,0.027205683,0.024592885,0.027021909,0.029640392,0.026150439,0.022356345,0.021175085,0.009332407,0.009035694
ATCTG,0.054943627,0.076516035,0.088278265,0.072856268,0.069129729,0.06646365,0.061700472,0.056541743,0.053056664,0.038488359,0.048038088,0.04887832,0.04788613,0.029858948,0.027114963,0.024321427,0.0252821,0.026586595,0.027083079,0.01767123,0.021386736,0.00952842,0.008389153
ATCTT,0.056968068,0.074487593,0.089905994,0.075150701,0.075348293,0.068716897,0.064370175,0.057191952,0.053777626,0.037965536,0.046330107,0.047149318,0.047962251,0.032255623,0.027424962,0.023430775,0.021976745,0.023078298,0.027838248,0.014022576,0.018570757,0.009600459,0.006477047
ATTAA,0.056629417,0.072071224,0.091339499,0.077199537,0.082894976,0.071412875,0.066604701,0.057472281,0.054541722,0.037179305,0.045322383,0.045368376,0.047532674,0.035423251,0.027432397,0.021877955,0.01928348,0.019652761,0.028960816,0.010309497,0.01638777,0.00998403,0.005119074
ATTAC,0.054688867,0.074840924,0.088062031,0.073696345,0.07474929,0.067379508,0.063240156,0.058220245,0.052560302,0.037735473,0.046589163,0.045227226,0.048602818,0.032181166,0.027447102,0.02346857,0.023910652,0.026177554,0.027381696,0.018470986,0.018507417,0.009578696,0.007283816
ATTAG,0.056126883,0.074785051,0.089347771,0.074803215,0.075949623,0.06850804,0.064307896,0.05724966,0.053276942,0.03757254,0.046237763,0.046432496,0.048295546,0.032243599,0.027552068,0.023196086,0.022488425,0.024257927,0.027614824,0.015443587,0.018108238,0.00947016,0.006731661
ATTAT,0.058433945,0.071979812,0.090682141,0.076998133,0.083903789,0.071229564,0.066275264,0.057327496,0.054194459,0.037174774,0.044631389,0.045618327,0.047892519,0.035480802,0.027113972,0.021412021,0.01929909,0.01964319,0.028724435,0.010873416,0.016131221,0.009848351,0.005131892
ATTCA,0.059245756,0.073216239,0.089607367,0.075190978,0.077143378,0.069699309,0.064425912,0.056804947,0.05470681,0.037716385,0.046201659,0.047566257,0.047667855,0.032816927,0.02708634,0.022491045,0.021698262,0.0214073,0.028064728,0.012905756,0.018398878,0.009708236,0.006229677
ATTCC,0.05747195,0.075401455,0.089117384,0.073009236,0.07218209,0.066753928,0.062360377,0.05615426,0.053097539,0.037870438,0.050021491,0.047723113,0.047399322,0.030127928,0.027076744,0.023779273,0.024384341,0.024835104,0.027125997,0.015791239,0.020489882,0.010134971,0.007691941
ATTCG,0.056186184,0.07276471,0.088758105,0.068566611,0.066812857,0.063692704,0.060670298,0.058387823,0.052405831,0.036851199,0.053219361,0.046462478,0.047278894,0.029869322,0.0263911,0.024003138,0.03119203,0.027500141,0.027172897,0.020165445,0.021555537,0.01097807,0.009115262
ATTCT,0.0574561,0.074372573,0.089345299,0.074970286,0.075135863,0.068789538,0.064188443,0.057331151,0.053579706,0.037964583,0.046455698,0.047045552,0.048063592,0.031821841,0.027253172,0.023231351,0.022044737,0.023537538,0.027728178,0.014952709,0.018551249,0.009538189,0.006642652
ATTGA,0.062325242,0.07217827,0.090080344,0.075774385,0.079547495,0.070187521,0.06500367,0.056610453,0.054611821,0.037255585,0.045775666,0.046857164,0.047273146,0.033505037,0.02700999,0.021982158,0.020488518,0.020285843,0.028407137,0.011907801,0.017561214,0.009779345,0.005592195
ATTGC,0.05824487,0.074890236,0.088367858,0.073083222,0.072809935,0.067266985,0.062627562,0.057151725,0.053410139,0.0376115,0.047393556,0.046425712,0.048029153,0.030967001,0.027109701,0.023509711,0.024321873,0.025387427,0.027347398,0.017311476,0.019902788,0.009445733,0.007384438
ATTGG,0.061849871,0.07467009,0.088687497,0.074485727,0.073453434,0.068182298,0.063485914,0.056062243,0.053161621,0.037897673,0.046952134,0.047695779,0.04764677,0.030886149,0.027116414,0.023356163,0.022829619,0.023364329,0.027321447,0.015060918,0.019545902,0.009433648,0.006854359
ATTGT,0.06101704,0.072600613,0.08983365,0.075685327,0.078714741,0.070083598,0.064973894,0.056792881,0.054406612,0.037702877,0.045803714,0.046209097,0.047208937,0.03352664,0.027029045,0.022363114,0.020791598,0.020910707,0.028478691,0.012658534,0.017634971,0.009757659,0.005816062
ATTTA,0.057131622,0.072187185,0.091064097,0.076835454,0.08231158,0.071064631,0.066569261,0.057503125,0.054529298,0.037093049,0.045259921,0.045218052,0.047753008,0.035167982,0.02724486,0.021975401,0.019451547,0.020058774,0.028834114,0.011109599,0.016581404,0.009882593,0.005173444
ATTTC,0.058740718,0.072525595,0.090648287,0.075542832,0.07784874,0.069870552,0.065190659,0.057356246,0.05434081,0.037766711,0.046629088,0.046100593,0.047329576,0.033238365,0.0270809,0.022836004,0.02108319,0.021329262,0.028479927,0.012262857,0.018035811,0.009882936,0.005880341
ATTTG,0.059823805,0.07268595,0.090535966,0.075920863,0.077649612,0.070059107,0.065018813,0.057137381,0.054096363,0.037565928,0.046145379,0.046382964,0.04733642,0.033133309,0.027132041,0.022700702,0.021059776,0.021201424,0.028392765,0.012153525,0.018182865,0.009790215,0.005894827
ATTTT,0.056871442,0.072066111,0.090260148,0.075574342,0.079425252,0.069679735,0.0656145,0.058231632,0.053611625,0.0374794,0.045859665,0.044512295,0.047799261,0.034195838,0.027197007,0.022678338,0.020865935,0.022432636,0.028391909,0.014053148,0.017301493,0.009904528,0.005993761
CACAA,0.059511412,0.073857837,0.088373003,0.073602128,0.072018264,0.067512635,0.06262115,0.05689804,0.053716941,0.038127621,0.04718827,0.047661735,0.047249043,0.03093026,0.027041805,0.023760284,0.023925533,0.024346119,0.027443764,0.016673139,0.020130153,0.009704832,0.00770603
CACAC,0.052160549,0.076320629,0.087166042,0.067528093,0.062869112,0.062653554,0.058538846,0.057512447,0.052052356,0.039079861,0.050499396,0.047876346,0.046981521,0.028778967,0.026839152,0.02514849,0.029762622,0.03113185,0.027241651,0.024103526,0.023849898,0.010601858,0.011303233
CACAG,0.050772637,0.07771605,0.086759066,0.069167331,0.062468772,0.062857532,0.058443677,0.056638072,0.052718125,0.039353563,0.050096288,0.050001191,0.046594454,0.027795764,0.027000381,0.025626954,0.029535465,0.030706537,0.026574285,0.023306254,0.024291906,0.009990454,0.011585243
CACAT,0.058213525,0.07352347,0.088730127,0.073142129,0.072163525,0.067803459,0.062516097,0.056760708,0.053999316,0.038310611,0.047529596,0.047846903,0.047263199,0.031152211,0.02698823,0.023544377,0.024058186,0.02385868,0.027792983,0.016477765,0.020555624,0.009929341,0.007839937
CACCA,0.053510539,0.078670711,0.084460964,0.068053709,0.061415071,0.061229614,0.05808933,0.05782436,0.050503334,0.038682351,0.049148847,0.048008821,0.048176062,0.026605086,0.027297362,0.025879665,0.030744575,0.034083153,0.025248856,0.027261523,0.02374654,0.009619753,0.011739775
CACCC,0.04905012,0.081004988,0.082902653,0.064003585,0.054799254,0.057917753,0.054603103,0.056602865,0.049401389,0.039815025,0.05014566,0.050563292,0.047381126,0.024369916,0.027249656,0.026529144,0.034715652,0.039191508,0.024363005,0.033610324,0.027061103,0.009970941,0.014747936
CACCG,0.044138735,0.079848721,0.079230998,0.058924283,0.053073913,0.054804882,0.054461168,0.058545818,0.048244971,0.040495004,0.050152368,0.048248315,0.047696424,0.024612741,0.027076676,0.026929778,0.038721998,0.044960339,0.024174612,0.041573504,0.026533453,0.010820144,0.016731155
CACCT,0.049380581,0.080629967,0.084454941,0.067074205,0.058691377,0.059650552,0.057003272,0.057439487,0.050100579,0.039028494,0.04985973,0.048887482,0.047940463,0.026116137,0.027429287,0.026487104,0.032140558,0.035913003,0.025191501,0.029197688,0.025213739,0.009541646,0.012628207
CACGA,0.049598146,0.076689129,0.083267568,0.064017725,0.058551354,0.059581073,0.05730935,0.058496909,0.05055686,0.039432418,0.050047878,0.046061839,0.047794561,0.027113324,0.026945651,0.026350533,0.033833995,0.037686317,0.026072536,0.031865995,0.024708693,0.010757977,0.013260166
CACGC,0.043795436,0.080532723,0.078252771,0.058359201,0.050949444,0.053804507,0.053031426,0.059775486,0.046734894,0.040009128,0.050668696,0.046354335,0.048968599,0.024111192,0.026880388,0.027387674,0.039496269,0.047847134,0.024134256,0.04445261,0.026929948,0.010643441,0.016880444
CACGG,0.042171459,0.07794727,0.081089555,0.058398599,0.052516619,0.055325366,0.052902103,0.058341244,0.049906007,0.04039967,0.05204486,0.04874641,0.046673642,0.025300617,0.026606734,0.026698958,0.04037105,0.043425656,0.025207121,0.038370287,0.028242344,0.011939908,0.01737452
CACGT,0.050178756,0.07346225,0.085017997,0.063597632,0.060083233,0.060019847,0.057204519,0.058586451,0.05294763,0.038569289,0.051664976,0.047176389,0.046526392,0.028502074,0.026899628,0.025427232,0.03442289,0.035050988,0.027212423,0.02763267,0.025602445,0.01141022,0.012804069
CACTA,0.058480954,0.075989804,0.089320312,0.074594998,0.073148457,0.067675356,0.063343331,0.056368619,0.053002189,0.037998107,0.046508301,0.04746436,0.047917019,0.031241053,0.027382451,0.023784543,0.022939651,0.024471678,0.027384711,0.015129113,0.019257963,0.009398857,0.007198171
CACTC,0.051585245,0.079583454,0.085172762,0.068062761,0.061826612,0.061467273,0.058469468,0.05703008,0.050829172,0.03875746,0.049144821,0.048762395,0.048122593,0.026936423,0.027194665,0.025612368,0.030368526,0.033414739,0.025571663,0.026756724,0.024056443,0.009742961,0.011531391
