,X,Y,1,2,3,4,5,6,7,8,9,10,11,12,13,14,15,16,17,18,19
AACAA, 0.06843388460136719, 0.042482368309881835, 0.07407925310493066, 0.0662550416151662, 0.06223863405296797, 0.056095302839573015, 0.05340264872974414, 0.05563376801259306, 0.05046837789988266, 0.04523244540194194, 0.04341829244094187, 0.04813242216745974, 0.04127583936817242, 0.043347706056872, 0.04404871460169081, 0.04654496542134073, 0.03667987752633084, 0.03603571716547687, 0.03286455436305732, 0.03285012685871705, 0.020480059461891718
AACAC, 0.05995401790087567, 0.034974829167914195, 0.07396571545969222, 0.06747289610065624, 0.060761305834326956, 0.05618777226075183, 0.05559236579285243, 0.05616547153826913, 0.05277238761917987, 0.04739411810800297, 0.0452792826976628, 0.04837800643831682, 0.042973948241635494, 0.04422745115030259, 0.04503504174079388, 0.04673905570545908, 0.0374317814397147, 0.036181072029471906, 0.03402083873305238, 0.03347057239820485, 0.021022069642864037
AACAG, 0.060476479186939755, 0.0328085084181795, 0.07418423881156681, 0.06795432508247178, 0.060225131210040084, 0.05696690993236101, 0.055205411754899396, 0.05603410073390502, 0.053351874207106305, 0.0468998735609882, 0.04592924187436408, 0.04823857849651514, 0.043772854243191404, 0.0442911537947704, 0.04517411232203671, 0.046261471068848786, 0.03769875936407302, 0.03564480870678627, 0.034243592936406435, 0.03335386436041075, 0.021284709934139202
AACAT, 0.06814722581471233, 0.036297492741119604, 0.07545320282913244, 0.06654561549783025, 0.06352897602458733, 0.055186746564075156, 0.05369099251984408, 0.05647106338343798, 0.04980070391772478, 0.04616032348209482, 0.04294758432498771, 0.049001990918064474, 0.0392390494554555, 0.043940847543754616, 0.044840044781456874, 0.0477393240983867, 0.037552506298038184, 0.03744290983837631, 0.032689313299919004, 0.03331693485508106, 0.020007151811920733
AACCA, 0.0619222319602045, 0.03143403284519025, 0.07344905182058718, 0.0677137679904763, 0.05960459581645485, 0.05730301279102185, 0.055567026660704455, 0.05533873035262625, 0.05370998014291635, 0.04698669077526564, 0.046021926543484123, 0.04864847298006797, 0.045183668624621635, 0.0441314250035891, 0.044903298517747124, 0.045908430301112774, 0.03743330313087782, 0.035588437286326165, 0.03450944482248016, 0.03296207871008194, 0.021680392924163492
AACCC, 0.058451569162969896, 0.030999843165759162, 0.07172544122357194, 0.06848398800175667, 0.056808897741641134, 0.05819812959069797, 0.05736446350155449, 0.05438005465466095, 0.056559450775802454, 0.04806697698048347, 0.04706049905463921, 0.047656861420698485, 0.04836701797223791, 0.04431884417292636, 0.044316433037378596, 0.04500513755094738, 0.03772221619265948, 0.03410911984413968, 0.035625164740415785, 0.03253167933310762, 0.02224821188195139
AACCG, 0.04841048201452199, 0.02800899512167049, 0.0701198986676895, 0.06803124761993135, 0.05691398866256165, 0.05896465461813183, 0.059926594037039004, 0.053989953325884625, 0.053898176521161446, 0.05065470261223874, 0.04748882318522751, 0.05135423690130718, 0.04962841450745605, 0.04359031561093001, 0.046111055402663956, 0.04381516473491466, 0.03911029116982704, 0.034976275402594854, 0.03761199059857201, 0.03279502204894721, 0.024599717236728998
AACCT, 0.058884960864353485, 0.03492985779010696, 0.07303551184333838, 0.06774219842046325, 0.058592946567235356, 0.05729654132899976, 0.055727788994378996, 0.05534358242452088, 0.05392628581152608, 0.04736078849944757, 0.04647778306197127, 0.04773291565363009, 0.04577934578293247, 0.044447119993336254, 0.044994919550047745, 0.0458339373502551, 0.03764258235393568, 0.035669267669407104, 0.034109177616236455, 0.03276181979802821, 0.02171066862584863
AACGA, 0.053588053878761546, 0.03388146469903902, 0.0716308109636435, 0.0675116337215976, 0.06043221952548036, 0.05676293999335348, 0.05668015506008302, 0.05546238557262563, 0.05109183018495859, 0.04858652516307148, 0.04553900217035707, 0.05153794339882952, 0.04418804481226343, 0.043809106698506975, 0.046250674081494705, 0.045500238907173696, 0.03865514201977447, 0.036907445139414456, 0.03521455865848433, 0.033854632086924775, 0.02291519326416219
AACGC, 0.0493662271480017, 0.024387280412458308, 0.07106416484944297, 0.06822097813408723, 0.05898669258425871, 0.05862652138548929, 0.05917446201484381, 0.05530771551056947, 0.05336099805927761, 0.05069179989587351, 0.04682905205313413, 0.051563713209324784, 0.047504607640602346, 0.04430159716107058, 0.045898930833964534, 0.045373707810407164, 0.03912598916718716, 0.03576689770314621, 0.03697577495465421, 0.03346422600040755, 0.02400866347179875
AACGG, 0.042073981476026104, 0.029733247950847, 0.06927592644838369, 0.06897199709524328, 0.05628629844136711, 0.05807543943791025, 0.06036213976493719, 0.05391356966472995, 0.05330096648860135, 0.05163937942554835, 0.04889064592786939, 0.052107969635932, 0.05008938074260958, 0.043640571426202424, 0.04619396355763293, 0.043975349624389155, 0.03951117932846474, 0.03477697866408359, 0.03791811048438434, 0.033995289570719844, 0.02526761484411793
AACGT, 0.047221967917751836, 0.03036386250827546, 0.07176392175115129, 0.06809178619441114, 0.06090988775675602, 0.056202093860024734, 0.05735153876304531, 0.05550948925106278, 0.0499339207482392, 0.04966964502286686, 0.04618690541101994, 0.053131398159898924, 0.044873385097217416, 0.04426190519880621, 0.04782881418885436, 0.046814645603711263, 0.0390353853139851, 0.03731052535370057, 0.03546302287671863, 0.03418594134089431, 0.02388995768160872
AACTA, 0.0689841643021086, 0.03483658594682153, 0.0757780475327422, 0.06672323983478878, 0.06356038599533864, 0.05610282437651271, 0.05336620137288862, 0.0564124729951648, 0.049157442445309896, 0.045312901443040336, 0.0436363069839762, 0.04868933119102132, 0.04016211783056144, 0.044271415927124955, 0.04459696700052219, 0.047255633006106704, 0.03760088517532423, 0.037168580120215164, 0.03236954570833556, 0.033489487996196624, 0.020525462815899252
AACTC, 0.06183174315404968, 0.03212605040066352, 0.07304561440337076, 0.06783736365725691, 0.05949250963741456, 0.0579274496259438, 0.056210908980915145, 0.05541694534060656, 0.05430094369483146, 0.046909547583451686, 0.046434707267171534, 0.04800505865160721, 0.04594633834608534, 0.04403857668753172, 0.04395118893042208, 0.045203734249246265, 0.03723109871029697, 0.03524844133558133, 0.034419778199243196, 0.0327095811706579, 0.021712419973651982
AACTG, 0.05869906578389341, 0.03207900006238091, 0.07383595845942283, 0.06841040675160515, 0.060125172560343845, 0.0569487703071922, 0.05583780471340494, 0.05614064305661882, 0.052719228140416546, 0.04689190760052019, 0.04639930613255341, 0.04839486013212633, 0.04467648828705947, 0.044739113613131626, 0.04489482758875698, 0.04633743489254348, 0.037763909836188, 0.03606548701699121, 0.03404718971421661, 0.03323606593200519, 0.021757359418628826
AACTT, 0.0658764713306578, 0.03814119306135584, 0.07490733149594796, 0.06692975211654846, 0.06272918567264972, 0.055866080836636176, 0.05388429460987564, 0.056384143234149656, 0.05007362986522637, 0.04554562953699167, 0.0441562255736631, 0.04853781594601416, 0.04109693536526585, 0.04409533855044388, 0.04460422558457381, 0.04661285694378858, 0.037173789189689256, 0.03667282285210939, 0.032714662894008845, 0.03326360452379987, 0.02073401081660388
AATAA, 0.0704226947617684, 0.03777993072166304, 0.07561728323474796, 0.06634835341537021, 0.0648142068341794, 0.05558743544028345, 0.05354045409485876, 0.056425225934811245, 0.04775504105253788, 0.045364030831186085, 0.04214559325184496, 0.049425101071147955, 0.038997126495871226, 0.0441483769722895, 0.043296288309269855, 0.047355050262205343, 0.03763038487100947, 0.03813701840279429, 0.032197493153359735, 0.03304061668653003, 0.019972294202271153
AATAC, 0.07077680912453148, 0.03684988967600891, 0.07576449960118875, 0.06608307538523539, 0.06397920391215559, 0.055314560847679016, 0.05334605235501068, 0.05643810165999279, 0.04905486804550156, 0.04528988635315504, 0.04247388162535538, 0.049171102980689906, 0.03870631527941059, 0.04402950644819581, 0.04435941253503574, 0.047587528285119175, 0.03753483870233918, 0.03744574181166125, 0.032529211915047665, 0.033308624015034934, 0.019956889441651086
AATAG, 0.07283005288193041, 0.03715280984184007, 0.07599521574363048, 0.06583526492874113, 0.06397156328170428, 0.05561529845401742, 0.05261643655921306, 0.056193682471613556, 0.04956658540244298, 0.04526381386386215, 0.04236027676741336, 0.0487535613079724, 0.038408576154483516, 0.04401396741202343, 0.04412819758869967, 0.0471564091641922, 0.03744068918948441, 0.037258993053738185, 0.032285181042869544, 0.0332565166644632, 0.019896908225664825
AATAT, 0.07670815985354174, 0.04210065973717718, 0.07626828861449432, 0.06474975210706424, 0.06645672328449481, 0.05444794191051111, 0.052153121903462586, 0.056508453819971646, 0.0464368853028541, 0.044624156654270525, 0.03974085429377992, 0.04931509265024185, 0.035134224886457205, 0.043797094336628144, 0.04302121231266466, 0.04839150580239526, 0.037805315324266064, 0.039145401098937896, 0.03177073147336482, 0.03274278341479399, 0.018681641218627917
AATCA, 0.06958480034017323, 0.03785560114366768, 0.0752830698127458, 0.06611396547349087, 0.06363406123392112, 0.055427731401352605, 0.053230115539794724, 0.056452478966658226, 0.050344546902564534, 0.045826282745856935, 0.0430865355616509, 0.048497229044651036, 0.03924237070434134, 0.04396081335072155, 0.044515755929162175, 0.04714745160409097, 0.03728873332339311, 0.03687285512860565, 0.03247662799654096, 0.03313883187950325, 0.0200201419171133
AATCC, 0.06435742730025777, 0.03719990156125336, 0.07230422273165063, 0.06706222994431901, 0.058738680423814166, 0.057369601549253094, 0.05555894962186321, 0.05495246994700732, 0.05530270527675251, 0.04647830406603784, 0.045460413209511635, 0.04754186131636909, 0.044743996475294256, 0.043688491468228355, 0.043989819666954644, 0.04571870709531009, 0.036852693837825155, 0.0350735751494124, 0.03402038465161, 0.0323077559223727, 0.02127780878490283
AATCG, 0.054905420771951936, 0.036692832778777655, 0.07074815221794625, 0.06689373694964003, 0.06079001096905956, 0.056162680764392875, 0.05646185754506248, 0.05501341624083056, 0.050947034772588946, 0.04888241959020168, 0.0453625939709381, 0.051595215475576876, 0.04405962441553438, 0.04366591671376225, 0.0460818614132161, 0.045284311764069905, 0.038542459816995965, 0.03656477243882329, 0.03471708083798316, 0.03371250323404137, 0.022916097318606426
AATCT, 0.06714000434886169, 0.03949213403934507, 0.07472897050515263, 0.06651747515611492, 0.062300802097805814, 0.05600123976698643, 0.0534081897619616, 0.056147576367509416, 0.05093577782507878, 0.045576426492483245, 0.043840101631122924, 0.04822453301397558, 0.04092800673104242, 0.04376378836240369, 0.04423574765156607, 0.046874578938130865, 0.03706246286508694, 0.03647026647051468, 0.032762215943831656, 0.03291438733473581, 0.02067531469628982
AATGA, 0.06666067430994772, 0.03716753708796346, 0.07491934447126888, 0.06687231539473212, 0.06327833123931863, 0.05583709928926358, 0.05381788778518981, 0.05650881364602828, 0.05003103637464179, 0.04601462428044135, 0.043343230602912806, 0.04859642504791216, 0.039762789023858554, 0.04441817626886367, 0.04430064930898361, 0.047448194675942856, 0.03782096820684889, 0.03730325740820233, 0.032365615527162835, 0.0332473230105577, 0.020285707039958897
AATGC, 0.06325630798485708, 0.03207929421943508, 0.074751041776424, 0.06772645048604584, 0.06192703922529231, 0.05614505112709326, 0.05468065634802769, 0.05638867482965325, 0.051655827156003385, 0.04694180095595829, 0.04476224202295736, 0.048390459764845586, 0.042154964539875876, 0.04482841846235995, 0.04513525141616718, 0.0470233878603817, 0.03759976536506179, 0.03685633073126486, 0.033162971623405264, 0.03364997477632537, 0.020884089328564913
AATGG, 0.06986380722641104, 0.03573458704906301, 0.07419546266739642, 0.06637872634921489, 0.061478789457156485, 0.056579134716613314, 0.05383493225272689, 0.05593077978688796, 0.05336170382621547, 0.04633667299343336, 0.043708189891389755, 0.04770608853035754, 0.04066189513998087, 0.04390127690855017, 0.04415348453270564, 0.04642969174228929, 0.03746684783143883, 0.03571778985717076, 0.03322431141560031, 0.032934817219990704, 0.020401010605407215
AATGT, 0.06614133427291329, 0.03884198144844829, 0.07519187555349945, 0.06671858976115314, 0.06324373269706211, 0.05482339559730589, 0.05376436374201272, 0.05637196266292758, 0.04944279078076193, 0.046134615458286725, 0.042980908265046226, 0.04893433659960366, 0.03940800126332291, 0.04447597662600944, 0.04486348278594584, 0.047485863311003684, 0.03765568837273232, 0.03757719153371201, 0.032569973115013764, 0.033185413394202466, 0.020188522759036456
AATTA, 0.07060005029600595, 0.0357083913129725, 0.07648745418456082, 0.06650513556634859, 0.06618277838634139, 0.055011632293144985, 0.05355221143256496, 0.0567545855078967, 0.04654942456025474, 0.04536540788137668, 0.04192571619587955, 0.049780689748513615, 0.037520682677597006, 0.04431197192275936, 0.04381257894691929, 0.04800945422192787, 0.03784440820801248, 0.03886988066083006, 0.032013640252168796, 0.03348695086556072, 0.01970695487836408
AATTC, 0.07183126695643956, 0.039207734383907004, 0.07507782282775365, 0.06580710518940465, 0.06381502197909475, 0.05602714530699725, 0.05298437887213172, 0.05610012012433294, 0.050936510689076134, 0.04496521490428279, 0.04272196341938056, 0.04813858495278421, 0.03918461986634821, 0.04343340722670445, 0.044088908535542745, 0.04683749260275996, 0.03682439040642136, 0.03655929612880334, 0.03269975457945813, 0.032770547127443955, 0.019988713920932596
AATTG, 0.07478177558510932, 0.04207898335776842, 0.07486987640618863, 0.06500655930066931, 0.06395984628225829, 0.05560714988630722, 0.05267114221434248, 0.05579142982583354, 0.05025401346277421, 0.044595980990077846, 0.04196180743033547, 0.04798092581698653, 0.0377142825883502, 0.04356505919422635, 0.04384392852404694, 0.04734832448734511, 0.03685490520400053, 0.03683101077279454, 0.03212144683105498, 0.03268485935984844, 0.019476692479681628
AATTT, 0.07500654268609326, 0.04234602267090254, 0.07565902867415653, 0.06548441803942161, 0.06624359900052376, 0.0549137675896793, 0.0521919866162402, 0.0564214628661752, 0.04739330142762586, 0.04411104915963031, 0.041100934476379636, 0.04872620408203091, 0.036561643597707236, 0.04372565689998365, 0.04350085177363377, 0.04773533936745231, 0.0370469441618815, 0.03785941262258916, 0.03188366930153817, 0.03283633220458226, 0.019251832781773105
ACCAA, 0.06525529826133494, 0.035595315760734096, 0.07366977148490432, 0.06714475328941995, 0.06039144256581631, 0.05656968908144082, 0.05448310645140809, 0.05537678506703948, 0.05362952749049637, 0.046539098129538416, 0.04497862367838227, 0.04783219466713925, 0.042986788566420735, 0.04375363110241952, 0.04464322940218504, 0.04651699098716505, 0.03723126717789712, 0.035494676502415015, 0.033881043247884685, 0.032967529253854405, 0.021059237832104085
ACCAC, 0.05368405118088052, 0.028557496755325675, 0.07145064958071284, 0.06929130484802645, 0.05587648994573831, 0.058675165788099004, 0.05879658379282445, 0.05455626080643651, 0.056849700714096625, 0.04875036650789403, 0.04787289806501196, 0.04805893571010502, 0.050002428754950104, 0.0445515100573862, 0.04476653797656394, 0.04448685833590279, 0.038041894058228255, 0.03456750720499335, 0.03603691164048124, 0.03260669965470564, 0.02251974862163741
ACCAG, 0.05762294002492462, 0.030439243772434805, 0.07183444154395725, 0.06872583772456185, 0.0563331104696687, 0.05915731381945916, 0.057314597832265224, 0.054547031888310143, 0.05766559769577449, 0.04818050891701818, 0.047443745413479385, 0.04672464524597952, 0.04882702142975527, 0.04413611533584767, 0.04407389604531073, 0.04483264090247843, 0.037834710495392186, 0.03407815908559729, 0.035755308820095255, 0.03227682676779154, 0.022196306769897953
ACCAT, 0.06282630916211851, 0.03472777050786936, 0.07327319818712182, 0.06745267569574202, 0.058970794964607824, 0.05680013884452148, 0.0555829511819216, 0.055332014660332475, 0.054569487652896834, 0.04715643291398567, 0.045509846433407254, 0.04790059166705919, 0.04429731395102832, 0.0441717076924999, 0.04457309788225699, 0.04587482208959081, 0.037714047913363136, 0.03561446921393848, 0.0340524082055907, 0.0325696490772249, 0.02103027210292264
ACCCA, 0.05944516680638615, 0.02890987255761466, 0.07194361632845164, 0.06850861308604142, 0.05713160190495943, 0.058667168824906066, 0.057823849270671024, 0.05512581666284349, 0.05787224143032806, 0.04866547004564315, 0.04697316672878678, 0.046945076333178105, 0.04739876027763563, 0.04419276826056458, 0.04359788785326398, 0.045017805373181265, 0.03796517397961573, 0.034259672580115565, 0.03565852089888171, 0.032147650184963135, 0.021750100611968578
ACCCC, 0.05243624783060786, 0.02529472206195593, 0.06984634111737872, 0.06951519571300378, 0.053432555599944254, 0.060375807510552056, 0.060675973008298884, 0.053957513004427346, 0.05972756887519003, 0.049803154342975234, 0.048632426658139286, 0.04783535160392989, 0.05274028255214637, 0.044150768182472724, 0.043281019670050214, 0.04347585271769938, 0.038968980785788476, 0.033264083243965424, 0.037670940560025415, 0.031732871056949455, 0.02318234390449906
ACCCG, 0.04472550242012681, 0.023327292018977038, 0.06709498088823646, 0.06924569333293999, 0.05313448477130086, 0.06283124662193142, 0.06349103922946976, 0.05270620472288921, 0.058602724385095756, 0.052479493382129434, 0.04938931978152365, 0.04978931073868155, 0.05542306717085262, 0.04415214602400902, 0.04373986079160355, 0.04200076148852726, 0.03933174967788189, 0.03290438969019134, 0.03965132413656071, 0.0314295306655663, 0.024549878061505596
ACCCT, 0.055121396623193805, 0.034144204956680364, 0.07060072190552945, 0.0689072939043349, 0.05465920358887604, 0.058833140532672024, 0.05781965738611945, 0.0540564109623464, 0.05789728775883057, 0.048521108989165826, 0.04747304849950533, 0.046759442180658674, 0.050071858157391166, 0.044672663456583224, 0.04367610052454803, 0.04398445766424841, 0.03828882150349476, 0.03404089900708901, 0.03626604960496981, 0.03180675207786964, 0.02239948071589306
ACCGA, 0.04771267966770694, 0.02780161757166018, 0.069697757416179, 0.0689459881792545, 0.05692393486283014, 0.059227951695303795, 0.06018546222933333, 0.05465526200736276, 0.054670421159807754, 0.05095539685699249, 0.04788952706337484, 0.05065459885180704, 0.04990535900309555, 0.04376359749638238, 0.045237368922384114, 0.0436239293995035, 0.0389811952990227, 0.034609595337650755, 0.03754914315725426, 0.03293621943082952, 0.02407299439226471
ACCGC, 0.04092732662172315, 0.019123887714241613, 0.0674863902894439, 0.07107820533734073, 0.052944828649047496, 0.061693521232496995, 0.06364169907057209, 0.0531971471307689, 0.058110013347899586, 0.05235864566080007, 0.0495649218682598, 0.050736729909251696, 0.05616724533093497, 0.04388268030167588, 0.04396306002347918, 0.042255916084048425, 0.0408081724959012, 0.033390325468685304, 0.04047924773817192, 0.032445925288603704, 0.025744110436653513
ACCGG, 0.044952017587595455, 0.027534587662305862, 0.06753305424692457, 0.06867749979677691, 0.0526827465482814, 0.061919577460647246, 0.06185476204246126, 0.05236411247521639, 0.05773282010126094, 0.05166330998111972, 0.04866805558107725, 0.04991428810856509, 0.05429503075411581, 0.043495645997016066, 0.04456443957933943, 0.04273003058564593, 0.040252386454912345, 0.03346268414145029, 0.0391634357900505, 0.03186037979186856, 0.024679135313369113
ACCGT, 0.03817935665653045, 0.022052522710254225, 0.06910488753045003, 0.07063607255713482, 0.055735727787195294, 0.05943567428732925, 0.06151835599255428, 0.05428993100928913, 0.05469812399780777, 0.05282952975436652, 0.049971378315920516, 0.0515376134401754, 0.05204242429810919, 0.04402194334068106, 0.04656344600566805, 0.044114241080034845, 0.03994708043333079, 0.03523046598019332, 0.03887395939173212, 0.03368320772399441, 0.02553405770724841
ACCTA, 0.06704148209230999, 0.03533850092391928, 0.0738977625050073, 0.0665603712044182, 0.06020840408793408, 0.05713551499176986, 0.05451164629129099, 0.055827009685228295, 0.0538380002774742, 0.04657494020549187, 0.044749224323785135, 0.04756181242978289, 0.04275542418414487, 0.043705447068251024, 0.043974722003556455, 0.04625892935921608, 0.037592101096969976, 0.035699765428070386, 0.03343932647019682, 0.03263025160817208, 0.020699363763010174
ACCTC, 0.055266422535149975, 0.03257544446726189, 0.07134957305166276, 0.0685334078966389, 0.05570731875354495, 0.058907272097463104, 0.05761913472977012, 0.05471418187343118, 0.05755107455743074, 0.048353736646905836, 0.04780534746275289, 0.04677970336615809, 0.04911726901854018, 0.04438401457725898, 0.04418696379551486, 0.04497249486201705, 0.03798209492315769, 0.03445944400151758, 0.03548788049470657, 0.03198828718951404, 0.022258933699602804
ACCTG, 0.05390319496713524, 0.0307741264365412, 0.07120143282255145, 0.06911387134829872, 0.05517017656061903, 0.059198341341140465, 0.0584625694098401, 0.05471281505772141, 0.058547659818087336, 0.048825089033505784, 0.04816114309765842, 0.046496450674633906, 0.04982841785965639, 0.04453476351872999, 0.04357731709199867, 0.04500465538160749, 0.03816708984365225, 0.034303243889736997, 0.03604191564888706, 0.031813504014490915, 0.02216222218350724
ACCTT, 0.05968154277760733, 0.03597379556518883, 0.07291898916802293, 0.06801298769350284, 0.058243221290851105, 0.057395042976479016, 0.055684530859064656, 0.055207380592466375, 0.054484235069361994, 0.04719590272106781, 0.0463602245138523, 0.04730318591462071, 0.04584777031466313, 0.0442198678481948, 0.04461390484960389, 0.045429641911887676, 0.037608708672008544, 0.035421247615492854, 0.03424021942974843, 0.03248453838031811, 0.021673061835996876
ACTAA, 0.06897984558686605, 0.03706906013220314, 0.07529865389320826, 0.0664333182014718, 0.06378826575468284, 0.05601725454253749, 0.05351206445932141, 0.05658858454487322, 0.04927405402069066, 0.04529550686519157, 0.04339542396679438, 0.0486010136343882, 0.03962207674705977, 0.04417831722109858, 0.04425335248438116, 0.047363078530848174, 0.037336470438277626, 0.036799659704582786, 0.03242666409419861, 0.03331999591518494, 0.020447339262139316
ACTAC, 0.06568005859313057, 0.035448252580542204, 0.07382587036262765, 0.0676018916760454, 0.060444944540353214, 0.056408654947081985, 0.05428848683288222, 0.0558977814660573, 0.05232262180266005, 0.045865491150896685, 0.0447057734650737, 0.04772831370730983, 0.04304935576153809, 0.044002812057386154, 0.044640219616341764, 0.046746347379639654, 0.03749316276321408, 0.0363852403562203, 0.03344253729048804, 0.03301647085713174, 0.021005712793379587
ACTAG, 0.06595155965752196, 0.0356497628562993, 0.07423785155440288, 0.06749919477106647, 0.060036510754432386, 0.05680374880448453, 0.053854685969749246, 0.05594067826624285, 0.05247814547543305, 0.045697098297819455, 0.04567259199988952, 0.04717383917679705, 0.043348312216729225, 0.04443931743781188, 0.04408741162624245, 0.046231722007669236, 0.03773131713611426, 0.03583917448406763, 0.03309701250606677, 0.03305236206911013, 0.021177702932049874
ACTAT, 0.0736703658852727, 0.03543012321615359, 0.07615347857903461, 0.06607687023714862, 0.06347402847665168, 0.05584767441202898, 0.05287588778308884, 0.05637732572724301, 0.04980499519002935, 0.04511851510848662, 0.042566049210217345, 0.04843268900116425, 0.03917522418947447, 0.04401651087934172, 0.04391905859893566, 0.04718900240320996, 0.03739545346857223, 0.037163488962554475, 0.0323391014229808, 0.03305353801718262, 0.019920619231228526
ACTCA, 0.05918548300935004, 0.030627046032744, 0.0727850656803044, 0.06865538452522973, 0.05888633013278394, 0.058100357514728855, 0.05686396918398451, 0.055513048990680644, 0.05523191368325925, 0.047410467065993826, 0.04680447742260946, 0.047440610506812024, 0.0464630510109926, 0.044330672230653755, 0.04408156791572918, 0.045378013610680154, 0.03771186267841707, 0.035384690756501254, 0.03487055501289776, 0.03263376894528796, 0.0216416640903596
ACTCC, 0.05987300660419245, 0.031154117466417372, 0.07230665420574213, 0.06792521484661827, 0.057794910270467376, 0.058693085537882154, 0.056715539383095336, 0.055367377288454395, 0.05696553499151918, 0.047650832571009494, 0.04686216813473569, 0.047007555494706914, 0.04675862472517961, 0.044312011525609804, 0.04388358956226013, 0.04519979370948232, 0.037881887592173334, 0.03452461690536569, 0.03496839854989674, 0.03240585878351407, 0.021749221851677426
ACTCG, 0.042927209730100176, 0.022054880201473042, 0.06898695633821383, 0.06992553187485577, 0.055531920928220846, 0.06018230918548465, 0.06202244285491465, 0.053945025678424546, 0.05534205392117127, 0.051500443215324695, 0.0496145261422114, 0.04969827034747665, 0.053937649175980124, 0.04441188719585879, 0.04577176197809148, 0.04330279115137446, 0.039151470818006046, 0.03483243185443694, 0.03850934752256655, 0.03320389830745318, 0.025147191578361084
ACTCT, 0.05822768861963582, 0.03154478492736976, 0.07350282482975413, 0.06822714594319639, 0.0591502413493556, 0.05758495942959736, 0.05577273743058918, 0.055899155088944066, 0.05438138681727157, 0.04757613805073411, 0.04662442442806601, 0.047888079019143985, 0.045589962086004805, 0.04457146417642172, 0.0445722434234477, 0.04603647426255926, 0.03790885641276876, 0.03580238525092255, 0.0343310268511558, 0.03304377819267245, 0.021764243410388975
ACTGA, 0.05852025247505371, 0.03020749712344691, 0.07366292523172646, 0.06848609781390745, 0.059852850894176655, 0.05744916596462564, 0.05667578785204497, 0.05616469273170528, 0.05374780336035136, 0.047191244768037384, 0.04659543514166182, 0.04797989617849806, 0.045034165792956354, 0.044778358284602124, 0.04469973820013401, 0.046107188558437144, 0.037845242077247446, 0.036203467737448, 0.034087928829699916, 0.03303488280855105, 0.021675378175688192
ACTGC, 0.052915622848791546, 0.027643179318046076, 0.07175914720402746, 0.07010886697289151, 0.057298472144217114, 0.0584600680554105, 0.05740112741284765, 0.05566762852864002, 0.05594117245072828, 0.04827816050553349, 0.04828853551139836, 0.047295211763313305, 0.04835070175936307, 0.044957965502237185, 0.04476143740799513, 0.04556892724150479, 0.03836373637483101, 0.03534734307551059, 0.03579395774538347, 0.033141983476993764, 0.022656754700335634
ACTGG, 0.05761250210668443, 0.03000285837361242, 0.07251544247669578, 0.06856883704827693, 0.05721790280667337, 0.058278118165106745, 0.05713690693865233, 0.055169870588372937, 0.05730570555388238, 0.04806434074816388, 0.047287861306124127, 0.047037764172872656, 0.047538331891055705, 0.044511923343083, 0.0442410998569224, 0.04497095993972941, 0.03811999477103819, 0.03455766403673287, 0.03542625640303028, 0.03251979533760657, 0.02191586413568353
ACTGT, 0.05372193110624273, 0.029941313525055396, 0.07340576441568925, 0.0693483482604395, 0.059333529482821966, 0.057071623957689055, 0.056826622426969176, 0.056111911524907826, 0.05334391021713538, 0.047766795899741775, 0.047034967394517124, 0.048536049523121565, 0.04574048076246872, 0.04498709906398145, 0.04537457054161155, 0.046446157898713265, 0.03839955942905359, 0.0361284524153794, 0.03489970272232984, 0.0336389272344634, 0.021942282197668087
ACTTA, 0.0644193405057412, 0.03554773230729909, 0.0753059335662642, 0.06755944568761256, 0.06279552845172821, 0.05587015262503889, 0.05429134550760873, 0.056426315855756255, 0.04957854554793741, 0.04579262976607119, 0.044311095243780005, 0.04895891287162499, 0.04136576429706376, 0.04441975861960725, 0.044565310492870366, 0.04694689148877375, 0.0376532927507847, 0.03708835700482774, 0.032727616258527756, 0.03341154658328567, 0.020964484567796003
ACTTC, 0.06232546732805039, 0.033945380228642436, 0.07390657386032151, 0.06734073644814582, 0.06076041486530877, 0.056886934188875485, 0.0547928817009512, 0.05630328286811114, 0.05287172197874825, 0.04694668092190046, 0.04528063588545315, 0.04793747445723393, 0.04314549407902082, 0.044253180074949376, 0.04496507129065089, 0.046504444938664256, 0.0378756342947949, 0.03579890442399411, 0.033749163584833666, 0.0332296707641813, 0.021180251817168202
ACTTG, 0.06010588412139362, 0.03081884365784685, 0.07349514944000446, 0.06884337674304723, 0.059223740075792834, 0.05719806773143201, 0.056028902251171644, 0.055884527311128813, 0.05369620596342264, 0.0471842853429382, 0.046567462360339124, 0.04782785436194603, 0.04566305827743769, 0.044225611964968874, 0.04492832785568827, 0.04582888995199847, 0.03764223447983224, 0.03581744294803759, 0.033962592687049584, 0.03327421955809225, 0.021783322916431376
ACTTT, 0.06712542355114924, 0.03648285226853124, 0.07513954264892347, 0.06722753770361437, 0.06312994854793794, 0.055990365875044835, 0.053691669058952306, 0.05667088883271379, 0.050116034076709545, 0.04564455151632154, 0.043641887076752296, 0.048238864347468595, 0.040504268441735464, 0.04439886284024992, 0.044560424070006016, 0.04692577039660221, 0.0372152819894521, 0.03690800372852279, 0.03253638034191289, 0.03317449274961007, 0.02067694993778941
AGCAA, 0.061049307303080697, 0.028977968779375064, 0.07461910983231, 0.0683089472342571, 0.06044016155383627, 0.05708712511845901, 0.05551478398451443, 0.056088283231848494, 0.05281211895992454, 0.04719157408339845, 0.046111606749087895, 0.04852712145536432, 0.04439172146548103, 0.044610668451050606, 0.04526812578913047, 0.04633332043334765, 0.03784243965151697, 0.036017246748197916, 0.03394791901723026, 0.033437447478698944, 0.021423002679890068
AGCAC, 0.05086700635768861, 0.025730226618960784, 0.07160909428369423, 0.07053792830756624, 0.056518401637487496, 0.059297177468277805, 0.059120592635855784, 0.0553931564175957, 0.056503134507993345, 0.04890088992547336, 0.049193940920817816, 0.04667159406862843, 0.050632420949417126, 0.04486997419885626, 0.044562800150477117, 0.04512828739134145, 0.03800690029227203, 0.03502335049734599, 0.036101188899419476, 0.0327954491752292, 0.022536485295601982
AGCAG, 0.050763291911299586, 0.02401707714335048, 0.0720076259385633, 0.07041854753259047, 0.0563628382080332, 0.05916096340615834, 0.0580079149430712, 0.05553278845401309, 0.05695193367000641, 0.04927650976871074, 0.04901075087912688, 0.04705851325896589, 0.05026129717407278, 0.04512432989604162, 0.04482180215471586, 0.04526929535648028, 0.038832813640619177, 0.03495184610090721, 0.036414412290708874, 0.03300700766278768, 0.022748440609777057
AGCAT, 0.059840361271234085, 0.028621265814028386, 0.07478181152279446, 0.06827096999925478, 0.06048747887559157, 0.05690936169194054, 0.0556478322263034, 0.056387736613202254, 0.052868375018500384, 0.047873376198933476, 0.045952350241282414, 0.048532865091590105, 0.043859018738707255, 0.044974723055868054, 0.0450630463482072, 0.04659374433348237, 0.03801071775486355, 0.03666986517031746, 0.03385276365844908, 0.03352085718734679, 0.021281479188102356
AGCCA, 0.05200295907277916, 0.022775299704024903, 0.07156545429530141, 0.07068068671472034, 0.05527094025153697, 0.059823047139935095, 0.059492535355678174, 0.054934557466925577, 0.05784121886116967, 0.04939639731230565, 0.049299645638588484, 0.04768171049643847, 0.05141614947590097, 0.044631743689732654, 0.04417637960791052, 0.044323982084330735, 0.03857535733556957, 0.03453416180987073, 0.03626280270404666, 0.03244696637916832, 0.022868004604065816
AGCCC, 0.04644174616439581, 0.021231357950912248, 0.06932213694679325, 0.07181588175279882, 0.051845504003417454, 0.06178889820078178, 0.061907768202405636, 0.053787746663751246, 0.06109716580948869, 0.050820232620001446, 0.05077926079225796, 0.04664612350177689, 0.05594375875083682, 0.0445195515558062, 0.042983949604954066, 0.043406536948357416, 0.03896206588814234, 0.03313688480090634, 0.03790050626808138, 0.031889751485498136, 0.023773172088636267
AGCCG, 0.03567527160706745, 0.01698316559134685, 0.06697018942261197, 0.07209476819354504, 0.051013736932319344, 0.06413422774991602, 0.06535159087854549, 0.05151596930055543, 0.05843413185205109, 0.053238559014428345, 0.05157272681964064, 0.04994434985430895, 0.059896911969178804, 0.04423806421740724, 0.04394053466556176, 0.04177485517008695, 0.040395413181713094, 0.0332440768654507, 0.041005564684280356, 0.032332849627094394, 0.026243042402890143
AGCCT, 0.05154829519843311, 0.025972371543054283, 0.07062979571605903, 0.07058116809472952, 0.05443048013814629, 0.06015425229061214, 0.05871971262275556, 0.05467389173582889, 0.05893579407832122, 0.048830101796567306, 0.04950378686435, 0.04655213446899446, 0.05227117538482997, 0.0448740443289188, 0.04395184539275603, 0.044512835394509516, 0.03844270289706704, 0.03412538769883562, 0.036368228083570514, 0.03206542894071248, 0.02285656733094857
AGCGA, 0.04123636009102813, 0.021831225664060854, 0.06884525486586923, 0.07123678088164917, 0.055489820242174505, 0.06024753492622662, 0.06202242444029913, 0.05436743388332708, 0.05455099940816401, 0.052322814014779874, 0.04912591645364878, 0.05122232725390333, 0.052489718478977654, 0.04411834514846062, 0.0462620066569846, 0.0433140612085661, 0.03949706012927698, 0.03481651605429836, 0.03790472943212638, 0.03352992741183616, 0.02556874335434231
AGCGC, 0.03463511765774563, 0.015048451951994066, 0.06609761325555892, 0.07316850850218401, 0.052126821272900116, 0.06335864168402623, 0.06486824941587797, 0.05323928074810801, 0.05817621960887601, 0.05345795470360365, 0.05186997562920473, 0.049755962409198336, 0.0590996774182999, 0.04354183862243528, 0.044437620445863794, 0.041964475725533586, 0.04048329968869647, 0.033318705409392795, 0.0413245001848538, 0.0330566355733318, 0.026970450092314805
AGCGG, 0.03667674195224753, 0.01724092244994646, 0.06700482826969766, 0.07237708304265539, 0.051112166005093544, 0.06380884926461007, 0.0641843043712413, 0.05261643115948867, 0.05874285119858897, 0.05310108296229727, 0.050897422713147296, 0.05056480575874873, 0.05966120972213092, 0.043835303404599776, 0.04379208526449453, 0.041144720217487225, 0.04112890516845942, 0.03277635593414473, 0.04119975821398422, 0.03194112594802497, 0.026193046978911543
AGCGT, 0.03899689381520106, 0.0191770854611668, 0.06910940683260934, 0.0711707730377036, 0.05675012567957701, 0.06055382839451298, 0.06128310710324242, 0.054620379533145524, 0.054851833855686725, 0.052117710773583924, 0.04965851986996119, 0.05201920307718217, 0.05211788712313282, 0.04445536162323012, 0.04603748263731603, 0.04400698634054213, 0.03985271109087524, 0.03544945983997236, 0.038842401588559713, 0.03379280245796607, 0.025136039864832708
AGCTA, 0.06329395285983493, 0.025281080245636415, 0.07500444242732497, 0.06857649604648564, 0.06063150874390123, 0.05756013525861032, 0.055681410477807114, 0.05606837013276753, 0.052929812111725, 0.047388601778319495, 0.04630203342720659, 0.04829200530283553, 0.04489733635235139, 0.04486069709806661, 0.04440606119761486, 0.046229550451528365, 0.03790051473871754, 0.03618519772889974, 0.03375170125470766, 0.03328127196536285, 0.021477820400296218
AGCTC, 0.053639198556693496, 0.024060184643685385, 0.07270207650012087, 0.06990259447117275, 0.05669135908876797, 0.059630766885495644, 0.05812716643862405, 0.05529805001396495, 0.056838465499849535, 0.04867115711595593, 0.04859387659759427, 0.046990695461803074, 0.049611661988148335, 0.045073169758224715, 0.04459141973216338, 0.045365691690615516, 0.03839621224360275, 0.03481178113903736, 0.03601691439947665, 0.03260266465054267, 0.0223848931244608
AGCTG, 0.051501296320909495, 0.022389209134346964, 0.07229569555186864, 0.07053801735697264, 0.05618244984577262, 0.059745752796645825, 0.05866362541804241, 0.055199467380897795, 0.05724946365809706, 0.04919966163051318, 0.04891114280978717, 0.04713833563550614, 0.05055917372261933, 0.04531709176532438, 0.044547964474382355, 0.0453176872729044, 0.03883036331198946, 0.03479574430348736, 0.036280050970645045, 0.03267101851910206, 0.0226667881201858
AGCTT, 0.05878199028492075, 0.028083439828676667, 0.07426226842750296, 0.06900961534209143, 0.059795030866572056, 0.05771146390301527, 0.05547771882938199, 0.05587558339383317, 0.05366752728387579, 0.047675042732066006, 0.047072548209531356, 0.047918570178122843, 0.045573876634836016, 0.04468478783725434, 0.045255393274216245, 0.04623239358775845, 0.03786843674045909, 0.03569828360330347, 0.0340313920017991, 0.03339714360724833, 0.02192749343353454
AGTAA, 0.065376707291806, 0.03577369326128684, 0.07561405027140598, 0.06734320721225438, 0.06348430188452535, 0.055659260332847835, 0.05407071959057734, 0.05655939686416361, 0.048903415951979404, 0.04545505140734334, 0.04395305295883312, 0.04896756678810244, 0.040746750804830985, 0.04458317668067523, 0.044684033453731835, 0.04711187681168888, 0.03771126892281391, 0.03731880736327164, 0.032506311306814424, 0.033405900921652146, 0.020771449919395255
AGTAC, 0.07103709167105228, 0.0333858652042375, 0.07409784613146748, 0.06726491552298457, 0.061423443025182704, 0.056903712376276824, 0.05433260073581255, 0.05620763452646071, 0.05298766748432187, 0.0456457229028451, 0.04403753566524025, 0.04716219464919625, 0.04210204647390522, 0.0442331118101216, 0.0436217406920226, 0.04649325125815134, 0.03742807021201438, 0.03564021963301955, 0.03303358567858511, 0.03233692159360374, 0.02062482275349822
AGTAG, 0.06556204919882658, 0.03455470729181312, 0.07416395964974107, 0.0676941738966227, 0.06039999626638155, 0.0568713875467237, 0.054091079567012125, 0.05610273229691207, 0.052519822242865125, 0.04615475596922021, 0.04498991654182722, 0.047789580591517264, 0.04262466194893498, 0.04396813762463982, 0.044528754140025384, 0.0465793188625618, 0.03785753023726987, 0.03599818150868121, 0.03321290622576726, 0.03326471967767373, 0.02107162871498308
AGTAT, 0.07073665741787671, 0.03808743203103166, 0.07541388842672132, 0.06629507000746376, 0.06316707758662722, 0.055462442259920926, 0.05306676720270633, 0.05631575967212453, 0.04904458366972563, 0.04522783858057164, 0.04272084576805293, 0.048531889895203656, 0.039157976603548146, 0.0442201305149918, 0.04444217980458953, 0.04743340967711216, 0.03757247728211754, 0.03737116337663759, 0.032602873786729006, 0.03310365829233509, 0.020025878143913073
AGTCA, 0.056352978881833896, 0.027977399655195412, 0.07409496851722223, 0.06894694635822816, 0.05945447598010157, 0.057329696165666334, 0.0566726202772716, 0.0560892094160623, 0.054101282336861324, 0.04783313975467299, 0.04698640881289179, 0.04831531383209331, 0.045521066197129104, 0.04487942038873275, 0.04517536688852322, 0.04603648098626279, 0.03833478082004085, 0.03600748572741511, 0.034556215335053514, 0.03349091465779384, 0.02184382901094794
AGTCC, 0.057451400507752666, 0.033757986914998005, 0.07176424256174786, 0.06816398583056986, 0.05662543490519328, 0.05849427365091181, 0.056453700097686056, 0.054869496879399404, 0.057341819247264, 0.048059273453108654, 0.047061261232367216, 0.046596696076597305, 0.047637429771080944, 0.04461062140379815, 0.04401679472278471, 0.04525636732867022, 0.03802701182889269, 0.03435580045283402, 0.03519445480981368, 0.032179247433568245, 0.022082700890961187
AGTCG, 0.050033900820255446, 0.02619900635932207, 0.0697293327225975, 0.06860243091869515, 0.05690566560854717, 0.059586674637863095, 0.05995321151308251, 0.05432150070117353, 0.054941593157952884, 0.05073095601173567, 0.04769494534849175, 0.050553887885621984, 0.04906091657155412, 0.04356526331350049, 0.045181333228522094, 0.04415851029355578, 0.039363622978329404, 0.03518189440463047, 0.037276021415666744, 0.0332245632054688, 0.0237347689034335
AGTCT, 0.059088324428552476, 0.03024168282837338, 0.07366706306928358, 0.06840126911133004, 0.05949315226512244, 0.0577768208777366, 0.055396530710184605, 0.05588956822884027, 0.05444155037193678, 0.047242380127882344, 0.046808994985277415, 0.04796234748049839, 0.0453254395424628, 0.044701654172092604, 0.04494502910120189, 0.045910695478635195, 0.03779505619648749, 0.03575357074495366, 0.03430181455318898, 0.03318949273319428, 0.021667562992764778
