,,X,Y,1,2,3,4,5,6,7,8,9,10,11,12,13,14,15,16,17,18,19,20,21,22
T:ACA, 0.04004561616816692, 0.00045579965470546156, 0.08041095181063802, 0.08402284695325504, 0.0793606335407711, 0.06311359200513163, 0.06025481498416225, 0.06268011495335561, 0.06146019731330434, 0.05233936311998116, 0.03883486753593074, 0.05438501757815202, 0.051217448847759944, 0.051931095656078154, 0.02299402978121715, 0.024101794409476192, 0.029644846050584057, 0.02128000138227218, 0.03573834173925099, 0.023993459730050105, 0.022988645946800414, 0.018157201363042375, 0.009839007464599531, 0.010750312011314468
T:ACC, 0.0383860400512605, 0.00038757027073257146, 0.08330960433441377, 0.07880148070171716, 0.07673907881337214, 0.055818770129119455, 0.05635521697168328, 0.05846306674618707, 0.05963208533025225, 0.04955972194247372, 0.03871173390558282, 0.05397650304156182, 0.052780489437368315, 0.05180745085873262, 0.020372762060301405, 0.024993943231107263, 0.030758666612175183, 0.02589933634425411, 0.0439407131893199, 0.02252628287996492, 0.03219210841108903, 0.021160748619715505, 0.009790455575615755, 0.013636170541999375
T:ACG, 0.03629220394448993, 0.00046717617219228704, 0.07827091228452876, 0.07588369305314518, 0.06984371518069392, 0.05239121613265149, 0.05336439703605775, 0.055272049572512326, 0.06284437912891623, 0.0523112307905756, 0.039305205536396395, 0.05507784176407174, 0.05000122927002204, 0.050811264557720524, 0.021111305870474873, 0.02453666229692147, 0.03026139089808577, 0.030974252635230914, 0.04986900677497107, 0.02241629061209559, 0.039423160513173384, 0.022550468758864708, 0.011025411218707575, 0.015695535997500384
T:ACT, 0.039527887139456215, 0.0004400577241269344, 0.0823015984026077, 0.08430347949152918, 0.07990942170780395, 0.06269768241087322, 0.06007137765753031, 0.06289298191892806, 0.060416804705716726, 0.05134643434147447, 0.038662491673301574, 0.05349491929546042, 0.05153711674396052, 0.05245997987844596, 0.022758080931759826, 0.024708882234311575, 0.029907311811298992, 0.021217814950097304, 0.03670715148684616, 0.023742343230424772, 0.02273096011480004, 0.018135613554091618, 0.00936862290547139, 0.010660985689683267
T:ATA, 0.042021977123107304, 0.0004887479614631526, 0.07906928453175975, 0.08990257657513664, 0.08209408491407233, 0.07254148128670784, 0.06449746487091963, 0.06759300909719695, 0.06263616863167987, 0.05353979936434523, 0.03787628998085673, 0.05273313205105746, 0.04990547002873124, 0.05336614444792899, 0.025349300484041343, 0.02388416768576946, 0.028212523218781593, 0.015704225252228334, 0.0282832929181946, 0.024654478358137496, 0.014778316557838948, 0.014435477495964301, 0.008981250932481623, 0.007451336231598985
T:ATC, 0.040617973172270415, 0.0004131748712081497, 0.08142134778455765, 0.08364953326696985, 0.07958586308471466, 0.06319830659210406, 0.06043214680924332, 0.06270000536803766, 0.0607041705710861, 0.051523550024785564, 0.03840119769961201, 0.05393478490895988, 0.05163751219123924, 0.0528586293357973, 0.022593427404164517, 0.024269015206039985, 0.02956084997609459, 0.021088498714175553, 0.03630034347517787, 0.02369219172687755, 0.02333832287737201, 0.01793651038901659, 0.009627476149470215, 0.010515168401025286
T:ATG, 0.040980267967928134, 0.000435573853292927, 0.08028210736433927, 0.08455337882960928, 0.08011918925874702, 0.06447116809488286, 0.061336848355991375, 0.06339155840823141, 0.061272479555582245, 0.05261702560519058, 0.038676545636855485, 0.054372133311764534, 0.05156428904993495, 0.05222197415203167, 0.023135243875226915, 0.023954271934207527, 0.029203726630162494, 0.020282638548281662, 0.03415866989916863, 0.02406612145688165, 0.021261205810256208, 0.017675191576463745, 0.009807969506833778, 0.010160421318135758
T:ATT, 0.04086416871846692, 0.00046945946405793583, 0.079179137605586, 0.08893762396052664, 0.08151218659945934, 0.07021339635702536, 0.06344633011516684, 0.06663237164638856, 0.06230425196419544, 0.05322234056684094, 0.038108591102419355, 0.05350019627163279, 0.04963911003446666, 0.05324197871277822, 0.024887774155073865, 0.024077617508260082, 0.02839349832777547, 0.017297819136808675, 0.030176065393874723, 0.024626091121876335, 0.016562148546346783, 0.015282491248323968, 0.00928962248410954, 0.008135728958539517
T:CCA, 0.03810323089370703, 0.00036224131108356463, 0.08367975332968786, 0.07791047513204061, 0.07645725831801796, 0.05488319645388496, 0.05623860705471913, 0.05760000016522033, 0.05943511091764396, 0.04921980401181053, 0.03884963594215836, 0.054424407239376874, 0.053216960429856616, 0.05166078347791685, 0.019936744542367765, 0.024976563816500034, 0.031023429883927808, 0.02650420307315107, 0.04477895186590865, 0.022393377848550222, 0.03288434406325037, 0.021609556340608294, 0.009812190637374044, 0.014039173251237073
T:CCC, 0.036344645314269335, 0.0003052981517600878, 0.08564483689547875, 0.07302786673598485, 0.07204350826192896, 0.048556420623455554, 0.052976436137217114, 0.05335582853405923, 0.05907704428613428, 0.047869583127151054, 0.0393731367625528, 0.05353057076326992, 0.05575431388118685, 0.05064125312869781, 0.018052310457708724, 0.02491001023368716, 0.03126418080920299, 0.030395748418412433, 0.05169443768601968, 0.021233280606716313, 0.042632376371695334, 0.02441555436650892, 0.010005925476434276, 0.016895432970467552
T:CCG, 0.033279592313892506, 0.00033476473292847234, 0.08225122365668427, 0.06911637201533971, 0.06376628088285981, 0.04459184963594265, 0.04846543995781255, 0.04956171610645873, 0.06119721354382839, 0.047696224412486665, 0.039684258043334586, 0.05207831243113333, 0.05223552891256981, 0.05024261460425379, 0.018358289724121662, 0.025691593691858246, 0.030711998372674052, 0.03714997794902635, 0.06129258808728576, 0.02042684938349358, 0.05591494407849017, 0.026127269366088234, 0.010389306180889705, 0.019435791916546916
T:CCT, 0.037406533947780235, 0.00035744200696385313, 0.08516679940657579, 0.07765311310719059, 0.07579949925060508, 0.05389463368102928, 0.055834101187021895, 0.05730463040323353, 0.0591135225636433, 0.049237217370189316, 0.03886650935707615, 0.0540481978362876, 0.054241037345134184, 0.0516119739376816, 0.019737939245408245, 0.024996394151653698, 0.031029917761274322, 0.02653763208062145, 0.045762103004682066, 0.02230139380511561, 0.033246611771325624, 0.021775307252496986, 0.009717516236573359, 0.014359973290436343
T:CTA, 0.041107389103854725, 0.00043476144082887024, 0.08240899301672774, 0.08557454901506763, 0.08103238784549788, 0.06502258185088267, 0.061523537208164454, 0.06408587659176467, 0.06035535614097208, 0.051384418879831084, 0.03826516234616805, 0.05318429152388106, 0.05198510641277092, 0.05311236601483721, 0.023229961910291436, 0.024603656651691116, 0.029603075329666523, 0.019347781047471778, 0.03442898668316832, 0.023711035218864907, 0.019750207438167737, 0.017002523952934903, 0.009131292546802805, 0.009714701829691318
T:CTC, 0.037471557359709105, 0.00033591087031822794, 0.08486158196252187, 0.07752860942328928, 0.07557252638070566, 0.054265624289847145, 0.055733345310348646, 0.05756030243143561, 0.05934872160223592, 0.04916885456814663, 0.03862455932060151, 0.053949010000949746, 0.05368019214179757, 0.05212088377600065, 0.01986724261585135, 0.024941234185977566, 0.030800980627581492, 0.026531419219370737, 0.04596956041686549, 0.022359949471687054, 0.034014477712215156, 0.021497141568240025, 0.009723215108158179, 0.014073099636145465
T:CTG, 0.036512578018454075, 0.0003767705342808486, 0.08432512949420812, 0.077901114630094, 0.07586082661156732, 0.05444056679180141, 0.05600481393521696, 0.057434515918713604, 0.05962273536336015, 0.049691598995486655, 0.039079788171473416, 0.05455911397160674, 0.05357917830295021, 0.05122931833239068, 0.02006202118470833, 0.024873142623975667, 0.03106272023125044, 0.026956888416810303, 0.04528614276823878, 0.022472756849059534, 0.032619460274561606, 0.021794716317451883, 0.009819766185150614, 0.014434336077188869
T:CTT, 0.0399891736376864, 0.0004329572949088193, 0.08200543266442538, 0.08444370660000973, 0.08038272174969029, 0.06306420086522628, 0.060696773561786925, 0.06307574780548837, 0.06049521563759558, 0.05177813531947963, 0.03879580016513837, 0.05384011992420496, 0.05222385878595852, 0.052371319653019624, 0.02266948565092991, 0.024477982971332187, 0.029779681741502115, 0.020626779236077662, 0.035856472101331825, 0.02382824280524528, 0.021062287176195404, 0.01802309731880182, 0.009622124647550669, 0.010458682686414235
T:GCA, 0.03772936280427399, 0.0003842346668336864, 0.08239390438426455, 0.07945411320623964, 0.0764432399672646, 0.0571497503035156, 0.057418988746423996, 0.05872426707962104, 0.06043939322297903, 0.051107584298662044, 0.03897395418615108, 0.05492733405407053, 0.05286548485839111, 0.05146510982381036, 0.02095757885402384, 0.024616250742287273, 0.03035876556594646, 0.025591727612033578, 0.042453820776719865, 0.023051694476748805, 0.02916929570127932, 0.020863525974698274, 0.010001654055449902, 0.013458964638311584
T:GCC, 0.03537088979708301, 0.00032795638914866936, 0.08550422425059218, 0.07406719794279026, 0.07263957836170608, 0.04933192639898741, 0.053048901485822544, 0.05346368094635064, 0.05878301539813253, 0.04770250639664991, 0.03928052488417454, 0.0538569609869452, 0.05411610248742424, 0.05088641390848763, 0.018451476812043604, 0.02551382995767777, 0.031618986567316175, 0.031002053062183413, 0.052003233995346926, 0.021239158490043347, 0.041118902921818044, 0.024032643149691987, 0.009727444268042583, 0.016912391141541416
T:GCG, 0.03356906751759814, 0.00031275249985782523, 0.0817261869081932, 0.0699259662273308, 0.06368622351402248, 0.04560304129724305, 0.04828559736886943, 0.05022592850491487, 0.061142564292067395, 0.04793313142410462, 0.03931346836621669, 0.05182689990606992, 0.05153902755513654, 0.050394203714223915, 0.018607780496853184, 0.026083310162507322, 0.0305657714352246, 0.03688462176434593, 0.060703784216722366, 0.020639634414836478, 0.055725510953885046, 0.025923983442704128, 0.010251448225154893, 0.019130095791917483
T:GCT, 0.037171373579711606, 0.00036079023349700276, 0.08408512215578538, 0.0784229006484977, 0.07621684511641688, 0.055466078756078945, 0.05663244722368943, 0.05804346148085389, 0.05962719893681959, 0.049815226297772214, 0.038971290499374915, 0.054421099367815716, 0.053486720676684564, 0.051683280150722495, 0.020390800199558093, 0.024956010301044426, 0.030868600489659653, 0.026407738911298457, 0.04464190494940021, 0.02250363465170753, 0.030749829631031254, 0.021315813294651157, 0.009779336942079274, 0.013982495505849466
T:GTA, 0.04124798802270324, 0.0004949341171641131, 0.0811389329737835, 0.08661016148752904, 0.08084171573838615, 0.06559828601429042, 0.06134561827970506, 0.06454862058256622, 0.06082180688964745, 0.05216913752544446, 0.03854319797019105, 0.05302277842476058, 0.0507914486690995, 0.052688578902673984, 0.023747078119733422, 0.024534995863278296, 0.029609513321657555, 0.01930430043849678, 0.033902019790567985, 0.02394475670669252, 0.019728631812025405, 0.016789556714942745, 0.009109341743622655, 0.009466599891037783
T:GTC, 0.0380636188502285, 0.0003996784368894158, 0.08284552186836729, 0.07950664227963222, 0.07660015334294495, 0.0569737994208814, 0.05733665540091177, 0.059043902973626126, 0.06028491268479242, 0.050554023678386906, 0.03891514556615953, 0.05431579159440034, 0.053021932324883427, 0.05137392830178887, 0.020941879327170586, 0.02450911881963002, 0.030331588070196678, 0.02521909271414066, 0.042190326001692494, 0.022910854886215835, 0.030742566215442968, 0.020722210762988958, 0.009985771755756604, 0.013210884722872174
T:GTG, 0.03759170434566962, 0.0003894239617934929, 0.08223655226109763, 0.07869501548598921, 0.07574113522457425, 0.05601409665278625, 0.05625374852254916, 0.058175979723539724, 0.06079835031778028, 0.050616413472390626, 0.038981119303121106, 0.054684339688631865, 0.05221357676475372, 0.051494735443531135, 0.020822169897723394, 0.0246220483771253, 0.030457704209732973, 0.026273292504414264, 0.04364585703327036, 0.02293362486469657, 0.032164899984298355, 0.021189926582390637, 0.010164978230422657, 0.013839307147717392
T:GTT, 0.040366115466283506, 0.00046167760327849033, 0.08038924780787511, 0.0851200365962553, 0.08052574495190816, 0.06427073367984681, 0.06086250396623103, 0.06377594335724569, 0.06103197747433456, 0.052079285214798855, 0.03864776929883456, 0.05397721212630708, 0.05070858647264363, 0.052448731633350905, 0.023294098907496258, 0.0244367852218589, 0.029681284762172452, 0.02048469794740981, 0.035016758325302315, 0.024086319102004608, 0.0210603827087003, 0.01759077035884894, 0.009626494518561745, 0.010056842498450774
T:TCA, 0.03969418251841637, 0.00042503817586608784, 0.08169866879801199, 0.08336146570856029, 0.07938050823278374, 0.06236293032798311, 0.05992179068393183, 0.062331271121715374, 0.06072209935618214, 0.05156721991740412, 0.03863819927593059, 0.05404161213689649, 0.051642250174089514, 0.052335610467086235, 0.022477642215237948, 0.02430169844608812, 0.029567713490911106, 0.021762634439311125, 0.0369697214937936, 0.02367284664459949, 0.023988944532863873, 0.018436168892424658, 0.00971548799029026, 0.010984294959622054
T:TCC, 0.038309186813310046, 0.0003591382532424842, 0.08392072218466458, 0.07826166181414108, 0.07598000063556283, 0.055427332754908375, 0.056682747570687475, 0.058320301327753774, 0.0597995322201696, 0.04990565451210491, 0.03879490043762615, 0.054304213018162635, 0.053813307419717134, 0.051833334067762415, 0.020260046934166942, 0.024694326142700278, 0.030681363414997637, 0.025520868084865683, 0.044070181699895725, 0.02272095083309362, 0.0318512589213646, 0.02109665754505702, 0.009905323866978864, 0.013486989527066128
T:TCG, 0.03708704312312219, 0.000394936559138122, 0.08082265431747307, 0.07502107651267213, 0.06979329024483144, 0.05088438757128714, 0.051881979325042536, 0.05511418642190451, 0.060348865415143116, 0.04994911730193955, 0.03860543292955902, 0.05364771083416575, 0.05046729515358461, 0.05181038978746696, 0.019989705838010043, 0.02544626556748634, 0.030561760791886227, 0.0315355790261276, 0.05233386718161308, 0.021996511668577464, 0.04326768297291987, 0.02283048238242419, 0.010264592648055902, 0.015945186425569073
T:TCT, 0.03968740822135978, 0.0004094260550927618, 0.08247537447522733, 0.08314261313060953, 0.07957397880689797, 0.06197080459724821, 0.05998757432933734, 0.062198580216401164, 0.06046284188565528, 0.05123367139459256, 0.0385449818256607, 0.05393206804510846, 0.05251733404881937, 0.05253772247319494, 0.02218129032746053, 0.02437332187063333, 0.0298504300316553, 0.02139967583405788, 0.03731148817407012, 0.023520129679734953, 0.023757273938020313, 0.01838132819385138, 0.009609310662417535, 0.0109413717828932
T:TTA, 0.03995167223373604, 0.0004763803843815645, 0.07952645576284256, 0.0898372728439012, 0.08190077215121411, 0.07064200982639894, 0.06370565789315602, 0.06719968931549519, 0.06229881299396746, 0.05337137710783954, 0.03824680802511316, 0.05309621120846667, 0.049554257770513616, 0.05321593774914, 0.025285604592888946, 0.02428429966478461, 0.028509732883580694, 0.016907850954644036, 0.029763921958850467, 0.024731431794422176, 0.015279631554327846, 0.015058983022041686, 0.009155320958091337, 0.007999907350201955
T:TTC, 0.04040791614169756, 0.00045011926699597943, 0.08105547857530546, 0.08487107307041811, 0.08028585471655282, 0.06421023679413929, 0.061046430467528376, 0.06367598171039514, 0.06109520699266197, 0.0523192671671438, 0.038691523907423656, 0.054100244151026884, 0.05173728246639601, 0.052403351106563814, 0.02305478766952339, 0.024190482317387466, 0.029436034369172952, 0.020101227059409733, 0.03484969053015422, 0.024057709902947522, 0.020637760459152398, 0.017547948947968708, 0.009737696910800864, 0.01003669529923386
T:TTG, 0.041023409901662256, 0.0004365166368362532, 0.08081164951041865, 0.08438070164745871, 0.08037914414907392, 0.06369180942333542, 0.060694391008150474, 0.06304204278716233, 0.06063822149173, 0.05155703773979028, 0.038506028571796, 0.05406016885402238, 0.051150282200422316, 0.05259103765162181, 0.02273534240523673, 0.02444187007015551, 0.029669966930395024, 0.020865580257247506, 0.03563090886112055, 0.02382520006070639, 0.022072903250542807, 0.017909521488037126, 0.009591114714478191, 0.010295150388599137
T:TTT, 0.04003057510441181, 0.0004698927516454651, 0.07938424386504343, 0.08793613147862932, 0.08126987142820918, 0.0674129368483562, 0.06182604547939492, 0.06538026823972264, 0.06175675198166097, 0.05223193214575778, 0.03827362491104382, 0.053624371891196114, 0.049004725306871645, 0.05314875460630715, 0.024261990997665184, 0.02454272885603698, 0.029361791295832163, 0.01893705841804322, 0.03312883314680457, 0.02432464741103639, 0.019267640007099004, 0.016171216242503807, 0.009308623314276319, 0.008945344272451954
U:ACA, 0.040662189675948396, 0.0014580141277217853, 0.0840823959961588, 0.08791836628683125, 0.08325687518460605, 0.05849253772020707, 0.056286739331796835, 0.057456471726418774, 0.0647377507346458, 0.04731699871383038, 0.03256224391758707, 0.050694291428020836, 0.049166534684659896, 0.05251697692855204, 0.024081847407728955, 0.029690921186685003, 0.02738307851301983, 0.03006771413309514, 0.0313149243447777, 0.026028543144400333, 0.022297155242950614, 0.025141647594957715, 0.007300840828044795, 0.01008494114735444
U:ACC, 0.03816837986745858, 0.001214864928252881, 0.08733923137848423, 0.08480023752979345, 0.07757480427870957, 0.05217488060521333, 0.05399351953956305, 0.05371819394150546, 0.062301978457714145, 0.04351108994653336, 0.03436908647661027, 0.05009071958824837, 0.051441806529646195, 0.05260672270766925, 0.021508869097359003, 0.02955933330414986, 0.028112746382268357, 0.03561842080901652, 0.03831155057305508, 0.024152536231139332, 0.03155213605706691, 0.02728935829108962, 0.00754488039821848, 0.013044653081234845
U:ACG, 0.035207092958061924, 0.0011601280793823547, 0.08483608320737335, 0.08254316363229633, 0.06924967280084174, 0.050119581641962584, 0.05160014721806188, 0.052069603595738326, 0.06233346401195345, 0.04207117086837873, 0.035001482566323135, 0.05051250565710888, 0.05015568065989002, 0.052256723810016587, 0.022682587313969327, 0.028231128348313424, 0.027190009050353715, 0.041647840915131365, 0.04280411373747678, 0.025523869389769863, 0.039202126971547284, 0.028666814659754243, 0.009496746073997496, 0.0154382628322971
U:ACT, 0.04029567458527992, 0.0013736857137602093, 0.08555840336125405, 0.08771842942067498, 0.08311633546956552, 0.058578512724117474, 0.05676437776121559, 0.05780919821654517, 0.06432992548091183, 0.04708271547547548, 0.032545536541594054, 0.05001213148737541, 0.04939850270643377, 0.05308373029342077, 0.023611117935025926, 0.030175837485761164, 0.02767389760869893, 0.029764432666960623, 0.03192471645344137, 0.02546394032681571, 0.02210619824238975, 0.024791314821597826, 0.006885175574928143, 0.0099362096467562
U:ATA, 0.04440045295387407, 0.001658079965819877, 0.0821462237366158, 0.09017661933791614, 0.08942825388064023, 0.06702189951314198, 0.05865462319496727, 0.061379991891888, 0.06693190838180905, 0.05153546717263985, 0.030149916657840302, 0.049877461676164345, 0.04753459522246028, 0.05349663617581394, 0.026095195341606287, 0.030090680169710487, 0.026302929323071073, 0.023357596007295565, 0.024792710793365407, 0.02646333476009689, 0.013980977151820428, 0.021557456034849796, 0.006427540311049406, 0.006539450345543606
U:ATC, 0.04105764188374646, 0.001397445595051901, 0.0851263679569709, 0.08724311858345514, 0.08338165303245494, 0.05839976245875483, 0.05644802785973854, 0.05742074171223634, 0.06477685709503045, 0.047351975333524504, 0.03230624390432751, 0.05017931165763438, 0.0495689326737104, 0.053252110783849824, 0.023541125762263717, 0.02994754878461938, 0.027452490547192867, 0.030186073925010687, 0.03154531907354226, 0.025385806404412854, 0.022604869499675946, 0.024865588051487825, 0.006831593233451475, 0.009729394187856804
U:ATG, 0.04168370873493278, 0.0014661243545754622, 0.08398803318433462, 0.08805743718443132, 0.08482096711394473, 0.059543359962063724, 0.05671312930157814, 0.05801863045478146, 0.06493264170352026, 0.04810810223759133, 0.032084073714734714, 0.050512570651756815, 0.04932495257979007, 0.05268364291589414, 0.024158123869304986, 0.02975325947450079, 0.02713150745478282, 0.029352494577122853, 0.029895880840333573, 0.025911687977889564, 0.020545141737972138, 0.02498370805061166, 0.00695065582517966, 0.00938016609837254
U:ATT, 0.04270413167780965, 0.0015868253934014384, 0.08257110307253493, 0.08963388494015613, 0.0875870535528889, 0.06498496646731297, 0.05840892294367549, 0.060942783998774036, 0.06683464711113468, 0.05061307864958615, 0.030642147968330515, 0.05025650150514395, 0.047468417225983675, 0.05349128661390753, 0.025559920170366998, 0.03011504824676288, 0.026497932058520142, 0.025022649376960776, 0.026507054912239498, 0.026450642667775023, 0.01586706773084371, 0.022447248314772072, 0.00655204930707061, 0.007254636094048262
U:CCA, 0.037696300063509325, 0.0011631435272763649, 0.0876820875791557, 0.08448828026496637, 0.07716481056308955, 0.051159965046497745, 0.05360934301024121, 0.0528315443261685, 0.06194730318181606, 0.043064764492589856, 0.03479334176641418, 0.05031224607591789, 0.05199366253853738, 0.052570936511894324, 0.021072017967647256, 0.029518584001711867, 0.028278039680397368, 0.036312914130669637, 0.03911210799382286, 0.023885771573430085, 0.032274622993154506, 0.02794322757469721, 0.007608190477482964, 0.013516794658911674
U:CCC, 0.03568815882975782, 0.0009590153127746322, 0.08988585437066014, 0.08185979059840126, 0.07147683191104819, 0.04593479996575639, 0.05058355975904392, 0.04948653617106096, 0.05913343627524267, 0.03964054401247964, 0.03667477796376932, 0.04985139317000098, 0.054923216376879906, 0.052091122171388296, 0.0192919954955045, 0.028658521190222348, 0.028107830739862092, 0.04082286962568036, 0.045095208420704344, 0.022698026516333892, 0.04220323527445833, 0.03018134332021807, 0.00830831820138092, 0.016443614327370973
U:CCG, 0.031999871505068875, 0.0008759634787001647, 0.08922445555594577, 0.07832025167241671, 0.06007377638762746, 0.04371195734262314, 0.04833438379449256, 0.04741706829032933, 0.0582698766070839, 0.03767160802342796, 0.03792628598259144, 0.04888324809710697, 0.053358440558358575, 0.052294092780326484, 0.019299625511045, 0.027526745564360886, 0.026835033507739133, 0.04744461888742194, 0.052317174909933276, 0.02229824101389877, 0.056129308763074565, 0.03047138512854667, 0.009849070682993209, 0.019467515954887382
U:CCT, 0.03701893697220993, 0.0011242268042844505, 0.08878133094971424, 0.08428398413861084, 0.07662079488308779, 0.050516855521008555, 0.05331965169089278, 0.052976101709233114, 0.061647503099802006, 0.04259640821654863, 0.03487501799775856, 0.0500631642948435, 0.05272755583021589, 0.0526601772737243, 0.02073424637773446, 0.029387832756169248, 0.02848905854691377, 0.03642645552183603, 0.03972984890489617, 0.02382906647351351, 0.03283846941902155, 0.028043493228024262, 0.007490581546157207, 0.013819237843799449
U:CTA, 0.04210335802224865, 0.0014216022575841841, 0.08535463491524638, 0.08829567795132973, 0.08547839404700468, 0.060429804292561076, 0.057428281536285826, 0.058665668193174196, 0.0649686009054754, 0.04814376655812395, 0.03183663625537714, 0.04982764256685593, 0.049599739733807026, 0.05315537365994757, 0.023880924619271104, 0.03046076889857202, 0.027496022511013678, 0.027723127701539247, 0.029917454874861388, 0.025548320539399608, 0.01921845928208084, 0.023789612478449615, 0.006435290435633715, 0.008820837764157033
U:CTC, 0.03699308436304904, 0.0011017861612106093, 0.08862977622934194, 0.08420241800647664, 0.07642162296391197, 0.05092876471919814, 0.0533561446328485, 0.053327645815919436, 0.06202983516566509, 0.04280574818836566, 0.03456201873027075, 0.049819749765930836, 0.05201855311053714, 0.05310895642563892, 0.020839647637004483, 0.029368129583804328, 0.028348071828289627, 0.03644233791228213, 0.03960005603718862, 0.023823454764384935, 0.03341774230708518, 0.027801781886628872, 0.007487146773879466, 0.013565526991087713
U:CTG, 0.03624145476507876, 0.0011605489109024205, 0.08786627320145873, 0.08472804228096822, 0.0767012719310512, 0.05090586470366898, 0.05351004474406515, 0.05284256071039531, 0.061784784390559254, 0.04296426794882802, 0.035076129383256764, 0.050391894492278946, 0.05228824872744251, 0.052417825741485076, 0.02121756588688365, 0.029402257446412828, 0.028436631310655113, 0.036501548553668696, 0.03945322906038135, 0.024244570492956023, 0.03217466756221611, 0.02810428044372506, 0.007726444371495215, 0.013859592940166882
U:CTT, 0.04051404928626317, 0.0013804016606327322, 0.08560799085326891, 0.0878336017088144, 0.08410335024153114, 0.05859768590247229, 0.05675217463744311, 0.05812344360823106, 0.06459585948945226, 0.04724477232155929, 0.03252234154665714, 0.05022160083715359, 0.04994039705605661, 0.052864997109149874, 0.023572608127135547, 0.03017198560682906, 0.02779418971118412, 0.029409113965100108, 0.031281434116652546, 0.025578001919576883, 0.020524683853142524, 0.024949922759829803, 0.006860572792058708, 0.009554820889805336
U:GCA, 0.03772824221209127, 0.001243806523667149, 0.08635068314702715, 0.08567031313418606, 0.07840560071091145, 0.05319545663091661, 0.05421375159060651, 0.054131531777668274, 0.06262866178882248, 0.04446478893700383, 0.03418689502046024, 0.050640279775203, 0.05134240731064377, 0.0524788025523368, 0.02198409604375237, 0.0294172754385008, 0.027981839730760648, 0.035211180837949344, 0.037013844495024324, 0.024905271535817862, 0.028821154137027294, 0.027510238457343312, 0.007663663353470436, 0.01281021485880881
U:GCC, 0.03459472158892648, 0.000986418842976633, 0.0894463309131132, 0.08212221952827886, 0.07120282801261425, 0.046663379421427904, 0.05134480380277453, 0.0496595843581149, 0.05980056489019006, 0.040093187197000404, 0.03657284678196792, 0.05011665934752913, 0.05370310419144393, 0.05227459356083859, 0.019351433362356712, 0.029135973977842337, 0.028477834220473914, 0.04111023406551108, 0.04522558026883499, 0.022680847620852686, 0.04097110622632643, 0.029705904974057493, 0.008197367825934429, 0.01656247502061324
U:GCG, 0.03207155946815703, 0.0008614789535757967, 0.08823870766203849, 0.07841344340525909, 0.059995103522412246, 0.04427836260332208, 0.04947453585269574, 0.04853438025992321, 0.0588341876050016, 0.03828780801707416, 0.0371920385462189, 0.04877405687693222, 0.05210815487297669, 0.05214245436673558, 0.019540860203575965, 0.0278132354982294, 0.02704966410521574, 0.04649480347803475, 0.051886261125923074, 0.0227221817654373, 0.056542489163901435, 0.02982490980965619, 0.00985767659457539, 0.01906164624312796
U:GCT, 0.036939328220178154, 0.0011543691906744547, 0.08759749296615957, 0.08482886323993531, 0.07747200841122824, 0.051906739808732026, 0.05394477426237925, 0.05344885552989965, 0.06210198418340976, 0.0434658823943357, 0.0347038307238734, 0.05030057535878638, 0.052109580995340084, 0.05254036731512591, 0.02133340411061519, 0.029633176295561354, 0.028371424750136258, 0.03596854779635383, 0.038810370489094144, 0.024351835741505897, 0.030445195966508652, 0.027743975790476216, 0.007531383645396903, 0.01329603281429352
U:GTA, 0.042179389503577705, 0.0015047244806460779, 0.08444640244129513, 0.0885331988737488, 0.08513658200876216, 0.0612505975671221, 0.05775397841506976, 0.059181781324930974, 0.0652364978472356, 0.04840689322673028, 0.03170456801734804, 0.04990591043423654, 0.04849601878347841, 0.053181697653862874, 0.024554918952385704, 0.030390101702760224, 0.02735928462597215, 0.027622363365936563, 0.029533591871724392, 0.025754310929354405, 0.019162461584690368, 0.023373956867656774, 0.006617118190458338, 0.00871365133101661
U:GTC, 0.03815175020970552, 0.0012511674928052073, 0.08668356474225247, 0.08534996846845457, 0.0786267628444731, 0.05311311256954479, 0.05421085642091913, 0.05431811771182842, 0.06269672254009302, 0.044354666445481465, 0.03411012959482875, 0.05018656367544953, 0.051434625315397574, 0.05229273804372184, 0.02211999925755878, 0.02932509955276683, 0.027911512707576074, 0.03465624415051484, 0.03672206205438262, 0.02482303465589821, 0.030164327970461622, 0.02722597204183356, 0.00766744133573505, 0.012603560198317116
U:GTG, 0.03743426784158067, 0.0012291376189415672, 0.08631270417197152, 0.0850739793268079, 0.07693757900023908, 0.05244738762359627, 0.05360228280286796, 0.053675621727589266, 0.06267340308200992, 0.04373128519250103, 0.034324613931627654, 0.050595577959029504, 0.05090987845165366, 0.052387240121338746, 0.022083293987243246, 0.029130428567875673, 0.02781942746151362, 0.03609442809369148, 0.03798619186757501, 0.024815878679289465, 0.03149697722488512, 0.027746120543504994, 0.008064452605107677, 0.013427842117559048
U:GTT, 0.04107164342541072, 0.0014506473134251589, 0.08418525993505063, 0.08835528650014042, 0.08408676861038762, 0.059632457073917206, 0.0571273487537109, 0.0585040351113752, 0.06497738633721155, 0.047851062459723696, 0.032264401589300704, 0.0504589544098144, 0.048655005642512045, 0.05294381687265242, 0.024225612152452256, 0.03014211167677227, 0.0274784488951003, 0.028954413806644368, 0.030651783156024986, 0.026056897673256512, 0.02036044230612482, 0.02441761591417574, 0.006930928948701143, 0.009217671436114945
U:TCA, 0.04027792636809021, 0.0013930996518888433, 0.0851226658983754, 0.08723113089587639, 0.08289106712865303, 0.0578721236314264, 0.056146002914631975, 0.057234496583546374, 0.06446649994356068, 0.047002368766899415, 0.03258362459322555, 0.05028854041294622, 0.049630018794510525, 0.05287576283290106, 0.02346530972971015, 0.02979505756215874, 0.027490671549115955, 0.03076351902647607, 0.0321521057316959, 0.025486938438541662, 0.02323485170145556, 0.025367903205028287, 0.007014417431414773, 0.01021389720787096
U:TCC, 0.03790999398732887, 0.0011639743689305165, 0.08810434033415841, 0.0846879902210856, 0.07759417913886632, 0.051784989179123, 0.05375108287992672, 0.0538146420841751, 0.06232825443215188, 0.043500653217311676, 0.034397076474880196, 0.05005333080959815, 0.05215783092726823, 0.05283316944452572, 0.021388960722748762, 0.0292388513634101, 0.028193336437284392, 0.035328877075217736, 0.03814949720916544, 0.024276024296275484, 0.03125507576828434, 0.027635110842232014, 0.0074947493955130375, 0.012958009390538577
U:TCG, 0.03614111623941925, 0.0010863081857336854, 0.0868418201142984, 0.08161354536834332, 0.06798365704322036, 0.04852270962876213, 0.051742328629455624, 0.051700067500192334, 0.061617573011482005, 0.0412466314546976, 0.03529967825873895, 0.049876263174269825, 0.05027764016610324, 0.05314312885282367, 0.02085779555175931, 0.02848126427218208, 0.02751041365944546, 0.04153074664997711, 0.04505444879042552, 0.023851421755011853, 0.04304380340725753, 0.02826498468875987, 0.008596550758048264, 0.015716102839592665
U:TCT, 0.04001231721857619, 0.0013428312480006032, 0.08607311365474345, 0.08730343750599832, 0.0831236667402508, 0.05743947237400787, 0.05607662646415292, 0.057222065834652, 0.0644075750014081, 0.04667210420971349, 0.03275303777867909, 0.050074744517386784, 0.05026441521612408, 0.05302274524459311, 0.02316680997463052, 0.029975999306382187, 0.027799186217020995, 0.030304614912323703, 0.03235921893965385, 0.02525737452330983, 0.023075352747343153, 0.02522949504777758, 0.006949508043744071, 0.010094287279527013
U:TTA, 0.04197898190694007, 0.001560690328110969, 0.08265031759446326, 0.09002200676413308, 0.08778916545073416, 0.06574642728788678, 0.05888272442547955, 0.06162128111278975, 0.06674035476709518, 0.050698025959472294, 0.03062073087134815, 0.050112887831515844, 0.047326743158545355, 0.05354845808475301, 0.025891001855999567, 0.030371237972532713, 0.02657607311257478, 0.024492938818281372, 0.026206762520422335, 0.02664116529581012, 0.014749717267896692, 0.0221331467483236, 0.006545521389412021, 0.007093639475479621
U:TTC, 0.041006165858435806, 0.0014403122153085523, 0.08491334135877494, 0.08818135256190414, 0.08456325255484289, 0.059496128439337395, 0.056827702468567935, 0.05857312613490483, 0.06515814627235879, 0.04790055231268909, 0.032247038814145465, 0.05034849553144409, 0.04948490981544338, 0.05286751543385014, 0.0240838009445168, 0.0298947442450727, 0.027461694597421628, 0.028673228247401015, 0.030343556619831232, 0.02592741213613036, 0.019912828162646917, 0.024652927423275236, 0.006905738397368273, 0.009136029454328311
U:TTG, 0.04165188349113763, 0.0014410541495463206, 0.08456367338801811, 0.0877894890570235, 0.08404313498769585, 0.058833982176400915, 0.05675589803054343, 0.057735625563990936, 0.06483190234129124, 0.04757547368037888, 0.03227614832657876, 0.05043801996760477, 0.04909982294192327, 0.052979407283613736, 0.02355821172814571, 0.03014445289325111, 0.027562749131608905, 0.029578774241264025, 0.03119916570791403, 0.025541021615858327, 0.021392150426838355, 0.02471863491115013, 0.006817303124437214, 0.00947202083378462
U:TTT, 0.04121397995803654, 0.0015114023078656178, 0.0832072836329602, 0.08920329210106205, 0.08528584604051134, 0.06264418697797781, 0.05802746645276119, 0.0600220716473005, 0.06620686435080429, 0.04931078932627158, 0.031403805974446, 0.050425633660750896, 0.04700993537898871, 0.05346253999113467, 0.024917467284886755, 0.030416429799546892, 0.027151951903710652, 0.02677604564585234, 0.02910018134089557, 0.026105049022926565, 0.018642372605750142, 0.023032074776681507, 0.0067109072805942565, 0.008212422538283859
B:ACA, 0.046021085677226445, 0.001119673294645265, 0.059457440544462975, 0.06056407915201237, 0.11501075701225433, 0.05016181259839275, 0.03479025201733765, 0.0600571485425589, 0.05268846645437381, 0.04176493653099441, 0.021804550071346133, 0.04598420772950481, 0.04790277700175495, 0.06675179310533087, 0.004438590434866031, 0.042374611719178994, 0.039173051520550194, 0.04196582212728741, 0.04591644849948881, 0.015711245838011142, 0.044397903384273456, 0.020908522385701015, 0.028420043750597153, 0.01261478060784997
B:ACC, 0.04302932845378154, 0.0010101389810530477, 0.061814157415995996, 0.0575504243622035, 0.10568554384751581, 0.042228353919876845, 0.034756641473416165, 0.05735019089700741, 0.04854938744586069, 0.038288860013368065, 0.022518464667795474, 0.04391647802300647, 0.05082256918057367, 0.06516095301644287, 0.003904965230892297, 0.044663713157143486, 0.035898522635061526, 0.04907439434789773, 0.05673705321550867, 0.015357545930731532, 0.05510925561610367, 0.023768549619009552, 0.026550850727843505, 0.016253657821910666
B:ACG, 0.034589534625627465, 0.001247681516657265, 0.0588401695959122, 0.05796920026594968, 0.09456789527563153, 0.03719409783327058, 0.03490355151071499, 0.05628953608694868, 0.05143303138953965, 0.039505536125034775, 0.020993409004943044, 0.04103341065489666, 0.0473725838958111, 0.06117010425974856, 0.004800608860534298, 0.04471480698432395, 0.0334958630185212, 0.05762149551700686, 0.06522265270572784, 0.01912169812274187, 0.062260689991252234, 0.02688165782416012, 0.0284856942140011, 0.020285090721044355
B:ACT, 0.046603457972179956, 0.0009882753181734611, 0.060903214815325804, 0.06167805406389418, 0.11540424176414046, 0.04942988619921174, 0.03497566303345668, 0.060210722521838116, 0.05223085573038928, 0.03982715771150554, 0.022476605098728234, 0.04479548416583215, 0.047686194060147895, 0.0671226856910965, 0.004600888715810035, 0.043487320972427246, 0.03954377146103251, 0.04164397511124233, 0.04699610874244744, 0.015433815998275334, 0.0439732347232531, 0.02070189494291515, 0.027368792160500484, 0.011917699026176311
B:ATA, 0.05118526763777838, 0.0011580987593946366, 0.05868164637780862, 0.06634140074720207, 0.12370929348665023, 0.05979891301603564, 0.032747193055207256, 0.06307043979069009, 0.058043064860620046, 0.042340506209389506, 0.022390146693797255, 0.04707853472938883, 0.04597098557663852, 0.07020192873594755, 0.005549909606448805, 0.04071638979292186, 0.044059485743665465, 0.03385157093213818, 0.034590051661026515, 0.014301982847308757, 0.03447734258860067, 0.015375368153325986, 0.02731157745879768, 0.0070489015392175974
B:ATC, 0.04730641732414657, 0.0010790328459262459, 0.05982800506156963, 0.06089862654321547, 0.11431350525815795, 0.04949596179000061, 0.03574111759080506, 0.05960098846549891, 0.05212908732410381, 0.03959965205442833, 0.021923089895084277, 0.04658813793399286, 0.050922866174319285, 0.06716355284284405, 0.004555629993971499, 0.04251405138216497, 0.03940889959666872, 0.040365590259367305, 0.04615957307395165, 0.015511213380334104, 0.0456947220439327, 0.020424657285370972, 0.026780378937667708, 0.011995242942477283
B:ATG, 0.048527858490373076, 0.0011047390115809066, 0.059096035768994706, 0.06079543872342983, 0.11669189431206856, 0.0515375573657302, 0.0360726888513314, 0.05978605918432449, 0.05236658015987721, 0.041061796209974154, 0.022502993401097283, 0.04749920192036501, 0.04879233394494854, 0.06778266279930477, 0.004592876829658824, 0.041433602324405225, 0.03916657340156531, 0.03956518078141858, 0.04369850446376953, 0.015319802501090206, 0.04321416543954355, 0.02015765922764903, 0.02745320173770912, 0.011780593149790335
B:ATT, 0.049718998281727864, 0.0011288406394364704, 0.058673328058710866, 0.06497193651757076, 0.12113793949906503, 0.05802952683582718, 0.03434229379754026, 0.06286128833410781, 0.05653998710791036, 0.04109081831521973, 0.021868333770469525, 0.04685649508830294, 0.04569781042928541, 0.07005565500369093, 0.005407606502559488, 0.04115311986207084, 0.04316608561299844, 0.034791666171754346, 0.03787769642221775, 0.014803823919776386, 0.037211195029877464, 0.017048741099106764, 0.028136465715834787, 0.00743034798493879
B:CCA, 0.04314589126670829, 0.0009930084183110116, 0.06242401691652425, 0.05666708724102319, 0.10429843763691805, 0.04071720851911346, 0.03521615850816904, 0.05650636527231126, 0.04862976265476815, 0.038331213581398696, 0.02273174215288274, 0.04434565556112704, 0.051626333880550664, 0.06411125591979933, 0.003641293205664555, 0.04449240175616969, 0.03560185145434288, 0.049799377258549944, 0.056885972893720646, 0.015757199844266954, 0.05522824209145317, 0.024531129250427042, 0.027018655109673686, 0.01729973960612626
B:CCC, 0.04086119778658018, 0.0009694354436587173, 0.06454930789094489, 0.05492265681229801, 0.09359016108781389, 0.0340450279081534, 0.03530463159957539, 0.053119788498398886, 0.04661285383859496, 0.03765033306306767, 0.022373858324419994, 0.045268373543661936, 0.053968597566689355, 0.06223274839191997, 0.0031154117824982335, 0.045375613717762546, 0.031195053172120277, 0.05538232127638418, 0.06709610226493809, 0.01480717872887243, 0.06449886077068603, 0.026370450350833876, 0.02518659130699212, 0.021503444873135075
B:CCG, 0.03336141458736097, 0.0011783555551117145, 0.061343553008815006, 0.05785852338292677, 0.08314431755685876, 0.03083808975663492, 0.0330761242806319, 0.04897546185141095, 0.0480394023939076, 0.038624871905220695, 0.0213849064933966, 0.038113388003166125, 0.05751936694655049, 0.05867607959660519, 0.003938160217628912, 0.04579692551496195, 0.028927418770290474, 0.0633583994754936, 0.0800623964517214, 0.01818534770964798, 0.0737925790447229, 0.02849945660925062, 0.02402592370273741, 0.02127953718494722
B:CCT, 0.04326451779503729, 0.0009718747555297476, 0.06312152016732146, 0.05576367392837323, 0.10359607650629325, 0.03966580137599753, 0.035917595090456216, 0.056381385215295586, 0.04807979222341006, 0.037497331316000346, 0.02253940522708177, 0.044888719081977314, 0.051387291163703504, 0.06423979771804808, 0.003580995215095633, 0.04524192056740088, 0.034699285695285915, 0.04954823915243787, 0.058566370458837405, 0.015571471392670847, 0.056228176902130896, 0.02471879425285984, 0.026422842950507106, 0.018107121848248427
