,X,Y,1,2,3,4,5,6,7,8,9,10,11,12,13,14,15,16,17,18,19,20,21,22
AACAA, 0.038144313450217765, 0.004004275481390489, 0.09559210631271636, 0.08957771644624539, 0.062249732782413095, 0.05115422044254423, 0.053132428250083755, 0.053818419667214394, 0.0516487723944291, 0.03644528819616164, 0.038710655201569806, 0.04394333391828725, 0.0504682290254136, 0.058500709921350286, 0.024767480816170254, 0.03361357943940143, 0.03749820525501332, 0.03348595312923759, 0.04637621045578546, 0.020595695802689724, 0.033454046551696634, 0.018577604773224003, 0.010369637700812022, 0.01387138458593239
AACAC, 0.03626924912411393, 0.0031776331870613296, 0.09896057639705283, 0.08252534540756347, 0.05840792429550825, 0.04506884871905299, 0.04831631999813765, 0.05198281982936226, 0.05205265792138559, 0.03473281109960076, 0.04031985846146683, 0.042077450444053865, 0.055078975242396376, 0.05300711184570438, 0.02004353241069454, 0.03160173664055498, 0.036350726898141145, 0.04058757114755625, 0.05150559286720287, 0.018192822972076403, 0.049375531060491425, 0.021649808527231036, 0.010429155075483337, 0.018285940428107505
AACAG, 0.03836301300952691, 0.003242707777081254, 0.10282247142315401, 0.08141595659879423, 0.060349964786824854, 0.04351729315161787, 0.04859418169998374, 0.05127967000224436, 0.05066053725244364, 0.03348734260484626, 0.03872675350003483, 0.04130389357108031, 0.05377167932019225, 0.056224992841277584, 0.021646428764907556, 0.033255167823670995, 0.03790640260654888, 0.03942327784356063, 0.05312158993290149, 0.018024502178573362, 0.043586945585970455, 0.021182079202557016, 0.01047882179037713, 0.017614326731830388
AACAT, 0.03796534521075977, 0.004214273199251206, 0.09930745751145782, 0.08956944329174389, 0.06281756900065474, 0.04913270810855672, 0.051742422146605065, 0.05328243007718483, 0.049898101271659244, 0.03647144530205365, 0.03888750564823268, 0.04274213627686945, 0.05200984867347221, 0.056408553960217996, 0.0241974898792892, 0.033575861528388706, 0.03678497985079444, 0.03181453509281545, 0.04573915769865641, 0.01950369325255208, 0.04061194566630703, 0.019199380308186017, 0.01021753764719986, 0.013906179397091507
AACCA, 0.04027359554631153, 0.0037148563209470297, 0.10154285536895044, 0.08099214602800112, 0.05969639586502344, 0.04379184387255663, 0.046823746106644304, 0.051573381347075196, 0.04834487111828558, 0.03350614141288714, 0.039538902513478, 0.040832376162832806, 0.05578493154937448, 0.054315545483707414, 0.020643839443702853, 0.034209791078136154, 0.035813698403336126, 0.039321598940386386, 0.053084158569521624, 0.01687724417678163, 0.049151998675482984, 0.021885574147083475, 0.010130485621746914, 0.01815002224774677
AACCC, 0.036172661870503595, 0.0020575539568345323, 0.0998705035971223, 0.0681726618705036, 0.054071942446043166, 0.03348201438848921, 0.04090647482014388, 0.04618705035971224, 0.0482589928057554, 0.02843165467625899, 0.041424460431654674, 0.03689208633093525, 0.060489208633093525, 0.051899280575539566, 0.016330935251798562, 0.031151079136690647, 0.03533812949640288, 0.049165467625899274, 0.06333812949640288, 0.013870503597122304, 0.08670503597122302, 0.023568345323741007, 0.009640287769784173, 0.022575539568345324
AACCG, 0.04142577881296011, 0.0027866738759722166, 0.0939982531298091, 0.07049868984735681, 0.05203177640061556, 0.03377282369088716, 0.04317264900386807, 0.04882918105061764, 0.05024331406230503, 0.03298257289023832, 0.038722289231793036, 0.04001164580127272, 0.05569188537204176, 0.05053445909412303, 0.018217360562325834, 0.030071122572058396, 0.03410556087010772, 0.052406105727238694, 0.06342802478891985, 0.016096161044794742, 0.07174645426943393, 0.023998669051283117, 0.011146695503888866, 0.02408185334608826
AACCT, 0.03699737343448804, 0.0024574733116143796, 0.0997305797607909, 0.07879696535864456, 0.05941899919963025, 0.041777046297444456, 0.04436979336933118, 0.0509643891826083, 0.04839418773743363, 0.03337880034720265, 0.04015376117417624, 0.04048067276150109, 0.05497751073735472, 0.05380513814832768, 0.019084873011757545, 0.03138351238318547, 0.03550936207149218, 0.04216032195154945, 0.057243346221916604, 0.016311760926174344, 0.06246265880575815, 0.02069688532166973, 0.009626982606048991, 0.019817605879899447
AACGA, 0.0432792182811418, 0.00311610371624221, 0.09648380395475879, 0.07759482957605601, 0.05339693775486651, 0.04354851119489113, 0.050934831114872674, 0.05212741401861967, 0.047434023236131426, 0.03516196045241209, 0.03962452873740094, 0.040509348311148725, 0.05112718319612218, 0.050357774871124104, 0.02092790643994768, 0.03354620296991614, 0.03473878587366315, 0.04285604370239286, 0.054243286912364394, 0.016657690236208354, 0.056397630222359, 0.023774717242440565, 0.012195121951219513, 0.019966146033700085
AACGC, 0.03588748787584869, 0.0018957763865620316, 0.08883696323075567, 0.06930605766687241, 0.050480557270082, 0.03615201481350851, 0.048628868706463275, 0.048320253945860155, 0.05396349528260295, 0.033815360197513446, 0.04064897275372542, 0.039855391940745964, 0.05369896834494313, 0.04937836169649943, 0.01798783176086765, 0.03284542809276078, 0.03288951591570408, 0.05145048937483467, 0.059694912265232346, 0.017326514416718106, 0.07433206948240896, 0.02565911295300238, 0.011859624371748523, 0.02508597125473944
AACGG, 0.03689138576779026, 0.003146067415730337, 0.09355805243445695, 0.06644194756554307, 0.04868913857677903, 0.03850187265917603, 0.04595505617977528, 0.04823970037453183, 0.05194756554307116, 0.03325842696629214, 0.04198501872659176, 0.038352059925093634, 0.05393258426966292, 0.050337078651685394, 0.019176029962546817, 0.032846441947565544, 0.03382022471910112, 0.05202247191011236, 0.06325842696629214, 0.015205992509363294, 0.07202247191011237, 0.026179775280898876, 0.011123595505617978, 0.023108614232209737
AACGT, 0.03956726809912405, 0.004117691098300517, 0.09407052481844726, 0.07980834019615184, 0.05431608894212773, 0.041626113648274315, 0.0494497267350453, 0.048102118739237844, 0.0510593696189264, 0.033989668338698806, 0.037283821217339225, 0.04331062364303361, 0.05090963539717002, 0.05180804072770832, 0.021973497042749122, 0.030920116792692964, 0.03526240922362806, 0.04353522497566819, 0.05510219360634874, 0.018454742831474132, 0.057310773377255375, 0.02358313992663023, 0.012540241072097029, 0.02189862993187093
AACTA, 0.038536613648222945, 0.00469628742052065, 0.09788763697504976, 0.09379046441064492, 0.061979398179463886, 0.05349515876543687, 0.055118566762653885, 0.05494463019152349, 0.04939798620103202, 0.0352124925110643, 0.036623311365788606, 0.04365807935372901, 0.04908876563013354, 0.05898382389888487, 0.02626442224068956, 0.03687455307964362, 0.03660398508010746, 0.029259996521268577, 0.04667297991998918, 0.02023462110816922, 0.03167578223141295, 0.017007131399416345, 0.009817753126026708, 0.012175559979127611
AACTC, 0.03980857598628604, 0.0031427823147067925, 0.1033903954667746, 0.0756886740791886, 0.0578557653389205, 0.04226089855003452, 0.04717744815599629, 0.053141591866860315, 0.04930834980119521, 0.03186828885026547, 0.03808242660889027, 0.04029665960334278, 0.0540106187947906, 0.054117759100973786, 0.018880502845170354, 0.03291588295516774, 0.03730863550867836, 0.04135615818670984, 0.05467726958881931, 0.016749601199971428, 0.05779624294659651, 0.021392347801242828, 0.010237851479726673, 0.018535272969691197
AACTG, 0.03833510853197194, 0.003562640026444338, 0.10293091416608513, 0.08105924266353252, 0.060353693025305764, 0.04391780218165791, 0.049454585521724756, 0.05276930987622581, 0.05198883461270063, 0.03371653138428766, 0.039510412458221615, 0.04134682484298674, 0.05343041833474125, 0.058655011569398036, 0.020944283248246227, 0.03335843096925846, 0.03781173100231388, 0.03672824769530246, 0.05246630183273956, 0.017299004664487458, 0.0440922613582106, 0.019622066331215337, 0.010017629558893746, 0.016628714144048186
AACTT, 0.038101705145616414, 0.0046118153010411955, 0.09846084200995926, 0.08680398370303305, 0.06268862230270109, 0.050060359136864345, 0.05308774709521654, 0.05487965897087672, 0.050050928021729287, 0.03622491323374076, 0.03892221216236608, 0.04264750264071224, 0.04998491021578391, 0.05666213973140185, 0.025360268598159045, 0.03441413912781047, 0.03597970424022936, 0.03234872491323374, 0.04705183340878225, 0.019446959408480458, 0.037969669533725665, 0.018918816960917458, 0.010770333484231176, 0.014552210653387656
AATAA, 0.03707498835584536, 0.0046068509971630605, 0.09660837532286065, 0.10029216242537155, 0.06418258034466698, 0.05820383621967227, 0.05784816022356777, 0.05619680738451116, 0.051022568488800435, 0.03956472032857687, 0.036964898166574923, 0.04491679722233984, 0.04726256510141, 0.05899140449676081, 0.028216962357623745, 0.03509336494897743, 0.03603336579582504, 0.025972816191726297, 0.03842147605538383, 0.021806325951645, 0.025972816191726297, 0.01516704069102765, 0.00984036922555786, 0.009738747512385145
AATAC, 0.03924639822681936, 0.0050978943479867015, 0.09418544514222386, 0.09421499815293682, 0.06297746582933136, 0.056091614333210194, 0.0539785740672331, 0.056091614333210194, 0.05171776874769117, 0.03840413742149981, 0.03736978204654599, 0.04350203176948652, 0.047669006280014775, 0.058455855190247506, 0.02587366087920207, 0.035271518285925375, 0.03744366457332841, 0.029420022164758034, 0.04363502031769487, 0.020539342445511637, 0.03181381603250831, 0.01671222755818249, 0.009427410417436277, 0.010860731437015146
AATAG, 0.04124202467035304, 0.004814972352190557, 0.09854529987239473, 0.09260740110591238, 0.06572522330923011, 0.052760527435133986, 0.05568694172692471, 0.056061250531688644, 0.048370905997447894, 0.03908124202467035, 0.03586558911101659, 0.04324968098681412, 0.05131433432581879, 0.059566142067205445, 0.02643981284559762, 0.035236069757549976, 0.03600170140365802, 0.02730752871118673, 0.04323266695023394, 0.02060399829859634, 0.028379413015737983, 0.016860910250957043, 0.009646958740961293, 0.011399404508719693
AATAT, 0.0374128328731221, 0.004717555108344644, 0.09556793185753733, 0.10235409743997753, 0.06540927598633407, 0.05957785369963027, 0.056236252164552816, 0.056751064725979315, 0.05175270276594749, 0.040192820704825195, 0.0351850985164038, 0.04553751111527121, 0.047456357935133614, 0.05951233210090326, 0.02937239668647915, 0.03525998034352038, 0.035812233818505165, 0.025197734824729725, 0.03906959329807647, 0.02162212757991295, 0.02373753919595638, 0.015069967707212056, 0.008705012402302616, 0.008489727149342445
AATCA, 0.042022971389780034, 0.004007401648947236, 0.09842222246553745, 0.08959717948998697, 0.06311110137850237, 0.05198672958798217, 0.05429700758778509, 0.05542477362560357, 0.050782319256331365, 0.036121360764691066, 0.03872726675499009, 0.04328212764559679, 0.0506509290383331, 0.05743942363491038, 0.02516122674666871, 0.03288040205406707, 0.036187055873690206, 0.030460632205932273, 0.04401572302942046, 0.019511447372743098, 0.03388772705872048, 0.018635512586087966, 0.010193691079699117, 0.01319376772399295
AATCC, 0.03937789993604833, 0.0041500551072891296, 0.10045854707251031, 0.07954499067938443, 0.06091736627978175, 0.04575946008463391, 0.0509028070700611, 0.053841862490305196, 0.04924278502714544, 0.033295688024709835, 0.03818050698705999, 0.04273876423604969, 0.05386907596641857, 0.05463105329759297, 0.02177078089069707, 0.031989441171268014, 0.036411631039690855, 0.03680622644333474, 0.05233151456601309, 0.01715809668948063, 0.05084838011783435, 0.020260432966404965, 0.009375042521056427, 0.016137591335229205
AATCG, 0.04281866652009014, 0.004012532292640026, 0.09481668773704173, 0.08145990216017149, 0.05628538448853955, 0.04287363271587973, 0.04886494805694498, 0.049909305776947174, 0.05001923816852635, 0.037431979332710384, 0.0368273511790249, 0.04589677348430715, 0.04787555653273237, 0.05628538448853954, 0.021601714945308634, 0.030945968229538833, 0.036442587808497774, 0.040729951080085744, 0.05337217611169131, 0.01846864178530204, 0.05062386632221183, 0.02286593744846919, 0.01099323915791788, 0.01857857417688122
AATCT, 0.04013885875461055, 0.0031243219787372534, 0.10047732696897374, 0.08947711000216967, 0.061152093729659365, 0.04898025602082881, 0.05221306140160555, 0.05593404209155999, 0.04929485788674333, 0.03718811021913647, 0.03897808635278802, 0.04339336081579519, 0.052321544803645044, 0.056986331091343025, 0.023822955087871557, 0.034172271642438704, 0.03774137556953786, 0.0301909307875895, 0.04674549793881536, 0.01888696029507485, 0.03664569320893904, 0.01783467129529182, 0.010512041657626384, 0.01378824039921892
AATGA, 0.03969851293542473, 0.004261560399266653, 0.0975677327357914, 0.08598899979629253, 0.06298635159910368, 0.049329802403748214, 0.054683234874719905, 0.05399877775514361, 0.049729069056834385, 0.03492360969647586, 0.03964962314116928, 0.042534121002240785, 0.0521246689753514, 0.057070686494194334, 0.024444897127724588, 0.033766551232430234, 0.03604807496435119, 0.033685068242004484, 0.04727643104501936, 0.019767773477286615, 0.03836219189244245, 0.019449989814626197, 0.009289060908535342, 0.013363210429822775
AATGC, 0.04006953279504201, 0.003753763210601232, 0.09572096187033141, 0.08524065653066623, 0.062025268620806935, 0.047262146195220886, 0.04945394082154509, 0.054102057011853326, 0.04886190434202073, 0.03659289304294154, 0.03950268935719954, 0.043344628213687376, 0.05358559965737463, 0.05633164120070037, 0.022913071409676647, 0.03301548112411352, 0.03558517137566604, 0.03432551929157167, 0.048824114779497906, 0.01897036038646126, 0.04418859511003061, 0.020343381158124126, 0.010115006235277816, 0.015871616259589102
AATGG, 0.03951123795932929, 0.003577516153327784, 0.10250921631585207, 0.0832243231458358, 0.0612835454076981, 0.04608157926031633, 0.04962936536250842, 0.05269156062948428, 0.047389701510286604, 0.03342648749355849, 0.039085107226384426, 0.0417112617433702, 0.056447457089626195, 0.057408728743013435, 0.021247076544971658, 0.03280215641970904, 0.03744995441392159, 0.036617512982122326, 0.05123478812383557, 0.01752091013596543, 0.04327704443651643, 0.020454275181353312, 0.009424426210013081, 0.015994767511000117
AATGT, 0.03630341782050692, 0.004011224067344404, 0.09402456414738489, 0.08829292975757855, 0.06116196697180184, 0.05028750172501035, 0.05181471088826533, 0.052679516077096464, 0.05070150420902524, 0.036570219421316524, 0.03696582179493077, 0.043681862091172544, 0.048889093334560006, 0.05687474124844749, 0.024232945397672387, 0.031638989833939, 0.03496020976125857, 0.03139058834353006, 0.04373706242237453, 0.019476516859101154, 0.06334238005428032, 0.017406504439026638, 0.00941165646993882, 0.012144072864437187
AATTA, 0.037074057246706045, 0.005815538391640163, 0.09562698773284871, 0.10149931849159473, 0.06393684688777829, 0.060324852339845525, 0.05850749659245797, 0.058518855065879144, 0.051169922762380735, 0.041992276238073604, 0.03558609722853249, 0.04474102680599727, 0.045411176737846434, 0.05922308041799181, 0.028214447978191733, 0.03490458882326215, 0.033564288959563836, 0.02302362562471604, 0.038845979100408906, 0.0223875511131304, 0.025227169468423443, 0.015004543389368468, 0.01050658791458428, 0.008893684688777829
AATTC, 0.03848376533036536, 0.0032212495451724066, 0.09846749855525352, 0.08960638684959654, 0.0599730313991567, 0.051101217867768244, 0.05453650392757004, 0.05574581023522613, 0.05240684060700756, 0.03543374499689647, 0.03792727039232893, 0.04290361935746238, 0.04862909612379872, 0.057468804177992765, 0.025170694120416944, 0.03427794781789774, 0.03367864557693542, 0.028028081590719376, 0.0429678303118512, 0.019830483080413516, 0.05167911645726761, 0.017486783245221633, 0.009214271954795489, 0.011761306478885299
AATTG, 0.039807622199164304, 0.0045430326144872265, 0.1022602989427634, 0.09289379960178357, 0.06225637286519532, 0.05317030763622087, 0.054684651841049946, 0.056984211559494104, 0.04976303317535545, 0.038727950867943575, 0.03628817409349673, 0.04398609046804453, 0.04941249053534872, 0.06068594183796517, 0.02645895846770801, 0.03330155080063939, 0.03567121904708489, 0.028015367789337896, 0.04127990128719258, 0.021747665386017554, 0.03030090580218178, 0.016082896323508792, 0.00964693345298522, 0.012030623405030989
AATTT, 0.036910348053618675, 0.004370769927933459, 0.09456358081538979, 0.10109049978803959, 0.06276220965077695, 0.058172170328465556, 0.05871303483459779, 0.05679808212369718, 0.051528307678814195, 0.039424637109152304, 0.03695420193249426, 0.04525720299960532, 0.045322983817918695, 0.05941469689660717, 0.028307678814191117, 0.03514157493897002, 0.03522928269672119, 0.026283091406101536, 0.03829905421801225, 0.022380096186174335, 0.027452528176117177, 0.015692379657647387, 0.01040067827332661, 0.009530909675627476
ACCAA, 0.04042408019734425, 0.0029706607883272975, 0.1005615913504435, 0.08096362777515352, 0.06068335695166115, 0.04453891775573401, 0.046386395843174305, 0.05209678265889886, 0.048674749383299215, 0.033894924683776834, 0.0395003411536241, 0.04237652863066183, 0.05462656799454154, 0.05532986931191938, 0.021571406077783028, 0.03271925680995119, 0.034976119246312914, 0.03962630556867685, 0.054490106544901065, 0.01707867527423503, 0.046680312811630716, 0.021067548417572034, 0.010077153204219808, 0.01868472156615756
ACCAC, 0.0371599807197359, 0.0033103849686695708, 0.09779277353874696, 0.06942713970006457, 0.056112844111789156, 0.034086051820257014, 0.04257118691852269, 0.04862810007548405, 0.05099266076739089, 0.03160326309375483, 0.03946088016224524, 0.0365506516183599, 0.06322471511590895, 0.052811553607319234, 0.015960784670371146, 0.03103031184917741, 0.034804514492028704, 0.049382940604054314, 0.06276999190592686, 0.013896341297052483, 0.06869958256409324, 0.02455505333903253, 0.011522686140946006, 0.023645606919068363
ACCAG, 0.037448644207066555, 0.0021227061079156393, 0.10075321829635717, 0.06930293070391673, 0.055313612708846896, 0.03331963845521775, 0.0418173103259381, 0.04699397425362914, 0.04826759791837853, 0.03181320186250342, 0.04050260202684196, 0.03690769652150096, 0.0607915639550808, 0.050041084634346755, 0.014941112024102985, 0.031299643933168995, 0.036072308956450284, 0.05077376061353054, 0.06485894275540947, 0.01303067652697891, 0.07308271706381814, 0.025842235004108465, 0.009620651876198302, 0.02508216926869351
ACCAT, 0.0394695427744088, 0.0048051702792874075, 0.1032901777283505, 0.07805778794300941, 0.05948758839205154, 0.04121115470969637, 0.04692909750928511, 0.05081100363010681, 0.048009736240216545, 0.031842121828902364, 0.039815766833833435, 0.037602031181148625, 0.05808170887802421, 0.05470340138909288, 0.0187485573997524, 0.03213588769750509, 0.03643745934490211, 0.03962691734687454, 0.05514405019199698, 0.016744654510355245, 0.05557420735673668, 0.022326206013806995, 0.009956564617999455, 0.019189206202656482
ACCCA, 0.03732775986154588, 0.0024683418606190714, 0.10343392693329803, 0.06620073955683334, 0.055674821967296846, 0.030367224959570262, 0.03930432479974276, 0.045669053045706884, 0.04796716443317981, 0.030423968450618975, 0.041394376720037075, 0.036561722732388245, 0.06419580287311209, 0.050728680997550575, 0.014252073501735405, 0.030319938717029673, 0.035899715336819904, 0.050898911470696716, 0.06601159458667095, 0.012615969509830809, 0.07832493214424195, 0.025666972451035094, 0.009513991999167764, 0.024777991091271906
ACCCC, 0.032599102037683715, 0.0015733527763920334, 0.10055067347173721, 0.056515982961740666, 0.04750757895544726, 0.024271844660194174, 0.03295406577382094, 0.043094516289957405, 0.048083195824858975, 0.02797497985340957, 0.040302774473310564, 0.03375033577650716, 0.06708814612993591, 0.04969492305921179, 0.011243716182508922, 0.028752062627115393, 0.03378871023446794, 0.05946122261023063, 0.07510840784373919, 0.009843048466940405, 0.10745807590467785, 0.0273034268390959, 0.010351510034920757, 0.03072834721209563
ACCCG, 0.03327525289192198, 0.0018150137941048351, 0.09663133439814142, 0.05781423938821935, 0.04651275349692657, 0.029161221625284353, 0.03765548618169498, 0.04150331542519723, 0.04827936692318861, 0.03160544020134553, 0.04358453124243744, 0.03724408305503122, 0.06040365906780892, 0.04421373602439378, 0.014181307777939113, 0.02853201684332801, 0.03141183872997435, 0.06045205943565171, 0.07143894293596631, 0.013576303179904168, 0.10076956584870045, 0.02783021150960747, 0.011858090121484923, 0.030250229901747253
ACCCT, 0.037707591781468305, 0.00202078225814724, 0.10332659739247284, 0.06260321889072389, 0.05227363648486465, 0.028998738293310903, 0.037215218439381664, 0.04578046303609712, 0.048016658631407264, 0.028988480515350766, 0.04132858740139712, 0.03465077394934709, 0.06107480997466329, 0.05149404535989414, 0.01254526244524911, 0.02932698718803533, 0.03474309395098834, 0.056335716557079404, 0.06843989455004258, 0.011447680203514315, 0.09136602829095161, 0.025295680449700986, 0.00921148460820417, 0.0258085693477079
ACCGA, 0.03794377722053583, 0.0015177510888214332, 0.09891777748449254, 0.06532928599709646, 0.05473802296423386, 0.0358321235317408, 0.04592846773129207, 0.047611191764550614, 0.04774317012010031, 0.03365448066517092, 0.039428533720469845, 0.037844793453873565, 0.056090801108618187, 0.048700013197835554, 0.016893229510360302, 0.03121288108750165, 0.03177378909858783, 0.0534512339976244, 0.06328362148607629, 0.014946548766002375, 0.07430381417447539, 0.025405833443315293, 0.011350138577273327, 0.026098719809951168
ACCGC, 0.03518698397280233, 0.002015541525012142, 0.09278776104905294, 0.05869354055366683, 0.04630888780961632, 0.0302574065080136, 0.04103933948518698, 0.04264205925206411, 0.04941719281204468, 0.03421563865954347, 0.0412821758135017, 0.03822243807673628, 0.06070908207867897, 0.045531811559009226, 0.014400194269062652, 0.02785332685769791, 0.031665857212238954, 0.05966488586692569, 0.06724137931034482, 0.012967459932005827, 0.09672170956775133, 0.028970373967945606, 0.011073336571151044, 0.031131617289946577
ACCGG, 0.03648359672456058, 0.0015647003598810829, 0.09555103531007146, 0.06042351223074115, 0.046549835706462206, 0.028425389871173004, 0.03567516820528868, 0.04443749022062275, 0.04866218119230167, 0.03426693788139571, 0.041986126323475724, 0.038048297084441664, 0.06031919887341574, 0.04540238877588275, 0.014447399989568665, 0.028790486621811922, 0.031137537161633547, 0.059302143639493037, 0.06840348406613467, 0.012595837897042717, 0.09792416418922444, 0.02798205810254003, 0.011187607573149742, 0.03043342199968706
ACCGT, 0.03486202494353334, 0.0036007725293790305, 0.09594422076009035, 0.06343906510851419, 0.05100003273429572, 0.03217781269435988, 0.0440930963370323, 0.04566434253167043, 0.051523781465841766, 0.03270156142590592, 0.04059052669481816, 0.0362368653638417, 0.06104946152083538, 0.04733379161347343, 0.016465350747978655, 0.030344692133948737, 0.03178500114570035, 0.057645094765786116, 0.06337359651707093, 0.014272152934629611, 0.07862777832334937, 0.027071262561785985, 0.012275360895610331, 0.0279223542505483
ACCTA, 0.040545112781954884, 0.004172932330827068, 0.10338345864661654, 0.08048872180451128, 0.06035714285714286, 0.044849624060150375, 0.048721804511278194, 0.049605263157894736, 0.0493609022556391, 0.032048872180451125, 0.039342105263157894, 0.0412593984962406, 0.055488721804511275, 0.056973684210526315, 0.02163533834586466, 0.03349624060150376, 0.03488721804511278, 0.037819548872180454, 0.054229323308270676, 0.01712406015037594, 0.04804511278195489, 0.020657894736842104, 0.009078947368421053, 0.016428571428571428
ACCTC, 0.03533884297520661, 0.002297520661157025, 0.10195867768595042, 0.06689256198347107, 0.05450413223140496, 0.03296694214876033, 0.040231404958677684, 0.046950413223140496, 0.04871074380165289, 0.029752066115702476, 0.04059504132231405, 0.037239669421487605, 0.061082644628099175, 0.051925619834710744, 0.014768595041322316, 0.03151239669421488, 0.036429752066115706, 0.051041322314049585, 0.06629752066115703, 0.013487603305785124, 0.07567768595041323, 0.024479338842975207, 0.00994214876033058, 0.025917355371900826
ACCTG, 0.034233011436963195, 0.0028981798762849897, 0.10305504872947355, 0.06670263895687775, 0.05464821325263673, 0.03147946241822794, 0.040185127497663654, 0.046037114503137376, 0.04682702149437052, 0.03203017222197499, 0.042059765920519784, 0.03634684704730542, 0.061418049931022206, 0.05077655645053625, 0.014735659294201415, 0.031307017934226335, 0.035590316407814515, 0.053652485425659736, 0.06737572871701304, 0.012988963553023897, 0.0725268123358996, 0.025482844555204484, 0.010624805304614836, 0.02701815673534778
ACCTT, 0.03736710576475073, 0.002787072726502605, 0.09947901224109451, 0.0783430047863103, 0.057994832479139315, 0.039307043923927316, 0.04574526663560506, 0.048794951077978745, 0.04770214748612817, 0.03286034986657631, 0.040594688466262865, 0.040653987885975684, 0.0559108814435173, 0.05485196323435978, 0.01838282011097463, 0.03292812063196239, 0.03564742259307891, 0.041856918971578644, 0.05629209199881401, 0.015926129865729173, 0.06397560252446101, 0.022982760811554915, 0.009640391376170105, 0.019975433097547544
ACTAA, 0.0404688097159115, 0.004352626438489956, 0.09607626650813197, 0.09340099367276743, 0.06312369952014947, 0.05276232536413436, 0.05397256783727547, 0.05666907299673022, 0.04983226463968746, 0.03741135504692343, 0.03772983990827636, 0.0434201027644486, 0.04832476962928362, 0.05940804280436537, 0.025967132362308378, 0.03741135504692344, 0.03645590046286466, 0.029279374920378784, 0.04346256741262899, 0.020255637182045948, 0.03503333474882161, 0.015350970317210923, 0.008790182173340693, 0.011040808526901355
ACTAC, 0.03932288502814563, 0.0027133195642489775, 0.10061555906532216, 0.07996193253148666, 0.059227311383792974, 0.04302838861215729, 0.047867816790183454, 0.04969019560199247, 0.04912323330498522, 0.03185113189972867, 0.03778398736484024, 0.0384926902360993, 0.05857935447292755, 0.05376017494836592, 0.020471388652654597, 0.03628558700846394, 0.03594135989956668, 0.037277771028226624, 0.056574737779937635, 0.016806382375572023, 0.05398291013647592, 0.02113959421698457, 0.009435872514477786, 0.020066415583363705
ACTAG, 0.04213977776428441, 0.004736170987916692, 0.10173659602890278, 0.08610115975469063, 0.060659420729856084, 0.04541866537130366, 0.05273544234622624, 0.05322120347319206, 0.046511627906976744, 0.030511870787540227, 0.03925557107292489, 0.042170137834719776, 0.054951727488007765, 0.05546784868540895, 0.022284291699556744, 0.037221446353755544, 0.037433966846803085, 0.032697795858886394, 0.05124779889489344, 0.017214159936851055, 0.04274697917299168, 0.019460805149067947, 0.007772178031453033, 0.01630335782379015
ACTAT, 0.03989969909729187, 0.004152457372116349, 0.099679037111334, 0.09095285857572719, 0.06495486459378136, 0.051053159478435306, 0.05528585757271815, 0.056248746238716146, 0.050030090270812434, 0.035285857572718154, 0.035827482447342025, 0.04258776328986961, 0.05291875626880642, 0.05925777331995988, 0.02469408224674022, 0.035045135406218654, 0.03614844533600802, 0.029448345035105315, 0.045075225677031094, 0.02020060180541625, 0.03243731193580742, 0.01658976930792377, 0.009789368104312938, 0.012437311935807422
ACTCA, 0.03866269829803219, 0.0031496518045482126, 0.10788761425915759, 0.07211450477263752, 0.05688637173596864, 0.0379980928713844, 0.04272738655955924, 0.04930601708710184, 0.04720624921740303, 0.031130503462690588, 0.03936583157550014, 0.037969196983269275, 0.0578303040810626, 0.05331291357239864, 0.01636470463586365, 0.032026275994259355, 0.035724949672994874, 0.04482715442925805, 0.05628919004825613, 0.014476839945675732, 0.07024590400785968, 0.02327082189537762, 0.010055769064062184, 0.02117105402567881
ACTCC, 0.036378259659108486, 0.0028974747630979266, 0.10488652416452707, 0.06667285344552025, 0.05333003371794475, 0.03362514306926099, 0.04062651447190687, 0.0484734123178767, 0.050494426743382725, 0.03041832936348357, 0.039935657499922665, 0.03780121879543416, 0.059094049349872654, 0.054227116651715285, 0.014941070931419557, 0.03188253369216651, 0.03576989307183882, 0.049793258473309204, 0.06477557459708602, 0.013621224775987048, 0.07245749167362679, 0.024479021664037287, 0.01043503366638826, 0.022983883441086397
ACTCG, 0.03588009223674097, 0.0018447348193697157, 0.09780169100691775, 0.06388931591083782, 0.04990007686395081, 0.03299000768639508, 0.044888547271329744, 0.04614911606456572, 0.04879323597232898, 0.032067640276710226, 0.0412913143735588, 0.0361260568793236, 0.0577401998462721, 0.046733282090699456, 0.01503458877786318, 0.031176018447348193, 0.03243658724058417, 0.055588009223674094, 0.06499615680245964, 0.015219062259800152, 0.08304381245196003, 0.027302075326671792, 0.010453497309761722, 0.028654880860876246
ACTCT, 0.038489112407040824, 0.002749986624578674, 0.10284093948959393, 0.07797335616071906, 0.059204964956396114, 0.04240543577122679, 0.0468353753143224, 0.052506553956449625, 0.048108715424535875, 0.0314696912952758, 0.03891712588946552, 0.03914183296773848, 0.055909261141725966, 0.05553474934460437, 0.0191750040126264, 0.033973570167460276, 0.03863891712588947, 0.039698250494890584, 0.05621957091648387, 0.016221710983895993, 0.05532074260339201, 0.021026162324113206, 0.009394895939222086, 0.018244074688352683
ACTGA, 0.03977785891350718, 0.0037087568938680604, 0.10226945175733584, 0.0818232479486539, 0.060387401756375025, 0.04182440093007168, 0.048896020292472954, 0.053402256000307465, 0.05040450431407214, 0.032475643267549335, 0.03948000538057995, 0.039614519879321276, 0.055074079056092545, 0.05452641288264571, 0.019879321278272064, 0.032859970406810275, 0.0361844001614174, 0.03810603585772209, 0.0531332270028248, 0.016564499702146466, 0.05127884855589077, 0.019956186706124254, 0.010588212686638867, 0.01778473836929995
ACTGC, 0.03727427904051747, 0.002057317401850687, 0.10151828227472824, 0.07144910610008086, 0.05897044290719613, 0.03669930823825353, 0.04320366543886443, 0.04785733536968826, 0.04781241577576139, 0.03230617195220555, 0.04252987152996137, 0.03781331416763992, 0.0589075554756985, 0.05251100530051208, 0.017051477854640194, 0.033078788967747734, 0.037858233761566794, 0.04748899469948792, 0.060003593567514155, 0.014338334381457192, 0.06202497529422334, 0.02334022100440212, 0.010070972958404456, 0.0238343365375977
ACTGG, 0.03801174243026938, 0.0029674298715970018, 0.10397937914684402, 0.07075689350665881, 0.054845741380133345, 0.035768269980429285, 0.043413578577224776, 0.048799503572053655, 0.04872790338748429, 0.030684656876004395, 0.03926872344826489, 0.037248007128196155, 0.05938041973619309, 0.05416156183869274, 0.015171283552642047, 0.03125745835255931, 0.036508138554312716, 0.04518767203933237, 0.060430555776543785, 0.014375725946315773, 0.07375614568250886, 0.023612149755763815, 0.009021623255739948, 0.02266543620423555
ACTGT, 0.03645143776967111, 0.0026955204830982292, 0.10509672441874861, 0.0818847688805494, 0.06160645400946765, 0.043756965015382565, 0.047966929868843405, 0.05042433016792235, 0.04864319119145815, 0.03303203192715427, 0.040147063025650305, 0.04053758012744192, 0.05698692243949367, 0.05555820133537799, 0.019983045842897826, 0.03418453361780758, 0.03760393946032441, 0.03756584023088133, 0.05194829934564574, 0.01697320671689415, 0.04784310737315338, 0.020697406394955663, 0.009962948499366601, 0.018449551857813676
ACTTA, 0.03852992629556339, 0.0033267372164386706, 0.09881269895896068, 0.09241733344804841, 0.0630789526513522, 0.05129197854828071, 0.05431758868909346, 0.05490550345579167, 0.05228139608248014, 0.0379563509134188, 0.038271817373598326, 0.044609825346296136, 0.047434684103358285, 0.05730018067624538, 0.025466746967220167, 0.03405603831483553, 0.03569072815394763, 0.03144627032607761, 0.04521207949754796, 0.02036192606613324, 0.03319567524161863, 0.017881212538357855, 0.01046775072413892, 0.01168659841119619
ACTTC, 0.03775615560961098, 0.003106242234394414, 0.10350349124127191, 0.07759480601298496, 0.05984985037537406, 0.04129114677213307, 0.046681133297166756, 0.05122237194407014, 0.0498398754003115, 0.03322366694083265, 0.03888490278774303, 0.04086239784400539, 0.05522986192534519, 0.05368986577533556, 0.02053619865950335, 0.03205116987207532, 0.036408658978352555, 0.04119489701275747, 0.053821115447211375, 0.01638870902822743, 0.05338361654095865, 0.022802442993892513, 0.010149974625063438, 0.020527448681378298
ACTTG, 0.03846070130378948, 0.0030799033585094575, 0.10054850575713384, 0.08102431273534597, 0.05926909431251767, 0.04316217922207954, 0.04629649783427291, 0.051498596086454955, 0.048538406286050106, 0.03374834033476264, 0.03940752671788956, 0.04034346908125286, 0.055209716387697796, 0.05448055198833337, 0.020775743856517856, 0.03385717084213047, 0.036523518272642184, 0.03957077247894129, 0.05442613673464946, 0.01742376422958884, 0.049528763903097316, 0.022462616720719152, 0.010523910062468712, 0.01983980149315456
ACTTT, 0.03891801431035366, 0.0041838146143206, 0.09906248399050532, 0.09034478047780871, 0.06257791287419526, 0.05123038303249714, 0.053527211871787425, 0.05472258747587903, 0.0495056268037364, 0.0362113424068034, 0.03884116873580491, 0.043195751293567175, 0.05011185300295429, 0.056361959732918944, 0.02489796615379361, 0.03486227565361431, 0.036074728052050066, 0.032684984374733175, 0.04598780716883827, 0.019245547225874758, 0.0354087330726276, 0.018690551409689372, 0.010066770265885688, 0.013285745999760925
AGCAA, 0.03959922463056668, 0.0034321006301974506, 0.1043056499593015, 0.08164035948946455, 0.0607456637212698, 0.04544806115684448, 0.04827597781302184, 0.051959821765727665, 0.048527721135530215, 0.03443848651914508, 0.03881042888670711, 0.040916681351693816, 0.054527603655313034, 0.05519891918200204, 0.02143174818954594, 0.033213335682937675, 0.03706500851731574, 0.03723283739898799, 0.05391502823720934, 0.01743742080574646, 0.042536230059830996, 0.021305876528291755, 0.010783005647441867, 0.01725280903590699
AGCAC, 0.034271661783172876, 0.0021539695828101018, 0.10026859215850425, 0.06836891307381052, 0.05541021347844286, 0.0344024696525743, 0.0416579461420399, 0.04522464071438538, 0.04986395981582252, 0.032623482628714943, 0.0419544439793498, 0.03728896330403237, 0.06456676433654249, 0.04974187247104786, 0.016516673643086368, 0.03146365285335566, 0.036748290777173155, 0.05233186828519604, 0.06277905678805637, 0.01376098786102972, 0.06548241942235244, 0.02559473977954514, 0.010734965815543463, 0.02678945165341147
AGCAG, 0.035905625154629896, 0.0022986437552011876, 0.10329952092845415, 0.06759632037066193, 0.054825577472391536, 0.03331908863948179, 0.03953127460021142, 0.04581093542655361, 0.047434830525629204, 0.03198308630035312, 0.04219428262972043, 0.03652189559389127, 0.0614606059242932, 0.0510649782955849, 0.014732012325408786, 0.03181214997413463, 0.03780841636490408, 0.05121342299993253, 0.06877488135669463, 0.012923685926992196, 0.06500078720676548, 0.025910348395222778, 0.011601178560986032, 0.026976451271901215
AGCAT, 0.039624629311690335, 0.003531293897299828, 0.10216364913375996, 0.07977602622132042, 0.062265881067582324, 0.04213165287966287, 0.04638481348525051, 0.050111206492898394, 0.04747736850319963, 0.034571562353675665, 0.03925394100202903, 0.04100007803964414, 0.058227329483377555, 0.0539058841891681, 0.020143983143436867, 0.03282542531606055, 0.03645426876853442, 0.038922272514437334, 0.052940143592945216, 0.017675979397533948, 0.049223505540814734, 0.021304822850007805, 0.010330497892929608, 0.019753784922740752
AGCCA, 0.03823203151895345, 0.0024480740542401403, 0.10598758112432902, 0.06911984087518648, 0.05606982111208864, 0.03268561373981563, 0.042235652628492014, 0.047010672072830204, 0.0472848053653623, 0.030416045085363833, 0.04101161560137194, 0.038187405169006365, 0.06359892386744699, 0.051887694602761734, 0.014567315661298754, 0.030696553570745515, 0.03780489359803134, 0.04925473995588367, 0.06310165882517946, 0.013298652284231598, 0.06486758724451415, 0.025092759055961443, 0.01039156434482143, 0.02474849864208392
AGCCC, 0.03379067395939557, 0.0015494841674502378, 0.10147796951356793, 0.05805268246169331, 0.04931200254274325, 0.024864585678528388, 0.03560502721529884, 0.042610814604881544, 0.04836509555152366, 0.02998318081288323, 0.042551219059979606, 0.03421446450092042, 0.06621065038604669, 0.04738507992424744, 0.011780052708948602, 0.03088373571362354, 0.03496271967580024, 0.0594366234488604, 0.07391834086002994, 0.010495437629951396, 0.09339946231575043, 0.028036393012753447, 0.010303407540822948, 0.030810896714298958
AGCCG, 0.0298229814123101, 0.0011515804703763307, 0.09761859064267049, 0.05602881903946377, 0.045325026205837636, 0.026633989340498723, 0.03869605657508157, 0.04139784152481065, 0.050448082913793865, 0.033897804615180195, 0.042859462891057534, 0.035521828355454504, 0.060059350685780936, 0.04587128873665717, 0.014453811288441382, 0.029380065846780743, 0.03191944842248239, 0.06191959606100424, 0.07277102741647351, 0.01293313451345725, 0.0968951618856392, 0.03064975713463157, 0.013021717626563123, 0.030723576395553127
AGCCT, 0.037851334629662364, 0.0024895409816746215, 0.10236580048317719, 0.06590654646161098, 0.053532496611867306, 0.030036532909080198, 0.04004625537681928, 0.0474559542749396, 0.047131872016970125, 0.03118555182369925, 0.040274586058570504, 0.036304578398444406, 0.06093483000412468, 0.04972453008072594, 0.013736668434388075, 0.030883566083318603, 0.03765246597136291, 0.05339255200047138, 0.0672912615638442, 0.012027871074185376, 0.07710211537328383, 0.025801367037888163, 0.010127570561546166, 0.026744151788344824
AGCGA, 0.03673278394467985, 0.002287675150128682, 0.09405464424051785, 0.06738243169469935, 0.04900304156809733, 0.033873190007019, 0.04494761743832376, 0.04585748823667039, 0.048639093248758675, 0.034289130943406035, 0.03930641848857462, 0.039852340967582604, 0.05781579015779759, 0.047157303662879874, 0.016351678061715235, 0.03148152962279356, 0.03434112356045441, 0.051810642888709804, 0.0640289078950789, 0.013778043517820469, 0.0809785010528505, 0.02807601320612473, 0.010528504952296774, 0.027426105493019992
AGCGC, 0.030115316639543633, 0.0006474530596531752, 0.095753057903302, 0.05764082104047456, 0.044919243354856773, 0.02854043081876564, 0.040947031340227834, 0.04019458589252279, 0.04966139954853273, 0.0342975134302763, 0.04021208462386477, 0.03648485484802352, 0.060020648502983526, 0.04091203387754388, 0.013194043431851191, 0.03074527096785483, 0.031655204997637666, 0.06490279454739531, 0.06934747230825765, 0.013351532013928991, 0.10166762909689048, 0.030552784923093077, 0.010866712163368156, 0.03337008066915149
AGCGG, 0.03168853999333192, 0.0013487709514139366, 0.09762676931470311, 0.057315188070196706, 0.04632800897160003, 0.026475312945170186, 0.03681083866274664, 0.041690661655502684, 0.04926802655108659, 0.03240081229351681, 0.040963234625526625, 0.0349013427090595, 0.061164489437153344, 0.0436607765283545, 0.012290485860637105, 0.02947594944382142, 0.03291607310641651, 0.06357409147394902, 0.07598581517291547, 0.012639044645833965, 0.0992786348619404, 0.030157912284423972, 0.009608098687600401, 0.03243112175309914
AGCGT, 0.03281864615745905, 0.0014677390946985264, 0.09690013503199671, 0.06229084717900546, 0.050167322256795634, 0.031174778371396702, 0.042065402454059764, 0.042036047672165795, 0.051869899606645925, 0.032554453120413315, 0.03886573122761698, 0.03813186168026771, 0.056772148182939, 0.046703457993307114, 0.016321258733047614, 0.03273058181177714, 0.03455057828920331, 0.06287794281688487, 0.06452181060294722, 0.015176422239182762, 0.08377854752539189, 0.026478013268361415, 0.012563846650619387, 0.027182528033816707
