 ,X,1,2,3,4,5,6,7,8,9,10,11,12,13,14,15,16,17,18,19
AACAA,0.0728931085011344,0.07652952556312682,0.06862051675087254,0.06462860621048189,0.05880316414433648,0.055609761901392565,0.0577422720954655,0.05238796705051369,0.04727414288800775,0.04528666033256126,0.050235717233781216,0.043063474063623056,0.045163355292386624,0.04598845349250259,0.048446712528089526,0.03854463277406506,0.03769871332813012,0.034553803856833834,0.03460761460901531,0.02192179738367977
AACAC,0.06340216671191533,0.075826526905015,0.06934427955285348,0.0626622520854622,0.0584453402712862,0.0574526135655764,0.05784568331685649,0.05436393699802674,0.04915160730384703,0.04686585050210189,0.050110140265587244,0.04446959724993648,0.045724001079635805,0.046646598949333894,0.04828140818069494,0.03902851774077501,0.037562619272448944,0.03549627232784202,0.03499238951740121,0.0223281982034037
AACAG,0.06378487139616999,0.0758673852257343,0.06967034079470731,0.06193091314455332,0.059079327163533354,0.05691432808436912,0.05757420473911901,0.05482718937551843,0.048517427701704766,0.04741963654565456,0.04983637970379137,0.04542731921402961,0.045680532356593015,0.046681498866884545,0.04767311679068902,0.039220659094044506,0.03690755169467837,0.035643489250394275,0.03478969620165596,0.02255413265617515
AACAT,0.07209338814611534,0.07745146953674734,0.068476392525677,0.06555180739387274,0.05751344419478474,0.05555692731218398,0.0582366865466863,0.05136614549059831,0.04792904595371641,0.04450775427893352,0.0508119558127142,0.040669579232597536,0.045486796581164425,0.04652684939248818,0.049396302972178556,0.03920415122297329,0.03892274514891333,0.034149032081990806,0.03487162121645026,0.021277904959213757
AACCA,0.06519482250921653,0.07502072271557421,0.06935095875165202,0.06119388926244522,0.05938405713093278,0.05723657515824619,0.056784877924366435,0.05518705511372858,0.04855042430846994,0.047456467805884674,0.05019679334090751,0.04657741890607248,0.04545868209325512,0.046339904704491175,0.04722315611305618,0.03888291520786478,0.036808904681304926,0.035872324885807695,0.034330004173525934,0.022950045213197618
AACCC,0.061525183567024105,0.073211372694258,0.07007554376923997,0.058273383986322945,0.06033246828466637,0.05902356228845533,0.0557686818933717,0.058042983082147934,0.04964028191212065,0.048694251838530996,0.04917155800964427,0.04982359036787785,0.045621579608353675,0.04569837990974534,0.046237742484848444,0.039166393244390224,0.03524913775707471,0.037015324630912935,0.033898200650359915,0.02353038002065466
AACCG,0.050892258190906446,0.07137620288633355,0.06942605773854402,0.058223854104209584,0.060929420774240274,0.061496357948102987,0.055234818847247534,0.05515319176724112,0.05215376760918735,0.048812993843834036,0.05281123663542081,0.05099021068691414,0.04474796525951475,0.04740603981026898,0.04485630665661417,0.04050929361409091,0.03601980421373828,0.03897915689615254,0.03402958759030923,0.02595147492712928
AACCT,0.06222870826246884,0.0748714988279055,0.06962001141182553,0.06036394981474488,0.05962363815141027,0.057587977968639924,0.05700045403156799,0.05557909501624551,0.04911239388045778,0.048104113021964025,0.04944415588915959,0.04740948016338836,0.04595307447889738,0.046602422315513745,0.04731910701086959,0.03926506740970856,0.03702050545172597,0.03559323969440879,0.03423961132062544,0.023061495878472327
AACGA,0.056600751984403286,0.07335329341317365,0.0693136981850253,0.0622313512509864,0.05899596156524161,0.058521329434154945,0.05705449565984311,0.052589008030450725,0.050333054820591375,0.04707561620944158,0.05330617834099243,0.04566796639279581,0.04524091352179362,0.047848489068374876,0.046951445945318665,0.040264819198811676,0.0382699716845379,0.036702177041266305,0.03536531587986817,0.02431416237292856
AACGC,0.051677141593532726,0.0720724108778781,0.06936317057834232,0.060122269323457114,0.06032986241692515,0.06049834376814559,0.05635099479212109,0.054366826021944696,0.05200658280707983,0.047954004591116824,0.052815895012049426,0.04867305892936118,0.045304936202731204,0.04700479269272311,0.04637148332786772,0.040349779319515854,0.03672743026827647,0.038180581922552734,0.0345988489113397,0.025231586643039164
AACGG,0.044328198999115165,0.07063354248852823,0.07050218898449306,0.0576742923871262,0.06007185469704253,0.06204648759286765,0.055224766053635535,0.05463872734332486,0.05325590693820756,0.05032138305135633,0.053652854340511584,0.051802357723225174,0.04487093435644722,0.047573063582313176,0.04510477246253177,0.041031370392342816,0.03588837550358191,0.039348313406573736,0.03533409258545556,0.02669651711131993
AACGT,0.04972879032388642,0.07323147003740264,0.06966715421440947,0.06250721876501099,0.05820024719210281,0.05898500116039961,0.05690167907124854,0.051217340148207315,0.05127239166455276,0.04758286062791112,0.054758987699764144,0.046218446575741715,0.04555135173061458,0.049293775400607726,0.04812581970088676,0.04050280384928838,0.03857815966019182,0.03684565605755582,0.035567597325143974,0.02526324879507343
AACTA,0.07286746306240797,0.07767634971191688,0.06856380079935734,0.06547283293712285,0.05832935369272654,0.05513628880831537,0.05809281593524087,0.050629211867492876,0.04698606278226466,0.04515357710750953,0.050413132482771614,0.04155446223413614,0.045764210824115865,0.04619052434419712,0.04882770601435243,0.039200580316356586,0.03858000967583611,0.033762549993930684,0.03499706665902887,0.0218020007509197
AACTC,0.065143489270318,0.07466762184439973,0.06951904290931471,0.061124666599367106,0.06009326291332022,0.057917983038562326,0.05691319622183278,0.055784089149633224,0.048508919734883,0.047921563332081474,0.04957326991160927,0.047417141198921174,0.04539896577232904,0.045392473852983346,0.04651930875341191,0.0387098543765112,0.03648442442480783,0.035810238600757674,0.03410156542897142,0.02299892266598458
AACTG,0.061844379712542405,0.07547244298997455,0.07010401058086893,0.06180458158017765,0.05903117919948214,0.057554332841850374,0.05765470724797513,0.05416909411299313,0.04848515361839345,0.04788338667721557,0.04997350786972105,0.04610397861449755,0.04612028146389998,0.046368020842074135,0.0477201983513344,0.03926749059988892,0.03733448412270292,0.03542609175147744,0.034638760024454276,0.023043917798476005
AACTT,0.06983974617629195,0.07704067427378143,0.06901179908815974,0.0648459934932996,0.058295208173842816,0.05586204260243996,0.05825873925027216,0.05175833670072825,0.047384702179977506,0.04584919938995839,0.050431102221221075,0.04271550827060996,0.04573598461919487,0.04635507755065336,0.04831063203866702,0.038890518680363945,0.038191750670903704,0.034238167848147504,0.03488757831847798,0.022097238453008768
AATAA,0.07463040570383761,0.07774261313912245,0.06838361845588298,0.06696576903911164,0.05804128787289553,0.055478427172930264,0.05827715914852829,0.04931212804830196,0.04717469208704742,0.04374420262662197,0.05132555462084851,0.04047084416048615,0.045774758050603874,0.04498053865343807,0.04906987714943053,0.03934208780773599,0.03969908453280446,0.033681876329343066,0.0346271092738573,0.021277966127171935
AATAC,0.07491360170952276,0.07782305100942619,0.0680441497015261,0.0660490709606027,0.0576790785012416,0.05522467446462631,0.058235093619872426,0.050605157672502815,0.04705078530812731,0.044042311622155626,0.05101409531398707,0.040133280209052345,0.04560685801264866,0.04603894673849858,0.04927056575024688,0.03920645864671601,0.03894926760863695,0.03399765921136901,0.03487642768262704,0.02123946625661362
AATAG,0.0771163288524944,0.07807577850468958,0.06781929983737173,0.06606117505035898,0.05796752943793541,0.0544847168055628,0.05799836765355309,0.05114622009234486,0.04704560365720448,0.04393718082230275,0.05060222010897671,0.03984921152053366,0.04560279096246244,0.045824722165868366,0.04882729022693635,0.03912191472748286,0.03874769817841432,0.033751214254739946,0.03484025371189033,0.02118048342887694
AATAT,0.0816432095447369,0.07874811037301972,0.06702247563964217,0.06898163091937241,0.05712166657645563,0.05427633065529474,0.05861310963488215,0.04812064772844267,0.04660375165042054,0.041425672455791485,0.05143629311780478,0.036657958270969106,0.045605889392396945,0.04489902267677044,0.05039147263587419,0.03969684103093248,0.04092990996799464,0.033376388760902334,0.034465050770462906,0.01998456819783375
AATCA,0.07377550656379492,0.07739820207840553,0.06814288338615228,0.06575666789579462,0.05785417943718769,0.05517486799950322,0.058307738014263116,0.051996849366594496,0.04765873328964526,0.04472481325125265,0.050367206293806185,0.04072568188106018,0.0455799724874683,0.046247875979558484,0.04886560766265308,0.038995379594038426,0.03838387486757022,0.033976037481938705,0.03474030736883179,0.02132761510048084
AATCC,0.06817250734700873,0.07428860471629886,0.06907755849389456,0.06066016479037511,0.05985690577017135,0.05753805186172992,0.05672371484827329,0.05709200586924624,0.048328059093778346,0.04715839022126724,0.04935977559748007,0.04640822196118104,0.045269278843541115,0.045674984219085085,0.047297596702520345,0.03852027272765276,0.036476278463127,0.035587948815490794,0.03385413836204554,0.022655541295832585
AATCG,0.058223779837850057,0.0726525404567331,0.06887334862237153,0.06275557996059304,0.05849187635259537,0.05844504021447721,0.05675893924222358,0.052564682321780416,0.05082851513291773,0.047031557866856165,0.05354016602603443,0.04567007978293872,0.045224328951193514,0.04782292709712846,0.046842598275138085,0.040298459252559836,0.038005103524015635,0.0362947769630802,0.03528699247391712,0.024388707645595788
AATCT,0.07128640439395843,0.0769663132848858,0.06867899436083673,0.06448932178058063,0.058547587402073005,0.05544441313211296,0.05809411805168993,0.052697414481056463,0.04749018580468965,0.04558443709301823,0.05017660826305746,0.04258847183927447,0.04545615809673631,0.046038371222373344,0.04864826007667924,0.03882252275519116,0.03802744086036165,0.03433492685386001,0.0345635981081017,0.022064452139462818
AATGA,0.07060387722978677,0.07697586360424317,0.0688812219643532,0.06535541913780017,0.05824326405629751,0.055739232833936704,0.05832988337747595,0.05163869098863521,0.047832847055748,0.044957950584458166,0.05043743357883884,0.041230796880935554,0.04602585508647636,0.04599666161207087,0.04914943671010928,0.039521356768525064,0.03881795021443388,0.03383679862677741,0.03482853579228086,0.021596923896817045
AATGC,0.06665128819073152,0.07640405715504642,0.06939691839811006,0.06364557888220844,0.05823463120961053,0.056343631189680346,0.05790094853887048,0.05305041410394363,0.048535338297200165,0.04619107447201279,0.04996143212418915,0.04348471265699217,0.04620863671784121,0.04661789624422493,0.04843529269455959,0.03911033214548091,0.038148157868409055,0.03449382943586317,0.03506864766168563,0.022117182013339808
AATGG,0.07387621842690785,0.07610515705795914,0.06828110367236784,0.06340212495175489,0.05890090762299062,0.05567148698011687,0.05763862818146837,0.05498888093019497,0.04813090105755619,0.04526562482612727,0.04943725266146078,0.042110145851037846,0.04541394741912831,0.04576286423958389,0.04799634186410312,0.03909786479890502,0.03709353313494516,0.0346872809203556,0.03445784212150798,0.021681893281528287
AATGT,0.07017051228228878,0.07739097345395725,0.06884118284506469,0.0654664212416695,0.05727827069564589,0.05578184642435943,0.058288772612262674,0.05112107160296958,0.04804083510648612,0.04466141449113894,0.05087426988875539,0.04093836026452107,0.0461655198361841,0.04666340451883865,0.049265021976685294,0.03940970066729643,0.03916957267290538,0.03411592981664396,0.03482749945288089,0.021529420149445994
AATTA,0.07465359638034383,0.07846570768189666,0.06840067909168675,0.06823484275228338,0.057293768390244026,0.05537521565285093,0.05849161414245304,0.047965318085221385,0.04707452575118425,0.04342162733312797,0.0515898481166578,0.03886019071803886,0.045846562020229034,0.045421911016994165,0.04964917553595318,0.039487294524463985,0.040374087790783775,0.0334212086807263,0.03502533471884367,0.020947491616017017
AATTC,0.07623488207497293,0.07729210008130485,0.06791692057246652,0.06603390566687749,0.05860263346121237,0.054986284962322454,0.05802025617101705,0.05266037535213729,0.04682880342389253,0.044404806059963414,0.050073348342459446,0.040729664901337066,0.04509561981186649,0.045867573433456835,0.048602931923949294,0.03856198553610582,0.03809584373390982,0.034258422835908936,0.03441215364261772,0.021321488012221675
AATTG,0.07960790274557164,0.07730552641380621,0.06729129861547178,0.06638934390073922,0.05829549624061323,0.054823906514231004,0.05787225000437632,0.05210348353144042,0.04658239063409115,0.043745670262064294,0.05005727343110749,0.039311810632493144,0.045365861014047375,0.04575617654394317,0.04928357515159824,0.038718537959831816,0.03848802301544398,0.03375033428999924,0.03441397468252633,0.02083716441660394
AATTT,0.07983717305339348,0.07812196547538426,0.06778631062695059,0.06874916557846616,0.057612186753268374,0.054319375505424365,0.05852271870316417,0.04913111231811938,0.046068913303393154,0.0428438798939463,0.05082946853795568,0.03840843484026681,0.04553255598607724,0.04539523138218191,0.04969428284622977,0.038912485962632436,0.039575740524090276,0.0334953794693107,0.03456790790108979,0.020595711338655134
ACCAA,0.06900543037809918,0.07554759516998671,0.06903101273470405,0.062254262559609704,0.058845373318181286,0.056317546874037144,0.0570528385072711,0.05529344813322004,0.04827953824972595,0.04656712931044608,0.04955479459217942,0.04477652524343061,0.045251649136852895,0.04625981924053867,0.048059594341054,0.038837878813963334,0.0368582227405912,0.03535658667648343,0.03447166239140973,0.02237909158821545
ACCAC,0.05636978806587346,0.07271910146763295,0.07073448526484917,0.057278295889112894,0.0606758331278615,0.060470361292006905,0.05578640920642748,0.058267783788836194,0.050201402687732766,0.04918935317466073,0.04940892601885829,0.051490839179208506,0.04573742633230356,0.0460258926744053,0.04560648839769033,0.03947335554040705,0.03563365096861841,0.037335642675613956,0.03384524022477813,0.02374972402312243
ACCAG,0.060628161230407165,0.07330025768637834,0.07032086138163723,0.05778472533151133,0.061223764429617626,0.05896540687618027,0.05592061844730801,0.05915192108775226,0.04973683552155395,0.04887586797692469,0.048168459773922694,0.050287406149792824,0.04542026517455297,0.04543303302992423,0.04605106624532744,0.03928841636321443,0.03521046688078705,0.03713824050326055,0.03362552742889038,0.02346869848105656
ACCAT,0.06637064902463131,0.07508209536101917,0.06930422026429096,0.06074925439856276,0.05912248762640305,0.05742220653916834,0.056963967308534154,0.05621919728319097,0.04893812947726246,0.04708609383962292,0.04958925626792677,0.045840201233185135,0.045645388298236375,0.04614598577708044,0.04735354591922912,0.03930512869118439,0.03696264755154447,0.03552159194199091,0.034049380265572214,0.02232857293136406
ACCCA,0.06244392694797271,0.0732968671519377,0.06997350061170603,0.05849877737522221,0.06062297967750418,0.05939704838067166,0.056426219751255294,0.05926667705858364,0.05016745157130508,0.048317060536065465,0.04832934189249404,0.04873698845395042,0.045405906702629,0.0448737145907238,0.046182308863517915,0.039349623450462834,0.035363378569662846,0.03698184091234733,0.033404974579166725,0.022961412922821122
ACCCC,0.05499410326760538,0.0708843291978717,0.07072385943592753,0.05449808166901305,0.06213288224681046,0.062079215207219866,0.05501881136009016,0.060992059137889486,0.051215093509502915,0.049837019577045276,0.04906336403601643,0.05401640670476672,0.045184724872733395,0.04437785952997769,0.04438928370177173,0.040241512305294255,0.03417766818838406,0.038925341443255476,0.0328707960708288,0.024377588537995598
ACCCG,0.04692792086924438,0.06795981002206829,0.07030067863079914,0.05407489397689256,0.0646046571401329,0.06482022709465594,0.053660336372040575,0.059683858370539876,0.05377503064271629,0.05051384415121403,0.05094912963630861,0.05664929670302337,0.045102485549212826,0.04474043857430876,0.042819655005161245,0.04054373375452386,0.03372426115470875,0.040923744892304846,0.03245156930781317,0.025774428152330574
ACCCT,0.05822991193800292,0.07230163869306667,0.07074426367887265,0.05625760321755754,0.06117311262143272,0.0596916425961704,0.05562736796093152,0.05962326705654291,0.05027454000152217,0.04926396580571823,0.04841069605078349,0.05176048699664105,0.04613904084583798,0.04518564976502013,0.045327895307280895,0.039881050980883744,0.03529683734639415,0.037811673414002905,0.03322908776855205,0.02377026795478586
ACCGA,0.05014215447501131,0.07092547116222665,0.07033430511972918,0.0582204601266454,0.06112281077049604,0.06174866626292001,0.0558774768628596,0.05593240182524322,0.05245622986385836,0.049199757752008015,0.05207030973342603,0.05138374770363068,0.04491271989859118,0.04650698920146332,0.04467856611158729,0.04034961183950926,0.03567665385566009,0.03889120954884925,0.03417778054008583,0.025392677346199266
ACCGC,0.042737442032692544,0.06800758676858694,0.07180097106205525,0.05362818554709503,0.06313196138652444,0.06465559431841897,0.053870119988401924,0.058902725733144465,0.05337332331121449,0.050438713942995816,0.05165762028851144,0.057901745067584665,0.04459350396790952,0.044724628741442264,0.042792846866579616,0.04196731484166222,0.03404627042360689,0.04154993175971293,0.0333297012386674,0.026889812713193184
ACCGG,0.04729360444095405,0.06868780974258677,0.07004659907474518,0.053855480646501204,0.06393709208992898,0.06345445280981826,0.05351241997353051,0.05904511416016561,0.05315926928076657,0.04999604807558097,0.051280843929255505,0.05576753939732312,0.04461638585581025,0.04579187316172452,0.04374191747372811,0.04172895852497364,0.03443555588441546,0.04058037793850806,0.03304817816284283,0.026020479376840377
ACCGT,0.03988426040247399,0.06990857617635182,0.07163856940744463,0.05675278382202132,0.06098552964519887,0.06273585864894937,0.05517821399624079,0.05564738932255731,0.054081534827915785,0.05103988426040247,0.05266093585225771,0.053361067453757904,0.044910101359301145,0.04757118246707784,0.04488540792107396,0.04113491042092144,0.03608292347067727,0.040023705700698096,0.034746572696029585,0.026770592148648686
ACCTA,0.07087346218696147,0.07577978708186224,0.0684264977244718,0.062054225426663084,0.05946743442345972,0.056347616713634995,0.05751506916083498,0.05547741962515083,0.04831577196274565,0.046332416775317346,0.04928563264939809,0.04427344617136834,0.045198929285702065,0.04557130422214173,0.04779142243506929,0.0392084528614733,0.037069156372433444,0.0348934157318246,0.03412337808030556,0.021995161109181472
ACCTC,0.0583463306279147,0.07294615824954546,0.0702452622869122,0.057237630172158695,0.06119539790242833,0.05940549706952465,0.05620926096543086,0.05919314690453331,0.05001578627494307,0.049342339047835644,0.04831827714668572,0.05075621210378711,0.045758445441729266,0.04563870234666315,0.04630095057926799,0.03954903372060318,0.035678704293565275,0.0369325609472971,0.03334866734119072,0.023581636577983553
ACCTG,0.05676875810939328,0.07269127561861193,0.07073688974053477,0.05661249208947467,0.06129128056821436,0.060167544042623144,0.056126900735723045,0.060096658664809385,0.050423367780209366,0.04963761839272267,0.04795793545011331,0.05133975131783165,0.045846222923023074,0.04494221339150295,0.04623635765827238,0.03964083563430923,0.035462310545128,0.03745876804395247,0.03311867378938028,0.02344414550417004
ACCTT,0.06314385312382992,0.07483472091298556,0.0699751476333689,0.06007351671651296,0.05977568147429558,0.057606454308531715,0.056926403353854786,0.056207778469924294,0.04899797727958476,0.048033814499828735,0.049057321786128705,0.04751047013274439,0.045764258027689034,0.04625959920574796,0.04695800986713692,0.039261954626303004,0.036803608442720404,0.035769344964609345,0.033993089703116125,0.023046995471086892
ACTAA,0.07303178099219834,0.07735546802286478,0.06842004226440467,0.06585397525899904,0.058390058877844535,0.05541035429388222,0.05840189927779384,0.05084966515931258,0.04706947189681072,0.04500982462038416,0.050436998105341906,0.041142090040224365,0.045769939476145764,0.045961909239258185,0.04905070078668782,0.0390106239444332,0.03827826609183142,0.03389654169092169,0.03489540559484131,0.021764984365819445
ACTAC,0.06945193987400858,0.07571218658802646,0.06950245409600005,0.06231952355497354,0.05866299724537635,0.05612897367889324,0.0575954846679745,0.05392616994774655,0.04758056059276841,0.04628381575481036,0.049456300722033664,0.04459862294394328,0.04551906879909151,0.046260157195143474,0.04830886057818962,0.03914276725859957,0.03779263080625814,0.03490372884477171,0.03453062696461958,0.022323129886771414
ACTAG,0.06973696869243148,0.07616366024520889,0.06942208592845167,0.06189630222579007,0.05908148440816457,0.05572939609025802,0.05765780322596393,0.05410045588058549,0.04742339970041888,0.04730349873861334,0.048887904305329515,0.044884068616465655,0.04597830763218153,0.04569968063522388,0.047794521725055106,0.03936634054556651,0.037234387253271654,0.03455288788603471,0.03457287137966897,0.022513974885316156
ACTAT,0.0778479666470362,0.07808996661179149,0.06794113151069041,0.0654557652342154,0.058123637597573524,0.05465264911070648,0.058078147341709276,0.0513082956604345,0.04681562061618396,0.04406448469170926,0.050174522751889994,0.04054759612685306,0.04551853359086556,0.045514845191741427,0.048780717705094456,0.03900482073765524,0.038583933415379724,0.03374393412027378,0.03458734805332442,0.021166083284871868
ACTCA,0.06232184408512467,0.0742895675062837,0.0702496232608505,0.0604104406929173,0.060146652605508166,0.05850426782548707,0.05692394251511904,0.05666100262091701,0.04894668540231217,0.04823434447387989,0.04891247494295901,0.0478560503035118,0.04563067405914169,0.0454567944516855,0.04663677256830076,0.03915641530932193,0.03657734249758972,0.03622647324091797,0.03397013794448858,0.022888493693683506
ACTCC,0.06304505751102656,0.07383680705699212,0.06953623627086396,0.059329974920003456,0.06078569575369714,0.05838277263685895,0.05680554354406296,0.058479849520020756,0.04923441148490876,0.04831077575023783,0.04849757848309262,0.04818256507826688,0.04563154025771859,0.04527393410014702,0.04647128772809824,0.03938316180921906,0.035706780247340655,0.036345671538528065,0.03374664879356568,0.023013707515350687
ACTCG,0.04486622057648786,0.06980671693686559,0.07094303572667927,0.05647164170167481,0.06177491634108071,0.06326778066733893,0.054842691292804176,0.05632739045410565,0.05271158323909372,0.05068662232982095,0.050792769474258634,0.055080841937375905,0.045323469814065584,0.04678367348049682,0.04404426063750886,0.040308697669798006,0.035677688278497446,0.03967589738565027,0.03424061924611032,0.026373482810286474
ACTCT,0.06134662562307608,0.07508726971576793,0.0698726502804819,0.060766129662327924,0.05969889213556886,0.05742925449630452,0.05737206431551479,0.055831992124630844,0.0491637107989437,0.04808225385564948,0.04942731690547995,0.04702329796709221,0.04591777739581543,0.04600481272559651,0.04739315905433067,0.03939215900745347,0.03703173586261856,0.0356944856790162,0.03442755129146679,0.023036861102864195
ACTGA,0.061540483487858164,0.07515629072474447,0.07004630207321945,0.06139163166261434,0.05944415361567433,0.05829719714080452,0.0575678527312021,0.05512021483098747,0.04870157054919383,0.04799024193590068,0.049444057629874326,0.046369558620373945,0.046071411958501646,0.046076432754194395,0.047413884124465525,0.03927030118128986,0.03742678313928204,0.035397347986181,0.034360996687013194,0.022913287166624705
ACTGC,0.055546251525037144,0.07301223352407958,0.07151657654889251,0.05861673026237886,0.06033003465187675,0.05890863647685924,0.05691078485307796,0.057238147972143806,0.04968850328823765,0.04960487851327192,0.048614315178877855,0.04970121425403244,0.046132108858495065,0.04600856719094569,0.0466896073582666,0.039708165145327594,0.03642048499247488,0.0370810092150042,0.03438338547430969,0.023888364716410548
ACTGG,0.06058357182917194,0.07396657879287129,0.07013273813638142,0.05867321359981871,0.06026474131768696,0.05876140820892323,0.05653676918998326,0.05875685848702498,0.049595643466293124,0.04869602345556628,0.04847063723229918,0.0489385586306037,0.04578822619467385,0.04558891337766979,0.046198751101338933,0.039568231391856175,0.035698517928091644,0.036777851953799325,0.03383190702468312,0.023170858681263107
ACTGT,0.05650255833822939,0.07483298721406283,0.07087861213066918,0.06114663192307226,0.059011754577436425,0.05840867660931465,0.05748042173780384,0.05467170817868899,0.04925955772830887,0.04842787619826367,0.049982535931970065,0.04717615506226259,0.0462534986453295,0.0467304558728255,0.04769432313595567,0.03980921088849651,0.03731307770997082,0.036232109438590086,0.035009780189122014,0.02317806848962715
ACTTA,0.06811408030696982,0.07725161524483648,0.06948088689680422,0.06474114478125151,0.058146436714021824,0.05613396804616593,0.058149210346759565,0.051101409560157324,0.04751708359649825,0.04588737624645074,0.050737469321640756,0.04285143709836808,0.045953943432156544,0.04619168338110585,0.04853778044398728,0.03928692279712145,0.03852575872723541,0.034164815597008596,0.03494281957994521,0.022284157881515165
ACTTC,0.06583879190107016,0.07567356113866675,0.06913166622725568,0.06253386216402312,0.05910383569977554,0.056587574435610216,0.05792450202854127,0.05442581213721294,0.04862978025432025,0.046811335091326726,0.049594387839340164,0.04460362245877617,0.04570014069887488,0.0465282950102305,0.04799346422015207,0.0394486239447366,0.0371245503899576,0.03517332099138807,0.03470036451019826,0.02247250885854303
ACTTG,0.06323624284206773,0.0750270166291776,0.07045936889517185,0.06076532144571404,0.059204118686252326,0.05766106311683433,0.05731771828120704,0.05510394256777295,0.048723934964100324,0.047995506755745175,0.04932823639255639,0.04704804196356226,0.045530029516404606,0.046338305360952146,0.04716019159803248,0.039088502938483746,0.03705002908087204,0.035283400130115355,0.034636997220757845,0.023042031614219777
ACTTT,0.07102985271073586,0.0771489806152716,0.06920072608545602,0.06516953095633059,0.05832926717105547,0.05556230684190133,0.05845436091441064,0.05169585130786371,0.047403141305818616,0.04523677869328504,0.050035527361855445,0.04200625739589055,0.04597281254936493,0.04622964871928508,0.04856653774377428,0.03886610894064437,0.038367950194960324,0.03399681035579197,0.0347296429940301,0.021997907142274065
AGCAA,0.06411160361133535,0.07603657852971392,0.06977917458402663,0.061914299385836744,0.05898538797916742,0.05702106385797805,0.05741581029382672,0.054085357742714175,0.048641228148805164,0.047436474048002525,0.049952737575025996,0.04566775913385236,0.0458422002102701,0.04660529825242708,0.04755394410620443,0.03921291663650426,0.03716836268691002,0.03520717458507197,0.03474369705843998,0.0226189315738871
AGCAC,0.053253304580427416,0.07271480199444841,0.07180856208037337,0.05789392043672458,0.061026791250793126,0.06051213648477521,0.05650905538284512,0.0576923441595407,0.050256967086746825,0.050432184847911364,0.04787427101636541,0.05188626471004305,0.045955029716856444,0.04570661492559503,0.046136315625593775,0.03925939775910895,0.03604403806397269,0.03735836090231837,0.03396645603873602,0.023713182936824135
AGCAG,0.05309084283419567,0.07300407047086563,0.07157029536980068,0.057433719355331564,0.060784399246813205,0.05929642690495559,0.05657482212981736,0.05807698898712067,0.05055273443145546,0.050158384984164084,0.04819902568845981,0.05145653794219787,0.04613191711641774,0.0458951267905736,0.04619501818962634,0.04009047326062989,0.03588644490876282,0.03759107717274158,0.03411574362743681,0.02389595058863365
AGCAT,0.0628079214147718,0.07617122334133307,0.06971504869483723,0.061942228541680466,0.0587948453359365,0.057136967654594424,0.05770150959257033,0.054119422904432085,0.04934031541304723,0.047255317186526015,0.049942617283278104,0.04508551386625184,0.0461995866215941,0.04638482694499244,0.047820478139784794,0.03937556214325375,0.03783885670353315,0.03509197638580499,0.03481543130818357,0.02246035052359408
AGCCA,0.05426800582007368,0.0724771682022857,0.07176109822991605,0.05624567905812211,0.06140017319268594,0.060734462162552356,0.055889221897803695,0.05889734691210274,0.05060495158572814,0.05040640849753899,0.048779012601832226,0.05254699225629362,0.045583783736875445,0.04518866984283013,0.045164739483856346,0.0397342573081607,0.03541864059256828,0.03738763578835149,0.033512101003996896,0.02399965182642548
AGCCC,0.04842497643450742,0.07009267289624126,0.07279864526020764,0.05267542490412514,0.06332092239040044,0.06309533448710793,0.05463990152070494,0.0621327972337121,0.05198177457576701,0.05183564037737695,0.04765143941102939,0.05708326531778667,0.045395560378104376,0.043897197730611674,0.04414097122303716,0.04008017246866342,0.03392932993464878,0.03902107839677578,0.032892751354068654,0.02491014370512327
AGCCG,0.03714465105519987,0.06740844184375723,0.0727557343562014,0.05159421283178855,0.06549545988061915,0.06632160372266535,0.05209234697062232,0.059161690424931676,0.05420727520626058,0.052415461006622616,0.05077418857375751,0.060843352112296814,0.04490673142002499,0.0446533806417975,0.042296116879159025,0.04147486870432496,0.03386944969028785,0.04203542260011334,0.033173041029362985,0.027376571050206293
AGCCT,0.054005757889529764,0.0717536954037812,0.071888266290865,0.055569832945196004,0.0619510473477698,0.06013449612547988,0.05580797980439872,0.06021128252285524,0.050180455821499194,0.05077621235285982,0.04778325614197727,0.053592077014420265,0.04597542710681315,0.045107102227771194,0.045514708722560936,0.039730185371396956,0.03511038550821069,0.0376187930735866,0.03322639308903733,0.02406264523999098
AGCGA,0.04309196215849845,0.06964701903394252,0.07224224670618831,0.05641449454429411,0.06181087704512259,0.0632400933354608,0.05524166438237536,0.05549259548678589,0.053541060647593175,0.05016712829807342,0.05235868419365881,0.053603793423695804,0.04500803934163315,0.04729369440137248,0.04406977521209815,0.04067265901054047,0.035678584530370164,0.03903478805186091,0.034583488460578585,0.026807351735856827
AGCGC,0.036088354740916345,0.06641223314669226,0.07369886172247891,0.0526270631677291,0.06455959273688693,0.06567816807865619,0.053729749655211864,0.058780816432888655,0.054330348347241375,0.052619118740585856,0.05048524560990956,0.059926402826944954,0.04410904838473907,0.04508780180878717,0.04239464100722625,0.04138569876003381,0.03388933730766542,0.04226117463121969,0.03385120405737783,0.028085138836808757
AGCGG,0.038189509448560637,0.06742243938540203,0.07301084040468601,0.05169025653101444,0.0651405440105853,0.06509709268588056,0.05318722474987455,0.05944421550735729,0.054053447932698104,0.05171828964372717,0.05138890056935252,0.06122992478715859,0.0444815415969343,0.04449415649765503,0.04164318893476975,0.042151989930505916,0.033383232273962005,0.04219964622211757,0.0327510855822898,0.027322473305468418
AGCGT,0.040654551083756596,0.06972687892513126,0.07198754100285852,0.057545460126138,0.0619893826284,0.062324344955147076,0.05535819616781746,0.05562509842020557,0.0531936189009499,0.05058464938385615,0.05300678732427823,0.05311087920270959,0.045223917644641,0.04691073987973385,0.04470879629753195,0.04090410468973948,0.036223973694114,0.03989521417571243,0.03474666972714583,0.026279195770133105
AGCTA,0.06618169978649585,0.07613771113007398,0.06978360301909461,0.06185314873714609,0.05922170152907489,0.05698195246045664,0.05717531759076219,0.05401364485245591,0.048733362860367065,0.047450503685592886,0.04952058058453591,0.04599759019661718,0.04592364523077899,0.04553844354827307,0.04726631002391843,0.039121663734981243,0.03719565532245164,0.03486361835073301,0.03444784510612345,0.02259200225006697
AGCTC,0.056047832337090854,0.07371106775336549,0.07104940460895227,0.057769306890007456,0.06129743909276298,0.059411771034184525,0.05632172332988662,0.057943200334242245,0.04998343074129223,0.0497393450142933,0.04813374063669339,0.05076330580255616,0.04608140999717996,0.04567030896420705,0.04629516137082354,0.03961049279391563,0.035737748228041676,0.037174397311953024,0.033742206319809794,0.0235167074387418
AGCTG,0.05372407791173816,0.07317613853970338,0.07157640310044926,0.05714522891808508,0.061296644126716406,0.05986711051205819,0.05613156452805312,0.05826953123210219,0.050373675882361024,0.049980176810452845,0.04820215394923485,0.05169284109294637,0.046252985943728016,0.045549538972714076,0.04617374708952185,0.04001791229336919,0.03566718710961725,0.03738591559013676,0.03374497109533701,0.023772195301674987
AGCTT,0.0616956543220108,0.07560319451240018,0.07043179467400641,0.061175135588277016,0.05957357626332574,0.05693018259593179,0.05714709196415338,0.05492189828369068,0.04910949221532837,0.04837827973817876,0.04929022345968052,0.04683297978646938,0.04587641106636215,0.0465459454204392,0.04740816414349487,0.03921708627446605,0.036800961349969956,0.03526028327311615,0.03467139266651898,0.023130252402179613
AGTAA,0.06914658099902668,0.07757450213841055,0.0692636132940885,0.0654609503128752,0.05793683767035514,0.055912356287444794,0.058295736708544724,0.050410242524606484,0.047171639741259326,0.0455230802758203,0.050754423865083755,0.04225752460027708,0.04612810177695808,0.046358797255557214,0.048731361055446884,0.039346434921443844,0.038773331318959284,0.03393351395317538,0.03494034633402542,0.022080624966641364
AGTAC,0.07490364594152875,0.07581795058708124,0.06900342682136554,0.0632402589729464,0.05907665212880014,0.05604857442396649,0.05778599605788744,0.05448489495343764,0.0472486957197377,0.04549427756983275,0.048753561849242524,0.04347708788709565,0.045646706641752834,0.04510227855832854,0.047963628534938095,0.038961410354709194,0.03696688269328411,0.03440310663937871,0.03374941523891436,0.021871548425771898
AGTAG,0.06926481242714472,0.07598442824720848,0.0695322834848965,0.062222238327356946,0.05909162661583886,0.055866346909282466,0.057755177240908076,0.05408305553863258,0.047834061952276005,0.04653792574269647,0.049473313024255165,0.04416511094839892,0.04543203143702167,0.04609606627303201,0.04809337978557473,0.03945367960681528,0.03735105361175387,0.03463467099814265,0.03475719584339558,0.022371541985369038
AGTAT,0.0749660068402747,0.07755550204361304,0.06834641861266065,0.06530166955248928,0.05788463267773157,0.05500243117227566,0.05818317298861986,0.05066957321007079,0.04704363617270517,0.04435073819322358,0.050415290896753534,0.04064413089664892,0.045860338255828526,0.04618402515624582,0.049183510355264984,0.03932222497828843,0.038920281891256896,0.034117283291217826,0.034711949840399624,0.02133718297443115
AGTCA,0.05918286219866724,0.07542325492970929,0.07035698310213487,0.06083422206077748,0.059179305672287755,0.058172647046603916,0.05736256733353153,0.05535215996738342,0.049261285221937755,0.0482877669556991,0.04968063201413687,0.04676201713890062,0.04607156604041087,0.04645664085113496,0.047201409807056824,0.03968064979676877,0.03713175200470884,0.035799671215302246,0.034762943775682766,0.02303966286716487
AGTCC,0.060666744390164375,0.07348638227449285,0.06997626589777275,0.058275088102428194,0.06073285675559372,0.05826940101722997,0.0564483489443822,0.05903052258625886,0.04978379597771421,0.04865040729008495,0.04821202780605523,0.04922812036147114,0.04606941845762458,0.045533647639575285,0.04667509303123537,0.039617183338356926,0.03562319079602132,0.03668406914737323,0.03360427555065203,0.023433160635512814
AGTCG,0.052455343288769725,0.07084714308767487,0.06988201194155837,0.05810027433309748,0.06144409687309922,0.061422373664022645,0.055442284536799114,0.056121910649337754,0.05214966670390645,0.048926873471617074,0.05189674648394345,0.05030319393239737,0.04463343636341067,0.046368189773954495,0.045161000012413265,0.040681363969264764,0.036180004717039686,0.0385695577154632,0.03442042478183691,0.0249941037003935
AGTCT,0.06213680910856765,0.07516169249944968,0.06998255398413605,0.06099792902792192,0.05979706133145819,0.05697361491438306,0.05729038627395695,0.055829528524797244,0.04875805940691356,0.0482151390027543,0.04943471687197149,0.04667276997925123,0.04599676330281081,0.046330129772131246,0.04717859543221231,0.03923002595507704,0.0369433174502948,0.03562058958520198,0.03454255824029361,0.022907759336416877
AGTGA,0.06120771936924637,0.074878680127555,0.07037817302816352,0.06104909843579342,0.05934159970354189,0.058009397185598374,0.057868299217896706,0.056028387814011545,0.04895840444102044,0.04764052504290841,0.04861784941098455,0.046575433472460605,0.04611953161569668,0.046039840214932126,0.04749241788890623,0.03953013462513653,0.03712049827391169,0.03556963961811515,0.03456839259244812,0.02300597792167265
AGTGC,0.05412179332966165,0.07249471533645387,0.07194298547160204,0.057940428317248334,0.06098458990888764,0.059871360726065755,0.056565622027185944,0.05795752486020523,0.04988014102205576,0.050146358619527424,0.047800957162169255,0.0518638284777116,0.046024870585275726,0.04536494402713954,0.04640050605767152,0.039292007732522144,0.036117179705426564,0.037218929780834534,0.034148146429448065,0.023863110422907414
AGTGG,0.06339508895873985,0.07366863920218442,0.07000702890913646,0.05907001944569778,0.060617084192370954,0.05855925316707813,0.05674556305354338,0.05866664160936347,0.049229043271333844,0.04820583276968384,0.04829677735674424,0.04819593289766066,0.045394101320659706,0.04531372778338677,0.046342475501592116,0.03944796971243221,0.03583619436838229,0.036390922790562504,0.033562915280754495,0.02305478840869289
AGTGT,0.058480094330169076,0.07485990906654502,0.0702920656616512,0.06099987281924604,0.05903257003448935,0.058427716559733944,0.057666513872032955,0.055282227579530704,0.049797145913334236,0.04821342404619531,0.0495758733561966,0.04668239358883544,0.04583117640942856,0.04639792270389733,0.047670514341864687,0.03943763838355928,0.037319788713719576,0.03629152212466819,0.03480487163447342,0.02293675886042908
AGTTA,0.06741237527735043,0.07714678390402473,0.06889732729718609,0.06485165716467309,0.05819275512838376,0.05622425458685925,0.05841795113035935,0.05127895038347525,0.04749393264473826,0.04628611544946151,0.050965209230084574,0.042888626490294436,0.04602162993224763,0.04634246236399839,0.048147096878553425,0.03922032736024097,0.038533048327828646,0.03438196730077389,0.03500293329771084,0.022294595851755486
AGTTC,0.06379287077234194,0.07467111314620879,0.06996407321517532,0.06044844362025972,0.060335983585534755,0.05805690544897403,0.05684586194070435,0.055555425004934815,0.048413877098302825,0.04809143571515854,0.04947654050105477,0.04834925454103549,0.04563779274857696,0.04531753342580793,0.046689545849452604,0.03896824128619367,0.036609601871334975,0.035777565465168276,0.03390015428845361,0.023097780475326603
AGTTG,0.06497850993654243,0.07582600924538856,0.06963053807132707,0.06199389052122646,0.05899982801519896,0.05698181943846159,0.057447343718857895,0.05458046156220064,0.048634930916759356,0.047456955579701296,0.049777745809678725,0.0451427956049043,0.04574614882632428,0.046388078077885,0.04752667371750773,0.03917375769109601,0.03714389502176331,0.03506340131287089,0.034755194905392285,0.02275202202691321
AGTTT,0.07099048197030461,0.07685080769281268,0.0689514946657116,0.0650434761888784,0.05838370016139754,0.05573941129529914,0.0581011693662703,0.05174933245413251,0.04724391452495194,0.045640758933152045,0.050177177444414134,0.04243128690588904,0.04567723020618913,0.04628070820404267,0.04859456733642512,0.03879850496957567,0.03806652651972148,0.034317036509689446,0.0348999690237321,0.022062445627410446
ATCAA,0.07620925039353933,0.07730265831283845,0.06753450580337662,0.06579436804273106,0.05808627982490469,0.05507409417186697,0.05801501138419566,0.052732863378399164,0.04742227051249511,0.04419627953733028,0.0501384420718861,0.040118974534660845,0.0453906510809672,0.04610708645862117,0.04873682940460844,0.038941169777679974,0.03810892318387383,0.03421072702561788,0.03467928576519174,0.021200329335215488
