,X,1,2,3,4,5,6,7,8,9,10,11,12,13,14,15,16,17,18,19
B:ACA,0.038793103,0.057253857,0.056601633,0.05986275,0.057735935,0.059806034,0.038566243,0.105660163,0.11385549,0.073049002,0.045315336,0.061507486,0.025947142,0.031675363,0.034936479,0.024188975,0.041090064,0.034823049,0.01573843,0.023593466
B:ACC,0.032715053,0.054755708,0.062003756,0.055085165,0.053404935,0.057061905,0.036635588,0.112048232,0.126280763,0.069218858,0.045201463,0.069680098,0.024873983,0.026092973,0.030771258,0.023622047,0.040391395,0.040028992,0.01202517,0.028102659
B:ACG,0.025326651,0.051011276,0.05575443,0.064077322,0.052085198,0.061303025,0.038482191,0.099516735,0.140594237,0.070789332,0.043672812,0.061034544,0.029801325,0.024610703,0.032933596,0.028995883,0.035707893,0.046178629,0.012260605,0.025863612
B:ACT,0.037454532,0.057406274,0.060647531,0.060647531,0.05945907,0.056505924,0.038967119,0.102819894,0.110959052,0.074440883,0.040947888,0.065005222,0.026146145,0.032160478,0.036914323,0.022652789,0.045665718,0.031872366,0.01613426,0.023192999
B:ATA,0.052207364,0.073212432,0.057763937,0.064908103,0.061671857,0.04610124,0.040911034,0.098186481,0.073456677,0.083470721,0.042742871,0.063992184,0.024668743,0.043475606,0.042803932,0.024363437,0.04463577,0.025279355,0.018318373,0.017829883
B:ATC,0.041892642,0.062604091,0.058589913,0.062262459,0.054063287,0.057137977,0.037323312,0.105265405,0.10266046,0.07503096,0.04526626,0.066959901,0.024811035,0.031686382,0.036640048,0.023956954,0.039970961,0.033437246,0.016868087,0.023572618
B:ATG,0.045189744,0.059605701,0.054997861,0.059671527,0.055326992,0.058124609,0.038047592,0.102557351,0.105322055,0.075864793,0.040647731,0.06776816,0.027679953,0.032123227,0.038277984,0.024981075,0.039166639,0.034591712,0.016160353,0.023894941
B:ATT,0.051619003,0.068588986,0.054738832,0.067218152,0.061498464,0.054266131,0.036681636,0.095674781,0.069345308,0.081351926,0.047128338,0.063956511,0.026329473,0.045852044,0.045332073,0.024202316,0.042448594,0.02552588,0.019380761,0.018860789
B:CCA,0.034157136,0.051838219,0.061303186,0.054029184,0.054204461,0.05917795,0.038429517,0.109219578,0.127404583,0.070395688,0.044783314,0.068949652,0.024341615,0.026401122,0.029556111,0.023662416,0.04191315,0.039722186,0.013189606,0.027321327
B:CCC,0.030309284,0.048262698,0.064926355,0.049939381,0.054917842,0.057445766,0.037789873,0.110790105,0.144117419,0.064565223,0.048133722,0.070756055,0.024273222,0.020713493,0.026027291,0.024556969,0.039260196,0.044625584,0.011324064,0.027265458
B:CCG,0.022398039,0.047693336,0.072152886,0.054936483,0.053432137,0.058168041,0.034767105,0.102406953,0.142021395,0.05978382,0.047247604,0.073824382,0.029306887,0.022342322,0.027189659,0.02925117,0.036382884,0.044796078,0.0121462,0.029752619
B:CCT,0.034462952,0.052776919,0.060243892,0.05089913,0.053638492,0.060464808,0.037158132,0.11085583,0.132660275,0.070869969,0.044669288,0.066981841,0.0237706,0.024411258,0.029691159,0.023969425,0.041841559,0.04131136,0.012813149,0.026509963
B:CTA,0.042747658,0.061652001,0.062673858,0.057167187,0.058189043,0.052625603,0.036957139,0.100879932,0.102242407,0.079137099,0.043769515,0.063128016,0.027930741,0.033494181,0.03655975,0.02531933,0.043542435,0.032812944,0.016236162,0.022934999
B:CTC,0.032605573,0.054462319,0.058412334,0.054629896,0.055443838,0.061644164,0.03830317,0.10837403,0.127429857,0.070406014,0.042779853,0.07011874,0.024968879,0.025184334,0.032701331,0.023412812,0.041918031,0.038949536,0.012975199,0.025280092
B:CTG,0.031047683,0.050981707,0.060172526,0.053857145,0.055091996,0.06195424,0.037733519,0.10672641,0.133981336,0.070492353,0.047277153,0.064988445,0.023532732,0.025261524,0.030818353,0.024009032,0.043272708,0.039497592,0.013918535,0.025385009
B:CTT,0.040646831,0.059689521,0.058111255,0.058059508,0.059430789,0.056455369,0.037309185,0.103311772,0.106416559,0.077516171,0.041630013,0.06626132,0.024838292,0.032108668,0.035730918,0.023725744,0.045950841,0.033040103,0.017283312,0.022483829
B:GCA,0.032907662,0.050671251,0.059020956,0.057411046,0.05309976,0.061149312,0.038064833,0.10248854,0.132531107,0.071108928,0.046741978,0.063823401,0.024394237,0.027041039,0.03228007,0.025267409,0.041421087,0.040220476,0.01500764,0.025349269
B:GCC,0.030940339,0.04742981,0.065390173,0.049416804,0.052332783,0.06038398,0.036720685,0.106162263,0.141953964,0.06784166,0.044875103,0.0690545,0.024566474,0.022373039,0.027172791,0.026940545,0.040410818,0.04425578,0.013134806,0.028643683
B:GCG,0.023566585,0.043315121,0.074057007,0.056875782,0.050490422,0.061088803,0.035415707,0.097689421,0.147389902,0.060957146,0.046277401,0.072806267,0.029162004,0.022250016,0.029162004,0.031729313,0.032782569,0.046079916,0.011980778,0.026923836
B:GCT,0.031174517,0.052662037,0.06031099,0.053995572,0.056612319,0.062198068,0.036936393,0.101046699,0.130334138,0.070777979,0.045843398,0.065368357,0.026091989,0.02611715,0.031325483,0.025211353,0.043880837,0.039930556,0.014694042,0.025488124
B:GTA,0.040977063,0.060933426,0.059869086,0.060773775,0.060188388,0.055132776,0.037464744,0.099462509,0.102389442,0.077324251,0.041509233,0.063966793,0.028151775,0.035495716,0.040178809,0.024479804,0.040710979,0.033526688,0.015539354,0.02192539
B:GTC,0.03232096,0.055080615,0.05751781,0.058342707,0.05448069,0.057930259,0.036707912,0.109373828,0.130371204,0.068653918,0.043269591,0.068728909,0.025834271,0.025571804,0.032433446,0.024109486,0.041769779,0.03832021,0.013648294,0.025534308
B:GTG,0.031901391,0.052209968,0.059148732,0.057964065,0.053733111,0.060107748,0.03864271,0.109920176,0.135108453,0.068061941,0.043437791,0.062279638,0.024511325,0.026119087,0.030350041,0.025413928,0.039940203,0.041209489,0.012862099,0.027078103
B:GTT,0.038931395,0.058629581,0.060109059,0.060996745,0.059432726,0.057995519,0.039185019,0.101661242,0.097856871,0.077862789,0.047174198,0.064632033,0.027137845,0.0338589,0.036352877,0.02202308,0.044468868,0.030899945,0.016739232,0.024052078
B:TCA,0.039850811,0.061282456,0.056089514,0.059101994,0.056261655,0.058241285,0.037010472,0.106613111,0.110916655,0.073992254,0.041600918,0.065930283,0.026022092,0.030124803,0.037383446,0.023439966,0.042260795,0.03382585,0.016496916,0.023554727
B:TCC,0.033449284,0.05338778,0.060294414,0.054597701,0.055656382,0.060521274,0.038465416,0.108842509,0.125907441,0.069570478,0.045472878,0.068587417,0.025156282,0.026366203,0.03004638,0.023290986,0.042296834,0.039070377,0.013309135,0.025710829
B:TCG,0.03229194,0.049531811,0.065809049,0.06414632,0.050319419,0.057932966,0.032817012,0.100026254,0.131355561,0.068609434,0.0421808,0.072284939,0.028003851,0.025028441,0.033254573,0.029666579,0.033779645,0.043668504,0.011464076,0.027828826
B:TCT,0.038385239,0.05908363,0.056956428,0.058318793,0.058008079,0.057649561,0.038146227,0.106216688,0.108559,0.077439709,0.044575635,0.068189966,0.023757738,0.030378355,0.036090729,0.023279715,0.044408327,0.032935778,0.015989866,0.021630536
B:TTA,0.047153829,0.070702507,0.054777502,0.066975378,0.065958889,0.055172803,0.038683081,0.088829907,0.071549582,0.082109781,0.043878473,0.060763497,0.026598148,0.046024396,0.046645584,0.02394398,0.046984414,0.025186356,0.018353287,0.019708606
B:TTC,0.041147792,0.057863212,0.059506895,0.058615406,0.059562613,0.057306031,0.037080373,0.10374704,0.102716256,0.078924641,0.044518735,0.065440869,0.025268143,0.032817941,0.03602173,0.024237359,0.044490876,0.032344338,0.01671542,0.021674328
B:TTG,0.042545369,0.061094215,0.057818923,0.060893687,0.057150496,0.055713379,0.038000067,0.104441696,0.098927175,0.075799606,0.045018549,0.067410849,0.026336018,0.03435714,0.035927944,0.021991244,0.043414324,0.031416062,0.018214632,0.023528625
B:TTT,0.047723343,0.066599424,0.054726225,0.069596542,0.061152738,0.055907781,0.040028818,0.092449568,0.072478386,0.081613833,0.047146974,0.060201729,0.027492795,0.043832853,0.046167147,0.023285303,0.045994236,0.025360231,0.020230548,0.018011527
N:ACA,0.045170735,0.049668407,0.05474813,0.040831805,0.040302667,0.050356286,0.095685763,0.095227177,0.034182306,0.041837167,0.031801185,0.039896994,0.094274728,0.0534782,0.070216594,0.037586426,0.027462255,0.055982785,0.022170876,0.019119515
N:ACC,0.040026514,0.051091169,0.057949215,0.042652458,0.04188762,0.053411177,0.095961656,0.086834591,0.036559249,0.044513563,0.030873955,0.046094228,0.089970426,0.046170712,0.062793188,0.038573322,0.028299001,0.063175607,0.022052825,0.021109525
N:ACG,0.037729493,0.054320364,0.05373084,0.053309752,0.042950985,0.062742126,0.06080512,0.073269328,0.045140643,0.052636011,0.039329628,0.04985683,0.077985515,0.053141317,0.061647297,0.041771939,0.022654539,0.069058447,0.023917804,0.024002021
N:ACT,0.047134914,0.049177352,0.051696358,0.041869965,0.039714059,0.04874617,0.105094746,0.092363554,0.033700216,0.040712584,0.032429366,0.03960059,0.097560422,0.048814252,0.072075343,0.036491547,0.025848179,0.053693407,0.023102235,0.020174742
N:ATA,0.064929258,0.06122449,0.054741145,0.041007952,0.041295391,0.047650985,0.104244515,0.099134489,0.034524608,0.045511162,0.035099486,0.034173294,0.070198972,0.058030724,0.053751078,0.035131423,0.026156942,0.049152055,0.023601929,0.020440101
N:ATC,0.056112496,0.050720711,0.05280698,0.04221307,0.038744988,0.053132112,0.105641053,0.099192587,0.033163542,0.043323941,0.03413894,0.039612008,0.083748781,0.048417687,0.058876124,0.037417362,0.026389943,0.053999133,0.021919367,0.020429175
N:ATG,0.052467662,0.053215124,0.055478272,0.042127774,0.040134543,0.051118078,0.092809833,0.101634034,0.034777734,0.045657455,0.033324336,0.041006582,0.080580529,0.054896913,0.055914291,0.038390466,0.027303117,0.057118535,0.022673006,0.019371717
N:ATT,0.06029858,0.05563782,0.053234616,0.041849739,0.042747906,0.050661488,0.105231217,0.098142979,0.03536837,0.045054011,0.035222721,0.037019056,0.070785289,0.057482704,0.054132783,0.036339362,0.026386697,0.046898895,0.027576162,0.019929603
N:CCA,0.041442135,0.050118681,0.057752759,0.043206313,0.042564793,0.05218758,0.096725045,0.093389145,0.036438286,0.042484604,0.031482551,0.047167693,0.089924942,0.043126123,0.061858481,0.038507185,0.028691943,0.06115281,0.021314473,0.02046446
N:CCC,0.03408495,0.049501835,0.064708967,0.047446251,0.045852124,0.053969586,0.085453592,0.086628212,0.041027792,0.043314106,0.034273728,0.050214997,0.079265863,0.03909806,0.059611956,0.03941269,0.026596749,0.073623492,0.020367069,0.025547981
N:CCG,0.03099983,0.050701187,0.065576563,0.053539999,0.049565662,0.059671833,0.059842162,0.064838472,0.052234145,0.048657242,0.038040084,0.055867825,0.083177199,0.042809289,0.051609607,0.036961335,0.025378981,0.076704707,0.024697666,0.029126214
N:CCT,0.039476547,0.050554747,0.061750088,0.043543016,0.042689559,0.051826564,0.092106364,0.089479057,0.036782302,0.043358937,0.031795438,0.045266663,0.088341115,0.04265609,0.066268387,0.03787004,0.028331409,0.063992503,0.02200579,0.021905383
N:CTA,0.052516809,0.055315283,0.058077412,0.040123569,0.042049791,0.051135744,0.094421225,0.094639288,0.036053062,0.04270398,0.033908777,0.038379066,0.08446302,0.051535526,0.055715065,0.038742504,0.027912048,0.052880247,0.026421952,0.023005633
N:CTC,0.040459988,0.048249547,0.062597809,0.044996571,0.044451478,0.051414605,0.095162737,0.08988764,0.036222328,0.041075416,0.031404406,0.043097537,0.086916003,0.042781031,0.069789524,0.036099242,0.027483252,0.064127587,0.021504809,0.02227849
N:CTG,0.037521282,0.04621603,0.05961556,0.042654952,0.041719195,0.050478926,0.104336977,0.087935225,0.034727006,0.040354548,0.029788285,0.045930104,0.097097852,0.042187074,0.074210779,0.037313336,0.027773807,0.059277647,0.020651651,0.020209766
N:CTT,0.049767196,0.052444869,0.055327205,0.045997987,0.039670493,0.05251309,0.084679276,0.094281377,0.035577235,0.044292463,0.034281036,0.040011598,0.079528593,0.053331742,0.069551277,0.039414664,0.026879061,0.056452851,0.025002985,0.020995003
N:GCA,0.041895604,0.047834518,0.058581125,0.044663058,0.040986587,0.051632191,0.09112395,0.085629444,0.037532321,0.044925663,0.032441823,0.047672915,0.086861668,0.048016322,0.074741435,0.038299935,0.027654331,0.057490304,0.021998222,0.020018584
N:GCC,0.035722938,0.051007598,0.066292259,0.046580773,0.045281357,0.054641559,0.080145358,0.086840656,0.041140844,0.045501597,0.032969937,0.051315934,0.08730316,0.040325955,0.058209448,0.038542011,0.028631208,0.06459641,0.021693646,0.023257351
N:GCG,0.029255829,0.050143724,0.065985308,0.052698818,0.048099649,0.054806771,0.058064516,0.062535931,0.059853082,0.04637496,0.042159055,0.06208879,0.083870968,0.039667838,0.05193229,0.037240498,0.027403385,0.075503034,0.024465027,0.027850527
N:GCT,0.040482276,0.048481183,0.064283903,0.046159549,0.042452738,0.052148975,0.086563786,0.085081062,0.03738026,0.041769905,0.032678463,0.047056987,0.088436701,0.045067015,0.071619486,0.03821917,0.028035195,0.06065513,0.02200675,0.021421464
N:GTA,0.051194539,0.05629603,0.051733429,0.041278965,0.038153404,0.048068978,0.10443686,0.091826837,0.032405245,0.043470451,0.031686725,0.036249326,0.093659062,0.056367882,0.064523082,0.03908748,0.026082271,0.052344171,0.023100413,0.018034848
N:GTC,0.038376985,0.04831049,0.055584204,0.042719501,0.041688153,0.052245895,0.096078165,0.088153074,0.037698467,0.042475234,0.032026055,0.046302076,0.095671054,0.044483648,0.067906093,0.03783417,0.026272221,0.063400733,0.021224047,0.021549735
N:GTG,0.039237199,0.047355927,0.056551834,0.041451397,0.041910195,0.051624743,0.091520217,0.090103928,0.034768905,0.042408889,0.029801919,0.043206798,0.101753406,0.047834673,0.073467515,0.037661327,0.026769863,0.061458977,0.020845385,0.020266901
N:GTT,0.049962232,0.051311104,0.053226503,0.044890472,0.040061509,0.053415345,0.094690838,0.092802417,0.037282832,0.043757419,0.036743283,0.041167584,0.077371318,0.054602352,0.06455703,0.037174922,0.02800259,0.053010683,0.02546671,0.02050286
N:TCA,0.049282097,0.049245793,0.056343141,0.042275508,0.038990035,0.051460311,0.100579042,0.097765515,0.032981794,0.042493329,0.032618758,0.03924416,0.090468498,0.050207838,0.065600552,0.036358026,0.02572108,0.056669873,0.022145178,0.019549473
N:TCC,0.041594769,0.049423304,0.057270003,0.044827899,0.042957043,0.051076197,0.094578149,0.090128054,0.037980202,0.041195168,0.033112342,0.0450277,0.088111888,0.042630097,0.066388157,0.037144674,0.027554264,0.064953229,0.022159659,0.021887204
N:TCG,0.039930267,0.054208866,0.051386352,0.052050473,0.044579113,0.061016105,0.069649676,0.069566661,0.047650672,0.04972605,0.039183131,0.05379379,0.079860535,0.046820521,0.059604848,0.040594388,0.025153578,0.066578117,0.023991366,0.024655487
N:TCT,0.046733591,0.04972973,0.057096525,0.043413127,0.042362934,0.051984556,0.099305019,0.096092664,0.034223938,0.041667954,0.031166023,0.039289575,0.080895753,0.049498069,0.069590734,0.03772973,0.027413127,0.05646332,0.023953668,0.021389961
N:TTA,0.061267036,0.056693011,0.055728421,0.043188749,0.043344328,0.051403323,0.101281971,0.091604954,0.035098637,0.04630033,0.035938764,0.033822889,0.068361441,0.059804593,0.055448379,0.037370091,0.026541789,0.045180161,0.028408737,0.023212397
N:TTC,0.04838194,0.05165003,0.053781393,0.045433555,0.041099783,0.052271678,0.091719655,0.09544954,0.035735853,0.042822635,0.033568967,0.039554545,0.078807147,0.053674825,0.068470037,0.038169159,0.02667756,0.056250222,0.025967106,0.020514369
N:TTG,0.052519708,0.052189525,0.053613438,0.044368319,0.038507574,0.052994346,0.0911511,0.096330843,0.037063024,0.044698502,0.036753477,0.04257295,0.078727971,0.053118164,0.063560196,0.037805935,0.027632176,0.053241983,0.024165257,0.018985513
N:TTT,0.055292983,0.057316283,0.052842894,0.044670661,0.042141536,0.05382293,0.097213221,0.094462798,0.036688112,0.04233122,0.036150673,0.036466813,0.06450848,0.061536759,0.057869529,0.036024216,0.028247159,0.05121477,0.030096581,0.021102382
T:ACA,0.035255024,0.06580413,0.093608411,0.044067605,0.061211013,0.062475325,0.049411555,0.082074505,0.040857476,0.05758023,0.048698323,0.07662833,0.028893516,0.040400397,0.038694281,0.042449616,0.032144771,0.046042799,0.021619024,0.03208367
T:ACC,0.031949273,0.061131196,0.088716737,0.041341538,0.064482589,0.062446373,0.047891463,0.086256549,0.042616336,0.057122215,0.048019808,0.08638201,0.027974902,0.035299224,0.037789696,0.046884892,0.029992371,0.048828815,0.020845261,0.034028752
T:ACG,0.024235103,0.059034541,0.085813137,0.043609214,0.06471323,0.065350131,0.048983835,0.07589803,0.046777282,0.056938931,0.054288602,0.084066797,0.031319083,0.03833321,0.037404568,0.04857704,0.03022197,0.047615526,0.023458495,0.033361275
T:ACT,0.038022239,0.066974679,0.093591593,0.044787932,0.061932576,0.060957072,0.049660967,0.079283692,0.040489428,0.057671476,0.047638142,0.077141173,0.029522481,0.04035178,0.038691028,0.042476346,0.03200164,0.044569491,0.021776795,0.032459469
T:ATA,0.049330058,0.073198394,0.100093469,0.048207498,0.057183346,0.058171385,0.051565903,0.074501864,0.038113727,0.057533567,0.047446754,0.066020034,0.029829041,0.044705293,0.040270713,0.035952101,0.033924997,0.041170618,0.02188298,0.030898257
T:ATC,0.038883896,0.065889502,0.091933068,0.044529465,0.061485,0.059877605,0.050015834,0.081802542,0.039780888,0.058631403,0.048271494,0.07768049,0.029022125,0.040273891,0.039606282,0.042043908,0.032154748,0.044202508,0.021592845,0.032322506
T:ATG,0.038722558,0.065900166,0.09449042,0.043956725,0.06091901,0.060320744,0.049985505,0.083307857,0.039394618,0.058083177,0.047956145,0.076002161,0.028611338,0.04065572,0.039133701,0.041564979,0.0319611,0.045526184,0.021458504,0.03204939
T:ATT,0.048395994,0.074068274,0.097986006,0.049164721,0.05797839,0.058423255,0.051746719,0.072710546,0.037710332,0.057843151,0.048461834,0.065847166,0.030770435,0.045906528,0.040505865,0.036373957,0.032975187,0.040710503,0.022100903,0.030320232
T:CCA,0.032304822,0.060519313,0.089239598,0.041291504,0.064570443,0.061935344,0.048048487,0.089419351,0.042087962,0.056844899,0.047376327,0.08604803,0.027498348,0.035372093,0.037289137,0.046548317,0.030014887,0.048907094,0.020718418,0.033965623
T:CCC,0.02646032,0.054899964,0.083926473,0.039236287,0.067038866,0.064098565,0.047316139,0.094210356,0.043974235,0.056311548,0.048365563,0.093062921,0.02585194,0.031067987,0.037185247,0.049761609,0.027667516,0.052838167,0.02039804,0.036328257
T:CCG,0.02174498,0.055620435,0.082802353,0.040288823,0.06841111,0.067218312,0.047329104,0.084161588,0.047365165,0.055789646,0.051614854,0.090749715,0.029636862,0.034219425,0.036019717,0.050774348,0.028371942,0.049404017,0.022685348,0.035792253
T:CCT,0.030862601,0.060077635,0.086749091,0.04066992,0.065008623,0.063109236,0.047567642,0.08837128,0.041510296,0.05700992,0.04739293,0.08789497,0.02787785,0.034981519,0.038303982,0.047624253,0.029844584,0.049436772,0.020637534,0.035069363
T:CTA,0.041113962,0.067036212,0.093178737,0.044880422,0.061415569,0.058982862,0.04908017,0.081143493,0.039049187,0.058280887,0.046998451,0.077241479,0.029313517,0.039354183,0.039952072,0.042045895,0.032218242,0.044485864,0.021678931,0.032549864
T:CTC,0.030335565,0.0613197,0.087256264,0.041514794,0.065251856,0.063081599,0.04859163,0.086157558,0.041247428,0.056765084,0.047454282,0.087345038,0.028681239,0.036407691,0.037678722,0.046681427,0.030031645,0.048164472,0.021417456,0.03461655
T:CTG,0.030086179,0.060446388,0.088731013,0.041479576,0.064801121,0.063083342,0.047636645,0.086672654,0.042111411,0.057596472,0.047755653,0.086433856,0.028688624,0.035814195,0.037416881,0.047179406,0.030610751,0.048330333,0.021087806,0.034037696
T:CTT,0.038590611,0.066902735,0.09243148,0.044479473,0.062209195,0.061082361,0.049800102,0.077349231,0.039658589,0.057428976,0.047957358,0.077784769,0.029648702,0.04110967,0.039920768,0.042740531,0.032039346,0.043980798,0.021975952,0.032909352
T:GCA,0.031292874,0.060819721,0.090431184,0.042428147,0.063928701,0.062829921,0.048262924,0.084413881,0.042587706,0.057721621,0.048577207,0.083292134,0.029334652,0.036387878,0.037664349,0.046777334,0.030800901,0.047714138,0.021339787,0.033394941
T:GCC,0.027176538,0.055640675,0.086765607,0.038775937,0.06708478,0.063920196,0.046559004,0.09161642,0.043812615,0.056276527,0.048047141,0.090710332,0.027706007,0.033075284,0.036620156,0.050124664,0.028641442,0.050773966,0.020848593,0.035824119
T:GCG,0.021067491,0.05342485,0.083287508,0.038681295,0.06699147,0.066555567,0.049119477,0.086040398,0.050490893,0.055631186,0.051597414,0.089145363,0.030724402,0.035418734,0.035016363,0.050819496,0.02814252,0.050246117,0.022459025,0.035140428
T:GCT,0.030145708,0.060161939,0.088711885,0.041966842,0.064987842,0.063030903,0.047518505,0.08414721,0.042006594,0.057371342,0.048078441,0.087196763,0.029607352,0.035915439,0.037301083,0.047891038,0.030584117,0.04740947,0.021630812,0.034336714
T:GTA,0.040069075,0.068287716,0.094958278,0.045528778,0.06081333,0.060298757,0.049468747,0.07658629,0.040435381,0.057730255,0.047691727,0.075188658,0.029572665,0.04093251,0.039811789,0.042133907,0.032224022,0.044246707,0.021989259,0.032032148
T:GTC,0.030371976,0.061295961,0.089902162,0.042101763,0.064385247,0.06327959,0.048457241,0.083433661,0.042576786,0.05718947,0.049287711,0.083980757,0.028865007,0.036987897,0.037767589,0.046088679,0.030586555,0.048042824,0.021790443,0.033608683
T:GTG,0.030051301,0.060397937,0.090079765,0.041195051,0.063712258,0.063602875,0.048452041,0.087864141,0.043022972,0.056874572,0.048977082,0.083863134,0.027958429,0.036301962,0.037089523,0.046347016,0.030328406,0.049454723,0.020891038,0.033535774
T:GTT,0.038694238,0.069328063,0.092231194,0.046543701,0.060867022,0.06113647,0.050105032,0.075860419,0.04048288,0.0581619,0.048663836,0.075039664,0.030428193,0.042374339,0.039433449,0.041227409,0.032745096,0.042700513,0.02222951,0.031747073
T:TCA,0.03756754,0.065238709,0.093133322,0.043422236,0.06219385,0.060832346,0.049506166,0.081449399,0.039712834,0.057875476,0.047958266,0.07895794,0.029163497,0.040273181,0.038963775,0.042703279,0.031733683,0.045052336,0.021429787,0.032832379
T:TCC,0.031443803,0.062044202,0.086544379,0.04238296,0.064447849,0.063034901,0.048670848,0.086617481,0.041579926,0.056952137,0.047925641,0.085498034,0.028221847,0.036583876,0.038129934,0.046032619,0.030424735,0.048034749,0.021202936,0.034227145
T:TCG,0.02782767,0.05868123,0.085372168,0.043232201,0.063932039,0.064466019,0.049571197,0.07796521,0.045914239,0.057795307,0.052079288,0.084635922,0.031589806,0.036755663,0.036690939,0.049069579,0.029575243,0.046832524,0.023313107,0.034700647
T:TCT,0.036697831,0.066221658,0.091365953,0.043871836,0.062962102,0.060995437,0.049991454,0.080622337,0.039567831,0.057723955,0.047436478,0.079447704,0.029297248,0.040500978,0.039415784,0.042505406,0.031974456,0.044761257,0.022011941,0.032628355
T:TTA,0.046071724,0.076359434,0.09650747,0.050470763,0.057535488,0.059910093,0.05115141,0.066147536,0.038019951,0.058130781,0.049514355,0.06603373,0.032126115,0.046944966,0.041149615,0.037059166,0.033561821,0.040022499,0.022842173,0.030440911
T:TTC,0.03948631,0.067759278,0.091636151,0.045034359,0.061510039,0.060806573,0.050599483,0.07815191,0.039526151,0.057905059,0.04787099,0.076143958,0.029808527,0.042154473,0.039828937,0.041460114,0.032411808,0.043461236,0.022053325,0.032391318
T:TTG,0.040552931,0.06736345,0.094779747,0.045326524,0.061603067,0.060100954,0.049842456,0.078663558,0.040037608,0.057346167,0.047992226,0.075700449,0.029387135,0.040800999,0.039396195,0.04171515,0.031969234,0.043564009,0.021673732,0.032184409
T:TTT,0.046300418,0.074991096,0.095847431,0.04876458,0.058416437,0.060294052,0.051443549,0.067856825,0.038629686,0.057569451,0.0492632,0.066482281,0.031937272,0.046716677,0.040285816,0.037394266,0.033748108,0.040190099,0.023040023,0.030828733
U:ACA,0.03851425,0.063692926,0.08312611,0.048076646,0.059637826,0.064083017,0.051802644,0.077886929,0.050910844,0.060312141,0.046584176,0.072751312,0.037187482,0.031634157,0.033148491,0.035508596,0.030055384,0.049141053,0.03381245,0.032133565
U:ACC,0.035394879,0.060523068,0.082034158,0.044358433,0.0630991,0.065184116,0.048982043,0.082873636,0.055165095,0.059362486,0.045791161,0.080432958,0.034175259,0.028637295,0.031456675,0.037033517,0.028247074,0.052573224,0.0313602,0.033315622
U:ACG,0.02807441,0.060813666,0.077839542,0.044559847,0.062577206,0.072130388,0.045811391,0.074491255,0.05939552,0.057197191,0.051102009,0.076909011,0.039533353,0.03029712,0.030695338,0.038818185,0.029240622,0.051110136,0.035270789,0.034133021
U:ACT,0.041618659,0.063210095,0.081807012,0.049937093,0.059972777,0.063735423,0.05147629,0.075897436,0.050531582,0.059772652,0.04670419,0.072743994,0.037607328,0.030950226,0.033428246,0.035460398,0.031066475,0.04760181,0.03408601,0.032392304
U:ATA,0.054329561,0.064982015,0.08265587,0.055467246,0.054243269,0.060851379,0.053484813,0.068031737,0.043926898,0.0626635,0.048098409,0.064287142,0.040016532,0.033749046,0.035399938,0.032693111,0.031666697,0.044571813,0.036335519,0.032545507
U:ATC,0.043462039,0.063877988,0.082741061,0.049461787,0.059121886,0.062957019,0.052125541,0.076408554,0.049811352,0.060205874,0.046295534,0.072627201,0.037144658,0.030867611,0.03343557,0.035259023,0.029590353,0.047297172,0.034282593,0.033027184
U:ATG,0.042870522,0.063495578,0.083215341,0.048192865,0.058599179,0.06247175,0.052457513,0.078786568,0.049965677,0.060952942,0.046068357,0.072500316,0.036783565,0.031786867,0.033226218,0.034996424,0.029696225,0.048379134,0.033034739,0.032520219
U:ATT,0.053322629,0.06618036,0.081052118,0.056842439,0.055217779,0.061454545,0.053210642,0.065942605,0.043218034,0.060674088,0.048476213,0.063234263,0.040437332,0.034522741,0.035449642,0.032979055,0.032157249,0.043988154,0.03890226,0.032737854
U:CCA,0.036130813,0.060271741,0.082880719,0.043858673,0.062864642,0.063853646,0.05031934,0.085067849,0.054714704,0.05875418,0.045105721,0.08002402,0.034003158,0.028227408,0.031675975,0.037062262,0.028285923,0.052432607,0.031294186,0.033172432
U:CCC,0.030281799,0.057491251,0.08190667,0.041289732,0.066331964,0.065216286,0.047606256,0.090766744,0.057631618,0.057968016,0.045360381,0.086877605,0.0314725,0.025009559,0.030869889,0.037994734,0.026756889,0.056906791,0.027721308,0.034540007
U:CCG,0.025956645,0.057489142,0.080034613,0.041830014,0.06627862,0.072778215,0.043043124,0.079672906,0.060981005,0.056033967,0.049581672,0.08377967,0.035533532,0.028112975,0.030900901,0.039637514,0.027194796,0.054086314,0.031685526,0.035388849
U:CCT,0.034575999,0.061241035,0.082869967,0.043876333,0.064243084,0.064817862,0.04968528,0.08374961,0.055002947,0.058686574,0.044619079,0.082130135,0.034050738,0.027680606,0.032120571,0.037128518,0.028201984,0.05283782,0.029261245,0.033220611
U:CTA,0.044941064,0.064088582,0.082862246,0.050284558,0.059666627,0.061712109,0.050727468,0.076456721,0.048641505,0.060071437,0.046436481,0.073570663,0.037006787,0.030598881,0.033523038,0.034858912,0.030620312,0.046134064,0.034365996,0.033432551
U:CTC,0.033876628,0.062100452,0.082423749,0.044570062,0.062594106,0.065708559,0.049780741,0.082240303,0.054510133,0.058191412,0.045839753,0.081279791,0.035013372,0.028161989,0.031561915,0.036690147,0.028941117,0.052584985,0.030933254,0.032997532
U:CTG,0.033818027,0.061457313,0.083145434,0.044117224,0.063062776,0.065207277,0.049979844,0.082343867,0.05496012,0.058759793,0.0457623,0.079724019,0.034858821,0.028175217,0.032176836,0.037217694,0.028946492,0.051919293,0.031370609,0.032997043
U:CTT,0.041740961,0.064430715,0.082042036,0.050030802,0.060239092,0.06391647,0.051377285,0.074047099,0.049951042,0.059422597,0.046898105,0.074382932,0.038445594,0.03193882,0.033919188,0.035238384,0.03074661,0.046616844,0.032319781,0.032295643
U:GCA,0.035526835,0.061749425,0.083200112,0.043801824,0.062440411,0.065094812,0.049723365,0.08042533,0.054690284,0.058159664,0.046278061,0.078392095,0.035946965,0.02947408,0.032368038,0.037326531,0.029476487,0.050555197,0.031997265,0.03337322
U:GCC,0.031204884,0.057731802,0.083443396,0.040523922,0.066108852,0.066134677,0.047656467,0.086896531,0.058143768,0.057996198,0.045472433,0.084184935,0.033620111,0.027037264,0.031581187,0.038301766,0.02730043,0.053599845,0.028905253,0.034156281
U:GCG,0.02576476,0.056080188,0.078665853,0.040520057,0.065456509,0.072213764,0.042025768,0.080114555,0.063166084,0.055043964,0.050885653,0.080533739,0.038232986,0.029316092,0.030177935,0.039483833,0.027505215,0.052082844,0.036163891,0.036566308
U:GCT,0.034091679,0.061391679,0.082741476,0.043830223,0.062548286,0.066428116,0.048662221,0.080526527,0.054947885,0.058189548,0.046865187,0.081025766,0.036027641,0.028794327,0.031985163,0.037300587,0.029372631,0.050463772,0.031467852,0.033339433
U:GTA,0.043583582,0.063871407,0.082415628,0.049759929,0.059260834,0.063841046,0.050792212,0.073740984,0.049146198,0.06132323,0.047348378,0.071860755,0.038033979,0.031740524,0.033659789,0.035173515,0.030847036,0.04617947,0.034267014,0.033154491
U:GTC,0.033621558,0.061794506,0.081212546,0.045865191,0.062564576,0.066290618,0.049484683,0.080813788,0.055525779,0.058656106,0.046499651,0.077944994,0.03610451,0.029498373,0.031744007,0.037139342,0.028975306,0.051825567,0.03225093,0.032187968
U:GTG,0.033597493,0.060226008,0.082036732,0.043309297,0.062682089,0.065518076,0.050256497,0.08430528,0.055514688,0.05941538,0.04596017,0.078215893,0.034818274,0.029139041,0.031316847,0.036856942,0.028737357,0.052936408,0.03228718,0.032870348
U:GTT,0.042127789,0.064971562,0.082167281,0.052160923,0.058208716,0.064178973,0.050916904,0.071179595,0.049107735,0.059511318,0.048053248,0.070991786,0.03899362,0.032361724,0.034150216,0.03525984,0.031188348,0.046376752,0.035292577,0.032801093
U:TCA,0.041507128,0.063104056,0.082057876,0.048758353,0.059693118,0.063994557,0.051947801,0.077111277,0.050906233,0.060708562,0.046373081,0.073447046,0.037073931,0.030818841,0.033138233,0.035164578,0.030044196,0.04870724,0.033045094,0.032398799
U:TCC,0.035277504,0.062300072,0.081928475,0.045668628,0.062711461,0.065354561,0.050107081,0.081646255,0.054181904,0.057762842,0.045460219,0.079874781,0.034886738,0.028328378,0.032161143,0.037029439,0.028678982,0.052347474,0.031223304,0.03307076
U:TCG,0.031454973,0.061229145,0.078745483,0.046598181,0.061897463,0.072246389,0.045381602,0.074799605,0.057799513,0.055998655,0.050211901,0.078017136,0.037805996,0.029734153,0.031246874,0.038842489,0.028769694,0.050604088,0.034876601,0.03374006
U:TCT,0.039559936,0.064912318,0.082772882,0.049106149,0.059937449,0.063362086,0.051824377,0.07673356,0.050294467,0.059261037,0.046728547,0.074770126,0.037180398,0.030836254,0.033188697,0.035132776,0.030262417,0.048488766,0.033234178,0.032413581
U:TTA,0.050585848,0.066466133,0.080731081,0.058213006,0.055923388,0.062201982,0.051234923,0.062397335,0.043317887,0.0615256,0.049749823,0.064764674,0.042708723,0.035606707,0.035902887,0.032980998,0.033144842,0.041757166,0.038245019,0.03254198
U:TTC,0.042443353,0.065285651,0.081623203,0.05139684,0.058941187,0.064268311,0.052026834,0.072995845,0.049050501,0.059253958,0.047452141,0.071891686,0.038006681,0.031733452,0.034132105,0.034962451,0.030816288,0.047299651,0.033912832,0.032507032
U:TTG,0.044479548,0.063891208,0.082690437,0.050195128,0.059091577,0.062995493,0.051826032,0.074173048,0.049338533,0.059268292,0.046521886,0.07213071,0.03831476,0.032137832,0.033830788,0.035266091,0.030595961,0.046616314,0.034042576,0.032593784
U:TTT,0.050089188,0.067275746,0.082235265,0.057439481,0.055531047,0.063791336,0.052008277,0.063224454,0.044015446,0.060414549,0.049866484,0.064645922,0.041743654,0.035509012,0.035775404,0.033185006,0.032555255,0.041973817,0.037027447,0.03169321