,X,Y,1,2,3,4,5,6,7,8,9,10,11,12,13,14,15,16,17,18,19
AACAA, 0.047321458133298015, 0.0015064728669337485, 0.07020825745786842, 0.08574479356355329, 0.051898817998212096, 0.05665000165546469, 0.06276694368109129, 0.05385226633115916, 0.0685031288282621, 0.041668046220574115, 0.060267192000794625, 0.04859616594378042, 0.06620203291063802, 0.03666854285998079, 0.04054233023209615, 0.038050855875244184, 0.03471509452703374, 0.0337466476840049, 0.04093964175744132, 0.02990596960566831, 0.030245339866900634
AACAC, 0.036891786179921775, 0.0007822685788787483, 0.06589830508474577, 0.08536114732724902, 0.049804432855280314, 0.059546284224250325, 0.062383311603650585, 0.05147327249022164, 0.07665189048239895, 0.04664406779661017, 0.05865971316818775, 0.04730117340286832, 0.07019556714471968, 0.037308996088657106, 0.03752803129074315, 0.037204693611473265, 0.038122555410691004, 0.03129074315514994, 0.046289439374185136, 0.02849543676662321, 0.03216688396349413
AACAG, 0.039553314121037464, 0.0009942363112391932, 0.06564841498559078, 0.08485590778097983, 0.04935158501440922, 0.05981268011527378, 0.06335734870317003, 0.05273054755043228, 0.07610230547550433, 0.04404178674351585, 0.0599135446685879, 0.04706051873198847, 0.07278097982708934, 0.03520893371757925, 0.037644092219020174, 0.03734149855907781, 0.037752161383285306, 0.03203170028818444, 0.04444524495677234, 0.028638328530259365, 0.030734870317002883
AACAT, 0.048098874281665746, 0.0015744312367157365, 0.06900928914429662, 0.08682988270487287, 0.05032275840352673, 0.055665984413130754, 0.060477839880343234, 0.0533240179485161, 0.07397858773518066, 0.042302999291505945, 0.059690624261985355, 0.04702629300165315, 0.06431551601983783, 0.03657600566795245, 0.04176178855388491, 0.03886877115641974, 0.03591671258757774, 0.03274816972368732, 0.042696607100684875, 0.0274738250806896, 0.03134102180587263
AACCA, 0.042435645942591776, 0.0010208575203170664, 0.0656351335121502, 0.08877457063933704, 0.048230513631450415, 0.05883942511709836, 0.05879939148885063, 0.053064574242363584, 0.07868609632090956, 0.04527803354818047, 0.05762840786260458, 0.04661916009447936, 0.07397213659473958, 0.03441891188598423, 0.036020257015893356, 0.03714119860682974, 0.03740141719043997, 0.03196685215581088, 0.045047840185756034, 0.027242884022578965, 0.03177669242163417
AACCC, 0.03396038404050469, 0.0004309009870325734, 0.06028574121702598, 0.08518373887400185, 0.04641611569691503, 0.06273649058077374, 0.060474260398852724, 0.049109246865868594, 0.08636871658834143, 0.04932469735938489, 0.05818509890524218, 0.04651037528782839, 0.07989173612700806, 0.0322771770599087, 0.032142520501461026, 0.036532324306855365, 0.04030270794339038, 0.02990722163122955, 0.05046927810619016, 0.026581204637571874, 0.0329100628846128
AACCG, 0.031010413090742647, 0.0003814318953350879, 0.06221154212915284, 0.08189342792844338, 0.04546668192394248, 0.061830110233817744, 0.06774230461151161, 0.047450127779684936, 0.07491322424381126, 0.049509860014494415, 0.05626120456192547, 0.05095930121676775, 0.0794141206087653, 0.03459587290689247, 0.03413815463249037, 0.03596902773009879, 0.043178090551931954, 0.030743410764008085, 0.04737384140061792, 0.02971354464660335, 0.03524430712896213
AACCT, 0.038027970358797424, 0.0010090160466100315, 0.06573793791838906, 0.08627629680261259, 0.046729377556445226, 0.061821219715956555, 0.06196226496978377, 0.050266358537035226, 0.07794377719189749, 0.04772754396814547, 0.058815870845946035, 0.04602415128730918, 0.07689136260564831, 0.03412210179127472, 0.03564105067864466, 0.03662836745543512, 0.0387874448024824, 0.03187622736494917, 0.045351473922902494, 0.025767882910740055, 0.032592303268994996
AACGA, 0.03531109107303878, 0.0005770964833183048, 0.06470694319206494, 0.08173128944995492, 0.05240757439134355, 0.059801623083859334, 0.0684941388638413, 0.046889089269612265, 0.06654643823264202, 0.05024346257889991, 0.05464382326420198, 0.053669972948602346, 0.07159603246167717, 0.03678990081154193, 0.038809738503156, 0.0363931469792606, 0.0406131650135257, 0.030333633904418397, 0.04587917042380523, 0.031596032461677186, 0.03296663660955816
AACGC, 0.0293054997992774, 0.0005218787635487756, 0.06451224407868326, 0.07771979124849458, 0.046848655158570854, 0.06126053793657166, 0.06591730228823765, 0.04749096748293858, 0.07434765154556403, 0.052589321557607385, 0.05375351264552389, 0.05206744279405861, 0.07627458851866721, 0.0369731031714171, 0.03556804496186271, 0.0367322360497792, 0.03934162986752308, 0.03187474909674829, 0.04793255720594139, 0.03315937374548374, 0.0358089120835006
AACGG, 0.02751559216889571, 0.0007003968915718907, 0.06296901577560618, 0.08174632291631925, 0.04862755561484841, 0.06163492645832639, 0.06630423906880566, 0.04682653503652069, 0.07167394857085682, 0.053296868225327684, 0.058232998699262906, 0.05179601774338792, 0.07907814428175966, 0.03488643564686656, 0.0333188806990628, 0.03575359370309842, 0.04322449387986526, 0.03038388420104726, 0.04832738551846046, 0.02961678284361138, 0.03408598205649868
AACGT, 0.03348949564453554, 0.0005490081253202547, 0.06840641241490374, 0.08176561013102994, 0.050179342654271285, 0.056840641241490374, 0.06829661078983969, 0.05061854915452749, 0.06474635824610205, 0.05032574482102335, 0.055230217407217626, 0.05343679086450479, 0.07107825195812897, 0.04040699802357075, 0.03897957689773809, 0.03788156064709758, 0.03941878339799429, 0.03213527560207891, 0.046153283068589415, 0.030598052851182195, 0.02946343605885367
AACTA, 0.050143536659472375, 0.0018649288602979694, 0.06860423695073654, 0.0871906627831444, 0.05282568153720428, 0.05854619365924187, 0.058273788320097226, 0.051882739978626656, 0.06879282526245206, 0.04142656580684366, 0.05875573622781468, 0.04863483016574817, 0.06736793579615699, 0.03700521760995746, 0.04027408167969323, 0.04081889235798252, 0.03499360895165853, 0.031054208662489785, 0.03951972843283113, 0.03044653521362865, 0.031578065083921796
AACTC, 0.03867866778515882, 0.0009635658738975673, 0.06806175890448228, 0.08541728070374317, 0.04712403926814338, 0.05996780556374272, 0.06234838007572494, 0.05257668850749314, 0.07756138481420183, 0.046432539052758064, 0.05790464098669146, 0.04654589974380484, 0.07421724442832203, 0.035175822431813546, 0.037238987008864806, 0.03600335547645499, 0.037839798671412704, 0.03132155893622327, 0.045151563243929535, 0.027557983993470425, 0.031911034529666496
AACTG, 0.04099370077344933, 0.0012049153458372833, 0.06506542867521331, 0.08623118427231087, 0.04924205508943839, 0.05819918313827289, 0.06148612132434372, 0.05124434088472681, 0.07447439997873678, 0.04582222182845903, 0.059528133887358135, 0.04790424466869258, 0.07139123424085904, 0.03627149577836645, 0.03774220127402079, 0.03767132390073624, 0.03880536187328898, 0.03288710120402938, 0.044812219259154254, 0.027925685074111153, 0.031097447528594585
AACTT, 0.04682076806416481, 0.0016183700265656967, 0.06729976487831689, 0.0854275448614207, 0.05266318564434538, 0.05567600028499598, 0.062149480391258755, 0.05183873298930247, 0.06791047054871904, 0.04318706932527202, 0.05925880688468859, 0.04895823791057232, 0.06838885665720072, 0.038108033833094135, 0.03976711757101998, 0.03915641190061783, 0.03671358921900923, 0.033263102181237084, 0.04131423860270542, 0.029049233055462254, 0.03143098517003064
AATAA, 0.055925839004928424, 0.0022529922553391223, 0.07244778221074866, 0.08882891340061018, 0.05603144801689744, 0.05271063130720488, 0.058929828678713915, 0.05553860596104201, 0.061804740671203943, 0.0383595400140812, 0.06033794883830087, 0.04921379957756395, 0.05712274114057733, 0.03803097864351091, 0.0432762262379723, 0.041117108659938985, 0.03317296409293593, 0.03471016193381835, 0.03868810138465149, 0.030591410467026514, 0.030908237502933585
AATAC, 0.05243176687871948, 0.0018982146521649907, 0.06961830494561871, 0.08786510705246597, 0.05335522265544839, 0.054518092892810725, 0.05987071619125795, 0.05385115260961762, 0.06580477460838635, 0.042444763663725286, 0.05865654285518846, 0.048874752035022916, 0.0628975990149805, 0.03834051576715233, 0.04198303577536083, 0.03893905191873589, 0.03519392571311307, 0.031568506737806964, 0.042034338874067996, 0.029636090019837198, 0.03021752513851837
AATAG, 0.05403424868867633, 0.0016584387534711506, 0.06897948164146868, 0.08878432582536254, 0.05322431348349275, 0.054632058006788026, 0.05787179882752237, 0.054265658747300216, 0.07113930885529157, 0.04068960197469917, 0.05827676643011416, 0.04703409441530392, 0.06707034865782166, 0.03611925331687751, 0.037526997840172785, 0.040033940141931505, 0.0330145016970071, 0.03351589015735884, 0.04086315951866708, 0.030372570194384444, 0.030893242826288178
AATAT, 0.05855977735688609, 0.0022418924664682465, 0.0717663278059088, 0.0889284011699071, 0.05661422699805445, 0.052710241840928714, 0.0599512968188319, 0.054720214397072656, 0.06984654632600208, 0.03762256323038666, 0.05964207027173283, 0.04737608390346978, 0.05740017780526458, 0.035870279463491944, 0.04330460103333205, 0.03696545681780114, 0.030458814889258244, 0.03271359179518895, 0.04254441910504683, 0.03021401053947148, 0.030549005965495472
AATCA, 0.052032784022155415, 0.0016965856214368584, 0.06919823854492833, 0.08820997742044136, 0.051957934656503786, 0.05684809321241002, 0.05789598433153279, 0.05603722508451741, 0.0714936190915782, 0.041204575791220166, 0.059629994635795464, 0.04714262546624917, 0.06251169521338307, 0.0361148189269096, 0.040318858297675925, 0.039458090592682224, 0.034006561794388795, 0.03262184852983371, 0.04000698594079416, 0.030002120732026797, 0.031611382093536755
AATCC, 0.04520993369020404, 0.0011643261817200791, 0.06657957885470062, 0.08373209138540616, 0.047708975250969086, 0.05999119655813821, 0.060644355147883626, 0.054283158447754415, 0.07788206227725163, 0.043861019211381996, 0.05950842716571769, 0.045863092279949454, 0.0688372357192554, 0.03581012963778096, 0.03715904411660301, 0.03887713518962898, 0.03705965041816349, 0.030939838414244535, 0.04475556249733767, 0.02896616354523123, 0.031167024010677724
AATCG, 0.041187638434764265, 0.0005801075835882291, 0.06513026052104208, 0.08142600991456597, 0.05257884189431494, 0.06085855922371058, 0.06186056323172661, 0.05115494146187111, 0.06713426853707415, 0.045933973209577046, 0.05874907710157157, 0.05410821643286573, 0.06771437612066238, 0.035281088492775024, 0.03807615230460922, 0.03612488134163063, 0.0424005906549942, 0.032169602362619974, 0.04530112857293535, 0.030007383187427485, 0.03222233941567345
AATCT, 0.04997808512710626, 0.0015583909613324242, 0.06909272426219928, 0.08571150287328333, 0.050976429336709844, 0.05785526443946625, 0.06009545144638161, 0.05255917015681309, 0.07381659686373819, 0.04016509204246615, 0.05960845427096523, 0.0482370702249927, 0.06713256063114834, 0.036159540274666405, 0.037864030388623744, 0.03776663095354047, 0.036220414921593454, 0.032324437518262396, 0.04109038667575728, 0.030291224310898996, 0.03149654232005454
AATGA, 0.048821001379819484, 0.0011073710483991456, 0.06834061327263301, 0.08947733844247382, 0.051536697046131674, 0.056440768831899316, 0.059516799521896945, 0.054102985507501124, 0.0735522881274004, 0.041253965882425324, 0.060360510796867724, 0.04636017682782138, 0.06369141260117944, 0.036253218846400606, 0.040234481425168965, 0.03787033212342793, 0.03537435293497271, 0.03170069342520412, 0.04315231625110957, 0.030276930648690928, 0.03057574505857641
AATGC, 0.04511647125664996, 0.001187955167604979, 0.06786839522751924, 0.08796033262744693, 0.05012654305046227, 0.057667475853519966, 0.05907494447600847, 0.05168896234698621, 0.07632611951861991, 0.041475130416817316, 0.05761582562884149, 0.0464077268736119, 0.06802334590155468, 0.03525127834306079, 0.037782139352306184, 0.039964361344971853, 0.03694282320128092, 0.03260420432828883, 0.044406280667320906, 0.031145085481121843, 0.03136459893600537
AATGG, 0.04539442514213519, 0.0010265319014529373, 0.06602376816171826, 0.0876599020846494, 0.04894780480101074, 0.058453095388502845, 0.05964742577384712, 0.052264292482627914, 0.07726626658243842, 0.04419022425773847, 0.05917364181933039, 0.04650979153506001, 0.07076160770688567, 0.03451713518635502, 0.036570198989260894, 0.03718216993051169, 0.03647149399873657, 0.031407927984838914, 0.045808986102337336, 0.028733022741629814, 0.03199028742893241
AATGT, 0.04638404990422321, 0.0017249852072489492, 0.06981175597476708, 0.08736247756014882, 0.050576165117188675, 0.05560068598248939, 0.06035442428618708, 0.053685150083742014, 0.0759695520052953, 0.043134659164986815, 0.058468975338728926, 0.04735686132924151, 0.06410526421357723, 0.0363249791898587, 0.041850949243313174, 0.03711726890714164, 0.03466016788518819, 0.03166150174002868, 0.04491981827481421, 0.02801095165026928, 0.030919356941561112
AATTA, 0.05578652708992431, 0.0029649015288291123, 0.07120732777897404, 0.08775445977506502, 0.058701737531678067, 0.05480926904410913, 0.05883424709721233, 0.054428304043198115, 0.057061931658191574, 0.03620823878223709, 0.0580888807910821, 0.05174498534112931, 0.05654845709174631, 0.04096201944577874, 0.04752124293972471, 0.04015039835688139, 0.031835423119606444, 0.03450217812598347, 0.03723518791512762, 0.03383963029831216, 0.02981465224520895
AATTC, 0.05111445192496242, 0.0013072749852931565, 0.07026603045950716, 0.08408392705405582, 0.05431727563893065, 0.05752009935289888, 0.058696646839662726, 0.05337603764951958, 0.06864500947774364, 0.03996339630041179, 0.0603438133211321, 0.04889208444996405, 0.06341590953657102, 0.03676057258644356, 0.042107327276292565, 0.03872148506438329, 0.033557748872475326, 0.03234198313615269, 0.0431139290149683, 0.030564089156154, 0.030890907902477286
AATTG, 0.05909953424184923, 0.001966534414352251, 0.0700362256339486, 0.08552699672244264, 0.05433845092289115, 0.05708124892185614, 0.05873727790236329, 0.054079696394686905, 0.07065723650163878, 0.03995169915473521, 0.056805244091771616, 0.04899085734000345, 0.06253234431602553, 0.03631188545799551, 0.0393479385889253, 0.038916681041918234, 0.034086596515439015, 0.03146455062963602, 0.039554942211488704, 0.03046403312057961, 0.03005002587545282
AATTT, 0.05738171544235473, 0.002308762756177785, 0.07184574512945938, 0.08860799527705153, 0.05687568524921987, 0.054092519186978154, 0.06063928481066037, 0.05490427595513199, 0.06297967445390908, 0.03756219954457283, 0.058161845323437635, 0.04891625200303618, 0.05727629248545163, 0.03858480222653285, 0.0449523488234798, 0.0381947372859914, 0.032080205785611875, 0.03364046554777768, 0.0397549970481572, 0.03158471788816733, 0.029655477776840685
ACCAA, 0.043857002031906976, 0.0013177218500412416, 0.06462872432454181, 0.08701993682982276, 0.04790069809081215, 0.06048443881143501, 0.06008208099462852, 0.050968676443961615, 0.0780272396241978, 0.04510431126400708, 0.0586537107449655, 0.04595932162472088, 0.0744663729454604, 0.03410988391976986, 0.03637314663930634, 0.03774116321644839, 0.03881747037640574, 0.03092119822157845, 0.04468183555636027, 0.02727985997947975, 0.031605206510149475
ACCAC, 0.03474173472335286, 0.0007090149943541398, 0.06032754742084854, 0.08701627233178401, 0.0410966098579344, 0.0608965100706389, 0.06337368591511076, 0.05037507768528487, 0.0885568481219856, 0.05017375243997444, 0.05753525380110817, 0.045569531612440144, 0.08084521589944242, 0.03169559622909062, 0.03224705233581051, 0.034969319783269, 0.0406852060957783, 0.02954229143142249, 0.051714328230176035, 0.026049736088863212, 0.031879414931330584
ACCAG, 0.03394181403308614, 0.0006898473049523076, 0.060925456692182176, 0.08367051831411931, 0.04263123681662001, 0.06129691293331034, 0.062159222064500724, 0.05249472664800541, 0.08664216824314465, 0.050683877472505606, 0.05758235052202868, 0.04535082715345123, 0.0818397696971305, 0.03264171718913756, 0.03159367993738309, 0.03579246209156396, 0.040979583173032276, 0.0295971026413192, 0.04963584022075113, 0.026744849361227927, 0.03310603749054777
ACCAT, 0.041525681387981676, 0.0008728827689018351, 0.06243563715538294, 0.08758250703700435, 0.04621374839399378, 0.06021910338266592, 0.06155294671492041, 0.051990466943243004, 0.08516981983307342, 0.045340865625091945, 0.05803199262463098, 0.0450564431498318, 0.07541118663018212, 0.03384627455595767, 0.03669049930855916, 0.0345328115652063, 0.03788703523896391, 0.030423397181275194, 0.04754759172624827, 0.02643167485607242, 0.03123743392081286
ACCCA, 0.03240217681911876, 0.0005950892202606318, 0.057525291291861076, 0.08547723568120466, 0.041423384419011805, 0.06388153412276087, 0.06117344694650234, 0.05042734305599876, 0.09237682084364678, 0.05072919990685561, 0.058767216621100654, 0.04490767492604507, 0.08173421073057982, 0.030867019120475386, 0.030720402935773487, 0.03588646732615201, 0.04139751097465265, 0.028659151868493903, 0.05347178500892634, 0.024277915290343167, 0.033299122890236225
ACCCC, 0.02753588088493898, 0.0002843092863836912, 0.05551402065980814, 0.08141775564143335, 0.04028767887792602, 0.06524371623827224, 0.06302189181505155, 0.04650036328408816, 0.09652826771404804, 0.05267092779597123, 0.057904324660145105, 0.04843787842092517, 0.09071572230353701, 0.028810007686880707, 0.026419703686543748, 0.03296934724693841, 0.04360462055240241, 0.027104151968578558, 0.05754630555877305, 0.022534143439299967, 0.034948982278054486
ACCCG, 0.025319104415149615, 0.00015693659761456373, 0.055398618957940994, 0.07930529399455953, 0.04203285206110065, 0.06565181000209248, 0.07012450303410755, 0.04404687173048755, 0.08401339192299644, 0.05892969240426867, 0.05584327265118225, 0.049068842854153596, 0.08874764595103578, 0.032145846411383135, 0.029556392550742834, 0.03429064657878217, 0.04472693032015066, 0.027699309478970497, 0.053803096882192925, 0.02544988491316175, 0.033689056287926344
ACCCT, 0.032104466458449096, 0.0004215447699706835, 0.05802946981164614, 0.08263235547720785, 0.041608384908697234, 0.06410354672440552, 0.06283891241449348, 0.04820939278391998, 0.09114947594320642, 0.05039376113740444, 0.05902584835884957, 0.04574718810477304, 0.08617716377014313, 0.030044645423365077, 0.02954645614976336, 0.034988215907566726, 0.043869397765812716, 0.02790817988465002, 0.05418766406714059, 0.022840062082047943, 0.034173868056487
ACCGA, 0.02982275724396588, 0.00036295444921662334, 0.06130905571350795, 0.08127155042042224, 0.04754703284737766, 0.06309358175548968, 0.06914282257576675, 0.04654890811203194, 0.07171374992438449, 0.05205371725848406, 0.05816345048696389, 0.05081362289032727, 0.08378198536083721, 0.035388058798620774, 0.03327082451152381, 0.03414796443046398, 0.04276813259935878, 0.02888512491682294, 0.04800072590889844, 0.02797773879378138, 0.03393624100175428
ACCGC, 0.024797597984022306, 0.00032169856844137045, 0.054983646989437564, 0.08348077851053563, 0.04066806069379658, 0.06511715189534073, 0.06766393222883492, 0.0448501420835344, 0.08447268242989651, 0.05715511232641681, 0.05637767411935017, 0.05090879845584687, 0.08533054527907351, 0.03431451396707951, 0.03155326792129108, 0.03286687040909335, 0.04423355316068844, 0.026620556538523403, 0.05090879845584687, 0.028872446517612997, 0.03450217146533698
ACCGG, 0.0257347142631828, 0.0001314336785657957, 0.05756795121181851, 0.07854476631091951, 0.04137532201251248, 0.0667157352399979, 0.06732033016140056, 0.04497660480521529, 0.08209347563219599, 0.055964460333315806, 0.054781557226223646, 0.051469428526365595, 0.08632564008201461, 0.03309500026286736, 0.0317806634772094, 0.03388360233426213, 0.047815572262236476, 0.026076441827453868, 0.05144314179065244, 0.026391882656011778, 0.03651227590557805
ACCGT, 0.026694828243714986, 0.00032268473701193933, 0.058728622136172956, 0.08160990348792865, 0.04558655284695943, 0.061574114817096424, 0.0680571445334272, 0.04719997653201913, 0.07647628267182963, 0.05256827715685412, 0.061515444864912436, 0.05004546921294259, 0.08061251430080084, 0.03461527178855349, 0.03317785796004576, 0.03490862154947344, 0.04341576461615184, 0.031183079585790138, 0.05236293232421015, 0.026900173076358943, 0.0324444835577459
ACCTA, 0.04255029444803758, 0.0012084283623242673, 0.06435306532321204, 0.08338155700037445, 0.04569901623719236, 0.06292337542975798, 0.06096606188514825, 0.0500391462708922, 0.07590972529529905, 0.046192599652789594, 0.05858324539605813, 0.04603941859277666, 0.07689689212649352, 0.03480614085849474, 0.03535078462742962, 0.037529359703169146, 0.03955475371889573, 0.033070088845014806, 0.045767096708309224, 0.026721584913367603, 0.03245736460496306
ACCTC, 0.032101246131159764, 0.0005266484095218032, 0.06143151139991249, 0.08244073179822074, 0.04265852117126606, 0.0632707296916271, 0.06417008312942588, 0.04952115506149633, 0.08547908800700037, 0.0496345870266241, 0.058271620942781675, 0.04577790021227982, 0.08520361037740436, 0.03120189269336099, 0.031663722837095495, 0.03535836398697153, 0.040948939411126054, 0.029605742898348754, 0.051084895723614916, 0.025554601286642577, 0.0340944078041192
ACCTG, 0.03118455843469064, 0.0006240084611316764, 0.0595134849286092, 0.08441565309360127, 0.04118984664198837, 0.06517715494447383, 0.06475938656795346, 0.04892649391856161, 0.0841776837652036, 0.050973030142781595, 0.0578900052882073, 0.046282390269698576, 0.08370703331570598, 0.03298783712321523, 0.030946589106292968, 0.034600740349021684, 0.04298783712321523, 0.029365415124272872, 0.051914331041776826, 0.025023796932839768, 0.03335272342675833
ACCTT, 0.03887857847976308, 0.0008450148075024679, 0.06543731490621915, 0.08470681145113525, 0.04531490621915104, 0.062349457058242845, 0.06291806515301086, 0.04993484698914116, 0.07819151036525172, 0.0473208292201382, 0.05869299111549852, 0.045472852912142155, 0.07747285291214215, 0.03464560710760119, 0.03524580454096742, 0.03652517275419546, 0.038910167818361305, 0.02981243830207305, 0.048102665350444225, 0.026550839091806517, 0.03267127344521224
ACTAA, 0.0513797904635822, 0.0017803747917189746, 0.07189975120403551, 0.08429389879254069, 0.05459816027938189, 0.05628723379973066, 0.05941430234416014, 0.05306886398393098, 0.0656684394330191, 0.040811668302481105, 0.05788500604870923, 0.04848097509757823, 0.0642304444089384, 0.03957910113898336, 0.04238661523361712, 0.03839218461117071, 0.035379242655953984, 0.03300540960032868, 0.039670402410353564, 0.031225034808609716, 0.030563100591175733
ACTAC, 0.042360379346680715, 0.0012644889357218123, 0.06492959095698822, 0.08874413257974902, 0.046728613851901524, 0.05793658396398122, 0.06128939553597087, 0.05050292173579845, 0.07964364402720567, 0.04657534246575343, 0.06033144937254526, 0.04605805153750359, 0.07573522368042916, 0.03433279049717406, 0.03366222818277612, 0.036210364977488266, 0.038547753616246766, 0.030079509531564325, 0.04487019829485583, 0.027167353194750454, 0.033029983714915216
ACTAG, 0.049223154131720064, 0.0010449608139694762, 0.0639626014024474, 0.085356799120033, 0.0492781520692974, 0.061817681836931114, 0.057087859205279805, 0.05128557679087034, 0.07914203217379348, 0.040670974838443556, 0.057170356111645816, 0.04718823044135845, 0.07086484256840368, 0.0375635913653238, 0.03552866767496219, 0.038003574865942524, 0.036436133644988315, 0.030661350199367523, 0.04322837893578991, 0.031348824419084285, 0.03313625739034786
ACTAT, 0.0520588598986027, 0.002143357652199002, 0.06807221466551255, 0.09063929763818473, 0.05043073245125922, 0.05578912658175673, 0.056757759366885124, 0.05135814681999919, 0.07755245043485429, 0.04154816371954989, 0.06034376159267961, 0.04511355673715016, 0.0664646964263633, 0.035653930176002636, 0.037364494456123, 0.03899262190346647, 0.03402580272865916, 0.03332508965005564, 0.041651209760521, 0.02988335188162071, 0.030831375458554883
ACTCA, 0.03662317251146363, 0.0008635504011191615, 0.06320325385791142, 0.08692498337665477, 0.04419650952927868, 0.06151069507171786, 0.06376456161863887, 0.05226207027573164, 0.08337579122805502, 0.04925691487983696, 0.05696841996183107, 0.04600132986761772, 0.07509434288132227, 0.03279764423450575, 0.0340843343321733, 0.036795882591687465, 0.03874750649821677, 0.031018730408200273, 0.04876469115119904, 0.025733801953351006, 0.032011813369487316
ACTCC, 0.03310317020311476, 0.0005644876770324077, 0.06303109722292223, 0.08407842346655915, 0.04302202509954135, 0.06379718764175193, 0.06343430270651682, 0.052487273826924044, 0.08566100498966786, 0.04912050803890933, 0.05707373620281236, 0.04612670732321959, 0.08102414192833021, 0.0329217277354972, 0.03287132705004788, 0.0340003024041127, 0.03983670177914419, 0.029534801673302757, 0.04900962653092083, 0.02543218587772794, 0.03386926062194446
ACTCG, 0.029408304905305258, 0.0003528996588636631, 0.06005175861663334, 0.08187272085636983, 0.04467121515115869, 0.061375132337372074, 0.06569815315845194, 0.04784731208093165, 0.07699094224208916, 0.05543465474650041, 0.054817080343489, 0.04993530172920833, 0.08116692153864251, 0.036730972826726264, 0.033143159628279024, 0.0346429831784496, 0.04399482413833666, 0.030290554052464416, 0.04946476885072344, 0.028261381013998353, 0.033848958946006355
ACTCT, 0.03734904379106559, 0.0007891935543075284, 0.06608119516940131, 0.08594868406563154, 0.047837976727966816, 0.06163968725911243, 0.05969423338105202, 0.053178798223396835, 0.08050691920860405, 0.04447013911830562, 0.05793231288771428, 0.04759938332782733, 0.07501009433615974, 0.03500899313585141, 0.035733950005506, 0.03620196013654884, 0.037064567044745436, 0.031558565503065, 0.04741584994310464, 0.028135667877987002, 0.030842785302646555
ACTGA, 0.04201875217039009, 0.0010506914083716955, 0.06324628028528943, 0.0863882037628999, 0.047850979903300776, 0.06033461850107295, 0.06071749757361517, 0.052454432938285236, 0.07777787671293863, 0.045633842948346943, 0.06049489346167202, 0.045375622178492885, 0.0721593489274934, 0.036542691016588455, 0.037076940885252034, 0.03753105327361607, 0.03915161120856225, 0.032152937929069425, 0.045055072257294736, 0.02588440613675016, 0.03110224652069773
ACTGC, 0.03398994770777276, 0.0007192296627235958, 0.06154913607825219, 0.08398910155522837, 0.043534548408387067, 0.06281836489482324, 0.06379990184630485, 0.05135299791846474, 0.0819583354487147, 0.05032915333976409, 0.05903606302144151, 0.04619992892318627, 0.07540911475520806, 0.034954561608366755, 0.0337953326225652, 0.035859944830854106, 0.04087762941903166, 0.031451490074630654, 0.04960146215159669, 0.02634072870657122, 0.03243302702611227
ACTGG, 0.03670239376620227, 0.000712520655519003, 0.061572396646604924, 0.08395615723966467, 0.04544972181374407, 0.060814395949244274, 0.06167851674423541, 0.05268104846656459, 0.08469141791610449, 0.049019905098312694, 0.05722905265072844, 0.04555584191137456, 0.07889271258129557, 0.033253490593211345, 0.03217712960295924, 0.03642193350817883, 0.04109121780392038, 0.030426147992056153, 0.04862574473568516, 0.02656792444249049, 0.03248032988190349
ACTGT, 0.03680167316896593, 0.0011181273378112055, 0.0628644974460041, 0.08962715681937015, 0.046824598801431846, 0.05970317339017818, 0.06296102642480794, 0.05191650243333468, 0.08008687608092346, 0.045280135140570325, 0.059091823191087155, 0.04598801431846519, 0.07182560431162772, 0.036721232353296065, 0.03580420705465953, 0.03760608132566464, 0.03789566826207618, 0.03178216627116599, 0.047073965330008447, 0.028846076499215702, 0.03018139403933556
ACTTA, 0.04596625549411598, 0.0018857223876364668, 0.07073585708209272, 0.08368070324684532, 0.05370764213809726, 0.057067914362682555, 0.06252658443215653, 0.05396285268679994, 0.06560328938040551, 0.04273358854388203, 0.05925138239047214, 0.049156387352899476, 0.06709201758117113, 0.037501772295477104, 0.040932936339146464, 0.03893378704097547, 0.0366794271941018, 0.03351765206295194, 0.03924571104494541, 0.029448461647525875, 0.030370055295618887
ACTTC, 0.03927859404580408, 0.001114108127125601, 0.06399839166345558, 0.08502404128063798, 0.04784801219655213, 0.05927390306421619, 0.06172829164502673, 0.05145839266866592, 0.07662215818660055, 0.046842801856288425, 0.058871818928110706, 0.04726163949806497, 0.07369867144700029, 0.03473001725611084, 0.03641374457605254, 0.03774564827690194, 0.03993198076697549, 0.03234264269798455, 0.04616428487661043, 0.026763725309521022, 0.03288713163229406
ACTTG, 0.04279418469175827, 0.001033382300795299, 0.06435337622207589, 0.08724988602401094, 0.04752545463755636, 0.060452864596525, 0.061415328504128466, 0.05024061597690087, 0.07616635428803, 0.046147611569829286, 0.058335443999797364, 0.04551947723013019, 0.07465680563294666, 0.0353984094017527, 0.0366344156830961, 0.03773871637708323, 0.038539081100248215, 0.03161947216453067, 0.04579301960387012, 0.026756496631376324, 0.03162960336355808
ACTTT, 0.048156786106066614, 0.0015302500944883342, 0.06722038366872851, 0.08653287733109634, 0.05338360419989122, 0.0583062159496308, 0.06177232459738751, 0.052111468579171996, 0.06966325279547193, 0.042192498087187384, 0.058416836438389005, 0.047078236340674234, 0.06571778869642972, 0.03819172374376607, 0.04071755823707814, 0.03958369822730667, 0.03511278680666304, 0.03266069930585643, 0.04073599498520451, 0.029821440094396152, 0.031093575715115368
AGCAA, 0.04169044473455859, 0.0009459110843580704, 0.06671409251166754, 0.08786028658760622, 0.0488121389316677, 0.05949077150384228, 0.062140886029440505, 0.05226745049601701, 0.07399213564833997, 0.044309289472244155, 0.05823997998733574, 0.04685777718712623, 0.07308531179887272, 0.03520978118965908, 0.03717196038117872, 0.037930252738060805, 0.03858691828422674, 0.03264565858082068, 0.04347282264558041, 0.02731415974171155, 0.03126197046568532
AGCAC, 0.03192817984234599, 0.0005839037207642651, 0.06029616894280988, 0.08286566970512863, 0.0440766211438025, 0.061788367340318555, 0.06607032795925649, 0.04995620722094267, 0.08503097933629611, 0.0502157199857268, 0.05762805332987316, 0.04672040743504071, 0.07810523242611996, 0.03461251500308171, 0.033404158692055666, 0.035674895383916695, 0.04135173711356927, 0.029900736367470076, 0.04972913355175658, 0.027086644824342296, 0.03297434067538197
AGCAG, 0.03139029043515295, 0.0006084231844000295, 0.060481610409251506, 0.08377118073210693, 0.04372389755891927, 0.06327601117760308, 0.0652490406470146, 0.04969079064592813, 0.08187637710068969, 0.04943003785261382, 0.05650947619109704, 0.04601417626019652, 0.08506625293890127, 0.03398912660851879, 0.03213778177598728, 0.03630982646901605, 0.04269392402532779, 0.029934420672481452, 0.049299661455956684, 0.025579849024132673, 0.03296784483470446
AGCAT, 0.040038660485761844, 0.0008412235327808702, 0.06478316121064595, 0.08626120885611498, 0.047475434483005494, 0.06044280574895742, 0.060720230531044736, 0.05231694438975497, 0.07819799180254515, 0.044611694796942956, 0.06063968785237422, 0.047475434483005494, 0.07305220955415152, 0.03487497986433033, 0.03692434357716883, 0.03739865046267294, 0.03767607524476025, 0.03177856132877521, 0.04631204023554259, 0.027277120509745664, 0.030901541049918563
AGCCA, 0.0336682878993671, 0.0005973951317932562, 0.06108083432429538, 0.08636868296916653, 0.041907832075609934, 0.06258559376003878, 0.06267013080699065, 0.04988249350473689, 0.08821159059271742, 0.04952180210440889, 0.05816712410602073, 0.04642774618597023, 0.08103157740493809, 0.03147596048174845, 0.031537954316179825, 0.034553108990796735, 0.04045943067116779, 0.030810935712393694, 0.050744771383646026, 0.02532166346365189, 0.032975084114361716
AGCCC, 0.027412367073651047, 0.00021483046295964767, 0.055283039134949336, 0.08188621146478571, 0.04011600844999821, 0.06616778259157148, 0.06342511368111999, 0.046611049446811555, 0.09410290379175767, 0.054022700418919406, 0.0565791829281392, 0.04529342260732572, 0.08921193025170969, 0.03175194242543593, 0.02845071431128934, 0.03425829782663182, 0.04424075333882344, 0.02816427369400981, 0.05367181066275197, 0.024240037237280247, 0.03489562820007877
AGCCG, 0.023444283646888567, 0.0003405124712692602, 0.05797224823359155, 0.08194432621094748, 0.0411509321528901, 0.0666042393802673, 0.07048608155273686, 0.044504979994892314, 0.08247212054141483, 0.055094917851366304, 0.05550353281688942, 0.05136630629096791, 0.08650719332595556, 0.03350642717289521, 0.03013535370732953, 0.03318294032518941, 0.04476036434834426, 0.02911381629352175, 0.05082148633693709, 0.025231974121052183, 0.035855963224653106
AGCCT, 0.03126363337382795, 0.0005369451846084663, 0.05873509138135861, 0.08471652650160076, 0.041593116362733315, 0.06446698122705398, 0.06233933593304294, 0.04845930291091408, 0.08707908531387802, 0.0504325764643502, 0.05770818371579491, 0.04500943009980469, 0.08530045438986247, 0.032834198038807716, 0.031652918632669086, 0.03666664429395064, 0.043083139250021815, 0.02978032230134706, 0.05066077816780879, 0.02463236034391339, 0.0330489761126511
AGCGA, 0.02961994722174267, 0.0003946037931289615, 0.06064567045650726, 0.08074580116901374, 0.043776358300244164, 0.06190347004710583, 0.0668606801982884, 0.04890620761092066, 0.07647914765580684, 0.055515821145830764, 0.055121217352701805, 0.050090018990307544, 0.07956198978962685, 0.03544035317039485, 0.031543640713246356, 0.033639973364243965, 0.044861518731348804, 0.031099711445976275, 0.04831430192122722, 0.030754433126988435, 0.034725133795348605
AGCGC, 0.02294191796761369, 0.0001939299912731504, 0.05228352564724135, 0.07953068942111897, 0.03909628624066712, 0.06742945796567439, 0.0670609909822554, 0.04491418597886163, 0.08435954620382043, 0.05835353437409095, 0.05538640550761175, 0.04956850576941724, 0.08466983418985746, 0.036478231358479586, 0.03283234752254436, 0.03310384951032677, 0.045651119945699606, 0.02736352176864152, 0.051934451662949674, 0.029962183651701734, 0.03688548434015321
AGCGG, 0.023987085226973626, 0.00017547245959746618, 0.0557826949060345, 0.0837880994577901, 0.039288283703872676, 0.06588990857884854, 0.06875010967028725, 0.045850953692817914, 0.08440225306638123, 0.05553703346259804, 0.05453684044289249, 0.049167383179210024, 0.08749056835529663, 0.03323448384776009, 0.029602203934092543, 0.033655617750794016, 0.04730737510747688, 0.02770710137043991, 0.05262419063328011, 0.025864640544666515, 0.03535770060888944
AGCGT, 0.025565919690592655, 0.00045501080650665453, 0.05849732681151178, 0.0788306222272779, 0.04524513707200546, 0.06307587305198499, 0.06677283585485155, 0.04592765328176544, 0.07723808440450461, 0.05511318393811853, 0.05869639403935843, 0.05061995222386532, 0.08335229211693777, 0.036742122625412356, 0.03290296894551246, 0.03460925946991241, 0.043481970196792175, 0.028750995336139232, 0.050108065066545325, 0.02974633147537254, 0.03426800136503242
AGCTA, 0.043088367401617, 0.0009140911884761469, 0.06430158705142551, 0.08885596759704338, 0.0477533845014263, 0.05954200879418765, 0.0593528864793305, 0.050605979417188064, 0.0765157365526154, 0.044396463412712174, 0.06155931348599707, 0.04748546122204536, 0.07516035996280594, 0.036248443680950655, 0.03438874091818884, 0.03657940773195064, 0.039069518210902904, 0.03141006445918898, 0.043939417818474096, 0.02799010259885581, 0.03084269751461758
AGCTC, 0.031032746962709006, 0.0004965783709508456, 0.05856903799844904, 0.08409180577663497, 0.04197107601050297, 0.06372529012421262, 0.06643946505584807, 0.04824292886004653, 0.08118716242874441, 0.04942655401820334, 0.05699767356434431, 0.04648109600968668, 0.08622777301606738, 0.03496455926968967, 0.03167217664585119, 0.03498496660000272, 0.0426309130239582, 0.0302436635239378, 0.049943539719467224, 0.026264234112893355, 0.03440675890779968
AGCTG, 0.02967539735840609, 0.0005283187821804343, 0.058535930154466086, 0.08551600626818893, 0.041517797179314975, 0.0634788448623237, 0.06570405193642266, 0.047987463622117754, 0.0827490485784643, 0.050329079919409, 0.057564360868591895, 0.04748600850682785, 0.08804119095589881, 0.034631743899708974, 0.03125139914931722, 0.03487799417953884, 0.04335795836131632, 0.030141034251175286, 0.048766509961943136, 0.024678755316767404, 0.03318110588762033
AGCTT, 0.03891962785360056, 0.0009426615844911677, 0.06420754948973319, 0.08552809541374647, 0.045141194311242264, 0.06150252059510636, 0.062281241034468623, 0.04876429361859093, 0.07677363826386327, 0.04608385589573343, 0.058371244723144394, 0.04724783802614861, 0.07855239968851183, 0.03677199885241198, 0.0356981843518177, 0.036993319398336, 0.03995245706791262, 0.03128816754785032, 0.04469855321939424, 0.02722242714865364, 0.03305873191524243
AGTAA, 0.049684427802109105, 0.0019450361882583326, 0.07024623893512577, 0.08720907154292973, 0.05372004710427775, 0.05591648252775315, 0.06217500033078847, 0.053759741720364664, 0.0668854281064345, 0.04056789764081665, 0.059555155669052756, 0.04713074083385156, 0.06374955343556903, 0.038556703759080144, 0.04032972994429522, 0.038834566071688476, 0.03483864138560673, 0.03310530981647856, 0.039853394551252364, 0.031107347473437685, 0.030829485160829354
AGTAC, 0.04012237250424498, 0.0013466830610691493, 0.06411382399437907, 0.08918847707711225, 0.045948240529305, 0.05901984893729141, 0.062225540137010364, 0.050046841149950234, 0.07652672873119035, 0.04711926927806077, 0.06007377481117161, 0.04625563557585339, 0.07260378242285848, 0.034194039463668835, 0.03742900638210668, 0.037765677147373965, 0.0397271503015399, 0.03205691199718953, 0.04435271385912524, 0.028002224954622637, 0.031881257684876166
AGTAG, 0.043882544861337684, 0.0011864155420436007, 0.06586089277769538, 0.08825448613376835, 0.04710069701913095, 0.05975085273617085, 0.058772059913984875, 0.05162390627317218, 0.08146225715556873, 0.04490582826635029, 0.05860892777695388, 0.04410499777547086, 0.07524840575411539, 0.035844579563992285, 0.03410944683375352, 0.03625982500370755, 0.03928518463591873, 0.030772653121755894, 0.04394186563843986, 0.02678333086163429, 0.032240842355034854
AGTAT, 0.053328308286616104, 0.0016959532670655297, 0.06882743675507608, 0.0875143292347796, 0.051883607355412135, 0.057929366687080916, 0.05880874986259638, 0.052668770904979505, 0.06945556759472998, 0.04316829195521427, 0.05858890406871751, 0.04654449521835399, 0.06521568442706616, 0.035662128421350164, 0.03972927560810917, 0.038520123741775415, 0.03497118449773088, 0.03283553964290762, 0.042948446161335405, 0.02901964479201018, 0.03068419151709301
AGTCA, 0.03971811186066255, 0.0010132637132920118, 0.06320574730480982, 0.08752407642381808, 0.04703004189982382, 0.060156827663012225, 0.06073192328406985, 0.05268058458926306, 0.07999306233853962, 0.04544168256547418, 0.060092928149561374, 0.04701178489598072, 0.07393173706263065, 0.03468830730188868, 0.03498954786529982, 0.0367878627438451, 0.038175395035920656, 0.03121947657169982, 0.04534126904433713, 0.02767761782613855, 0.03258875185993226
AGTCC, 0.03257866922892145, 0.00047041396428857394, 0.06048322523820961, 0.08300304267755625, 0.044719353030666986, 0.06564777003763311, 0.0637060613339739, 0.05043438225638561, 0.0831231483705661, 0.051034910721434866, 0.055909200096084556, 0.04528985507246377, 0.08133157178316919, 0.03390984065978061, 0.03281888061494115, 0.03559132036191849, 0.0409560413163584, 0.03030666986948515, 0.04952358075106093, 0.02616302346064537, 0.032999039154455914
AGTCG, 0.03113776512841364, 0.0005421156061530121, 0.05929389442298571, 0.08362133224910212, 0.04563935759300671, 0.061326827946059495, 0.06701904181066613, 0.047706173341465076, 0.07806464728603375, 0.05465202954530054, 0.055804025208375685, 0.05051839804838382, 0.08121569424679813, 0.03317069865148743, 0.03276411194687267, 0.033475638679948495, 0.04428406857762418, 0.02934200718303178, 0.049468049061462356, 0.028901538253032457, 0.03205258521379684
AGTCT, 0.03705515587529976, 0.0008729016786570745, 0.06508393285371702, 0.08390407673860911, 0.04711750599520384, 0.06267625899280577, 0.06267625899280577, 0.0533621103117506, 0.07842685851318945, 0.04545803357314149, 0.05872422062350119, 0.04664748201438849, 0.07618225419664268, 0.035376498800959236, 0.03551079136690648, 0.03780335731414868, 0.03798561151079137, 0.032527577937649876, 0.04611031175059952, 0.026244604316546766, 0.030254196642685853
