 ,I,II,III,IV,V,VI,VII,VIII,IX,X,XI,XII,XIII,XIV,XV,XVI
ACA,0.01952545605147073,0.06744697859880955,0.027233063009265503,0.12658197368674512,0.047996166663456165,0.022070579623601025,0.08982335831102035,0.047297882996551924,0.036686379134320886,0.06220985109702772,0.05485379384739853,0.08835937048523491,0.076084025196001,0.06534249609924296,0.09021102613988789,0.07827759905996572
ACC,0.02073398299813394,0.06751056360685509,0.026646742977256964,0.12438244904087455,0.048102840555670746,0.022664388311753308,0.09040016587186399,0.047259181937125985,0.036792095347723194,0.06184804135357161,0.05396912781428071,0.08943853803970915,0.07738422930355265,0.06610208269284391,0.09034654350204123,0.07641902664674298
ACG,0.020266820468212245,0.06597708104837184,0.026578041677697516,0.12328391513180288,0.049251162966604894,0.023155326954351196,0.0902433720358534,0.04769108581369842,0.037621496917665746,0.062440906168450515,0.05451287772777126,0.09064521009038992,0.07606557997050035,0.06653965432472297,0.08975643886388564,0.07597102984002117
ACT,0.019769325984845793,0.0671911162359859,0.026584073601460225,0.12634607660169794,0.04783439124957988,0.022356962710160095,0.08890595156446822,0.046858904120818314,0.03681985731109842,0.06281098775586044,0.05479395908418973,0.0889824603588809,0.07623554871834107,0.06558716401026311,0.09026125020834984,0.0786619704840001
ATA,0.017814169010861008,0.06688255458257969,0.026822023983371166,0.12931925279552647,0.04762856347429243,0.02224465361432922,0.09170624896454076,0.04617336961070148,0.034934900570292526,0.06096784055720944,0.05565774933431713,0.08818440653880773,0.07700230064100265,0.06398070672548929,0.0911460334865386,0.07953522611014041
ATC,0.01845146768232367,0.06714473347227345,0.026019553433598918,0.1282274795995329,0.04740098166601269,0.022382361026590507,0.09081467940780492,0.04590898090473986,0.03548612204331267,0.06220115929633955,0.055462484991882104,0.08967511977124222,0.07693789752421858,0.06455546600940312,0.09078178490283198,0.07854972826789285
ATG,0.019321589501402354,0.06726566677873475,0.026472134535846365,0.12740560896965814,0.047707154832202496,0.021950300440224467,0.09120160294957162,0.04672110617961429,0.03546616183382485,0.062337679920033036,0.055426313734958245,0.08865637896760481,0.07670420571186169,0.06525069779301101,0.08998765746881085,0.07812574038264103
ATT,0.018028895666218264,0.06718789285506285,0.025793309762621435,0.12955605335939463,0.047457246715465334,0.021921046164598192,0.09183344436852699,0.04606800467626257,0.0353319194694175,0.061382338443793226,0.05594469168912229,0.08922683992891854,0.07701202163126562,0.06329006038515245,0.09060329753217772,0.0793629373520024
CCA,0.02048780217220071,0.0682362795238465,0.02690289441862013,0.12476286623991835,0.04749054238453943,0.022781481933458324,0.09032716138408459,0.047343547188231506,0.037211972620064565,0.062112404175772976,0.05455740578439965,0.08933702392970856,0.07695891900287334,0.06578451058920112,0.08872685519031717,0.07697833346276306
CCC,0.019720144782365556,0.06740123028139153,0.027272671406711853,0.12104321962550775,0.04836935480897454,0.023253670257547918,0.08913702090003503,0.04728164348878797,0.0387028581612148,0.060463229826642165,0.054557633336815646,0.09040909007110068,0.07655152494668986,0.06661463678430746,0.09079624155794674,0.0784258297639605
CCG,0.020559895740604905,0.06770451292204047,0.026235765815167462,0.12162171785869434,0.050755239675542484,0.022931369686438444,0.08889110448016294,0.04662474451463121,0.03748780435696024,0.06082510201610893,0.05408812197779503,0.09180381572294348,0.0759726247872439,0.06746238044709049,0.090870893540048,0.07616490645852769
CCT,0.018688510348721883,0.06717800959944402,0.026336936141255166,0.1266315797094105,0.04774746078055208,0.02249643459564333,0.08936676970745586,0.046683269023332585,0.0370331492112674,0.061571094524842,0.054849311895057665,0.08992058378519253,0.07677383391369187,0.06486140169257165,0.09080379054968762,0.07905786452187384
CTA,0.01828089464761911,0.06672542630222826,0.02569554574083784,0.1275931174023952,0.04801348469300771,0.022208568827584433,0.09043300919030724,0.046533771242734126,0.03606319019786342,0.06201929417668422,0.05560505804658524,0.08930714026075125,0.07630496250856465,0.06544193572253443,0.09060349791392572,0.07917110312637718
CTC,0.01916799752147502,0.06755087061878294,0.026142537316185283,0.12667770692179736,0.0474423613851709,0.02293742093247126,0.0882900759417104,0.046339565299174934,0.03751719661120721,0.061955748001873645,0.05445009571089776,0.09063582280021687,0.07613718930841039,0.06542642063372048,0.08972850561909644,0.07960048537780909
CTG,0.020265964086963947,0.06772951557479912,0.025844114033416337,0.12513715415798846,0.04800231273119099,0.022250182324689064,0.0892668247909015,0.04773621723904574,0.03879409465115209,0.06201339018797511,0.05463170412809377,0.08939165971314249,0.07562696697130768,0.06549891262212469,0.08988771427257376,0.07792327251463525
CTT,0.018528964653466293,0.0676565353321924,0.02594055051485281,0.127530523075158,0.04720966030231469,0.022471867142160564,0.09058732419951622,0.04588261164705095,0.03608272064096068,0.061740269425296146,0.055713097434818774,0.08935014771543029,0.07677760461981203,0.0647156119434379,0.09049936420219326,0.079313147151339
GCA,0.019762635726911473,0.06767406934864373,0.026357933628377392,0.1248886939648871,0.048482915354252226,0.022762914822641308,0.08979905107451856,0.047635660460109246,0.0381198251000093,0.061710059407519634,0.05499847161862233,0.08870592613266351,0.07484084898262962,0.0655509482609678,0.09037053280703852,0.07833951331020826
GCC,0.02035300983737572,0.06849884065133838,0.026268054029328105,0.12324323187499014,0.04950760543237659,0.0224508788441215,0.08894649119578533,0.04669993112259652,0.0376301966949362,0.061753061363982904,0.054255414237117036,0.09034507053361586,0.07660113674004827,0.0660434400845457,0.08989815608355722,0.07750548127428454
GCG,0.01939029676926355,0.06703943452927648,0.027112616551187005,0.12277827169927773,0.049860763120963415,0.02362251008457079,0.08864135665949052,0.04709806831791564,0.037524155210545265,0.061477306960374435,0.05440157532384514,0.09132322794436402,0.0753936472714715,0.06611363786655303,0.09021374146760813,0.07800939022329334
GCT,0.01936157195810991,0.06901788606182747,0.02524561845467305,0.12551193003922698,0.04839673228488142,0.022521322920790298,0.0904667650340087,0.04652895238780725,0.03810774822758844,0.0610753229927664,0.05581027099003131,0.08968942311152697,0.07587360996149278,0.06481448159211142,0.08927556051390938,0.07830280346924821
GTA,0.01972217208795943,0.06737559748720606,0.026827976083045626,0.1252816413504812,0.048416113087371405,0.021780264437212173,0.09053277519343739,0.047382700380179436,0.03710679374246773,0.06195236404073102,0.05423524548646084,0.08824471212906305,0.07662973550456739,0.0658123788287213,0.09108878034012377,0.07761074982097216
GTC,0.020597274128052984,0.06748278239846084,0.026692603028935787,0.12474567325291358,0.04723454246724612,0.023117130768641407,0.08840780815037415,0.04727710761320201,0.03718065499246597,0.06304749418985758,0.05498991206040846,0.09055734802114636,0.07572339465552028,0.06630372785548282,0.08929741970085216,0.0773451267164395
GTG,0.021389317355615327,0.06636540503670173,0.02833047832388984,0.12463860231139498,0.04905707176796137,0.023288350786354862,0.08842519746072101,0.04792540286637781,0.0372094285072047,0.0631990574593258,0.053700014727198035,0.08900653422523312,0.07557377938657345,0.06639253408571229,0.08944835016626232,0.07605047553347337
GTT,0.019029840477741186,0.06723739370533789,0.02595332666746168,0.12653536734150972,0.047989689303110636,0.022162494381404052,0.09065891223982461,0.04666874592938457,0.036413088347261334,0.06176098263509856,0.05516773228880959,0.08920725051140689,0.07710318952785447,0.06510691385431096,0.09036995587682203,0.0786351169126618
TCA,0.01927185211736392,0.06721900762967895,0.0257831942239746,0.1284100568385478,0.04741461416355164,0.02215576834451329,0.09070408111014389,0.04614265963438988,0.03534026319832045,0.06221311895130319,0.055331046136514926,0.08971273490706129,0.07725536381791183,0.06478775154897844,0.08999334323314045,0.07826514414460546
TCC,0.018756670918699397,0.06754223830474058,0.026712961757738265,0.12629838856637077,0.04740908025928722,0.02290565693905709,0.0895953192929477,0.04689493140343113,0.03730182490302762,0.0614993621950902,0.05532957592481712,0.0902754275896181,0.07617212922708458,0.06526761773357978,0.08937729414521126,0.0786615208392992
TCG,0.019746716059906685,0.06665820270876881,0.026597987694009784,0.12450179783534276,0.048099463596668224,0.02341946921915454,0.08872192724321334,0.04625401849072516,0.03692250490833987,0.06278140770734052,0.05527266791510046,0.09073967434921988,0.07679681513355673,0.06561985644522837,0.09080315403345379,0.07706433665997107
TCT,0.018315415116706864,0.06689694640886236,0.02552630503208928,0.12814863262886808,0.04689735518946981,0.022468626088378366,0.09041000694927033,0.04615337448391448,0.03631402526264154,0.06187916445243838,0.05539181621223889,0.08982136287454523,0.07632751502268732,0.06526795568818215,0.09045906062216408,0.07972243796754282
TTA,0.017887406344952537,0.06698058014229906,0.02585539849397022,0.12931662483250608,0.048128786306075075,0.021646819031083096,0.09156963028667409,0.04583954554890822,0.035386038084813255,0.061811387698869534,0.05583256270405949,0.08873119821843094,0.07678298450563345,0.06276633891331836,0.09153943420084172,0.07992526468756488
TTC,0.018477618548739947,0.0666920007600228,0.0256577422093305,0.128008060425299,0.04730444665633547,0.022380579674270963,0.09109640261684915,0.04621322125902309,0.035938968077299197,0.06155313099759965,0.055818096561245464,0.08974718782847889,0.07709873498039804,0.0650237855759526,0.09019692609126898,0.07879309773788626
TTG,0.018950518091649583,0.06836807833309799,0.026136056926627068,0.12712326416507436,0.04716001408508608,0.02241280384372704,0.09075764535969699,0.046430735516760004,0.0362029610854811,0.06143099469664335,0.05535903563634024,0.08926155182614572,0.07699251238254236,0.06475743444089536,0.08985498438664634,0.07880140922358644
TTT,0.018433993965017416,0.06777188104397582,0.025695229147357685,0.12878403141915198,0.04728848994240104,0.02194240950700202,0.09091515051483565,0.046458997244899256,0.03594009877734469,0.06090740576158856,0.05604260037496456,0.08809339410636974,0.07667199911972203,0.0640254095620194,0.09175945558193568,0.07926945393141449
