 ,X,1,2,3,4,5,6,7,8,9,10,11,12,13,14,15,16,17,18,19,20
AACAA,0.06596861019473546,0.09673196487627718,0.10296171448613162,0.06354406100993189,0.07128053469043483,0.06418821583370388,0.05411226650435916,0.05043034350327044,0.0453498786607245,0.043291620899651245,0.03533151470402423,0.034298891565438784,0.013513460627445748,0.04234779850561299,0.04137564932632568,0.03981972610234989,0.03206256641419798,0.03222674995238491,0.032465104941421324,0.01945798560030235,0.0192413416012759
AACAC,0.057238079224460836,0.09900033447182785,0.09797544746947566,0.0641954561427596,0.07049099617565033,0.06323226195494852,0.054030808907716624,0.05116935100973597,0.0468705110160988,0.04377271520358931,0.03870740247243027,0.033344210220080044,0.016783469712759465,0.04167924212191831,0.0406092951716905,0.039373775594201604,0.032708229881942934,0.03395267072427969,0.03285248219829643,0.02152686087000175,0.020486399456135503
AACAG,0.05668933676970058,0.09969462117163315,0.09672112347187992,0.06469969556268988,0.07037587369951158,0.06402114859210985,0.05394991096768069,0.05178114983700619,0.0475475868821924,0.04375666827029891,0.03969846308915014,0.033174656996402485,0.016437731709929213,0.041257852687178076,0.04049666133706314,0.039147021082032,0.03245465706963168,0.03373525265315266,0.03260190006228405,0.021447785686385765,0.02031090240208766
AACAT,0.06532958532106688,0.09559647208618521,0.1037503183787747,0.06306792041876938,0.07170398896879547,0.06265140303744623,0.05448969792634123,0.05078870973788779,0.04463718733658328,0.044196449334261444,0.0337005462909533,0.03554157115303426,0.012609538724714734,0.04210574594294936,0.04203282641377246,0.04104248644772514,0.033318685010952746,0.03221819275259757,0.03291028411432597,0.019354852839758303,0.018953537763104548
AACCA,0.06021699288790082,0.09944130560607566,0.09725542018053769,0.06394552386580032,0.06960754160743506,0.06436206238229356,0.053807735184830896,0.05152982380797467,0.04709037890205506,0.043354313635743526,0.040139728760235534,0.033131898751003336,0.017126513887442574,0.041003750192057084,0.04024130711293333,0.03865170679886114,0.032041041421634116,0.0329818856870854,0.032101853892388295,0.021351500655348552,0.020617714780363384
AACCC,0.05389099734812227,0.10155379487059508,0.09078068147256013,0.06484436112328942,0.06754709956595466,0.0649855504706142,0.05331667814423489,0.05242193643020842,0.048617147995528326,0.043158572522803404,0.04601775852756193,0.031466711152839506,0.021729121930428644,0.03990246949119957,0.039021968777623726,0.037405411783614104,0.031754582804805725,0.033763174196934725,0.031710842589135944,0.02343519378441363,0.022675945017531687
AACCG,0.04363349090263581,0.09871730515346842,0.08923610825375515,0.06584993963304887,0.06602863051076201,0.06365862518530362,0.05217303390071606,0.054242086168973386,0.0489518957103609,0.04433179604317266,0.04744830602223526,0.03218551875019838,0.024261989041076567,0.039550639466466656,0.04029714412007086,0.03804822537622071,0.03252644213530897,0.03506808475120234,0.032502930177715134,0.02508608315474042,0.026201725542567812
AACCT,0.055638220556171826,0.10039283938339134,0.0939433117851815,0.06463412768236239,0.06952319932677964,0.06397008759514976,0.053970087595149756,0.05203916918486784,0.04816891710974257,0.04385705542592663,0.04223023371456987,0.03279845465325326,0.017841104693416977,0.040855487128485635,0.03994893470527484,0.03873924186206633,0.03234517844164786,0.033465746088819186,0.032391653597521324,0.0223905060628084,0.020856443407413074
AACGA,0.04871382265304394,0.09715239334467705,0.09520830606478238,0.06434736412562268,0.06812101077139844,0.06145529369191799,0.05308031967724301,0.05297926563546631,0.04746556463224028,0.044925739715585805,0.04153321117022505,0.03413894257050685,0.019280148751549497,0.04038408235230711,0.041850809587237546,0.04055924269138673,0.03353261831984663,0.035338117199590395,0.033750125114527914,0.023261677997551605,0.022921943933292784
AACGC,0.03649771825208007,0.09898115599776876,0.08752629829772968,0.06598402117626045,0.06542913990474782,0.061780685739551325,0.05311048286383155,0.05407823093894988,0.05030533110599989,0.044940990792484654,0.04874756415906206,0.03231048754884493,0.025290287820868514,0.03925309174281034,0.04078304142283856,0.03912278980833903,0.03353005509282915,0.0366426608533459,0.03366914142737717,0.02594033342654558,0.026076491627734694
AACGG,0.04493315118317837,0.0977432814002358,0.09083433762459375,0.06541742985551258,0.0662984507085148,0.06282657593964681,0.05299394814811592,0.05401963044982097,0.0486029837239555,0.04424791274195443,0.045311663845949694,0.03260973604180172,0.022673778644054524,0.03974600495111966,0.040731443090403614,0.03886715945824831,0.03289905893920739,0.035876039278302525,0.032851201016328255,0.025056885667422243,0.02545932729163313
AACGT,0.04208451869670442,0.09635676966055587,0.09359977006696617,0.0654787403477554,0.06773413443759771,0.06072630280130198,0.05326080190976227,0.0540791145381385,0.04786945808298825,0.04609278603413114,0.04208818005074637,0.03499979862552769,0.019680693314001383,0.03989136762557529,0.04228223181496981,0.0417055685533624,0.03383274202465556,0.03659889500335014,0.03378514442211018,0.023782325179497882,0.024070656810301586
AACTA,0.06675603441547205,0.09501159399584201,0.10387570162020082,0.06329506169547372,0.07155304654551867,0.06361408392639871,0.05476282283482882,0.05066769854170442,0.04512656073208108,0.044022537489978246,0.03413498942010167,0.035469082385788,0.01221549552677889,0.041842325160148575,0.041753956586115665,0.040553778992532076,0.03276274614492096,0.032128010638486304,0.03279564105463806,0.018901337265669997,0.018757495027321266
AACTC,0.05630320948954511,0.10002024338983817,0.09481986423896584,0.06439309361568663,0.06956514939708582,0.06457241703468222,0.05374159530075335,0.05162238171735189,0.048315671772113294,0.04352033418100718,0.04225672962389867,0.032948593084406244,0.018231735553561144,0.04095194323510221,0.04013386701743625,0.03856443957521896,0.03181635335749218,0.0332917750151391,0.032198458200875246,0.02198119363019584,0.020750951569644648
AACTG,0.057783504782008374,0.09925604166817271,0.09752016901489904,0.06433271163609988,0.07051941237563043,0.06403858016882212,0.054275915497369834,0.05156111066933659,0.04744311952249797,0.043720014554462366,0.039572655442380957,0.03340884665524479,0.016183405503225355,0.04094813045039314,0.04052462933109715,0.0393139161383445,0.0322243387237857,0.033476317672828215,0.03237328701929912,0.021325058494962565,0.020198834679139167
AACTT,0.06260827708399325,0.09652086827961512,0.1019212438523196,0.06373221534493215,0.07155150152270079,0.06345935087517804,0.05431012473490814,0.050851988216351535,0.046123459102151536,0.043917134059850226,0.03604664007274435,0.034881735564335666,0.01364527180007886,0.041816443412810295,0.04153245953302867,0.04002782778667412,0.03249632949738072,0.032676873602301135,0.032803868969457466,0.01980849742388142,0.01926788926530693
AATAA,0.06865492228970958,0.09216520812283224,0.10632408408932079,0.06321142279819071,0.07175844270529157,0.06333263952705627,0.0547594800475758,0.050506527317049354,0.04396489995942607,0.04405076180903917,0.03254288152544519,0.03669366840189123,0.011710794252235887,0.04240582953224077,0.04281954364559844,0.04161730053357513,0.03296864642471347,0.03041751276918111,0.032666756515908675,0.01844647470650798,0.018982203027210588
AATAC,0.06839056592066552,0.09438647232291687,0.10507287890617119,0.06302975718958564,0.07192078960681439,0.06281430467649958,0.05440480481943671,0.050496397260936216,0.044050712801419395,0.04419231763334169,0.032642388036066596,0.03599846061844007,0.012089322196290943,0.042245060865334944,0.04231205669979281,0.04095805565907343,0.03298383839691149,0.03158796495965595,0.032737552573648784,0.018563175358932087,0.019123123498065685
AATAG,0.07097711347579751,0.09461664280846074,0.10553181455181564,0.06254536149860611,0.0718723491276131,0.06381709971550494,0.05450457332374695,0.050804708306636755,0.04387114050844349,0.04362683066503657,0.03189417368660492,0.03544874580241322,0.011250502315329149,0.04244220013603771,0.04203558417103594,0.04071297642546117,0.032817821416309755,0.031526858260479886,0.03273513716568597,0.0183627089265985,0.018605657712381984
AATAT,0.07601595456825823,0.09100320498704287,0.11075434895631629,0.061978506185457936,0.07252686726817759,0.06275892128975037,0.054649813021329284,0.050132456935675994,0.041543435902030974,0.04406652157911549,0.027700078821115554,0.037965554615642015,0.009192860639509071,0.043397174893272564,0.04355613334082564,0.04246974853684824,0.03338552637773691,0.029478489732752376,0.032271501028420656,0.016983748270567527,0.018169153050154426
AATCA,0.06714840056105033,0.09593754239501329,0.10453351410411807,0.06295327297739883,0.07175123655554297,0.06333533844883711,0.05429971209712113,0.050528051155228744,0.04460338610000832,0.04372923405399543,0.033141135443570564,0.03517595282501387,0.012702566686326253,0.042597363304151474,0.04177435388029962,0.0404634123245697,0.03276193510502646,0.03203175598694588,0.03271337110247019,0.019032791302717192,0.018785673590594573
AATCC,0.06090752319280799,0.10035536195450903,0.09597962881347633,0.06424149251614511,0.06924813586859674,0.06434024367967155,0.053500576353241444,0.05150564029665174,0.047155915692514885,0.04306282219853007,0.0405330856020194,0.03252875518062624,0.01824478544074615,0.0413450396132368,0.03998426483517801,0.03862856984948169,0.03181534914124078,0.033030232282649404,0.031934825857606104,0.02119167458606296,0.02046607704500757
AATCG,0.05211328850102535,0.09815726865359882,0.09593185559249981,0.0636765032376213,0.06809317307907048,0.0618583381392972,0.05280298263153124,0.05253367349485751,0.04627781930539262,0.0449536065748213,0.03974346005751392,0.034458432463180186,0.019095988344826047,0.04035301829857056,0.041578703296212466,0.04035301829857056,0.03346264550904025,0.03541218091793691,0.033352294448159306,0.022744141869425794,0.023047607286848387
AATCT,0.06332917573310103,0.09665567104679229,0.10170595419770116,0.06355012068209089,0.07124842430533518,0.06362756204475542,0.054354986149059134,0.05112109806162689,0.04588558781471221,0.04380446972580068,0.035811414793639314,0.03474351420685504,0.013620671343914247,0.04207468255363051,0.04133946373910922,0.04036465083111967,0.032569466482746064,0.03237143785536103,0.03265117502253702,0.019790851425110726,0.019379621985002295
AATGA,0.06434260533126704,0.0956884898129739,0.10278876338698911,0.06372503918639884,0.07136656665808902,0.0632191261253361,0.05465921609951213,0.05107733245927657,0.04522345232293522,0.04390565841536002,0.03450379788204163,0.035384683209532586,0.012967451448878462,0.04189182972569281,0.04191686780993674,0.04082022367994188,0.033149345343946604,0.03208540646274884,0.03289345372698473,0.01957870368373713,0.018811987228420646
AATGC,0.0609996532384227,0.0977820172408489,0.10036962581273431,0.06381590416467112,0.07088254809370387,0.0630251510387845,0.0547159764414818,0.05107820821874313,0.04591837316027411,0.04401745126062836,0.036911117753471126,0.03454645446731838,0.01438319926864831,0.04116189056083083,0.04108042247941744,0.03991138399647845,0.0330452768832325,0.03307812997900061,0.032909116942968164,0.02055920146847641,0.019808897529864984
AATGG,0.06585855206249933,0.0990731642422848,0.10030200811559382,0.0631824729665767,0.07080504475452527,0.06406231889933044,0.05403658583236794,0.05110371847670749,0.045516325681166904,0.043358105288039635,0.03589454524069582,0.03367566058387284,0.014564133688621325,0.04151020044614641,0.04070928942591909,0.03939137613956035,0.03244010795669628,0.03265478808045708,0.03226853514502042,0.020212904445077572,0.019380162528840505
AATGT,0.0634632419623203,0.0953783435709842,0.10310771566117445,0.06361163066653097,0.07143963612683424,0.062260466291450454,0.054706428489428055,0.05095121671217755,0.04496766780581734,0.04448966567924679,0.03426400455994478,0.035782858197047164,0.012929744465627712,0.041678802623472185,0.042251051629744116,0.04143002595298384,0.03339397551887168,0.03240839378752643,0.032820097244732574,0.019568259054593508,0.019096773999491667
AATTA,0.06685110706719602,0.0910143380897028,0.10762411844390903,0.06329819049663608,0.07184971412710081,0.06238849980541952,0.05518959265156577,0.0505157302055731,0.043866010448382155,0.044864844233538675,0.031386230904452424,0.03739584491739174,0.011027368451485551,0.04233422015706684,0.043236302618359645,0.04242843540428929,0.03358057121829445,0.03065254393213865,0.03326584410711526,0.018342301111676514,0.018888191608705692
AATTC,0.06758472514314605,0.09594847764421151,0.1043062247736246,0.06310454605449008,0.07147488461435338,0.06367145669370071,0.05401664409344145,0.05053918727204882,0.044910965995286656,0.043405919720298405,0.03378577058739616,0.03492359149666631,0.012577950212891462,0.04251089121700323,0.041779995712988266,0.04041775107275284,0.03244707932882639,0.03226694780615063,0.03256810519562417,0.018875443051700563,0.018883442313398335
AATTG,0.0707196606157358,0.0950680320590586,0.10488984053880841,0.06276103063967838,0.07175753621214473,0.06350978626238438,0.054261290548504405,0.05031497007969012,0.04413945190736476,0.04370744366911723,0.032165520920988774,0.035480634240884976,0.012104677267849683,0.042519113065090534,0.04202428326225874,0.040891207479743126,0.0327529113483901,0.031236747201448874,0.03242771736701273,0.018469188046235263,0.018798957267610363
AATTT,0.07191218960219328,0.09213100697913718,0.10920067191864175,0.06291843401483696,0.0723269173606457,0.06304244209009364,0.05483040357262603,0.04990234130975651,0.04337289657129793,0.04393531515020641,0.029800539071494665,0.036931562833679626,0.01017826580394342,0.042885815229086736,0.04303481139770341,0.04198307373687985,0.03285542672390805,0.03055773424379503,0.03253533670709889,0.017396561414579695,0.018268254268395245
ACCAA,0.06333914008752768,0.09944783487879179,0.09918002925681588,0.0637410761173374,0.0702228825565377,0.06441521797480988,0.05368539227302639,0.05128272823677234,0.04617287558448767,0.0433770759297976,0.03757335636006488,0.03326085132448467,0.015663670126593917,0.04160743458752851,0.040562158140054295,0.038893873259813486,0.032139557530489256,0.032867108781126336,0.032169448582913755,0.020582037965885053,0.019816250445141497
ACCAC,0.04949996060618934,0.1025521013556898,0.0878467006233205,0.06630885982709017,0.06740346504589988,0.06459200082942218,0.05353834084498133,0.053052889325475035,0.04955516808431361,0.04326525845801958,0.048074484806621305,0.031199149467977697,0.023241225426356125,0.03957796035129922,0.03883219153663746,0.03722537320723072,0.03177255866449555,0.033909555927888926,0.03156632598350251,0.024523910358775623,0.022462519268813444
ACCAG,0.054435457265090754,0.10304624008737095,0.09089308500944386,0.06553122069935181,0.06850962401792454,0.06525459501816526,0.05381288243792752,0.05224600508917754,0.04879336245364307,0.04286395111342672,0.04499142978226251,0.03140653635080279,0.02003615176927681,0.04043980142418794,0.03909843414162266,0.03729552292359936,0.0316773154747179,0.0332323326644315,0.031628037349144204,0.02339274382106595,0.021415271107366345
ACCAT,0.05893178127245051,0.10004964327660863,0.0956108382683691,0.06401368055806869,0.0696543480809246,0.06403740266792353,0.053805554540680214,0.0518764448626308,0.04710518400825044,0.04355050376584165,0.040555284377016707,0.033040050713368865,0.017693230869979808,0.04111768885007159,0.040159973597464885,0.03868348870160928,0.03237583163743335,0.03347778424412094,0.03215003870859604,0.02194883885466883,0.02016240814392152
ACCCA,0.05368353702299364,0.10286842181005953,0.08968768474710935,0.06561278437298611,0.06813100146727973,0.0651042464303453,0.053386633363382834,0.052476682904274964,0.04885411964217029,0.043135992188463174,0.04550568049503029,0.031247686452496877,0.022040440771875634,0.04003720453737746,0.03883696879987354,0.0373729213088326,0.03181271150922641,0.03322396586639151,0.03130463531411222,0.02376522169960953,0.021911459296108993
ACCCC,0.0491818128862249,0.10421247392256891,0.0841927078962412,0.06645141575891372,0.06601650394086384,0.06560652180137415,0.05288522770916494,0.0541941592478247,0.049724588759035154,0.043157222843681536,0.05063242398422667,0.030288572136616614,0.025623513475355162,0.03856769370360241,0.03773168557208429,0.0360801560745975,0.03137560485324071,0.03329346230287042,0.03099203336331477,0.025331021702149088,0.024461198066049333
ACCCG,0.03503311338069745,0.10198412539040588,0.07761128492233382,0.06745035670346823,0.06258274998360061,0.06581041769581207,0.05216077024923057,0.056053784644548243,0.050826060705856525,0.043422907471294375,0.05618631849088127,0.02965812961274681,0.030888418549919073,0.03825810364146783,0.03837189532771336,0.03515225996982512,0.03219769230460294,0.0350652427979903,0.031070485247911922,0.028905765757805776,0.031310117151887806
ACCCT,0.05167465160906279,0.10351526281739773,0.08857611632674763,0.06580824809270681,0.0675972329466574,0.06484906123511705,0.05350895237754517,0.05328515536104163,0.04895947306336576,0.04322859990718188,0.046933374674167645,0.031176156673811874,0.02159184075033614,0.03978955925304267,0.03871350503692353,0.03708292712982314,0.032167541681200555,0.033790964443901186,0.031557168113098985,0.02412396685180603,0.022070241655064403
ACCGA,0.044617799792362946,0.09915525350953952,0.08699408606968831,0.06570675646146984,0.06550032776848569,0.06527174575235203,0.05233923987920397,0.05372684348375104,0.04940191062342472,0.04344165972697036,0.05020245116450957,0.03174067722708868,0.025933485654212808,0.039326176467330394,0.03962826723755109,0.03758411969239104,0.031858492627474755,0.03449775898996958,0.031894743519901236,0.025442084667987138,0.025736119684335285
ACCGC,0.0387035353134669,0.10262814214486668,0.08142114353018717,0.06693783145470857,0.06319075313833065,0.0656059098870384,0.05180915532066813,0.05621380316243645,0.05023770146648684,0.04359029909496463,0.053519446360024654,0.03045874247075265,0.02914207773661823,0.037850678318819,0.03908190478515327,0.03590238067630492,0.03223463789431286,0.03459639572564552,0.031732688070986996,0.027007646724968113,0.028135126723259348
ACCGG,0.04299425504833328,0.10121985620420379,0.0835983349960439,0.06633871134197943,0.0641191647459493,0.06590113178987925,0.0518696893597991,0.0554308713750043,0.049358423062368845,0.043236437441948466,0.05158484984003578,0.03096081736557845,0.028139942894492415,0.03906016718841378,0.03887027417523822,0.03595032508858234,0.03217448140630913,0.03419037462589012,0.03110942928893323,0.027052874195878773,0.02683958856513812
ACCGT,0.03188722074373906,0.09865424020569923,0.08304794006681383,0.06749085601174463,0.06485599493914611,0.06249362291596894,0.05327100896573,0.055416109984743014,0.05196378176388044,0.045014710807491885,0.05124114560638417,0.031936436827555245,0.026713529981597987,0.03859861402706404,0.040580461694881886,0.038166472803312125,0.03347774052560377,0.03682803540196936,0.03339731424229438,0.027751869310890798,0.027212893173489097
ACCTA,0.06260238340207208,0.09909534099630413,0.09704767295486237,0.06377325153470693,0.07044150032281174,0.0644353349626236,0.054243180909199,0.05170834721374657,0.04643575555142828,0.043515955350764184,0.03899511704259248,0.03319777205855618,0.016094646238629117,0.04158940312749049,0.04037578823550222,0.03866886591373409,0.032210665856934946,0.032614549031515665,0.03202542989973674,0.02105793807321193,0.019871101323577247
ACCTC,0.0526550277057448,0.10305302215087528,0.08942379499120903,0.06525815246685993,0.06831274268252764,0.0651389795426347,0.05372856406426713,0.05258309273339174,0.049205481170481964,0.04379212949079056,0.04587902772142545,0.031375016415678296,0.021045781611696197,0.04028103641242456,0.03876295368524627,0.0374202982067219,0.03158513709786488,0.03325316602081998,0.03146380808455005,0.0238241964157959,0.021958591328993714
ACCTG,0.04934738056901137,0.10421564198137362,0.086944094667048,0.06635643036387574,0.06792675045295625,0.06503784234574816,0.05344955472310728,0.05266852143382856,0.05010239735772832,0.04324175644751682,0.04820929323753998,0.0309490496441481,0.022468208733434216,0.03983736278090195,0.03846243558224749,0.03703368114105142,0.032086060430768656,0.033572948293909666,0.03136333998757667,0.024592590572409662,0.022134659253818054
ACCTT,0.053982045108205715,0.10052984593598724,0.09289756413854063,0.065299812743676,0.06946490874599433,0.06384110203672794,0.054015497391486526,0.052300255460750726,0.04863598792812232,0.04393221458703061,0.043149622314163964,0.03272837587061957,0.018113360039087558,0.04078942036177402,0.039894619572988295,0.03862534436736189,0.03245387599181241,0.033642865717564856,0.03230534785404558,0.022703013305215573,0.02069492052884428
ACTAA,0.06519997657714861,0.09483227366176049,0.10361564375595779,0.06355679185012243,0.0716808963144462,0.06355918193699811,0.05485149792719716,0.050682987242114605,0.04523896686104712,0.04399572333788379,0.034317066534840096,0.03539559323748819,0.012514096533218822,0.041847234410558765,0.04204441657780191,0.04080157140245119,0.03265814706921572,0.03227095299535646,0.03282166884629312,0.019160928134469474,0.01895438479362994
ACTAC,0.0637459054604989,0.09853078834028482,0.098800047978296,0.06396137499860888,0.07065329622022533,0.06391160369927501,0.05448844378439939,0.05131606444424935,0.04619951304502664,0.043301030420465465,0.03803238287669454,0.03397586741173168,0.015015166335064096,0.0413299633114422,0.040983419047136205,0.03909829244255279,0.03225396593788295,0.03265677341013158,0.03216307921736023,0.020266502122544976,0.01931651949612897
ACTAG,0.06184054535113864,0.09868789402908197,0.09662522558593375,0.0647455585258584,0.07029495038362507,0.06430743312469797,0.054688133435425,0.05157791482382258,0.047292777151907744,0.04364979097644472,0.03952976112730904,0.03354666639934924,0.01513655448867729,0.04098772216952858,0.04060001362139538,0.03924671914540191,0.0320724894102496,0.032702552655390786,0.03231130608248374,0.02091503345055006,0.019240958061728507
ACTAT,0.07180954893767072,0.09534713134037046,0.10471942875581962,0.06277046490699445,0.07178683922743218,0.06395818275247056,0.05469179516749753,0.05065916998486501,0.044133431521862325,0.04335903040272781,0.03252587926320616,0.03539865760838261,0.011478106910296437,0.042338951509194436,0.04197167355906373,0.04023747750448362,0.032524021196004824,0.031165980523739596,0.03242389201904395,0.01834201360394224,0.018358323304931742
ACTCA,0.055319623678725255,0.10069808937536946,0.09407055499821167,0.06472406595601372,0.06951774988330238,0.06468386253243376,0.05388594087713245,0.05183858153132256,0.04819241817993071,0.04309002939301015,0.042565087547980274,0.03283284378485942,0.01874412832588206,0.041107139108583844,0.0401650867439118,0.03840920221905668,0.03192080040421671,0.03331772578996497,0.031928123170654486,0.022407378132295395,0.02058156836714226
ACTCC,0.05310319451856812,0.1023669116338994,0.09082041371507117,0.06547619442243754,0.06886308464242187,0.06499067975368474,0.05363334913410658,0.05248596990781409,0.049118084813689,0.043548477987754956,0.04460591435096943,0.03175402947341437,0.01999582329210768,0.04023142055581153,0.03916757548736546,0.037675894097251,0.03200573689613146,0.03366669650029447,0.03188573941541559,0.02300371594408515,0.021601093457706413
ACTCG,0.03886155899005942,0.0989553949699411,0.08529922945256756,0.06641345086188,0.0655354603940057,0.06314703884838314,0.05356101195288797,0.054315628589669415,0.050268248247313026,0.044664920268164404,0.05010175346554696,0.03192747056096763,0.02615525219168221,0.03890228433236191,0.03969642850726049,0.03813808526209752,0.033096527445886204,0.035650245969089465,0.032549130933173305,0.026654736536980406,0.026106142220082146
ACTCT,0.053767012326604746,0.10028538093087173,0.09416533260125995,0.06501434087060337,0.06993285248455383,0.06398661837961729,0.054301542940413165,0.0519402870727865,0.048456500955259996,0.04384619436229013,0.04202649190542846,0.03318925958970905,0.017428347519915215,0.04084522553552817,0.04021397185454511,0.03891906386116569,0.03248777793916023,0.03343936692677617,0.03261450750242207,0.022253487856147582,0.020886436584941527
ACTGA,0.05554003175050614,0.09941890892324703,0.09556823135695719,0.06477045891827576,0.07001568405077896,0.06424069199933134,0.05419055329572658,0.051677062608370725,0.04774362176472066,0.043603955592994785,0.04145907560794134,0.03327575412915004,0.018088556160483184,0.04085801754909255,0.0403088572549251,0.03921640930838308,0.032189588543595764,0.033169090565423415,0.032274127270800354,0.021864528260244893,0.0205267950890511
ACTGC,0.049865555681462496,0.10222738219803926,0.09082926952104335,0.06619701167599151,0.06915913820451838,0.06450080215976796,0.054111270372351014,0.05257829810479125,0.04943946007568112,0.04350703411172541,0.04555489951410964,0.03217474646869677,0.019737791057647048,0.039484859469074714,0.03952218977357293,0.03825340119938513,0.03208705338653233,0.03361185274719012,0.03233886727486347,0.02337804796966217,0.02144106903389393
ACTGG,0.05368232071804416,0.10286683769213134,0.09105515381053794,0.06545959895116368,0.06860123231005057,0.06463714834920316,0.05366468566204248,0.05245547407698636,0.048876249279469645,0.04336788766953426,0.04448875108187611,0.031728750708427865,0.020296047638164613,0.04030319156477235,0.039038135635710916,0.03778881294288628,0.03194227320021287,0.03357092248977945,0.03189126985197272,0.023295390300096787,0.02098986606693645
ACTGT,0.05049830022338536,0.0999116334274658,0.09369052978138286,0.06551395295154046,0.07015281933898047,0.06339233728221139,0.054571735662470595,0.05226987278485269,0.048625849812573195,0.044166776228695234,0.042470937788357664,0.0329752422128662,0.01812499280525849,0.04035674406289931,0.040729658875342245,0.03920937212778346,0.03274001203263716,0.03447083963693668,0.03279075389379411,0.02254195821778831,0.02079568085277832
ACTTA,0.0604592637290229,0.09534974536361994,0.10167615015221676,0.06423758931445449,0.07124813702232344,0.06317303064213574,0.054642838042786177,0.050941201044175655,0.046146146247153186,0.04441318599706767,0.03656410913593153,0.03517665115068197,0.013730082409959023,0.04191818336846545,0.04181081934691596,0.04070811819325726,0.03298497206416413,0.032562983024577684,0.03286650837873264,0.020010675858533774,0.01937960951382463
ACTTC,0.05790362860870015,0.099505873389424,0.09739810293736106,0.06438340444909531,0.07041715266139338,0.0638859720070499,0.05431048403776679,0.05155868222980583,0.04735750698075643,0.043743419707844115,0.03921304595330747,0.03343839877293074,0.015950896460146816,0.0412851618879517,0.040560475167407475,0.0392538928761755,0.03251899684803681,0.0335529778531792,0.032579401831430634,0.021252688584271616,0.019929836755965078
ACTTG,0.05745019307972535,0.09993278379364227,0.09519499735356482,0.06514740481582651,0.07001994838459215,0.06390933497086396,0.0540186668388864,0.051386663482044834,0.04793601507836659,0.04341939629527939,0.041494371770203556,0.032852416951184,0.017231413889112382,0.04084475942695568,0.04003477347272548,0.0386606837147363,0.032267387006959386,0.03355831339637393,0.03251886148807228,0.021960541236583368,0.02016107355430135
ACTTT,0.06220157275565179,0.09589760762391253,0.1016561062294056,0.06437993990897331,0.07152260529577381,0.06324933151911918,0.054727251965238095,0.050839356629620684,0.04595110022377106,0.04404440277557809,0.0358575751982386,0.03511501133755391,0.013367433982656041,0.04167374741961948,0.04180527922957297,0.04046696875310285,0.03269503155286275,0.03264917524802545,0.03287781452704616,0.019830475535019123,0.01919221228925849
AGCAA,0.059672946413163966,0.09878230250690029,0.09737391134292622,0.06403599087661653,0.07024146950668018,0.06431712944670824,0.0539210414359448,0.05157954776008498,0.047087498212367296,0.043530735525571726,0.03953774548710277,0.03326493751027126,0.01626222159347234,0.04121956575398139,0.04035931770701429,0.03900746263574605,0.03231821493968819,0.03348953998765714,0.03253330907420992,0.02138336366366216,0.02008174862023023
AGCAC,0.04788408567743531,0.10236232350364072,0.08841112482861552,0.0662733906598696,0.06846512531464564,0.06489072508447119,0.05397638688292616,0.052092238290159985,0.050285538101763526,0.04321271434213835,0.04775218423816433,0.031196438035665634,0.021825365069886606,0.039577054447699975,0.039381133899828856,0.03760405174730775,0.03181492149288882,0.034298421395480436,0.032209522032967265,0.02419370416218027,0.022293550792264062
AGCAG,0.048230086905728,0.10286928518229363,0.08837631396728164,0.06641466520685986,0.06819489550113618,0.06497025720625622,0.054145153251483544,0.052705878186205445,0.049865183453675,0.04342976578929403,0.04743114552230954,0.03139303245093042,0.021145127073513386,0.039459696961764254,0.03903969452875291,0.03759015359282374,0.032201213117934835,0.034033414382382124,0.03193969006309917,0.02424785815441204,0.022317489501864025
AGCAT,0.05747674939954941,0.09931945832007784,0.09706230360940107,0.06448774262203891,0.07049720967988991,0.06342916357371822,0.0545394560999765,0.051459840661218115,0.04717296759954333,0.043969479187790185,0.03967578458567514,0.0336446126264233,0.016036821435016457,0.04099807818601597,0.04043111515442417,0.03925532963853898,0.03299253537433823,0.033652519411933604,0.03278804419614037,0.02143467537839395,0.01967611325989635
AGCCA,0.05005111049659683,0.10331822894350583,0.08724290356111325,0.06633602326258323,0.06734409008701513,0.06534843026996767,0.053399524872405596,0.052575587838059,0.05022379110441641,0.043334346698210735,0.04825022147432871,0.031052202748584983,0.022828591867767062,0.03937158267164917,0.038627789913162666,0.036882126358293944,0.031842735109968046,0.03371784177257048,0.03166547482924218,0.024495862198181034,0.022091533922378045
AGCCC,0.04430656676191616,0.10612103346627362,0.08066206566293266,0.06783831926887242,0.06550039643502449,0.06639871266193444,0.05292716459701027,0.053894500140381885,0.051491392396542386,0.04276918278999083,0.0535779485840176,0.029398394406197424,0.027460101935565782,0.0385470752212559,0.03761978792323859,0.03534662395421889,0.031284283321737806,0.03366821903322684,0.030827136861470136,0.026498944047062652,0.023862150531129202
AGCCG,0.03293928447392929,0.10163385752744664,0.07844330054262828,0.06833068249940827,0.06300947442701063,0.06651122972886282,0.05254955658442814,0.05639418748437704,0.052003167728106287,0.04330629408993074,0.05636211202520025,0.030002720883778446,0.031222694382812863,0.03822731103683369,0.038445202949172565,0.03570441026503178,0.03202568691254903,0.03548209415142713,0.030800183161932403,0.028513977157848865,0.028092571987284844
AGCCT,0.047732885225657204,0.10421074860574378,0.08545550738840887,0.06710043883995569,0.06728156116840134,0.06567283489711384,0.0535267104810204,0.05298977197229198,0.050954837701858186,0.04315082781100407,0.04965483901969589,0.03066431555848837,0.02283619888035223,0.039123387215752856,0.03833332744056311,0.03678904664727624,0.03185760152894888,0.033899124987906426,0.031581177034781596,0.025031684354084347,0.0221531732406947
AGCGA,0.03929084647181101,0.10036215435762828,0.08595221109855763,0.06621861016011933,0.06527539318722003,0.06281210640033587,0.052506124083663,0.05436183805567597,0.04995181515222885,0.04391590919175749,0.04915650916422329,0.03235609683390848,0.02565117811099468,0.03929539757903851,0.040064534700485946,0.038247505139906726,0.03304103847164717,0.0359594359812813,0.03310475397283216,0.026536368466743353,0.025940173419940905
AGCGC,0.03648955123289612,0.10089577272244257,0.07504214640814955,0.06846912566187333,0.06218904758212207,0.06802779700413471,0.05133485165708859,0.05560549621711455,0.05224335685490626,0.04158254138293829,0.06254996060591266,0.02883666340217486,0.034478203055219696,0.03683801898000427,0.038159132966293405,0.034938678292469744,0.030284144813239478,0.03394880013172847,0.03036934709206537,0.028411609337020964,0.02930575460020506
AGCGG,0.03529950955841358,0.10301163263184752,0.07793792464776088,0.06856259981289511,0.06242971754722508,0.06707662795422545,0.05177985882086125,0.055885771524148815,0.051062859680787734,0.043358957882501915,0.056966585713880726,0.029581234703230867,0.030431711442692043,0.03775762357899511,0.03878410175481701,0.035014836094232824,0.03214565831624505,0.03476559916086295,0.03128100696445952,0.028053920225281838,0.02881226198463472
AGCGT,0.030271072572455277,0.09990308374345755,0.08306968205608936,0.06747275603468479,0.06434922076400282,0.062291276072181864,0.05304639285993282,0.054959085227716586,0.051866065151160066,0.04531384266854152,0.05196005194906648,0.03194574642606046,0.027639442231075697,0.0387835911256933,0.040305689008671194,0.03855289625810483,0.03338728419654714,0.03693559096945551,0.03358136083118506,0.027538131786579174,0.02682773806733849
AGCTA,0.05805085249919688,0.09877703895562541,0.09474788941983611,0.06492446960095809,0.06951385575312335,0.06454249941432606,0.054373312469254684,0.05163428672708989,0.048364154210923854,0.043529626075393776,0.042119495536774784,0.03283446084969699,0.0174973936996664,0.040511815433318714,0.04015220547780532,0.0386501723378914,0.032163653916138055,0.032939697533769075,0.03235217733263367,0.022020519717415914,0.020300423039161585
AGCTC,0.048240997937915794,0.10247479364098049,0.087335746240926,0.06612300803026984,0.06740696998575421,0.06550684398192747,0.0536446533741608,0.05255259726054841,0.0503731320806156,0.04296350123000457,0.048779022746608044,0.03095897328481357,0.024107504447826653,0.03973672928075239,0.03895585322283917,0.037149012390577094,0.031574620994567947,0.03347199319259206,0.03159923313392911,0.024568766919770106,0.02247604662262069
AGCTG,0.04769676043451023,0.10346367363483268,0.08713860908284161,0.06655650932481945,0.06807715459535363,0.06526815615595424,0.053906785285356244,0.05277177797008392,0.05054695421103834,0.043216113080787086,0.048480574056334005,0.03114133265951172,0.022474605279092896,0.03938370673439052,0.03884306960096874,0.03713408310683935,0.03182897790235272,0.03369640800082335,0.0315950324761167,0.02464872708474928,0.022130989323243276
AGCTT,0.05665411006245837,0.09967639777311399,0.09578531662749928,0.06520474909831224,0.07014565241979064,0.06428185439784852,0.05431663378281578,0.05140625589081724,0.04809891546127455,0.04366399406833976,0.04076272730700112,0.03300051525014766,0.016669598984580196,0.040740734922649645,0.040039177861837555,0.03896280773629246,0.03253521923265429,0.033377056287936864,0.03247835321025976,0.022152771668782125,0.020047157955587952
AGTAA,0.06332588312992452,0.09469421685572996,0.1028914706336124,0.06378094777955517,0.071585729443258,0.06302002555128798,0.0548873943370334,0.051037276730734354,0.04555975320270779,0.04410980557743475,0.03498296806359672,0.03558639393914788,0.01280152685185937,0.04216470024603942,0.04197692263968624,0.04075180063499281,0.032905741731695234,0.03224919678551805,0.03287968970342642,0.01945883508863103,0.01934972107412851
AGTAC,0.060936680334865705,0.09833094838263094,0.09639277499619753,0.0650548331724397,0.07028672177403084,0.0638014148293234,0.05438680899804134,0.05136159474048529,0.04738622853932375,0.043418312075714165,0.04007679437793139,0.03353871845889762,0.015939023898137256,0.041121930475324295,0.040687362451460304,0.03943394410834402,0.03218969515053126,0.03285955071874447,0.03215461930289081,0.02088409760397816,0.019757945610707758
AGTAG,0.06161297375718895,0.0982416425480918,0.09740837081864984,0.06422200091970329,0.07067980098853587,0.06418113018089656,0.054393369917483544,0.05169165774619986,0.04699018275920368,0.04364302558709253,0.03851720959609213,0.03370920268335384,0.015057182183663273,0.041562191305878175,0.04079078402807262,0.039120443833889705,0.03246633021636255,0.0329277452238745,0.0327180314329482,0.020723251273972197,0.01934347299884691
AGTAT,0.06759591171802273,0.09515179952718043,0.10303121881634375,0.06355375643764608,0.07185698045098683,0.06306214295760028,0.05468441302731772,0.050789595290556336,0.044795008270993926,0.04395535170141377,0.033963187379869676,0.03568205562661988,0.012109304365879304,0.042073868012349566,0.041999362095407757,0.04071497217329574,0.03298875044368692,0.03165915468432931,0.03267042600641588,0.018900644266895264,0.018762096747188865
AGTCA,0.05229287630896309,0.09993196260014404,0.09408504834320168,0.06547205527122543,0.06983043231633089,0.06384712458333068,0.05431216897494567,0.05218994384922785,0.048570577250333015,0.044210447485324954,0.04195820241046788,0.03319412488288644,0.01788411653356618,0.0406517887303297,0.04034506274737251,0.039058247662509,0.03268679214016661,0.03376598958565701,0.032737461679169404,0.022422705052294788,0.02055287159255317
AGTCC,0.053742882551219076,0.10302077012519026,0.09064909324917257,0.06540335128868338,0.06874153222753689,0.0650514761467299,0.05400119551669938,0.05239459282938576,0.04848645099907003,0.0432478730989533,0.044545313811833805,0.03166740680224142,0.01974998107286889,0.040289816751471516,0.03929905206147532,0.038049070423617444,0.03210538626602168,0.03336870164400496,0.031768426833361015,0.023174040337953814,0.02124358596250959
AGTCG,0.03609538268064464,0.09916634551023305,0.08493508479309984,0.06748029763790094,0.06543477819922516,0.06330812450363778,0.05302123689174662,0.054907608364941886,0.050370331074576426,0.04465504678482103,0.050800966745876586,0.031817110902727826,0.02626409512679568,0.03898813099437833,0.04016457771959689,0.0379755130571544,0.03289213980680685,0.036003326504533376,0.03266746032612851,0.026680688330553443,0.02637175404462072
AGTCT,0.05570714735333253,0.10032906416413814,0.0951890632837204,0.06502383072330173,0.07001393566331283,0.06456386065107857,0.054570958617474234,0.05184230625748877,0.04811466894846954,0.04373683992366714,0.0413651744657005,0.03298015943272821,0.016891167835576523,0.04075097062842869,0.040050170958488944,0.038642466532076286,0.03232193470834877,0.033347910566266056,0.032372863982849207,0.0218817547561034,0.020303750547449536
AGTGA,0.05470017473041724,0.10024767255777035,0.0954121169695511,0.06514817176128627,0.07023804493015377,0.06373357806615748,0.05429994224648319,0.05164162687308496,0.04770529292914446,0.043419865617426744,0.040937321816926865,0.033338110400471334,0.017701330413197935,0.04085831647579834,0.04079768446981598,0.039255242984295086,0.03237106052727797,0.03377279288780445,0.03248420964955313,0.022034987729674344,0.019902455963708987
AGTGC,0.051258071594441325,0.10227395135276579,0.08970672962402769,0.06621459088471598,0.0687531462057199,0.06487174041353318,0.05389636677043523,0.052009054032012975,0.04982627664080862,0.043021437028362496,0.04710396530461138,0.031337558391818045,0.020782030867725003,0.03977461139592381,0.03931745083705206,0.0377495403166095,0.031615187211707814,0.03351658087083454,0.03201508535971472,0.023622621937839774,0.021334002959340168
AGTGG,0.05364835444796998,0.10295956861564368,0.09001320147300647,0.06597977681472571,0.06851959580877073,0.06516796796769522,0.05375819642538443,0.05242783126637412,0.048796404403760714,0.04295161912183638,0.045549339313278175,0.03154763769926527,0.02089994809327951,0.03988115268341396,0.039214948318072394,0.037577195919941034,0.031688644144690324,0.033249932902730074,0.0313984569671489,0.023258570399000558,0.021511657214012363
AGTGT,0.0507756440386564,0.10020237593794848,0.09399856925500495,0.06532249029740844,0.0696123782599362,0.06337868615550808,0.054343118435768875,0.052153502790453436,0.04834115569897776,0.044013715374375144,0.04231697448129235,0.032978327905973895,0.018750833193033535,0.04059159991212747,0.0402201444639369,0.039090757174535244,0.03272484946196853,0.034277952570114956,0.03280918580846168,0.023034462428548806,0.021063276355968854
