,X,1,2,3,4,5,6,7,8,9,10,11,12,13,14,15,16,17,18,19,20
AACAA,0.047767358,0.112698768,0.08115374,0.071044705,0.063311018,0.060067604,0.049250963,0.053664952,0.057279268,0.04579974,0.062866462,0.030787442,0.023932343,0.038686851,0.037781957,0.029698412,0.027870211,0.031237258,0.027854428,0.021288685,0.025957833
AACAC,0.038086364,0.118554416,0.073851867,0.070952523,0.06161712,0.062164428,0.047120401,0.057204021,0.05564177,0.046687404,0.068659374,0.028494627,0.030344388,0.036714631,0.035983733,0.028518875,0.029443755,0.029720873,0.027524715,0.023520365,0.02919435
AACAG,0.039887536,0.119654848,0.072685276,0.072574054,0.061200894,0.062067396,0.045138278,0.058816074,0.056705431,0.04408037,0.070753106,0.029073076,0.029636949,0.036690532,0.034199663,0.029502447,0.02869285,0.029357599,0.026618418,0.023188623,0.029476581
AACAT,0.048446607,0.115190184,0.082124466,0.071257278,0.063484429,0.058237504,0.048103539,0.05526761,0.057860802,0.046166213,0.061123313,0.03037835,0.024404928,0.037169082,0.037636597,0.030371624,0.028871541,0.032046603,0.02615054,0.021186141,0.024522648
AACCA,0.041091652,0.121243412,0.071440344,0.072792463,0.059715248,0.061948599,0.045504539,0.058527939,0.055315814,0.045074013,0.07264447,0.028169156,0.029696177,0.036261692,0.034919663,0.029110931,0.027984165,0.028599682,0.025707088,0.024264154,0.0299888
AACCC,0.033343893,0.129107519,0.063323002,0.072338567,0.05585284,0.063960855,0.041169369,0.06331444,0.055587424,0.041516122,0.083366154,0.025193068,0.036524598,0.033498005,0.030642648,0.027868628,0.029807873,0.025749585,0.02448244,0.026353191,0.036999777
AACCG,0.03160516,0.11669152,0.067162775,0.06840787,0.055261977,0.063572266,0.044418063,0.065830812,0.054016881,0.044157461,0.076139045,0.027580316,0.03781616,0.034703421,0.033501759,0.028738544,0.030258719,0.027507927,0.026697167,0.026479999,0.039452158
AACCT,0.03957496,0.12403206,0.067239801,0.072298692,0.058530284,0.06273956,0.044754116,0.060908428,0.056198693,0.044063562,0.075188933,0.026725997,0.03112925,0.035970888,0.033608262,0.02911966,0.02814978,0.027986841,0.025022889,0.025209106,0.031548238
AACGA,0.036207255,0.108496913,0.076673372,0.069473538,0.059526947,0.059859888,0.04749948,0.060387043,0.054407991,0.044419782,0.067323299,0.028577374,0.032322952,0.036151765,0.036748283,0.030519526,0.031726434,0.031240896,0.028799334,0.025317334,0.034320594
AACGC,0.027833823,0.116768608,0.068964969,0.066057669,0.054507904,0.065025022,0.046278497,0.06340456,0.053522917,0.044912225,0.073651601,0.026817063,0.037445389,0.034347446,0.03483994,0.0310112,0.032139169,0.029247756,0.030026213,0.024847089,0.038350941
AACGG,0.029681197,0.115797007,0.067338972,0.069733247,0.05482108,0.064294079,0.044216005,0.066441119,0.056460638,0.044085882,0.074313598,0.027729343,0.035901106,0.035276513,0.034287573,0.028822381,0.03107352,0.025933637,0.027612232,0.027000651,0.039180221
AACGT,0.03203075,0.111989959,0.076102446,0.063760802,0.059995555,0.059930186,0.048791329,0.059890965,0.054321536,0.046176574,0.064388343,0.029219888,0.033664971,0.03895985,0.038685301,0.030867184,0.031782348,0.032893619,0.027611813,0.023140582,0.035795997
AACTA,0.050259427,0.11291036,0.083183894,0.071402099,0.062740597,0.058837243,0.048705258,0.054611099,0.057432513,0.045459436,0.061204361,0.030372044,0.02319298,0.038997681,0.036726203,0.030360089,0.028901561,0.031603424,0.027460966,0.020550893,0.02508787
AACTC,0.039000693,0.121478766,0.07037399,0.071752679,0.060362271,0.061485497,0.044470847,0.058480765,0.056716854,0.044203219,0.073180028,0.02756568,0.032309994,0.037228672,0.033218307,0.029617495,0.028157706,0.029698594,0.026032902,0.02428521,0.030379829
AACTG,0.041365343,0.118076904,0.07442171,0.072056267,0.060345588,0.061747216,0.04587575,0.059665247,0.05665411,0.044596961,0.070730232,0.028133347,0.028360127,0.036218692,0.034612332,0.030300358,0.028369576,0.029503477,0.025931689,0.023632389,0.029402686
AACTT,0.047161978,0.114886071,0.080826988,0.071221483,0.062618749,0.058896176,0.047795308,0.055821007,0.056820261,0.044132549,0.063955779,0.029773549,0.025023574,0.038281283,0.037436843,0.030938173,0.027570968,0.03085021,0.027078378,0.022201737,0.026708936
AATAA,0.052959292,0.107337327,0.089794543,0.071366192,0.065492041,0.056955063,0.05009729,0.052597711,0.056970384,0.046224088,0.054436256,0.032100997,0.019954343,0.039976099,0.040254945,0.032119383,0.027667039,0.033011077,0.0289387,0.018691875,0.023055356
AATAC,0.051811871,0.110679391,0.08498209,0.069618984,0.063641733,0.057995047,0.049291997,0.05567026,0.056862458,0.045731658,0.05845025,0.030401066,0.022537974,0.038778972,0.038459246,0.030460676,0.0284231,0.032108078,0.028401424,0.019833851,0.025859873
AATAG,0.054384116,0.114945033,0.082712611,0.073244263,0.063911346,0.057528455,0.046800016,0.054054372,0.057222265,0.046346619,0.060796448,0.03025985,0.021680632,0.037661412,0.036937154,0.030730912,0.028022305,0.030513045,0.027616014,0.020603077,0.024030054
AATAT,0.059425149,0.10970391,0.093268289,0.070568071,0.066262337,0.055006404,0.049728773,0.051955097,0.056516989,0.046037068,0.051167784,0.032272282,0.018198599,0.039086868,0.041482709,0.030976418,0.027676486,0.034182174,0.028068259,0.01801778,0.020398553
AATCA,0.051748205,0.115898086,0.082793815,0.072094574,0.063598971,0.059079857,0.047999536,0.053943559,0.055877955,0.045808325,0.05971361,0.029794672,0.022914518,0.039147706,0.036500855,0.029691118,0.027777433,0.031811912,0.027872703,0.020793724,0.025138866
AATCC,0.043973094,0.122655202,0.072951492,0.071009589,0.059993794,0.06229605,0.044463574,0.058016857,0.05679566,0.0452043,0.069933535,0.026771236,0.029533943,0.036575844,0.033227563,0.030429821,0.02786731,0.028267702,0.025895377,0.02337791,0.030760145
AATCG,0.041626311,0.112452861,0.076514106,0.067405774,0.061615183,0.061470934,0.04502648,0.060007831,0.055948235,0.044428875,0.065757207,0.030436664,0.030127558,0.037772786,0.035773899,0.029591774,0.030024522,0.031199126,0.026851031,0.021946545,0.034022297
AATCT,0.050686095,0.117680291,0.078774361,0.072112186,0.061788325,0.059549466,0.046656149,0.055825009,0.057708162,0.045028268,0.063345065,0.029983972,0.025066852,0.03803968,0.036051908,0.03002582,0.027690711,0.03022669,0.0270337,0.019978155,0.026749135
AATGA,0.050358688,0.116361083,0.081240855,0.073074079,0.063784372,0.058754381,0.046897089,0.054776172,0.057612889,0.045501932,0.061269377,0.028948744,0.02378264,0.037944571,0.036128701,0.029969591,0.02734323,0.031816396,0.028042356,0.020803623,0.02558923
AATGC,0.044403983,0.118803246,0.077546249,0.07296064,0.061415694,0.059666869,0.04758244,0.057931531,0.055948929,0.045685256,0.065434846,0.029541214,0.025319756,0.037206375,0.035803718,0.030004271,0.028520691,0.030862949,0.027774406,0.02198395,0.025602985
AATGG,0.046344174,0.122669659,0.072966435,0.07226961,0.06029138,0.059991209,0.045675937,0.058011514,0.05599251,0.044343038,0.069557356,0.028083805,0.027433435,0.036996008,0.034408825,0.029309501,0.027787208,0.029498894,0.02602192,0.022948746,0.029398837
AATGT,0.04811535,0.118238474,0.081970232,0.072252178,0.0633935,0.058560319,0.047966736,0.054602668,0.057129103,0.045663222,0.060020612,0.030388302,0.024434056,0.038739755,0.037993455,0.0290637,0.028394938,0.031732288,0.026934645,0.020418251,0.023988214
AATTA,0.054347968,0.104055786,0.094458323,0.070662351,0.067117068,0.056820107,0.052240784,0.052036582,0.05655508,0.04564986,0.050628897,0.032733039,0.018243434,0.040366693,0.041196533,0.031864097,0.027236982,0.033384746,0.03033476,0.017426629,0.02264028
AATTC,0.053014398,0.116971955,0.082611662,0.069201701,0.063563918,0.060021169,0.048120156,0.053276824,0.05725695,0.045176613,0.058975839,0.029973408,0.024392484,0.037815567,0.03631974,0.030953131,0.027532847,0.032024703,0.027755909,0.020771007,0.024270019
AATTG,0.057562083,0.114215978,0.085642117,0.070946502,0.064379168,0.057726692,0.047696892,0.053883922,0.054968072,0.045863488,0.058095644,0.031627643,0.021637576,0.037814673,0.037025685,0.03093515,0.027188875,0.031514119,0.028392224,0.019316021,0.023567476
AATTT,0.056950317,0.107133923,0.092738835,0.070690662,0.064856651,0.056724863,0.051891498,0.051536331,0.05709856,0.04632618,0.052030476,0.031779759,0.019651565,0.039828161,0.040634236,0.03103854,0.026538724,0.033135572,0.029960685,0.018252515,0.021201948
ACCAA,0.042852334,0.120050244,0.071127344,0.072586163,0.059141867,0.062957238,0.044437848,0.059811548,0.055717445,0.044180836,0.072578923,0.028043337,0.029784508,0.036249643,0.034273179,0.028622521,0.028872294,0.028832475,0.025527509,0.024608056,0.029744689
ACCAC,0.034666543,0.127804496,0.061239033,0.073380112,0.056635168,0.063267518,0.041912079,0.064619841,0.0540399,0.043632314,0.082040948,0.025866498,0.03671823,0.033221413,0.032472332,0.027374604,0.028438564,0.026734902,0.024447884,0.026635466,0.034852156
ACCAG,0.033470895,0.127641298,0.059122933,0.073917671,0.056561997,0.064178113,0.042925015,0.065095782,0.054820028,0.043832013,0.084297463,0.025523991,0.036589367,0.033348183,0.030741898,0.027522055,0.028943908,0.025676047,0.023926074,0.027369999,0.034495269
ACCAT,0.042697162,0.126617984,0.068791574,0.073357522,0.059376459,0.060145743,0.044606976,0.060432789,0.056337597,0.044377339,0.073958405,0.02765977,0.030713941,0.035498044,0.033090684,0.027954471,0.027759279,0.028444363,0.025129936,0.02449078,0.028559181
ACCCA,0.031727919,0.132773205,0.058675331,0.073581387,0.054288194,0.064575895,0.040210919,0.066728925,0.055255106,0.042541116,0.085229371,0.024301917,0.038307124,0.032673811,0.029704011,0.027067525,0.030109393,0.024593191,0.023590246,0.027611037,0.036454376
ACCCC,0.029324084,0.137986482,0.052258983,0.071529705,0.051447883,0.065012451,0.037189612,0.070316613,0.054165777,0.041778726,0.093091427,0.022372821,0.043194593,0.03110281,0.02719317,0.02526503,0.02941302,0.021650658,0.02111704,0.028537887,0.046051227
ACCCG,0.023652405,0.127542166,0.055608093,0.069512715,0.052189095,0.066072932,0.041152691,0.069180168,0.054090848,0.042711505,0.085786733,0.024473381,0.042451703,0.031820591,0.030895695,0.026395918,0.031415299,0.025003377,0.022852214,0.029742172,0.0474503
ACCCT,0.031864371,0.13565241,0.056333077,0.073449232,0.054150858,0.065171394,0.040377676,0.068451354,0.054950121,0.042364225,0.088638534,0.023632963,0.038006421,0.031031944,0.02868722,0.026488419,0.028660688,0.023858481,0.02155687,0.027005784,0.039667958
ACCGA,0.029337773,0.118238275,0.064448306,0.068580387,0.05501744,0.067073393,0.043362541,0.065420561,0.054373321,0.043958047,0.076905315,0.02722312,0.037917917,0.034794551,0.033895215,0.028268294,0.029957585,0.028353366,0.025606747,0.02699221,0.040275634
ACCGC,0.027404367,0.128191537,0.059195687,0.069525893,0.050839047,0.066480964,0.041952364,0.070969415,0.052790058,0.042301967,0.081536449,0.023953446,0.042301967,0.031351498,0.03152066,0.026017232,0.030911674,0.025994677,0.026682606,0.028329123,0.041749368
ACCGG,0.025532382,0.126465423,0.056169045,0.068221734,0.05180022,0.066684962,0.042711306,0.070285401,0.052689352,0.041888035,0.083874863,0.024731065,0.045203074,0.032612514,0.029264544,0.026717892,0.029626784,0.026234907,0.024950604,0.02881449,0.045521405
ACCGT,0.026991489,0.115353352,0.065769341,0.069749928,0.054126422,0.063761117,0.044001626,0.068399158,0.057150712,0.045770776,0.077794779,0.026310127,0.040021039,0.034068088,0.032741226,0.027087119,0.032538013,0.026298173,0.025736349,0.027672851,0.038658315
ACCTA,0.043501777,0.122338718,0.069119028,0.072762503,0.058384746,0.064215494,0.044666738,0.062016333,0.056227191,0.044345779,0.074343521,0.027590552,0.028904105,0.035531305,0.033504511,0.028725794,0.028119539,0.026883254,0.024951559,0.024844573,0.029022978
ACCTC,0.033015003,0.130641704,0.058494075,0.072008951,0.055109052,0.064063288,0.040834594,0.065812532,0.054314801,0.043270928,0.08540406,0.025318331,0.037897126,0.034326147,0.03007123,0.027650656,0.02767587,0.025242688,0.023862204,0.027168432,0.037818331
ACCTG,0.031188469,0.128872758,0.057515915,0.074406577,0.055465751,0.065403481,0.04200981,0.067115043,0.055215279,0.043781671,0.086097615,0.02474344,0.037983696,0.031830885,0.03032573,0.026554727,0.02946763,0.02482693,0.023231328,0.028164245,0.035799019
ACCTT,0.039433495,0.125760451,0.067152266,0.071972649,0.058463637,0.062897509,0.044015058,0.059730008,0.055481535,0.044964051,0.076849594,0.025940195,0.031942105,0.035760074,0.033060786,0.028098997,0.028843737,0.028098997,0.025519118,0.024017069,0.031998668
ACTAA,0.050048487,0.110922719,0.082531822,0.069845878,0.062600252,0.060050866,0.051335379,0.054769122,0.056403657,0.044797238,0.062069639,0.030354779,0.023426303,0.039167851,0.037393039,0.030818304,0.028464086,0.032117394,0.028110343,0.02029751,0.024475333
ACTAC,0.046152377,0.120226704,0.071837297,0.075908964,0.0590835,0.059649577,0.044679211,0.059022118,0.056307673,0.044154055,0.070623299,0.028481207,0.027458175,0.036133485,0.034851285,0.028992723,0.028638072,0.029456497,0.024832393,0.024150372,0.029361014
ACTAG,0.048194839,0.121649452,0.071949012,0.072276656,0.060309857,0.060949543,0.047188504,0.058812057,0.055902269,0.043248978,0.070381003,0.028949668,0.026390926,0.037764845,0.032694168,0.029409929,0.028497207,0.02724904,0.026702968,0.022880457,0.028598621
ACTAT,0.05442766,0.11745612,0.081248141,0.073956302,0.061911215,0.057177801,0.048127458,0.055716788,0.058076885,0.043579149,0.062407034,0.030403596,0.021597858,0.037384722,0.036406307,0.029967276,0.02746835,0.030714309,0.026787426,0.020771494,0.024414108
ACTCA,0.03694006,0.126432952,0.066502796,0.072798826,0.059449231,0.062190189,0.043132361,0.06113404,0.055862726,0.043937046,0.075244313,0.027129821,0.033812477,0.035044651,0.032143385,0.028905786,0.028858636,0.028148251,0.024810066,0.02572791,0.031794478
ACTCC,0.033636924,0.128485906,0.062148401,0.072639963,0.057493006,0.06502512,0.041902319,0.064464818,0.055232995,0.042515267,0.081552149,0.025247435,0.036254174,0.035253903,0.03026007,0.027785716,0.028534039,0.02592431,0.02357029,0.025330165,0.036743028
ACTCG,0.029266146,0.118751605,0.065133678,0.070598159,0.053972445,0.063788951,0.045451767,0.064595787,0.05194313,0.043349103,0.079522255,0.026772289,0.039840589,0.03455948,0.032884684,0.028777154,0.031723329,0.027016785,0.026283297,0.027432427,0.03833694
ACTCT,0.036891935,0.123381421,0.069229026,0.072943178,0.060010968,0.062950107,0.044888362,0.058772918,0.055508668,0.043525521,0.07605965,0.026997383,0.030704966,0.037788454,0.031975856,0.02904657,0.028264989,0.028209162,0.026343876,0.024616516,0.031890474
ACTGA,0.040316033,0.120142137,0.070286401,0.072857087,0.060626852,0.063554079,0.045727058,0.058721308,0.057753556,0.043704665,0.072509535,0.02805284,0.030833256,0.035953656,0.03373951,0.029736669,0.028301519,0.02840938,0.024921876,0.023786339,0.030066245
ACTGC,0.03513612,0.123019118,0.065654426,0.073550036,0.057187337,0.064938435,0.043826546,0.065059956,0.056556739,0.042263189,0.078049614,0.026866093,0.034735428,0.033444673,0.032695838,0.028498422,0.029096176,0.026721581,0.025076115,0.02641942,0.031204737
ACTGG,0.036183528,0.126630668,0.062186607,0.074160171,0.056786821,0.064622205,0.042801113,0.064166625,0.055358754,0.043662626,0.081166167,0.025532897,0.035319095,0.034688293,0.031017373,0.027863361,0.029250542,0.024843687,0.024294655,0.026289275,0.033175535
ACTGT,0.037033168,0.120331681,0.072208608,0.073879999,0.060435465,0.061022711,0.046434742,0.060274537,0.056008538,0.044461259,0.070593683,0.028244249,0.031078838,0.036061954,0.034729359,0.029797062,0.029235226,0.029509085,0.026008199,0.023518052,0.029133587
ACTTA,0.046959034,0.112336461,0.082379754,0.070774688,0.063093603,0.060957585,0.049686272,0.055331464,0.057105123,0.045347484,0.062039898,0.030013922,0.023896708,0.0385723,0.037857116,0.030953198,0.027610901,0.031205897,0.027343899,0.021126559,0.025408132
ACTTC,0.040593731,0.122487086,0.072397955,0.072111694,0.059971634,0.061106918,0.044360663,0.059350318,0.055996513,0.043056224,0.072368678,0.028326806,0.030805564,0.035603685,0.033092397,0.029884975,0.028525236,0.028996916,0.025291791,0.024436261,0.031234955
ACTTG,0.041953661,0.121670776,0.070953429,0.07264499,0.058762396,0.062613554,0.045237279,0.059864307,0.055751492,0.043173501,0.072342794,0.028004732,0.030156958,0.036451481,0.033750143,0.028701257,0.028704942,0.030223293,0.025071219,0.024772708,0.02919509
ACTTT,0.048581031,0.114196969,0.082013856,0.071257841,0.062394593,0.060489693,0.048629564,0.05445043,0.05583664,0.04495626,0.062567491,0.029077033,0.02463631,0.038598503,0.037106128,0.031734188,0.028655407,0.030887902,0.027172133,0.020990306,0.025767723
AGCAA,0.042678374,0.119404319,0.072713226,0.072179927,0.060496343,0.062061649,0.045863758,0.058723483,0.056342373,0.044892288,0.07070975,0.029089326,0.029216165,0.036875499,0.034840313,0.028760698,0.027659507,0.029709107,0.025745394,0.023606431,0.028432071
AGCAC,0.033382218,0.123596078,0.063258567,0.073008418,0.057023581,0.065099973,0.044628585,0.064344217,0.055245156,0.04312607,0.078307707,0.026049586,0.036885086,0.033424204,0.032698438,0.028151907,0.029867353,0.026676384,0.024715017,0.027138234,0.03337322
AGCAG,0.032418448,0.126206745,0.061987843,0.073989826,0.056640632,0.06450695,0.04265723,0.065924493,0.054374657,0.042693891,0.084493961,0.025564661,0.036285268,0.033324488,0.032095485,0.027399436,0.029248178,0.025632745,0.023455803,0.026959509,0.03413975
AGCAT,0.04037149,0.1221754,0.071346653,0.073333003,0.060010246,0.061629732,0.045613339,0.059623552,0.056645679,0.044744105,0.07186555,0.027875002,0.029633302,0.036134384,0.033606002,0.028803728,0.029696098,0.029606861,0.025733314,0.023403236,0.028149323
AGCCA,0.034025372,0.128176575,0.059975712,0.075034617,0.055732063,0.065633164,0.041587313,0.063952733,0.05556402,0.043626236,0.083707883,0.026248336,0.036879865,0.033646715,0.031242578,0.026786074,0.029203655,0.024960006,0.02341625,0.026866735,0.033734098
AGCCC,0.028400338,0.135097191,0.051736841,0.075338594,0.052350396,0.066001313,0.03976851,0.069725508,0.054274117,0.041212641,0.09269763,0.022996236,0.041633287,0.031248409,0.027920747,0.02575857,0.029268423,0.023376693,0.021597653,0.029544389,0.040052514
AGCCG,0.024392402,0.122787872,0.057485842,0.070751239,0.050569254,0.067521531,0.043696909,0.071665585,0.052663403,0.041558518,0.08300643,0.024805333,0.044058223,0.033734958,0.031810406,0.027526251,0.030461008,0.026707763,0.023566541,0.028521708,0.042708825
AGCCT,0.032232544,0.13076357,0.057566008,0.074591442,0.054944006,0.064635871,0.041638098,0.067300568,0.056069157,0.041776231,0.08692289,0.024359003,0.037921084,0.032855396,0.030032474,0.027096534,0.029532686,0.024615176,0.023007818,0.026998586,0.035140857
AGCGA,0.03030303,0.121616872,0.064834638,0.069414709,0.054939554,0.061926825,0.044778186,0.066485594,0.052415189,0.043883474,0.077989029,0.027459126,0.037524631,0.034244022,0.034776588,0.028577515,0.030963413,0.026393993,0.02701177,0.026958513,0.037503329
AGCGC,0.025619327,0.123749316,0.057767933,0.072162211,0.051587104,0.063832612,0.045339904,0.073257338,0.052947716,0.040959397,0.082773325,0.024781389,0.043481507,0.030091095,0.031509781,0.027917434,0.031244296,0.026863789,0.026507044,0.029294639,0.038312841
AGCGG,0.02514697,0.12717596,0.056043127,0.070881211,0.051315679,0.067236502,0.042386903,0.074098926,0.052444167,0.041296541,0.086413164,0.024010858,0.042996897,0.032055143,0.02966092,0.026755827,0.030438661,0.024986847,0.023789735,0.02876118,0.042104782
AGCGT,0.026342126,0.118436037,0.062059287,0.069858397,0.053995606,0.064037822,0.045644347,0.069616831,0.056020153,0.043861364,0.077001829,0.025375864,0.040767027,0.035395074,0.033278502,0.02872327,0.03079383,0.027434921,0.027423418,0.025893504,0.03804079
AGCTA,0.044184602,0.121003473,0.071272879,0.074216482,0.05887206,0.061184164,0.044378126,0.05901975,0.057797492,0.044148952,0.074628994,0.028259607,0.028794345,0.035414905,0.033566241,0.028779067,0.027908208,0.027999878,0.02538221,0.024012263,0.0291763
AGCTC,0.031873559,0.123598042,0.060291597,0.073689132,0.055468376,0.064934786,0.04403506,0.064856862,0.055336712,0.041611359,0.086406849,0.025806244,0.037991928,0.033907641,0.030782625,0.027848387,0.028203075,0.025696075,0.024094605,0.026830002,0.036737085
AGCTG,0.031340807,0.126305867,0.059517316,0.074624228,0.055108204,0.065481021,0.043500075,0.067501231,0.056368222,0.041128277,0.086813903,0.025268775,0.037353924,0.032731958,0.030375364,0.027593062,0.028668733,0.025069225,0.023554543,0.027372606,0.03432266
AGCTT,0.04072341,0.120978101,0.06952552,0.073388391,0.058417455,0.062819403,0.045649033,0.059101313,0.056402848,0.042226665,0.075630951,0.027098626,0.032230639,0.036706517,0.033231782,0.029729322,0.028604961,0.027745519,0.025043973,0.024862227,0.029883344
AGTAA,0.04955119,0.110237901,0.083882577,0.072667545,0.063398406,0.059121629,0.049856674,0.05442638,0.056556399,0.045362292,0.060485845,0.030996171,0.023179127,0.038884355,0.037507585,0.031125897,0.028259369,0.030477267,0.028368171,0.020906827,0.024748394
AGTAC,0.043498326,0.120342179,0.071249683,0.074103048,0.058536174,0.062655824,0.043892281,0.060545347,0.056493232,0.043655908,0.070337958,0.028325407,0.029664856,0.037071222,0.033525621,0.030357093,0.028111546,0.029529786,0.025139995,0.024222641,0.028741875
AGTAG,0.046718565,0.121645425,0.071844346,0.074304283,0.061083385,0.061872994,0.04398024,0.05970663,0.056244496,0.044020732,0.072674448,0.027676827,0.028238665,0.036028466,0.033214217,0.028780256,0.027540164,0.027995708,0.024639867,0.023394714,0.028395574
AGTAT,0.053506532,0.115303714,0.081241938,0.070243046,0.06399696,0.059848959,0.048635977,0.054801779,0.056942683,0.044744885,0.060881945,0.030149275,0.023164577,0.038932331,0.036539872,0.029394606,0.028666699,0.03141776,0.027028908,0.020167312,0.024390244
AGTCA,0.038374812,0.122237752,0.069038199,0.073637547,0.060152949,0.062919595,0.044778077,0.059945051,0.057315938,0.043578664,0.073832652,0.026975593,0.031562147,0.035713715,0.032793544,0.029396807,0.028552421,0.028478857,0.02555229,0.023725984,0.031437408
AGTCC,0.032622315,0.129979771,0.061183823,0.073788929,0.05582854,0.065693734,0.043189469,0.063848256,0.054156666,0.042596954,0.08219359,0.025606479,0.035433933,0.033663934,0.030701357,0.028036925,0.029791827,0.02588198,0.023964796,0.027297224,0.034539499
AGTCG,0.030332231,0.118812024,0.064792176,0.071105997,0.053933554,0.064633971,0.044311808,0.065079822,0.054609521,0.042787286,0.079231986,0.026938012,0.038530131,0.034272976,0.032316985,0.028620739,0.030993816,0.028606357,0.025399108,0.026679131,0.038012369
AGTCT,0.037815182,0.122461776,0.069266363,0.072049356,0.058841872,0.064199973,0.044990612,0.059941658,0.056142704,0.042495976,0.07516765,0.027853407,0.031675832,0.036950107,0.032939914,0.030089861,0.028869367,0.027964056,0.024560756,0.024232162,0.031491416
AGTGA,0.038521799,0.122298057,0.069478308,0.073062495,0.060952063,0.061575789,0.045600642,0.059835921,0.055269888,0.043938368,0.073071448,0.027814004,0.030896823,0.035955271,0.032923186,0.030440219,0.029213658,0.028646634,0.025772719,0.023823948,0.03090876
AGTGC,0.035094613,0.125600962,0.064360669,0.073367388,0.05653276,0.065061791,0.044894909,0.063655695,0.055677546,0.043527336,0.077369946,0.027135725,0.035772621,0.033688517,0.032116771,0.028014053,0.029015656,0.027012451,0.024504592,0.02629592,0.03130008
AGTGG,0.035926836,0.128633738,0.060868021,0.075368032,0.056107475,0.063648646,0.041799632,0.064781277,0.055298036,0.042440195,0.083197456,0.02493245,0.036491696,0.034412779,0.030348117,0.027060865,0.028333256,0.024824719,0.023962871,0.026731849,0.034832056
AGTGT,0.036367918,0.124258114,0.069890814,0.071660201,0.05906127,0.062510939,0.046726474,0.060938857,0.055385653,0.043120869,0.073340483,0.027155009,0.032043102,0.035231818,0.034251654,0.028443862,0.029538591,0.028300656,0.025633845,0.025102392,0.031037479
AGTTA,0.046808511,0.112852747,0.082555295,0.070494175,0.063608868,0.058196355,0.049328038,0.054882571,0.057649318,0.043831365,0.059963706,0.030760329,0.023575204,0.039960024,0.037992794,0.031575625,0.028466981,0.031296847,0.02849854,0.021713174,0.025989533
AGTTC,0.039524635,0.120820691,0.070347493,0.0704089,0.059666233,0.061884121,0.044339691,0.060424794,0.056899292,0.044292732,0.075010837,0.027875307,0.030981795,0.036996099,0.033084092,0.029948707,0.028236527,0.028810865,0.025350383,0.024494293,0.030602514
AGTTG,0.043920523,0.122815195,0.071829928,0.073923026,0.059491442,0.060988978,0.044196725,0.05869736,0.055784286,0.044231251,0.072645589,0.027244793,0.029747879,0.03637674,0.033515454,0.029355153,0.027339738,0.028996953,0.025389057,0.023917415,0.029592515
AGTTT,0.045920268,0.112524857,0.082254348,0.071778037,0.062769483,0.060035984,0.04855276,0.055632714,0.057087844,0.045298444,0.062848395,0.02957293,0.025245415,0.037391496,0.0371737,0.030557748,0.0285818,0.031760361,0.027287649,0.02140084,0.026324927
ATCAA,0.051190849,0.118563049,0.079900641,0.073283654,0.06293861,0.058542593,0.0469159,0.056555409,0.056217254,0.043772309,0.062867639,0.030141733,0.024234454,0.03862901,0.035184837,0.029081345,0.027386394,0.031014257,0.027261152,0.021725426,0.024593483
ATCAC,0.040155915,0.124132024,0.072855023,0.072511497,0.0620454,0.059828512,0.045235522,0.058720067,0.056443634,0.045093531,0.0696671,0.027770653,0.029126436,0.035593888,0.033418222,0.029556989,0.029538667,0.029286748,0.025819424,0.022782653,0.030418094
ATCAG,0.042126623,0.125110685,0.071229339,0.072561246,0.059415584,0.062470484,0.044535862,0.058168536,0.056914109,0.044428867,0.072849026,0.026944362,0.030257527,0.03626771,0.033186983,0.028800177,0.027671192,0.028493949,0.02565673,0.023800915,0.029110094
ATCAT,0.052628992,0.119038746,0.079121635,0.073900099,0.062760821,0.057305851,0.046498294,0.05545886,0.057457378,0.045589133,0.065189347,0.028388777,0.024404028,0.036710473,0.035436828,0.029801664,0.028012007,0.030395485,0.026193684,0.021037673,0.024670224
ATCCA,0.041815433,0.125224713,0.069113406,0.071393598,0.059613797,0.061583054,0.044431578,0.059167051,0.056511592,0.044628146,0.074242051,0.027065665,0.031658214,0.036493794,0.032154996,0.028048506,0.028595323,0.027859086,0.025721852,0.02484623,0.029831916
ATCCC,0.034858131,0.134310047,0.060424133,0.071992917,0.055832877,0.063447026,0.039980606,0.062915806,0.05596779,0.043707576,0.083182259,0.024562587,0.036746912,0.033306632,0.029790463,0.028226316,0.028344365,0.026476664,0.022416628,0.026759138,0.036751128
ATCCG,0.030009131,0.120562273,0.064321094,0.070851435,0.054276543,0.064459448,0.042308863,0.065414096,0.05239492,0.0438446,0.082293367,0.026038352,0.040039846,0.035681674,0.03202911,0.027186696,0.030521044,0.026965328,0.026605606,0.026259719,0.037936855
ATCCT,0.041232907,0.128999028,0.065946133,0.072973543,0.059483093,0.061635173,0.042348045,0.061196597,0.055716102,0.04334759,0.078277248,0.02608335,0.032104415,0.035225441,0.031992221,0.029013987,0.028527814,0.026637519,0.024312048,0.024091061,0.030856684
ATCGA,0.034492207,0.122028271,0.069596892,0.068452525,0.05820157,0.061376787,0.045549055,0.060651484,0.05376916,0.044340216,0.073400706,0.027061876,0.036684235,0.036958239,0.034508325,0.029108844,0.030527215,0.028335187,0.024692552,0.02493432,0.035330335
ATCGC,0.032066056,0.123818165,0.066327919,0.067108248,0.056945831,0.061754832,0.041684058,0.065075764,0.054205607,0.044097632,0.074766355,0.028581798,0.035586607,0.033535977,0.035132928,0.028345885,0.030940931,0.027710734,0.027456674,0.026748934,0.038109065
ATCGG,0.029543541,0.120229072,0.06486441,0.06936163,0.054690921,0.062540003,0.044483746,0.066026613,0.054455112,0.044045814,0.079602493,0.027589692,0.038841166,0.034360788,0.032272191,0.028684521,0.030453091,0.026747516,0.025585312,0.026848577,0.038773791
ATCGT,0.034020016,0.114602287,0.075578373,0.068852352,0.059786847,0.058503379,0.044352742,0.059218222,0.05618014,0.043897842,0.070119574,0.029844684,0.03527099,0.037448011,0.035563426,0.030315831,0.031518066,0.028674942,0.027326488,0.024418378,0.034507408
ATCTA,0.049628185,0.117682555,0.078257954,0.073430452,0.062019993,0.058423747,0.046604901,0.055424845,0.058356699,0.045416311,0.064695843,0.029690357,0.024539803,0.037687431,0.035316348,0.030744849,0.028257954,0.030903328,0.025947824,0.019980495,0.026990126
ATCTC,0.040597721,0.124412728,0.068475538,0.072036222,0.059634965,0.06221748,0.042750434,0.060561262,0.055681532,0.044128763,0.076901131,0.027351681,0.031627466,0.035947712,0.032012805,0.029193159,0.027403554,0.028033436,0.024583908,0.024120759,0.032327746
ATCTG,0.040641405,0.12441931,0.068999491,0.073831072,0.059162465,0.062481127,0.044301693,0.060165994,0.057365873,0.043862459,0.074236754,0.028065263,0.031817059,0.035370589,0.032317298,0.028833924,0.028678361,0.027998158,0.024893013,0.023398395,0.029160299
ATCTT,0.04936319,0.119495824,0.075436702,0.072945397,0.061585048,0.060395651,0.045727493,0.0564835,0.056875679,0.044062337,0.066847326,0.028291576,0.027494358,0.037533512,0.035212581,0.029593483,0.027253264,0.029432754,0.02607994,0.022534251,0.027356131
ATTAA,0.051442101,0.10660949,0.091935991,0.070519719,0.064683433,0.057414981,0.052245107,0.053242657,0.057601245,0.045713434,0.053726945,0.031913308,0.018564356,0.039202457,0.04107338,0.031395907,0.028167323,0.033092983,0.030427332,0.018498129,0.02252972
ATTAC,0.049867472,0.109534803,0.087961958,0.072624192,0.061712805,0.056220937,0.050867189,0.054616128,0.056470867,0.044770229,0.056701065,0.031760752,0.023243425,0.038995547,0.038219451,0.030734726,0.028373552,0.032503963,0.029248305,0.02020481,0.025367824
ATTAG,0.053108065,0.11048718,0.084972903,0.071900688,0.062084273,0.059486634,0.049516181,0.053906261,0.05695201,0.045581213,0.059626668,0.03113666,0.022041422,0.038964585,0.037298175,0.030702553,0.026760583,0.032831076,0.028455,0.020108947,0.024078923
ATTAT,0.058394229,0.107987527,0.09236282,0.07155336,0.06682415,0.054848496,0.05181936,0.051406083,0.057802491,0.04592546,0.052157496,0.031333947,0.018141942,0.039374072,0.040937952,0.031249413,0.027187083,0.032879041,0.028661732,0.017592471,0.021560874
ATTCA,0.050792229,0.119596341,0.08031787,0.07024145,0.062975742,0.058750268,0.047691792,0.055495562,0.056654463,0.045667478,0.060345639,0.029254729,0.024378313,0.038958645,0.036373693,0.030624339,0.027429836,0.03223476,0.027316956,0.020687138,0.024212756
ATTCC,0.046066976,0.123918376,0.073554711,0.072008926,0.060792396,0.060094025,0.043226647,0.058173503,0.055920829,0.044367889,0.070152279,0.028620461,0.02789228,0.037115896,0.034548102,0.029748927,0.028092424,0.02849271,0.024668699,0.022752436,0.029791511
ATTCG,0.041698124,0.117563931,0.074530073,0.068935478,0.056275045,0.062005149,0.045531099,0.059062663,0.056894516,0.045840835,0.067696537,0.028998974,0.031786592,0.038155526,0.034767795,0.030586368,0.028747314,0.027779391,0.028127843,0.022223513,0.032793232
ATTCT,0.050102158,0.119362387,0.07919473,0.071454845,0.062713473,0.060055205,0.04566347,0.054605757,0.057430939,0.044423975,0.062895842,0.02945113,0.025120627,0.038449056,0.035166404,0.030199154,0.02792108,0.03101518,0.02703087,0.021723608,0.02602011
ATTGA,0.053261713,0.116984289,0.080572828,0.070555393,0.064130731,0.058552612,0.047628166,0.058305703,0.055433501,0.045925,0.062810525,0.029719734,0.023698187,0.037948341,0.034602477,0.029125137,0.027210336,0.031206224,0.026872726,0.020820946,0.024635432
ATTGC,0.04845588,0.1211397,0.07698563,0.072640367,0.061019895,0.060964027,0.04568112,0.057947174,0.055066886,0.044377541,0.065805891,0.028560787,0.026357118,0.036971973,0.035202831,0.029473292,0.027530339,0.031211397,0.027070983,0.021155219,0.026381949
ATTGG,0.049054933,0.126437284,0.072215509,0.072275652,0.060263427,0.05985336,0.043838882,0.058409925,0.05557773,0.044735562,0.070296396,0.026605138,0.027643974,0.035533661,0.034139434,0.028742954,0.028425835,0.027397934,0.026501255,0.023587046,0.028464108
ATTGT,0.051714687,0.116344675,0.080116764,0.072567239,0.06445618,0.057641999,0.047743833,0.054927914,0.055984134,0.046870334,0.060993382,0.030505604,0.023094235,0.038487421,0.036424003,0.030456581,0.02732803,0.031298884,0.027221071,0.020317757,0.02550527
ATTTA,0.051181428,0.106590108,0.090775777,0.071068104,0.06581502,0.057505095,0.050747687,0.052282992,0.057405265,0.04694729,0.054131554,0.03123623,0.019666364,0.040351674,0.041078018,0.031342944,0.027893672,0.033002176,0.029480612,0.018712822,0.022785167
ATTTC,0.050695764,0.11237023,0.083220622,0.071139177,0.065409173,0.058713506,0.047689111,0.05306575,0.056179022,0.046537627,0.059810157,0.031358142,0.023498806,0.038242677,0.037094239,0.030934713,0.027617342,0.03186382,0.028452015,0.019885948,0.026222157
ATTTG,0.053946293,0.115772868,0.08254036,0.071794519,0.06311463,0.059681026,0.04755306,0.053866694,0.05636682,0.045809122,0.05783578,0.030656401,0.023116222,0.037563408,0.038710354,0.029940011,0.027866824,0.032027671,0.028015167,0.020493079,0.023329691
ATTTT,0.054923561,0.108040864,0.09211087,0.071460492,0.06532046,0.056962617,0.0508018,0.051793268,0.057710895,0.045597115,0.052547781,0.03162927,0.020242982,0.039290799,0.040159633,0.03099947,0.027613515,0.033377329,0.028634082,0.018264204,0.022518993
CACAA,0.040745796,0.122165726,0.070908564,0.073397155,0.061488399,0.061247358,0.045739265,0.05842652,0.055273436,0.045012883,0.070169153,0.027260498,0.030019446,0.035234413,0.035084576,0.029201859,0.028794694,0.030071563,0.025599265,0.023869629,0.030289804
CACAC,0.029052784,0.124229465,0.063828688,0.069293473,0.056690685,0.066052359,0.044429695,0.063596186,0.05516452,0.045220598,0.07804309,0.027011935,0.03813625,0.034334747,0.032601913,0.026556868,0.0325264,0.028114828,0.02369332,0.026036223,0.035385973
CACAG,0.028925344,0.127971725,0.060784902,0.074769097,0.05767897,0.064752759,0.042419392,0.064704411,0.054958154,0.043394685,0.081032643,0.025762729,0.037596279,0.033471708,0.031717849,0.028183455,0.030242406,0.025892768,0.023982195,0.026813044,0.034945484
CACAT,0.03962909,0.125402849,0.071674422,0.07153139,0.060374866,0.060883088,0.045143443,0.059443635,0.057051647,0.044635222,0.070183234,0.028031297,0.030471976,0.035605925,0.033859104,0.028089118,0.029960712,0.029467707,0.025770168,0.023545559,0.02924555
CACCA,0.034698269,0.129039589,0.059434724,0.073134586,0.056432922,0.063485262,0.042216977,0.066184043,0.054811287,0.042640733,0.083643259,0.025740212,0.037555662,0.032501367,0.031050181,0.026362825,0.028791728,0.025969845,0.02440976,0.027271888,0.034624881
CACCC,0.027057324,0.137884237,0.051610921,0.072164245,0.052197021,0.065526522,0.037920086,0.072235373,0.054222763,0.041840695,0.092780161,0.02264735,0.043396989,0.030679193,0.027412967,0.025199445,0.030141461,0.022377061,0.021273145,0.028383161,0.043049881
CACCG,0.024140017,0.1247524,0.0592727,0.068231647,0.052733046,0.067142965,0.042874424,0.071694262,0.054169502,0.044673773,0.080464202,0.024707039,0.044000907,0.031775913,0.030702351,0.026513949,0.030845997,0.027368262,0.024722159,0.028751796,0.04046269
CACCT,0.031607981,0.13226033,0.056338789,0.072954532,0.054668618,0.064959818,0.040754622,0.068025072,0.053386517,0.043014265,0.088600102,0.024224844,0.039357083,0.032325172,0.029684829,0.026150453,0.02859185,0.023942389,0.023657477,0.028147289,0.037347965
CACGA,0.027909752,0.118853999,0.06484653,0.067741365,0.055996288,0.062946103,0.043544074,0.064934921,0.053521314,0.045212472,0.077818045,0.026484432,0.040395112,0.035323625,0.033909354,0.028970455,0.032804455,0.029058847,0.025567366,0.026904294,0.037257198
CACGC,0.022794572,0.124314508,0.055590843,0.067551731,0.052173446,0.065726734,0.044497723,0.072454174,0.054186311,0.042762187,0.081301831,0.024896897,0.047271003,0.031615391,0.031534876,0.026211968,0.032751541,0.026122507,0.02593464,0.028341131,0.041965987
CACGG,0.022039135,0.121984209,0.057507724,0.070477171,0.052296601,0.067366976,0.043014075,0.069811191,0.052845863,0.043755578,0.081414349,0.024600069,0.045300378,0.032935118,0.031644353,0.026000687,0.032056299,0.026364573,0.025355304,0.02882252,0.044407827
CACGT,0.024626286,0.11620256,0.06440184,0.06707216,0.056294887,0.062220205,0.04537799,0.066967441,0.056652675,0.046154652,0.075851055,0.026528671,0.038798181,0.03373679,0.034548358,0.028064541,0.033152112,0.030150184,0.027017357,0.026485038,0.039697015
CACTA,0.046329553,0.124440876,0.071060781,0.073843572,0.059996016,0.059138844,0.046830576,0.059307864,0.055601499,0.043323413,0.071839479,0.028733377,0.027574384,0.036315125,0.033628917,0.029113672,0.026970741,0.029174036,0.025914367,0.023379069,0.027483837
CACTC,0.031917833,0.129279377,0.06131207,0.073131024,0.057629884,0.063878947,0.043320627,0.063848984,0.053891099,0.042348476,0.081500841,0.025182694,0.037041599,0.034368185,0.030556157,0.027669669,0.029330981,0.026451151,0.023684517,0.026750787,0.036905099
CACTG,0.03315923,0.124790643,0.063323569,0.074468872,0.057147926,0.064905496,0.043939148,0.064064899,0.056499526,0.043457599,0.079060474,0.026542168,0.035782399,0.033693579,0.032496045,0.027934011,0.029551844,0.025974026,0.024683562,0.026385876,0.032139108
CACTT,0.040977208,0.122042206,0.072551541,0.072004453,0.05937344,0.061910521,0.046019375,0.059578198,0.054987139,0.043725445,0.071601336,0.027363996,0.030697713,0.036322161,0.033378764,0.029805096,0.029018057,0.028698123,0.026135447,0.023895906,0.029913874
CATAA,0.052029824,0.115534964,0.082551959,0.071302267,0.064229233,0.058210858,0.048556272,0.053808577,0.057182435,0.045413285,0.059055635,0.030165335,0.023286442,0.038544886,0.039531333,0.030506394,0.027783171,0.032143476,0.025925712,0.020180184,0.02405776
CATAC,0.044290835,0.123349807,0.072691957,0.071723547,0.059529375,0.062451301,0.045125671,0.058950555,0.057965449,0.0446359,0.069079899,0.02741045,0.028178499,0.035842294,0.034139228,0.02876845,0.029341704,0.030209933,0.026030188,0.02284668,0.027438278
CATAG,0.045400787,0.125797807,0.069159102,0.074793032,0.06011188,0.058400244,0.043579367,0.060416282,0.057477058,0.042666161,0.074443718,0.028239509,0.02800996,0.034846527,0.03364888,0.028334323,0.028154676,0.028394205,0.024955962,0.024017805,0.029152715
CATAT,0.05747249,0.116139214,0.083660326,0.071104879,0.064104751,0.056950013,0.047806662,0.052951463,0.058917299,0.045722085,0.057755054,0.029354687,0.021421564,0.037485072,0.037383775,0.031551224,0.02784057,0.033726435,0.027024866,0.019966092,0.021661477
CATCA,0.041910553,0.126734671,0.069594249,0.073356254,0.059768711,0.060672274,0.0443712,0.059447633,0.05736205,0.044757629,0.073958629,0.02693641,0.030175598,0.034807069,0.032477127,0.028928226,0.02877195,0.028530431,0.025018469,0.023862022,0.028558845
CATCC,0.033881807,0.13177193,0.060598504,0.072780694,0.056506731,0.062659412,0.040446069,0.063371417,0.055725629,0.043672622,0.084470187,0.024355365,0.037327669,0.034215278,0.030222644,0.028041567,0.029321372,0.025803409,0.023757522,0.026386231,0.034683939
CATCG,0.027321578,0.124671082,0.062758975,0.068525744,0.055953785,0.06187178,0.044279104,0.063000938,0.055268225,0.044783192,0.078436117,0.027321578,0.041083185,0.033592435,0.033461372,0.028349918,0.031182893,0.026404138,0.025184244,0.027835748,0.03871397
CATCT,0.039382018,0.125440538,0.066728649,0.074445742,0.059598086,0.061808458,0.04428428,0.060007889,0.056624457,0.043951315,0.076054217,0.027016228,0.032871281,0.035652815,0.031926174,0.028891075,0.02772826,0.027359438,0.02463169,0.024478014,0.031119375
CATGA,0.039573355,0.123141937,0.069182022,0.073418218,0.060066638,0.061087863,0.045002699,0.060190422,0.055864827,0.045621624,0.07318784,0.027487132,0.031303834,0.035041451,0.033617924,0.029735891,0.029478006,0.028828135,0.025080202,0.023271567,0.029818414
CATGC,0.035426007,0.126202029,0.06447833,0.074486436,0.056587101,0.0640903,0.043286501,0.061942687,0.056640888,0.043013727,0.077479263,0.025886611,0.035433691,0.033624164,0.032805843,0.028095694,0.031457342,0.027162116,0.024150079,0.026013393,0.031737799
CATGG,0.035506823,0.130373417,0.05975552,0.075945303,0.056592286,0.064274822,0.04176964,0.063436275,0.056354282,0.043385851,0.081715508,0.026421172,0.036021575,0.032648012,0.031272572,0.026958064,0.029540127,0.02587321,0.023307753,0.026512499,0.032335286
