,X,1,2,3,4,5,6,7,8,9,10,11,12,13,14,15,16,17,18,19
B:AACAA,0.045537341,0.057377049,0.058287796,0.056466302,0.060564663,0.060564663,0.039162113,0.10291439,0.076958106,0.085154827,0.054644809,0.066029144,0.026411658,0.040528233,0.036885246,0.020491803,0.047358834,0.023679417,0.019125683,0.021857923
B:AACAC,0.032364235,0.056500274,0.063631377,0.06308283,0.068019748,0.058145913,0.032912781,0.113549095,0.114097641,0.066922655,0.050466264,0.051014811,0.026878771,0.026330225,0.038398245,0.027975864,0.031815688,0.032912781,0.016456391,0.02852441
B:AACAG,0.041111111,0.053333333,0.065555556,0.059259259,0.065555556,0.063703704,0.036296296,0.1,0.103333333,0.081851852,0.047777778,0.058148148,0.025185185,0.03,0.04,0.025925926,0.041481481,0.029259259,0.010740741,0.021481481
B:AACAT,0.055555556,0.064814815,0.049019608,0.062636166,0.058278867,0.059912854,0.037037037,0.105119826,0.068627451,0.093137255,0.045206972,0.062091503,0.032679739,0.040305011,0.044117647,0.019063181,0.040305011,0.025054466,0.019063181,0.017973856
B:AACCA,0.039570103,0.069369809,0.060087934,0.053248657,0.054714216,0.055202736,0.041035662,0.088910601,0.092330239,0.072789448,0.04592086,0.06888129,0.025403029,0.038593063,0.035661944,0.019540791,0.053737176,0.035173425,0.020517831,0.029311187
B:AACCC,0.028589994,0.054580897,0.074723847,0.051981806,0.061078622,0.056530214,0.052631579,0.104613385,0.096166342,0.076023392,0.053931124,0.081871345,0.022092268,0.024041585,0.029239766,0.020792723,0.0402859,0.035087719,0.009096816,0.026640676
B:AACCG,0.029411765,0.046712803,0.083044983,0.057093426,0.051903114,0.055363322,0.029411765,0.128027682,0.100346021,0.062283737,0.048442907,0.070934256,0.025951557,0.038062284,0.015570934,0.031141869,0.029411765,0.044982699,0.019031142,0.032871972
B:AACCT,0.035374868,0.064413939,0.055966209,0.060718057,0.060190074,0.053854277,0.043822598,0.110876452,0.107708553,0.074445618,0.043822598,0.069165787,0.027455121,0.024815206,0.030095037,0.019007392,0.040654699,0.033262936,0.01531151,0.029039071
B:AACGA,0.028776978,0.064748201,0.048561151,0.064748201,0.053956835,0.055755396,0.034172662,0.091726619,0.115107914,0.080935252,0.052158273,0.068345324,0.044964029,0.026978417,0.034172662,0.023381295,0.039568345,0.037769784,0.008992806,0.025179856
B:AACGC,0.04028021,0.061295972,0.056042032,0.084063047,0.050788091,0.064798599,0.038528897,0.099824869,0.117338004,0.071803853,0.047285464,0.056042032,0.028021016,0.026269702,0.031523643,0.026269702,0.03502627,0.03502627,0.014010508,0.015761821
B:AACGG,0.024752475,0.04290429,0.066006601,0.061056106,0.057755776,0.062706271,0.037953795,0.103960396,0.136963696,0.074257426,0.047854785,0.047854785,0.04620462,0.01650165,0.02640264,0.024752475,0.034653465,0.04620462,0.024752475,0.01650165
B:AACGT,0.028469751,0.06405694,0.055160142,0.078291815,0.048042705,0.060498221,0.040925267,0.078291815,0.110320285,0.081850534,0.023131673,0.060498221,0.026690391,0.033807829,0.053380783,0.026690391,0.048042705,0.058718861,0.005338078,0.017793594
B:AACTA,0.044198895,0.062983425,0.050828729,0.067403315,0.077348066,0.038674033,0.038674033,0.096132597,0.071823204,0.081767956,0.064088398,0.053038674,0.027624309,0.038674033,0.037569061,0.025414365,0.056353591,0.022099448,0.017679558,0.027624309
B:AACTC,0.041055718,0.055131965,0.052199413,0.058651026,0.048093842,0.060997067,0.047507331,0.112609971,0.11143695,0.068035191,0.039882698,0.072727273,0.02228739,0.031085044,0.041642229,0.017595308,0.048680352,0.026979472,0.017008798,0.026392962
B:AACTG,0.03505618,0.058876404,0.062921348,0.059325843,0.057078652,0.056629213,0.037752809,0.096629213,0.104719101,0.073258427,0.044044944,0.072808989,0.023370787,0.034606742,0.036404494,0.022921348,0.055280899,0.027865169,0.018876404,0.021573034
B:AACTT,0.042016807,0.056197479,0.058823529,0.066701681,0.056722689,0.06355042,0.032563025,0.096638655,0.086134454,0.084558824,0.044117647,0.058298319,0.030987395,0.052521008,0.036764706,0.015231092,0.048319328,0.025210084,0.023109244,0.021533613
B:AATAA,0.054861111,0.075,0.055555556,0.068055556,0.074305556,0.050694444,0.0375,0.085416667,0.044444444,0.072916667,0.042361111,0.061805556,0.026388889,0.058333333,0.045833333,0.026388889,0.050694444,0.026388889,0.021527778,0.021527778
B:AATAC,0.050895382,0.058435438,0.058435438,0.062205467,0.072573044,0.058435438,0.036757776,0.095193214,0.065975495,0.084825636,0.042412818,0.060320452,0.032987747,0.047125353,0.043355325,0.027332705,0.03864279,0.018850141,0.020735156,0.024505184
B:AATAG,0.052192067,0.087682672,0.056367432,0.066805846,0.058455115,0.051148225,0.035490605,0.110647182,0.065762004,0.073068894,0.057411273,0.072025052,0.017745303,0.029227557,0.043841336,0.027139875,0.039665971,0.022964509,0.017745303,0.014613779
B:AATAT,0.054730258,0.079749805,0.054730258,0.07505864,0.06645817,0.030492572,0.046129789,0.098514464,0.047693511,0.086004691,0.045347928,0.06567631,0.021110242,0.054730258,0.040656763,0.028928851,0.055512119,0.022673964,0.01876466,0.007036747
B:AATCA,0.051639916,0.071877181,0.053733426,0.070481507,0.056524773,0.066294487,0.032798325,0.080251221,0.069085834,0.080251221,0.051639916,0.058618283,0.023726448,0.046057223,0.048848569,0.026517795,0.034193999,0.021632938,0.034891835,0.020935101
B:AATCC,0.034672971,0.055949567,0.059889677,0.06855792,0.056737589,0.059889677,0.040977147,0.108747045,0.098502758,0.084318361,0.04570528,0.058313633,0.025216706,0.033884949,0.037037037,0.024428684,0.033884949,0.033884949,0.01891253,0.020488574
B:AATCG,0.043731778,0.081632653,0.067055394,0.072886297,0.026239067,0.04664723,0.029154519,0.104956268,0.093294461,0.075801749,0.055393586,0.058309038,0.023323615,0.058309038,0.029154519,0.032069971,0.037900875,0.017492711,0.008746356,0.037900875
B:AATCT,0.046779661,0.053559322,0.054915254,0.061694915,0.076610169,0.050169492,0.038644068,0.094237288,0.083389831,0.088135593,0.044745763,0.070508475,0.021016949,0.049491525,0.038644068,0.02440678,0.04,0.025762712,0.017627119,0.019661017
B:AATGA,0.057142857,0.063376623,0.053506494,0.07012987,0.057142857,0.062337662,0.037402597,0.101298701,0.077402597,0.072727273,0.041558442,0.067012987,0.030649351,0.035844156,0.056623377,0.027012987,0.039480519,0.018701299,0.017142857,0.013506494
B:AATGC,0.045918367,0.058309038,0.063411079,0.067784257,0.051020408,0.048833819,0.036443149,0.094023324,0.081632653,0.072157434,0.04664723,0.075801749,0.029883382,0.040087464,0.045918367,0.022594752,0.042274052,0.029883382,0.02696793,0.020408163
B:AATGG,0.046251994,0.067517278,0.061137693,0.061137693,0.051568315,0.061137693,0.03774588,0.098883573,0.093035619,0.064859117,0.036150984,0.079213184,0.026049973,0.037214248,0.036682616,0.020733652,0.043062201,0.034556087,0.015948963,0.027113238
B:AATGT,0.05524239,0.065388952,0.043404735,0.071589628,0.065388952,0.059188275,0.038895152,0.096956032,0.064261556,0.083427283,0.044532131,0.059751973,0.027057497,0.045095829,0.056933484,0.021984216,0.03945885,0.024239008,0.017474634,0.019729425
B:AATTA,0.060240964,0.087349398,0.051204819,0.072289157,0.067269076,0.051204819,0.027108434,0.076305221,0.047188755,0.09437751,0.052208835,0.06124498,0.027108434,0.065261044,0.043172691,0.019076305,0.050200803,0.018072289,0.013052209,0.016064257
B:AATTC,0.047511312,0.075414781,0.054298643,0.062594268,0.064102564,0.059577677,0.04147813,0.100301659,0.067873303,0.090497738,0.042232278,0.061840121,0.024886878,0.038461538,0.038461538,0.029411765,0.038461538,0.028657617,0.0173454,0.016591252
B:AATTG,0.052062868,0.062868369,0.054027505,0.062868369,0.057956778,0.049115914,0.031434185,0.107072692,0.058939096,0.092337917,0.062868369,0.054027505,0.034381139,0.053045187,0.046168959,0.014734774,0.046168959,0.024557957,0.013752456,0.021611002
B:AATTT,0.064455569,0.074468085,0.049436796,0.063829787,0.057571965,0.047559449,0.031289111,0.08698373,0.048811014,0.093867334,0.063204005,0.047559449,0.029411765,0.057571965,0.055068836,0.019399249,0.047559449,0.0281602,0.021276596,0.012515645
B:ACCAA,0.043455497,0.062303665,0.057068063,0.056020942,0.053403141,0.054450262,0.031937173,0.109947644,0.097905759,0.070680628,0.037172775,0.067015707,0.032984293,0.037696335,0.037696335,0.019371728,0.044502618,0.034554974,0.018848168,0.032984293
B:ACCAC,0.033183122,0.054485866,0.054485866,0.054076198,0.052027857,0.068824252,0.041376485,0.110200737,0.121671446,0.069233921,0.036460467,0.063908234,0.026218763,0.028267104,0.031134781,0.02458009,0.044244162,0.043424826,0.012699713,0.029496108
B:ACCAG,0.032925682,0.054562559,0.06491063,0.055189715,0.05142678,0.060834117,0.036375039,0.115083098,0.131702728,0.071809345,0.045468799,0.06491063,0.021323299,0.024772656,0.031044214,0.019755409,0.045468799,0.035747883,0.009407338,0.027281279
B:ACCAT,0.039938556,0.068100358,0.059907834,0.0609319,0.055299539,0.058883769,0.037378392,0.095750128,0.105990783,0.067588326,0.044546851,0.076804916,0.02764977,0.030209933,0.032770097,0.020481311,0.037378392,0.03328213,0.015360983,0.031746032
B:ACCCA,0.033071517,0.049607276,0.064489458,0.054154609,0.054981397,0.053741215,0.042992972,0.116577098,0.123191401,0.066143034,0.0479537,0.075651095,0.018602728,0.025217032,0.031004547,0.028524184,0.033071517,0.040512609,0.012401819,0.02811079
B:ACCCC,0.025556081,0.056791292,0.065309986,0.047799337,0.052531945,0.053005206,0.037387601,0.113109323,0.155702792,0.068622811,0.051112163,0.072408897,0.024136299,0.021296735,0.023663038,0.023663038,0.035967818,0.041646947,0.008045433,0.022243256
B:ACCCG,0.021810251,0.05561614,0.094874591,0.047982552,0.041439477,0.05997819,0.026172301,0.097055616,0.145038168,0.063249727,0.051254089,0.086150491,0.025081788,0.021810251,0.039258451,0.020719738,0.037077426,0.032715376,0.00436205,0.028353326
B:ACCCT,0.032613486,0.054208903,0.061260467,0.052446011,0.055531071,0.055531071,0.0348171,0.119435875,0.119876598,0.070515646,0.04583517,0.067430586,0.027324813,0.021154694,0.032613486,0.028646981,0.039224328,0.041868665,0.010577347,0.029087704
B:ACCGA,0.039136302,0.051282051,0.064777328,0.0634278,0.055330634,0.055330634,0.043184885,0.106612686,0.132253711,0.049932524,0.051282051,0.076923077,0.036437247,0.020242915,0.025641026,0.039136302,0.032388664,0.025641026,0.010796221,0.020242915
B:ACCGC,0.021788991,0.042431193,0.080275229,0.064220183,0.055045872,0.064220183,0.021788991,0.098623853,0.143348624,0.050458716,0.063073394,0.080275229,0.020642202,0.025229358,0.018348624,0.029816514,0.029816514,0.048165138,0.01146789,0.030963303
B:ACCGG,0.017381228,0.053302433,0.077636153,0.061413673,0.056778679,0.037079954,0.028968714,0.114716107,0.111239861,0.060254925,0.050984936,0.069524913,0.032444959,0.030127462,0.019698725,0.027809965,0.037079954,0.057937428,0.019698725,0.035921205
B:ACCGT,0.024182077,0.055476529,0.048364154,0.06685633,0.052631579,0.062588905,0.032716927,0.116642959,0.137980085,0.086770982,0.045519203,0.041251778,0.025604552,0.028449502,0.019914651,0.028449502,0.031294452,0.042674253,0.024182077,0.028449502
B:ACCTA,0.044208665,0.055702918,0.061007958,0.061007958,0.061892131,0.053934571,0.036251105,0.102564103,0.107869142,0.07515473,0.045977011,0.068081344,0.026525199,0.030946065,0.026525199,0.020335986,0.045977011,0.036251105,0.011494253,0.028293546
B:ACCTC,0.027831465,0.054116738,0.057982219,0.057209123,0.050637804,0.054503286,0.039427909,0.119443371,0.131426363,0.072671048,0.044839583,0.071124855,0.022033243,0.023192888,0.037881716,0.018167762,0.047931968,0.037495168,0.008890607,0.023192888
B:ACCTG,0.032583398,0.046289113,0.056115852,0.051461081,0.047323507,0.055340057,0.037496768,0.119989656,0.145849496,0.065942591,0.048099302,0.062063615,0.023273856,0.026118438,0.025601241,0.022239462,0.043185932,0.047840703,0.012412723,0.030773209
B:ACCTT,0.038606798,0.058749475,0.058329836,0.054972723,0.064204784,0.057910197,0.036088963,0.104490138,0.107007973,0.080990348,0.035249685,0.078052875,0.024758708,0.026856903,0.041124633,0.025597986,0.035669324,0.035669324,0.010910617,0.024758708
B:ACTAA,0.060168472,0.067388688,0.072202166,0.078219013,0.057761733,0.048134777,0.033694344,0.079422383,0.069795427,0.075812274,0.04211793,0.052948255,0.033694344,0.046931408,0.046931408,0.022864019,0.058965102,0.016847172,0.013237064,0.022864019
B:ACTAC,0.049586777,0.062442608,0.042240588,0.067033976,0.060606061,0.050505051,0.04040404,0.112947658,0.113865932,0.08815427,0.044077135,0.059687787,0.022956841,0.03030303,0.034894399,0.025711662,0.035812672,0.026629936,0.011019284,0.021120294
B:ACTAG,0.044359949,0.067173638,0.076045627,0.055766793,0.049429658,0.060836502,0.039290241,0.084917617,0.098859316,0.06590621,0.054499366,0.046894804,0.031685678,0.039290241,0.032953105,0.024081115,0.041825095,0.029150824,0.025348542,0.031685678
B:ACTAT,0.054545455,0.093181818,0.067045455,0.0625,0.060227273,0.043181818,0.019318182,0.109090909,0.072727273,0.078409091,0.040909091,0.0625,0.027272727,0.028409091,0.045454545,0.027272727,0.038636364,0.035227273,0.015909091,0.018181818
B:ACTCA,0.038712687,0.052238806,0.052705224,0.052238806,0.057835821,0.052705224,0.034981343,0.116604478,0.132462687,0.064365672,0.043376866,0.063432836,0.021921642,0.030783582,0.039179104,0.023320896,0.050839552,0.032649254,0.017723881,0.021921642
B:ACTCC,0.030153238,0.049431537,0.056846268,0.05239743,0.056351953,0.070687098,0.037073653,0.11863569,0.121107266,0.065743945,0.042511122,0.067721206,0.02669303,0.030153238,0.036085022,0.01384083,0.038556599,0.046465645,0.010874938,0.028670292
B:ACTCG,0.031073446,0.04519774,0.050847458,0.080508475,0.043785311,0.046610169,0.039548023,0.104519774,0.145480226,0.06779661,0.038135593,0.076271186,0.028248588,0.028248588,0.032485876,0.019774011,0.025423729,0.048022599,0.011299435,0.036723164
B:ACTCT,0.034725481,0.064289066,0.056780854,0.068512435,0.061473487,0.048334115,0.051618958,0.1008916,0.101360863,0.068512435,0.03894885,0.070389489,0.023932426,0.030502112,0.040825903,0.022055373,0.045987799,0.032379165,0.016893477,0.02158611
B:ACTGA,0.037718491,0.054277829,0.063477461,0.063937443,0.065317387,0.060717571,0.038638454,0.098896044,0.113615455,0.072677093,0.035418583,0.068537259,0.027138914,0.034958602,0.035418583,0.022079117,0.044618215,0.02575897,0.014719411,0.022079117
B:ACTGC,0.030110935,0.049524564,0.070126783,0.058240887,0.059825674,0.071315372,0.041204437,0.089936609,0.130744849,0.070126783,0.038827258,0.057448494,0.022583201,0.023771791,0.032091918,0.022979398,0.046354992,0.037242472,0.01703645,0.030507132
B:ACTGG,0.02576371,0.061832904,0.067353699,0.052263526,0.047478837,0.055576003,0.043798307,0.105999264,0.122561649,0.076186971,0.041958042,0.072874494,0.026867869,0.024659551,0.02576371,0.021715127,0.054839897,0.034596982,0.015090173,0.022819286
B:ACTGT,0.032489451,0.054852321,0.062869198,0.053586498,0.067510549,0.061603376,0.038396624,0.105485232,0.11814346,0.066244726,0.043881857,0.062447257,0.025738397,0.027848101,0.042194093,0.029535865,0.04092827,0.029535865,0.015611814,0.021097046
B:ACTTA,0.040898156,0.053728949,0.0521251,0.065757819,0.058540497,0.056134723,0.038492382,0.120288693,0.076984763,0.086607859,0.043303929,0.056936648,0.027265437,0.043303929,0.039294306,0.023255814,0.056134723,0.022453889,0.019246191,0.019246191
B:ACTTC,0.039692702,0.048228767,0.06316688,0.055057618,0.06444729,0.046948357,0.036705079,0.107554417,0.117797695,0.081092616,0.035424669,0.0657277,0.026461801,0.034144259,0.034571063,0.022620572,0.046948357,0.034571063,0.017498933,0.021340162
B:ACTTG,0.044117647,0.055010893,0.059912854,0.062091503,0.05664488,0.050653595,0.037581699,0.092592593,0.108932462,0.091503268,0.043572985,0.074618736,0.025054466,0.031590414,0.032135076,0.024509804,0.043572985,0.029411765,0.017429194,0.019063181
B:ACTTT,0.042168675,0.065261044,0.055220884,0.073795181,0.067771084,0.060240964,0.037148594,0.08935743,0.073795181,0.082831325,0.03815261,0.062248996,0.029618474,0.048192771,0.052710843,0.018072289,0.043674699,0.020582329,0.019578313,0.019578313
B:AGCAA,0.036096787,0.060690202,0.060293534,0.062276874,0.051170171,0.054740182,0.037286791,0.095993653,0.106703689,0.079333598,0.051170171,0.056326854,0.026576755,0.034906783,0.033716779,0.021816739,0.053550179,0.032526775,0.022610075,0.022213407
B:AGCAC,0.030018762,0.054409006,0.056285178,0.053283302,0.052908068,0.072045028,0.039774859,0.111069418,0.134709193,0.064915572,0.040150094,0.059662289,0.022889306,0.02739212,0.031894934,0.022138837,0.043527205,0.038649156,0.014634146,0.029643527
B:AGCAG,0.027655311,0.054108216,0.059318637,0.052104208,0.05511022,0.065931864,0.032865731,0.09498998,0.140881764,0.070941884,0.057314629,0.062925852,0.022645291,0.026452906,0.031663327,0.022044088,0.043286573,0.040480962,0.013026052,0.026252505
B:AGCAT,0.038566243,0.057622505,0.059891107,0.066243194,0.054446461,0.058983666,0.037205082,0.091651543,0.103901996,0.083484574,0.039473684,0.060798548,0.030399274,0.039473684,0.044010889,0.028584392,0.037658802,0.034482759,0.012250454,0.020871143
B:AGCCA,0.037459283,0.049402823,0.058903366,0.052117264,0.055917481,0.05917481,0.040716612,0.108034745,0.128393051,0.074918567,0.041259501,0.063789359,0.02062975,0.023072747,0.031216069,0.024701412,0.04723127,0.035559175,0.018458198,0.029044517
B:AGCCC,0.030510585,0.048879203,0.066936488,0.0498132,0.060709838,0.057596513,0.03486924,0.106475716,0.152864259,0.066002491,0.04483188,0.067559153,0.024595268,0.019302615,0.018991283,0.02615193,0.042029888,0.044520548,0.01120797,0.02615193
B:AGCCG,0.016748081,0.048848569,0.066992324,0.062805304,0.057920447,0.056524773,0.038381019,0.099092812,0.127704117,0.064898814,0.048150733,0.074668528,0.033496162,0.020237264,0.026517795,0.029309142,0.035589672,0.047452896,0.015352408,0.029309142
B:AGCCT,0.028888889,0.053650794,0.056825397,0.051111111,0.052698413,0.061587302,0.038412698,0.113968254,0.125079365,0.072063492,0.043492063,0.06984127,0.022222222,0.022539683,0.031746032,0.025396825,0.05047619,0.044761905,0.013015873,0.022222222
B:AGCGA,0.02860286,0.04840484,0.072607261,0.064906491,0.04290429,0.051705171,0.0330033,0.107810781,0.138613861,0.057205721,0.04620462,0.078107811,0.03410341,0.02640264,0.02640264,0.03520352,0.03080308,0.04620462,0.00660066,0.02420242
B:AGCGC,0.024038462,0.047275641,0.060897436,0.055288462,0.060096154,0.056089744,0.040064103,0.095352564,0.149839744,0.063301282,0.042467949,0.076923077,0.024038462,0.022435897,0.026442308,0.030448718,0.036858974,0.045673077,0.017628205,0.024839744
B:AGCGG,0.020786934,0.04528582,0.068299926,0.054194506,0.06013363,0.061618411,0.024498886,0.095025984,0.132887899,0.065330364,0.047512992,0.072754269,0.03043801,0.031180401,0.032665182,0.036377134,0.037861915,0.04454343,0.010393467,0.028210839
B:AGCGT,0.026649746,0.054568528,0.044416244,0.068527919,0.05964467,0.068527919,0.032994924,0.098984772,0.149746193,0.067258883,0.043147208,0.060913706,0.034263959,0.024111675,0.03680203,0.020304569,0.035532995,0.041878173,0.012690355,0.019035533
B:AGCTA,0.040208488,0.064035741,0.061801936,0.041697692,0.060312733,0.062546538,0.048399106,0.09530901,0.093075205,0.074460164,0.050632911,0.059568131,0.03201787,0.033507074,0.042442293,0.031273269,0.042442293,0.03201787,0.013402829,0.020848846
B:AGCTC,0.033552632,0.048355263,0.059868421,0.052960526,0.061513158,0.069736842,0.036513158,0.095065789,0.13125,0.071052632,0.035526316,0.065789474,0.029276316,0.022697368,0.027960526,0.027631579,0.042763158,0.044736842,0.017105263,0.026644737
B:AGCTG,0.030765966,0.049225546,0.063017187,0.051559516,0.058773605,0.06450244,0.037767876,0.099299809,0.138552939,0.07150435,0.047528114,0.064290261,0.026098027,0.022490982,0.033099936,0.020369192,0.046255039,0.036706981,0.012942924,0.02524931
B:AGCTT,0.035313002,0.059791332,0.051364366,0.051364366,0.059791332,0.060995185,0.03611557,0.102728732,0.114365971,0.069823435,0.046950241,0.067817014,0.028089888,0.030497592,0.030497592,0.024077047,0.048154093,0.038523274,0.018860353,0.024879615
B:AGTAA,0.046332046,0.076447876,0.059459459,0.061776062,0.083397683,0.053281853,0.03011583,0.085714286,0.073359073,0.09034749,0.050965251,0.067181467,0.026254826,0.037065637,0.045559846,0.023938224,0.037837838,0.016988417,0.017760618,0.016216216
B:AGTAC,0.039288362,0.04966642,0.058561898,0.04670126,0.074128984,0.066716086,0.034840623,0.088954781,0.111193477,0.075611564,0.032616753,0.056338028,0.037064492,0.031875463,0.04966642,0.024462565,0.04670126,0.034099333,0.018532246,0.022979985
B:AGTAG,0.051089406,0.05634861,0.067618332,0.054094666,0.05484598,0.051840721,0.03756574,0.104432757,0.114951165,0.072877536,0.039819684,0.055597295,0.029301277,0.033809166,0.042824944,0.022539444,0.043576258,0.035311796,0.013523666,0.018031555
B:AGTAT,0.050255537,0.070698467,0.080919932,0.064735945,0.057069847,0.040034072,0.038330494,0.091993186,0.080919932,0.084327087,0.035775128,0.080068143,0.019591141,0.04088586,0.041737649,0.017887564,0.045996593,0.025553663,0.011073254,0.022146508
B:AGTCA,0.02961165,0.065533981,0.048543689,0.065533981,0.059223301,0.061165049,0.040776699,0.108252427,0.118932039,0.072815534,0.030582524,0.06407767,0.030097087,0.02961165,0.03592233,0.023786408,0.041747573,0.031553398,0.016019417,0.026213592
B:AGTCC,0.035054477,0.051160587,0.062055898,0.053055424,0.059213643,0.054950261,0.043107532,0.115585031,0.131217432,0.070582662,0.043581241,0.068687826,0.024159166,0.021316911,0.029843676,0.024159166,0.038370441,0.041212695,0.011842729,0.020843202
B:AGTCG,0.039370079,0.053543307,0.091338583,0.069291339,0.053543307,0.042519685,0.033070866,0.086614173,0.121259843,0.064566929,0.031496063,0.088188976,0.02519685,0.023622047,0.023622047,0.02519685,0.048818898,0.037795276,0.022047244,0.018897638
B:AGTCT,0.030317613,0.054379211,0.063522618,0.06159769,0.060635226,0.063522618,0.035611165,0.099615014,0.109239654,0.088065448,0.038498556,0.065928778,0.029836381,0.028873917,0.032723773,0.023580366,0.0466795,0.036092397,0.012512031,0.018768046
B:AGTGA,0.040723982,0.06199095,0.059276018,0.059276018,0.05520362,0.046153846,0.039366516,0.11040724,0.115384615,0.071040724,0.039819005,0.069683258,0.0239819,0.028054299,0.043438914,0.021719457,0.044343891,0.02760181,0.014479638,0.028054299
B:AGTGC,0.031707317,0.052682927,0.056097561,0.057560976,0.057073171,0.053658537,0.04,0.104390244,0.128780488,0.071707317,0.041463415,0.056097561,0.023902439,0.030243902,0.035121951,0.028780488,0.048292683,0.042926829,0.015121951,0.024390244
B:AGTGG,0.032462687,0.048507463,0.064179104,0.057462687,0.051865672,0.06119403,0.040298507,0.110447761,0.124253731,0.069776119,0.044776119,0.066044776,0.022014925,0.025746269,0.035820896,0.023880597,0.041791045,0.037313433,0.014925373,0.027238806
B:AGTGT,0.032651072,0.057504873,0.056530214,0.074561404,0.062865497,0.065302144,0.041910331,0.105263158,0.126705653,0.061403509,0.037524366,0.053606238,0.026803119,0.031189084,0.026315789,0.020467836,0.045808967,0.031676413,0.01705653,0.024853801
B:AGTTA,0.0453284,0.061054579,0.047178538,0.07493062,0.05920444,0.064754857,0.039777983,0.093432007,0.076780759,0.080481036,0.041628122,0.061054579,0.027752081,0.037002775,0.038852914,0.025901943,0.05920444,0.022201665,0.018501388,0.024976873
B:AGTTC,0.040487805,0.05902439,0.05902439,0.052195122,0.052195122,0.059512195,0.038536585,0.101463415,0.103902439,0.082439024,0.045853659,0.068780488,0.023902439,0.035609756,0.033170732,0.022926829,0.046341463,0.032195122,0.014634146,0.027804878
B:AGTTG,0.032069971,0.055393586,0.062390671,0.058309038,0.056559767,0.053644315,0.037900875,0.103206997,0.114868805,0.071720117,0.051895044,0.075801749,0.026822157,0.034985423,0.037900875,0.013994169,0.04606414,0.023906706,0.017492711,0.025072886
B:AGTTT,0.043340381,0.056553911,0.057082452,0.070295983,0.06448203,0.05179704,0.040169133,0.099365751,0.084038055,0.071881607,0.041226216,0.057610994,0.025369979,0.048625793,0.041754757,0.019556025,0.058668076,0.024312896,0.026955603,0.016913319
B:ATCAA,0.050251256,0.067839196,0.059045226,0.066582915,0.05339196,0.059045226,0.028894472,0.087939698,0.090452261,0.084798995,0.050879397,0.059673367,0.02701005,0.032035176,0.043341709,0.019472362,0.048366834,0.020728643,0.024497487,0.025753769
B:ATCAC,0.045627376,0.0747782,0.059569075,0.06590621,0.054499366,0.04626109,0.042458809,0.094423321,0.093155894,0.066539924,0.041825095,0.069708492,0.023447402,0.031685678,0.039923954,0.024081115,0.039923954,0.039923954,0.019011407,0.027249683
B:ATCAG,0.037886341,0.067298106,0.063808574,0.058325025,0.052342971,0.065802592,0.036390828,0.091724826,0.092721834,0.082751745,0.049351944,0.064307079,0.031405783,0.032901296,0.032901296,0.023928215,0.033898305,0.035393819,0.019441675,0.027417747
B:ATCAT,0.057566766,0.08189911,0.054005935,0.06884273,0.056973294,0.059347181,0.032047478,0.093175074,0.091988131,0.069436202,0.039169139,0.061127596,0.021958457,0.038575668,0.044510386,0.030267062,0.030860534,0.029673591,0.01958457,0.018991098
B:ATCCA,0.037494067,0.059800664,0.067869008,0.054579972,0.06407214,0.057427622,0.040341718,0.111532985,0.10393925,0.074988135,0.04271476,0.053156146,0.025154248,0.029425724,0.030849549,0.026103465,0.046037019,0.031324158,0.016611296,0.026578073
B:ATCCC,0.037308869,0.051987768,0.056269113,0.06116208,0.049541284,0.052599388,0.034250765,0.113761468,0.129051988,0.067278287,0.050152905,0.071559633,0.028746177,0.02324159,0.026299694,0.025688073,0.042201835,0.040978593,0.014067278,0.023853211
B:ATCCG,0.039123631,0.042253521,0.051643192,0.087636933,0.051643192,0.050078247,0.048513302,0.090766823,0.123630673,0.07198748,0.043818466,0.07198748,0.021909233,0.026604069,0.046948357,0.025039124,0.029733959,0.034428795,0.018779343,0.023474178
B:ATCCT,0.041005291,0.058641975,0.053791887,0.062610229,0.045855379,0.062610229,0.044091711,0.119488536,0.109347443,0.078042328,0.03968254,0.064814815,0.022486772,0.030864198,0.028659612,0.024250441,0.03968254,0.037918871,0.015432099,0.020723104
B:ATCGA,0.028469751,0.048042705,0.083629893,0.058718861,0.028469751,0.058718861,0.040925267,0.09252669,0.09430605,0.067615658,0.040925267,0.078291815,0.035587189,0.026690391,0.044483986,0.03024911,0.03202847,0.042704626,0.019572954,0.048042705
B:ATCGC,0.027522936,0.047706422,0.075229358,0.086238532,0.044036697,0.058715596,0.031192661,0.104587156,0.143119266,0.071559633,0.047706422,0.060550459,0.011009174,0.034862385,0.034862385,0.018348624,0.040366972,0.036697248,0.00733945,0.018348624
B:ATCGG,0.028142589,0.05065666,0.056285178,0.076923077,0.045028143,0.058161351,0.037523452,0.103189493,0.112570356,0.071294559,0.05065666,0.067542214,0.026266417,0.033771107,0.03564728,0.020637899,0.04315197,0.039399625,0.00750469,0.03564728
B:ATCGT,0.025242718,0.058252427,0.033009709,0.075728155,0.05631068,0.07184466,0.034951456,0.12038835,0.116504854,0.060194175,0.042718447,0.044660194,0.034951456,0.050485437,0.031067961,0.033009709,0.036893204,0.027184466,0.011650485,0.034951456
B:ATCTA,0.056603774,0.076464747,0.05958292,0.055610725,0.061569017,0.061569017,0.031777557,0.098311817,0.082423039,0.072492552,0.046673287,0.061569017,0.022840119,0.042701092,0.039721946,0.024826216,0.042701092,0.031777557,0.016881827,0.013902681
B:ATCTC,0.036870952,0.062780269,0.059790732,0.05879422,0.057797708,0.053313403,0.031888391,0.113104136,0.097658196,0.07922272,0.044344793,0.078226208,0.027404086,0.024912805,0.041853513,0.023418037,0.042850025,0.030393622,0.014449427,0.020926756
B:ATCTG,0.03325223,0.056772101,0.059205191,0.060827251,0.053933496,0.056772101,0.03730738,0.122465531,0.105028386,0.077453366,0.050283861,0.078669911,0.01784266,0.02514193,0.038523925,0.01865369,0.03892944,0.036090835,0.012570965,0.02027575
B:ATCTT,0.055160142,0.0636121,0.052491103,0.052935943,0.06094306,0.049822064,0.042704626,0.100533808,0.098754448,0.076512456,0.044483986,0.071174377,0.023576512,0.039590747,0.036921708,0.023131673,0.040480427,0.027580071,0.020907473,0.018683274
B:ATTAA,0.051789077,0.097928437,0.062146893,0.064030132,0.071563089,0.052730697,0.030131827,0.072504708,0.056497175,0.075329567,0.033898305,0.060263653,0.026365348,0.049905838,0.054613936,0.024482109,0.048022599,0.024482109,0.024482109,0.018832392
B:ATTAC,0.051886792,0.081367925,0.050707547,0.076650943,0.079009434,0.063679245,0.025943396,0.091981132,0.051886792,0.094339623,0.044811321,0.0625,0.023584906,0.047169811,0.038915094,0.021226415,0.034198113,0.030660377,0.016509434,0.012971698
B:ATTAG,0.065789474,0.064327485,0.064327485,0.061403509,0.055555556,0.055555556,0.035087719,0.089181287,0.06871345,0.083333333,0.065789474,0.055555556,0.035087719,0.038011696,0.033625731,0.027777778,0.052631579,0.016081871,0.013157895,0.019005848
B:ATTAT,0.051975052,0.063409563,0.043659044,0.076923077,0.063409563,0.048856549,0.031185031,0.103950104,0.048856549,0.0997921,0.03950104,0.065488565,0.027027027,0.075883576,0.043659044,0.024948025,0.038461538,0.020790021,0.017671518,0.014553015
B:ATTCA,0.048233696,0.067934783,0.063858696,0.071331522,0.061141304,0.053668478,0.038043478,0.086277174,0.069972826,0.075407609,0.040081522,0.082201087,0.025815217,0.035326087,0.042119565,0.027173913,0.047554348,0.027853261,0.021059783,0.014945652
B:ATTCC,0.044061303,0.056832695,0.054916986,0.058748404,0.06385696,0.051085568,0.04853129,0.105363985,0.092592593,0.070242656,0.04789272,0.067049808,0.025542784,0.038952746,0.033205619,0.026181354,0.036398467,0.034482759,0.019795658,0.024265645
B:ATTCG,0.048309179,0.04589372,0.060386473,0.072463768,0.053140097,0.060386473,0.038647343,0.106280193,0.108695652,0.089371981,0.041062802,0.072463768,0.024154589,0.026570048,0.026570048,0.050724638,0.028985507,0.019323671,0.012077295,0.014492754
B:ATTCT,0.051987768,0.069826707,0.0509684,0.062691131,0.059123344,0.05861366,0.034658512,0.091743119,0.091743119,0.086646279,0.051987768,0.06116208,0.021916412,0.040265036,0.04332314,0.023955148,0.037716616,0.028542304,0.017329256,0.015800204
B:ATTGA,0.04354711,0.075217736,0.055423595,0.057798892,0.064133017,0.052256532,0.034045922,0.10530483,0.073634204,0.088677751,0.052256532,0.06175772,0.031670625,0.04354711,0.037212985,0.015835313,0.045130641,0.023752969,0.017418844,0.021377672
B:ATTGC,0.033274956,0.070052539,0.065674256,0.065674256,0.054290718,0.052539405,0.035901926,0.111208406,0.084938704,0.064798599,0.042031524,0.064798599,0.030647986,0.041155867,0.03502627,0.024518389,0.045534151,0.026269702,0.021015762,0.030647986
B:ATTGG,0.048703849,0.058915947,0.054988217,0.06598586,0.051060487,0.051060487,0.041633936,0.111547526,0.080911233,0.089552239,0.051060487,0.06598586,0.026708562,0.030636292,0.031421838,0.025923016,0.040062844,0.029850746,0.014139827,0.029850746
B:ATTGT,0.056236482,0.061283345,0.061283345,0.056236482,0.056957462,0.050468637,0.02667628,0.114635905,0.078586878,0.073540014,0.047584715,0.069935112,0.024513338,0.044700793,0.04109589,0.018745494,0.051910598,0.023792358,0.020908435,0.020908435
B:ATTTA,0.053988719,0.088638195,0.048348106,0.071716358,0.061240935,0.053182917,0.040290089,0.082191781,0.037872683,0.079774376,0.049153908,0.065269944,0.02256245,0.066075745,0.054794521,0.029008864,0.047542305,0.020950846,0.016921837,0.010475423
B:ATTTC,0.054753609,0.06172225,0.057242409,0.06421105,0.06222001,0.065704331,0.042309607,0.091587855,0.06072673,0.080139373,0.045793927,0.06172225,0.026381284,0.046291687,0.058237929,0.025385764,0.042807367,0.021901444,0.013937282,0.016923843
B:ATTTG,0.057618438,0.07234315,0.055057618,0.072983355,0.064660691,0.053137004,0.039692702,0.088348271,0.068501921,0.083226633,0.04993598,0.063380282,0.027528809,0.04609475,0.042253521,0.02240717,0.025608195,0.027528809,0.028169014,0.011523688
B:ATTTT,0.060017271,0.063903282,0.044905009,0.078151986,0.061744387,0.047927461,0.035405872,0.089378238,0.049222798,0.082469775,0.046200345,0.052677029,0.026770294,0.05656304,0.067357513,0.020725389,0.050949914,0.022020725,0.023316062,0.02029361
B:CACAA,0.04109589,0.053377421,0.055739254,0.050543222,0.051015588,0.068493151,0.036844591,0.10155881,0.108644308,0.073689183,0.051960321,0.062352385,0.02881436,0.040151157,0.035427492,0.021256495,0.038734058,0.034955125,0.022201228,0.023145961
B:CACAC,0.032547699,0.046389824,0.064347175,0.064347175,0.049008605,0.060980172,0.04040404,0.116722783,0.14104003,0.067714179,0.038907594,0.059109615,0.022446689,0.028432473,0.022820801,0.024317247,0.03516648,0.044519267,0.013093902,0.02768425
B:CACAG,0.029141448,0.052902937,0.059179556,0.051109617,0.060300381,0.062093701,0.039677202,0.112979153,0.137861466,0.064559516,0.045505492,0.058507061,0.021744004,0.026003138,0.029813943,0.026227303,0.042591347,0.044832997,0.012104909,0.022864829
B:CACAT,0.04109589,0.055266887,0.052905054,0.065658951,0.059990553,0.058101086,0.043457723,0.100614077,0.104393009,0.079357581,0.048653755,0.063769485,0.022201228,0.024090694,0.034482759,0.02739726,0.044874823,0.036844591,0.01511573,0.021728862
B:CACCA,0.029977376,0.051753394,0.058823529,0.057975113,0.051470588,0.067873303,0.036199095,0.116515837,0.136312217,0.071549774,0.031391403,0.063348416,0.027997738,0.021776018,0.030260181,0.024604072,0.036199095,0.037613122,0.011595023,0.036764706
B:CACCC,0.030291698,0.052729993,0.064323111,0.051982049,0.045250561,0.062827225,0.031787584,0.112939417,0.152580404,0.066940912,0.046372476,0.067688856,0.023560209,0.020942408,0.027673897,0.031787584,0.03328347,0.043754675,0.007853403,0.025430067
B:CACCG,0.017391304,0.052964427,0.06798419,0.066403162,0.053754941,0.046640316,0.035573123,0.117786561,0.150988142,0.051383399,0.056126482,0.058498024,0.028458498,0.026086957,0.018181818,0.02687747,0.030039526,0.052964427,0.013438735,0.028458498
B:CACCT,0.033839977,0.049039289,0.057642673,0.052193863,0.049612848,0.051620304,0.039288787,0.113277889,0.15055922,0.067393175,0.046458274,0.071981646,0.023515916,0.017780327,0.02667049,0.022655578,0.047605391,0.041869802,0.008603384,0.028391167
B:CACGA,0.033775633,0.056694813,0.054282268,0.049457177,0.042219542,0.082026538,0.030156815,0.092882992,0.142340169,0.067551267,0.042219542,0.057901086,0.021712907,0.038600724,0.032569361,0.032569361,0.032569361,0.05548854,0.010856454,0.024125452
B:CACGC,0.025263158,0.041052632,0.053684211,0.066315789,0.055789474,0.068421053,0.033684211,0.097894737,0.169473684,0.066315789,0.04,0.061052632,0.026315789,0.024210526,0.024210526,0.026315789,0.027368421,0.056842105,0.011578947,0.024210526
B:CACGG,0.024460432,0.047482014,0.063309353,0.055395683,0.051079137,0.06618705,0.042446043,0.102158273,0.158992806,0.069784173,0.051798561,0.053956835,0.026618705,0.022302158,0.021582734,0.028776978,0.030215827,0.043165468,0.010791367,0.029496403
B:CACGT,0.019507187,0.050308008,0.052361396,0.058521561,0.062628337,0.051334702,0.042094456,0.117043121,0.13963039,0.060574949,0.041067762,0.054414784,0.025667351,0.025667351,0.03798768,0.028747433,0.034907598,0.056468172,0.00513347,0.035934292
B:CACTA,0.046296296,0.081481481,0.069444444,0.065740741,0.052777778,0.052777778,0.027777778,0.102777778,0.110185185,0.059259259,0.047222222,0.055555556,0.023148148,0.034259259,0.032407407,0.025,0.044444444,0.033333333,0.012962963,0.023148148
B:CACTC,0.032110092,0.053669725,0.046788991,0.067889908,0.058256881,0.048623853,0.042201835,0.112385321,0.128899083,0.062844037,0.04587156,0.06559633,0.020642202,0.033486239,0.039449541,0.020642202,0.042201835,0.037614679,0.01146789,0.029357798
B:CACTG,0.026323005,0.044968467,0.062517137,0.054565396,0.05812997,0.066630107,0.045791061,0.107211407,0.136824787,0.067726899,0.03921031,0.061968741,0.022758432,0.024403619,0.032629559,0.024952015,0.044968467,0.035645736,0.01480669,0.027968193
B:CACTT,0.044391408,0.059188544,0.062529833,0.065871122,0.053460621,0.048687351,0.036754177,0.105011933,0.101670644,0.07875895,0.037231504,0.060620525,0.030071599,0.029594272,0.038186158,0.024821002,0.046300716,0.032458234,0.021957041,0.022434368
B:CATAA,0.05645933,0.072727273,0.037320574,0.067942584,0.066028708,0.050717703,0.04784689,0.091866029,0.066028708,0.097607656,0.035406699,0.058373206,0.03062201,0.052631579,0.03923445,0.021052632,0.049760766,0.022966507,0.01722488,0.018181818
B:CATAC,0.033634126,0.065627564,0.062346185,0.067268253,0.047579984,0.050861362,0.039376538,0.097621001,0.115668581,0.084495488,0.043478261,0.058244463,0.023789992,0.031173093,0.045939295,0.01804758,0.041837572,0.031173093,0.013945857,0.027891715
B:CATAG,0.050757576,0.066666667,0.060606061,0.048484848,0.064393939,0.056060606,0.029545455,0.10530303,0.098484848,0.081060606,0.041666667,0.050757576,0.028787879,0.03030303,0.033333333,0.035606061,0.037121212,0.036363636,0.020454545,0.024242424
B:CATAT,0.056285178,0.0684803,0.059099437,0.058161351,0.073170732,0.034709193,0.04315197,0.092870544,0.081613508,0.091932458,0.044090056,0.076923077,0.029080675,0.039399625,0.037523452,0.023452158,0.03564728,0.023452158,0.019699812,0.011257036
B:CATCA,0.041577825,0.065742715,0.058280028,0.063965885,0.050817342,0.060056859,0.034825871,0.099857854,0.108386638,0.07249467,0.041577825,0.065742715,0.02771855,0.028073916,0.041222459,0.02771855,0.034825871,0.038734897,0.013859275,0.024520256
B:CATCC,0.037353255,0.049448595,0.056207755,0.062255425,0.04980434,0.064034152,0.040910708,0.108502312,0.125933831,0.070793312,0.042689434,0.065812878,0.022411953,0.027036642,0.025257915,0.026325151,0.041622199,0.038064746,0.014585557,0.03094984
B:CATCG,0.024242424,0.037373737,0.05959596,0.068686869,0.047474747,0.065656566,0.037373737,0.105050505,0.136363636,0.064646465,0.045454545,0.058585859,0.032323232,0.028282828,0.038383838,0.026262626,0.038383838,0.042424242,0.007070707,0.036363636
B:CATCT,0.044164038,0.057728707,0.055520505,0.056466877,0.053943218,0.056782334,0.03533123,0.119873817,0.112302839,0.070977918,0.04637224,0.076025237,0.027444795,0.02555205,0.035646688,0.021135647,0.039747634,0.030914826,0.012302839,0.021766562
B:CATGA,0.042924528,0.061320755,0.05,0.050943396,0.053301887,0.058962264,0.035849057,0.102830189,0.10754717,0.08254717,0.037735849,0.064150943,0.028773585,0.029245283,0.045754717,0.029716981,0.04009434,0.035377358,0.020754717,0.022169811
B:CATGC,0.045265349,0.053069719,0.05359001,0.058272633,0.052029136,0.055671176,0.045265349,0.091050989,0.138917794,0.067637877,0.041623309,0.060353798,0.031217482,0.028095734,0.032778356,0.029656608,0.032258065,0.050468262,0.013527575,0.01925078
B:CATGG,0.041877744,0.049983114,0.061127997,0.048294495,0.058426207,0.062141169,0.037825059,0.109084769,0.125970956,0.07125971,0.033772374,0.074636947,0.024653833,0.026342452,0.027693347,0.024991557,0.034110098,0.043904086,0.012833502,0.031070584
B:CATGT,0.048289738,0.0638833,0.043259557,0.050804829,0.054325956,0.061871227,0.03722334,0.099094567,0.101609658,0.090040241,0.032193159,0.07444668,0.030181087,0.034708249,0.02917505,0.022132797,0.042756539,0.035714286,0.021126761,0.027162978
B:CATTA,0.060384263,0.070448307,0.053064959,0.07136322,0.081427264,0.061299177,0.030192132,0.083257091,0.06221409,0.081427264,0.040256176,0.068618481,0.027447392,0.037511436,0.05946935,0.02378774,0.029277219,0.024702653,0.018298262,0.015553522
B:CATTC,0.053278689,0.055620609,0.05971897,0.06147541,0.053864169,0.055035129,0.037470726,0.087236534,0.105971897,0.067330211,0.045667447,0.072014052,0.028103044,0.039227166,0.046252927,0.023419204,0.041569087,0.032201405,0.014637002,0.019906323
B:CATTG,0.037871034,0.062436029,0.05629478,0.061924258,0.048106448,0.060388946,0.039406346,0.117195496,0.090071648,0.071136131,0.040941658,0.068577277,0.029682702,0.029170931,0.033776868,0.022006141,0.047082907,0.030706244,0.021494371,0.031729785
B:CATTT,0.05745554,0.068399453,0.050159599,0.076607387,0.054719562,0.059735522,0.039215686,0.097583219,0.056999544,0.074783402,0.03875969,0.070679435,0.026447788,0.049703602,0.059735522,0.024167807,0.041951664,0.020519836,0.019607843,0.012767898
B:CCCAA,0.03895529,0.055776892,0.062859672,0.056219566,0.05666224,0.053563524,0.04249668,0.109340416,0.119079239,0.068171757,0.043824701,0.0708278,0.018592297,0.027445772,0.034971226,0.019920319,0.038512616,0.044710049,0.015050907,0.023019035
B:CCCAC,0.028137844,0.040784066,0.063863421,0.055327221,0.05184951,0.051533354,0.041100221,0.11508062,0.153019285,0.069870376,0.051217199,0.074296554,0.022447044,0.024027822,0.024343977,0.023395511,0.030667088,0.042680999,0.008852355,0.027505533
