,X,Y,1,2,3,4,5,6,7,8,9,10,11,12,13,14,15,16,17,18,19,20,21,22
AACAA, 0.04289951084235258, 0.0023726071717444057, 0.10077417863883219, 0.08470515733929053, 0.06480761083079767, 0.052143434888110005, 0.052882948811770594, 0.058267534568424297, 0.048183954088510575, 0.036605939221199396, 0.03836998805993144, 0.044763702191580323, 0.050094365057967105, 0.058336863998767474, 0.025135770134422062, 0.03441821053037014, 0.03654431306089435, 0.029041328043754575, 0.044902361052266686, 0.019373724145899933, 0.03200708700843508, 0.019681854947425182, 0.010399414551477103, 0.013288140815776298
AACAC, 0.0380192140113821, 0.0023237550159758156, 0.10074984131765516, 0.0777382117844502, 0.06080492291803385, 0.04396845717728315, 0.04897098533667552, 0.05424246662291696, 0.04785214032898347, 0.03366217335642744, 0.04074101965509451, 0.043118565296440134, 0.05537206975568298, 0.05284391036330188, 0.020375888890084237, 0.03319957397824707, 0.03493163211515497, 0.03736296838187041, 0.053145137865372824, 0.0175465019956322, 0.04963798909126117, 0.02402289329015739, 0.011134659451550784, 0.01823502200036578
AACAG, 0.04033059248768733, 0.0021278544603916096, 0.1046382999711119, 0.07749054091187724, 0.06299717460384564, 0.04436787926187406, 0.049476139141953264, 0.0537811691926131, 0.04703122027521191, 0.033383359050779625, 0.039928977572977656, 0.04222593305008913, 0.055021243315225433, 0.05676157461230069, 0.020989663700353, 0.033524276564712845, 0.03576486503625103, 0.035729635657767725, 0.05247768218873083, 0.01740331297075257, 0.043008025252418494, 0.023406399064307706, 0.010744960437407964, 0.017389221219359246
AACAT, 0.04291520596955742, 0.002334111370456819, 0.09988915223993583, 0.08364049277687156, 0.06412948460297578, 0.05086380144732929, 0.05166587060551715, 0.056135829060137164, 0.04670025143516307, 0.03721961374512225, 0.038949920243684835, 0.04378937123185206, 0.05293656444039905, 0.055748312500563245, 0.023350125717581535, 0.034344781593864615, 0.03536313906437281, 0.030154195542658364, 0.046051386498202104, 0.018528698755441005, 0.03968890531077927, 0.021079098438218143, 0.010093454574948407, 0.014428232834368213
AACCA, 0.04295105642718483, 0.0023257340598126282, 0.105577072763591, 0.07657104273536335, 0.06098487335065129, 0.04350435606238219, 0.04662721671527576, 0.05467350632543397, 0.0447610026914745, 0.03319797811184155, 0.040353361529732824, 0.04225708739320848, 0.05701799630508379, 0.0555269006780265, 0.019862519107593336, 0.03435146718182927, 0.03403261654459689, 0.036077011806851536, 0.053848245852597225, 0.016308272298444195, 0.04824022582127484, 0.023566813275440062, 0.010203220391436047, 0.017180422570873932
AACCC, 0.03627233598539194, 0.001291248206599713, 0.10320855614973262, 0.06610147384896309, 0.05835398460936481, 0.03436807095343681, 0.04113734185470197, 0.04977174905438894, 0.044098082692056874, 0.028355288900482587, 0.04125472805530194, 0.038724403286813626, 0.060114777618364416, 0.05325420633885483, 0.01592539454806313, 0.031276901004304164, 0.03405504108517021, 0.044919786096256686, 0.062475544541541674, 0.013160297378374854, 0.08299204382418156, 0.026477109690883006, 0.009938698317464459, 0.022472935959306117
AACCG, 0.03978770263927501, 0.0018052496660288118, 0.09647254215257971, 0.0663970827165397, 0.05509621980719934, 0.03188070910206882, 0.0430010470448063, 0.0519550853883092, 0.04646712640358162, 0.031700184135465936, 0.04148463732534209, 0.04083474744557172, 0.05610715962017547, 0.05365202007437628, 0.0189912264866231, 0.032061234068671694, 0.033613748781456475, 0.046864281330107956, 0.06448351807054915, 0.014405892334909918, 0.07289598151424342, 0.025959490197494314, 0.00996497815647904, 0.024118135538144927
AACCT, 0.038312544366697086, 0.0021397424196328975, 0.1024845350370145, 0.07548930128790184, 0.06312747185883785, 0.04059426021701653, 0.04463036203224825, 0.05394990366088632, 0.045046141364973126, 0.03335361525200284, 0.041293986411114494, 0.04153736943514857, 0.055491329479768786, 0.05448737450562823, 0.018030625697190956, 0.03181218943312037, 0.034732785721529255, 0.03912382111347734, 0.057418111753371866, 0.01576919176554102, 0.05914207484027989, 0.02254335260115607, 0.009846871514045228, 0.019643038231416693
AACGA, 0.04446903419896953, 0.002766347384072755, 0.0982053321345828, 0.07382689581244165, 0.0560531138697742, 0.0424980116878177, 0.05183443410906324, 0.055154050969950554, 0.04457277222587226, 0.03399149348179398, 0.03942045022303676, 0.0399391403575504, 0.05152322002835506, 0.05221480687437326, 0.020470970642138386, 0.0336802794010858, 0.033057851239669415, 0.04045783049206404, 0.05525778899685328, 0.015456966008506516, 0.05619143123897784, 0.025554133960372073, 0.011860714409211937, 0.02154293025346658
AACGC, 0.036592865928659284, 0.001806580565805658, 0.09163591635916359, 0.06453720787207871, 0.051929581795817956, 0.03386377613776138, 0.04873923739237392, 0.050891758917589174, 0.04823954489544895, 0.03355627306273063, 0.041551353013530135, 0.04135916359163592, 0.05465867158671587, 0.050392066420664204, 0.017681426814268143, 0.03278751537515375, 0.03190344403444034, 0.04789360393603935, 0.06169280442804428, 0.017143296432964333, 0.07622232472324725, 0.02821340713407134, 0.01218480934809348, 0.024523370233702338
AACGG, 0.03622482131254061, 0.0021767381416504224, 0.09756335282651073, 0.06367771280051981, 0.05116959064327485, 0.03758934372969461, 0.04535412605588044, 0.050357374918778425, 0.04782326185834958, 0.03131903833658219, 0.04132553606237816, 0.03853151397011046, 0.05497076023391813, 0.051364522417153995, 0.018193632228719947, 0.03313840155945419, 0.03252111760883691, 0.05123456790123457, 0.06410006497725795, 0.014717348927875244, 0.07306692657569851, 0.02982456140350877, 0.01133853151397011, 0.02241715399610136
AACGT, 0.04145796669825369, 0.0023690266684716394, 0.09401651550020305, 0.07536889129551916, 0.054386083660484634, 0.04003655069717071, 0.050020305942872614, 0.05062948422905104, 0.049208068227968055, 0.033267903072966024, 0.03888588060105591, 0.043420874509273046, 0.05198321375389197, 0.051509408420197654, 0.022302693921754435, 0.032760254501150665, 0.032015703262488156, 0.04098416136455936, 0.05699201299580343, 0.015804792202517935, 0.06240693109516718, 0.02663462840124543, 0.012183565723568431, 0.021355083254365782
AACTA, 0.04360037189122182, 0.0036608042147671807, 0.10285116603393507, 0.08845975052297203, 0.06142015960331603, 0.05409855117378167, 0.053188192453707296, 0.05859223677074456, 0.04768730146432169, 0.03616254745486946, 0.03705353684047416, 0.044045866584024165, 0.05055396296583249, 0.05822421941582087, 0.02640040288215697, 0.03513597272797707, 0.03569768342759743, 0.026768420237080655, 0.04536298132796157, 0.018613930425350585, 0.030739133803362517, 0.018943209111334933, 0.009587820562485473, 0.013151778104904316
AACTC, 0.04189556688983301, 0.0019659025130787126, 0.10653007284760979, 0.07249811601009164, 0.05933749085309247, 0.04070510370135756, 0.04808815980603095, 0.05572241456515328, 0.046002118806041874, 0.030897434497220433, 0.03849892421445812, 0.040508513450049695, 0.05446642129290855, 0.055940848177717585, 0.018927272528696717, 0.03356232457050491, 0.035724817334891495, 0.03894671312021494, 0.05395310230338245, 0.015989340439706862, 0.0568910343923723, 0.023896637214534572, 0.010364674916176101, 0.018686995554875983
AACTG, 0.0415498790987207, 0.0026606648315330617, 0.10515482893933184, 0.07728478317254997, 0.0624921560588693, 0.043532827416561386, 0.049523506722780476, 0.05531338113605368, 0.04847764790535396, 0.033283411005781506, 0.039767735673825924, 0.04171721650950895, 0.054568729658045996, 0.05722102761903964, 0.020364962892929158, 0.03386072507300095, 0.035776738426526324, 0.03482291518503334, 0.05395794810866891, 0.016775575431521347, 0.0432650875593002, 0.021728762790853336, 0.010366552598331646, 0.016532936185878398
AACTT, 0.04201308959602799, 0.002879711126156624, 0.10031144211238997, 0.08315955766192733, 0.06382306477093207, 0.05095915143308508, 0.05249379372602121, 0.057576167907921465, 0.04697810877905664, 0.03632588580455878, 0.038988941548183255, 0.04418867072895509, 0.0504355675919657, 0.05648386368765516, 0.024319566689234937, 0.034412096592191375, 0.03522455427668698, 0.029943579327465584, 0.046445497630331754, 0.0187136086662153, 0.03797788309636651, 0.020347551342812006, 0.011257052584066802, 0.014741593319792372
AATAA, 0.04412897954636189, 0.0029060321056198764, 0.09877723824821043, 0.09502632140900777, 0.06487971998105972, 0.06206653235165774, 0.0589655268459803, 0.05985683381767202, 0.048501954376224385, 0.04130650746933811, 0.03684068816325773, 0.04517812212762402, 0.04679361601381526, 0.0582227710362372, 0.02863323646559648, 0.034946660848412824, 0.0369428170870974, 0.022180545368453305, 0.03641360357265545, 0.021038558310973288, 0.02140065176822305, 0.01585783653801517, 0.010268599069698348, 0.008866647478808248
AATAC, 0.04460118399665976, 0.0028183295805311584, 0.09750823876768912, 0.09030584095077616, 0.0638374017685391, 0.05682885730901716, 0.05409999850882033, 0.0593340391583782, 0.04885104606254007, 0.03938205514382428, 0.03817419960931093, 0.043915241347429954, 0.04911945840354304, 0.05738059378774549, 0.025320230834613263, 0.03695143227807519, 0.03698125587151996, 0.02549917239528191, 0.04240914987846885, 0.019385335739103206, 0.029242033372601065, 0.01817748020458985, 0.009543549902327732, 0.010333875128614247
AATAG, 0.04521968187497889, 0.00319138158116916, 0.10203978251325523, 0.08895342946877849, 0.06723852622336295, 0.054253486879875724, 0.05497956840363379, 0.060534936341224546, 0.046334132585863365, 0.039309715983924895, 0.03738475566512445, 0.04447671473438926, 0.05271689574820168, 0.057698152713518615, 0.025395967714700617, 0.03542602411266083, 0.03586505015028199, 0.02446725878896356, 0.04094762081658843, 0.0195028874404782, 0.02553105264935328, 0.01720644355138293, 0.010367768734591875, 0.010958765323697273
AATAT, 0.04468436351114577, 0.00273453720489786, 0.10011444544598276, 0.09608353504765184, 0.06562889291754864, 0.06128401713643315, 0.05759745586760789, 0.061243505474138364, 0.048401308526692124, 0.03944823115954505, 0.03604525152678327, 0.046963144515227324, 0.047368261138175154, 0.059937004365131615, 0.02887468730060666, 0.035346425352198264, 0.035903460708751535, 0.021005296899845042, 0.03737200846693742, 0.020974913153123956, 0.02098504106869765, 0.015647629561359976, 0.00867962364665728, 0.0076769600048613995
AATCA, 0.04755457776273481, 0.002527923506515485, 0.10273523438822135, 0.08554746996107633, 0.0642452191572178, 0.05232484345913014, 0.05479988153663903, 0.05862878659671687, 0.046020900321543406, 0.03685056693179895, 0.038606363174818074, 0.0441170248773058, 0.05046327635809782, 0.05723261127094263, 0.023967676425791166, 0.033677441191402945, 0.03611017092570655, 0.028103316974107295, 0.043778558131663564, 0.018552208495515317, 0.03194279911998646, 0.020033000507700117, 0.010280927398883059, 0.011899221526485022
AATCC, 0.043174530462666054, 0.0026085407441339644, 0.10299282333180639, 0.07750547157326819, 0.062045095943401025, 0.046075736753702856, 0.05047844454624116, 0.05715885376902326, 0.046864661271440934, 0.03392375426273731, 0.038631852191174224, 0.04361989107751819, 0.05471573268183438, 0.0553265129536316, 0.02155545375884359, 0.03303303303303303, 0.03453453453453453, 0.033427495291902073, 0.0519544968697511, 0.01669466076245737, 0.04633022853361837, 0.021911742250725303, 0.010065149895658371, 0.015371303506896727
AATCG, 0.04535398230088496, 0.0030168946098149637, 0.09814963797264682, 0.07944489139179405, 0.058980289621882544, 0.042286806114239746, 0.050734111021721644, 0.05143805309734513, 0.0461082059533387, 0.035247385358004826, 0.03901850362027353, 0.04429806918744972, 0.04937650844730491, 0.05757240547063556, 0.019760659694288012, 0.030219227674979886, 0.035297666934835076, 0.037258648431214805, 0.054706355591311345, 0.017045454545454544, 0.04947707160096541, 0.02569388576025744, 0.011514481094127112, 0.018000804505229284
AATCT, 0.043706329953764174, 0.0019489539922456511, 0.10421720470236985, 0.08458252990815035, 0.062211026103543364, 0.04927328896352968, 0.05324376438390247, 0.05906989280753042, 0.04535464742592938, 0.03665692189670544, 0.03970475420372789, 0.04424540233459808, 0.05242478903609712, 0.05771184507889117, 0.023034977504094875, 0.03564097779436462, 0.03671912255603243, 0.02725425556177562, 0.0463809583048247, 0.018058924757935767, 0.03427256328917087, 0.01960357446455599, 0.010791814393232568, 0.013891480583027513
AATGA, 0.04466117476249092, 0.0026433734179212827, 0.1000142032004545, 0.08211027996086229, 0.06555566076444781, 0.050673862954896946, 0.05439036707382509, 0.05733358583467475, 0.045813212132689456, 0.035145030457974305, 0.03937442792664836, 0.04362749739607992, 0.05340403370892908, 0.05754663384149229, 0.023348483413818136, 0.03441908910141085, 0.03523971846100432, 0.030386958305716, 0.04616829214405201, 0.018945491272922388, 0.03624183315973866, 0.020768235331250197, 0.009090048290881546, 0.013098507085818894
AATGC, 0.043643897105369166, 0.0026471773033319907, 0.09998273580019566, 0.07856361857627898, 0.06386602980951833, 0.04625654600909248, 0.04897278011164183, 0.056051102031420844, 0.044817862692064225, 0.035472175864648674, 0.03947747021925534, 0.04344823617425332, 0.05460090924785636, 0.057351671750014384, 0.021281003625481958, 0.03421764401220003, 0.03455141854175059, 0.03345801922080911, 0.049260516775047475, 0.01825401392645451, 0.04508258042239742, 0.022696668009437763, 0.010381538815675894, 0.01566438395580365
AATGG, 0.043090801403253, 0.0023964645314137317, 0.10711194131851111, 0.07881908059592692, 0.06244475830333955, 0.04519568089662399, 0.049724361018725224, 0.0555469497471411, 0.04461251082053852, 0.0337965283156408, 0.03923641168162559, 0.04320014579251902, 0.05692286664540526, 0.057323796072714026, 0.02006469543031573, 0.033687183926374785, 0.03601075219827783, 0.03304022962321746, 0.05125518246844959, 0.016529226844047566, 0.04230716661351314, 0.02248849605904597, 0.009467401703950065, 0.01572736798943004
AATGT, 0.041599375782540055, 0.002431544756754795, 0.09760656154167197, 0.08244569852474187, 0.06253062113266435, 0.051742909506614164, 0.052396160336787095, 0.055662414487651746, 0.048231686294434674, 0.037017547043132704, 0.03795205864740787, 0.044357545954381315, 0.04819539458164728, 0.055417445426336885, 0.02284563319965886, 0.0329165834981582, 0.034540637645393675, 0.029051516086301694, 0.04318713821698815, 0.017946251973361884, 0.0630114863270972, 0.018372679598613658, 0.008846104991925095, 0.011695004445734817
AATTA, 0.04492059490799093, 0.0038946307033022433, 0.09891605747416182, 0.09692462818250569, 0.06598185026468364, 0.06308293420720948, 0.05833123266952357, 0.062200655407108646, 0.047958154776909505, 0.04204688681623393, 0.03506428031257877, 0.04647088479959667, 0.04538694227375851, 0.05937736324678598, 0.028295941517519536, 0.03603478699268969, 0.03382908999243761, 0.019889084950844467, 0.03539198386690194, 0.021552810688177465, 0.0201663725737333, 0.015767582556087723, 0.010499117721199899, 0.008016133098058986
AATTC, 0.043122151747620185, 0.0021073174782780205, 0.10077752748336465, 0.08587059202126003, 0.06174544020097373, 0.05213275062025724, 0.05362759651617859, 0.05814327682677435, 0.0491326779541373, 0.03559601789662725, 0.03740229002086556, 0.044689663763482164, 0.049755530410771194, 0.057603471364358304, 0.024789527774029128, 0.03422574249203268, 0.03283470533888364, 0.0255369507219898, 0.04259272715948137, 0.01912157041866066, 0.04966210254227611, 0.019277283532819132, 0.009197454609627223, 0.011055631105251684
AATTG, 0.0458310934678631, 0.002701622351789825, 0.10198624378006589, 0.08827137520847979, 0.06373623344222526, 0.05604488001212973, 0.05517650139905443, 0.06016623247736013, 0.04872568884478077, 0.039242443038498116, 0.03739541551227446, 0.04501785000482433, 0.049028932169981665, 0.06078650291527106, 0.025320817654275043, 0.03317757653448014, 0.03524514466084991, 0.0245213579787454, 0.04096541647713959, 0.021488924726736414, 0.026395953079987315, 0.01794649133688955, 0.009772705343974418, 0.011054597582323671
AATTT, 0.04346750183660055, 0.002652437845570893, 0.09898310327494877, 0.09685651316552604, 0.06362757607392801, 0.06089780767892356, 0.05820670455863589, 0.059900243591230716, 0.04989367049452886, 0.03876580443104048, 0.03644588794803387, 0.04639832966013224, 0.04577195220972045, 0.05905734060240497, 0.028148319993813557, 0.035556586629548005, 0.035432857750454315, 0.023021304566368944, 0.03610563353052623, 0.021320032478830762, 0.023902872829911458, 0.016772996172137802, 0.010168967250512315, 0.008645555426671307
ACCAA, 0.04267645250824283, 0.002160833038392042, 0.10352439319710151, 0.07643015479760819, 0.0617607063688691, 0.0438872641245832, 0.04726822271482592, 0.05491496376879086, 0.04528435445112978, 0.03339977273997355, 0.0401710038559693, 0.043430881284577984, 0.055622822867574466, 0.055837043384311606, 0.02036026302553881, 0.03347428422405604, 0.03401449248365404, 0.036808673136747204, 0.05506398673695583, 0.015898887916100068, 0.04627163161522269, 0.022958851032915447, 0.009854143769908537, 0.01892591695695099
ACCAC, 0.03716999889539379, 0.002430133657351154, 0.10593173533635261, 0.0662448122958451, 0.05897019141247574, 0.032554322955295006, 0.042977071531142, 0.04909974594057218, 0.045233624212968074, 0.031189345284120498, 0.04061005822852724, 0.037801202442757725, 0.06177115715390321, 0.05327357939751621, 0.014967414116867337, 0.031102554796357953, 0.03354057849805116, 0.047411276451373656, 0.06343595651007558, 0.012434709883069543, 0.06959808114121602, 0.027125972447965156, 0.010911931325054044, 0.024214546085749
ACCAG, 0.036765931999701, 0.0016790197284818097, 0.10401872221998608, 0.06655128197756324, 0.05772492826790715, 0.031843874165521445, 0.042199745847013706, 0.04950233165239692, 0.04474127570998959, 0.03078011166631208, 0.04100373179384858, 0.03692693389147323, 0.061255469751769584, 0.05171035759670176, 0.014300418029911851, 0.032010626124856965, 0.03381614733973124, 0.04806481476157345, 0.06572902231601221, 0.012408645801588169, 0.07395736899908574, 0.028307582614095717, 0.01010861877627062, 0.024593038968207876
ACCAT, 0.041074502205626466, 0.003348413736020843, 0.10760071106763608, 0.0731383854249946, 0.060741730076467985, 0.0400775026100697, 0.04649216038525569, 0.053584025432895345, 0.04484617048693084, 0.031207968472239205, 0.040463134529105806, 0.0384409183683067, 0.05826804240069978, 0.05459983634157582, 0.0182093511037538, 0.03218615675467226, 0.0347821179657446, 0.03882655028734281, 0.05504190219998307, 0.015613389892681457, 0.05678194866392648, 0.024896772919233628, 0.010026429894938816, 0.01975187877989823
ACCCA, 0.03659367077183108, 0.0016573815013250846, 0.10794312391798423, 0.0637025246350889, 0.0591898522304909, 0.029759023293594467, 0.040203808695509484, 0.04785894206549118, 0.04350216198032475, 0.029192888028290353, 0.041483766686631826, 0.03786542390403597, 0.06365329548158419, 0.05256853108410801, 0.01391544072399675, 0.031309741628992686, 0.03392709162365953, 0.047768688617399226, 0.06515478466347771, 0.011987298878395785, 0.07778206253743467, 0.02907802000344604, 0.009394563460481297, 0.024507913586425883
ACCCC, 0.031066726140324793, 0.0012142538533974328, 0.10643306735391783, 0.05393930382779072, 0.05174208256926203, 0.023450793808131372, 0.03416431250103253, 0.04581949744758884, 0.04361401595876493, 0.027531347573970362, 0.04216847565710132, 0.03432951710693694, 0.06642051180386908, 0.05164295980571938, 0.01048223224463498, 0.029042969717995738, 0.03181840709718987, 0.05630172969222382, 0.07344996778510185, 0.009144074936809238, 0.105540962482034, 0.03041416794700236, 0.00982967405131255, 0.030438948637888024
ACCCG, 0.0326155928761792, 0.001649815982063539, 0.10281737806167773, 0.055078472016582766, 0.049431025001057574, 0.026989297347603535, 0.03796691907441093, 0.04240873133381277, 0.044862303819958545, 0.02874487076441474, 0.04541224248064639, 0.03553449807521469, 0.061529675536190195, 0.04731587630610432, 0.013642709082448495, 0.0288506281991624, 0.02999280849443716, 0.055649562164220144, 0.07191505562841068, 0.012140953509031684, 0.10283852954862727, 0.030627353102923135, 0.011612166335293371, 0.030373535259528746
ACCCT, 0.03656757574140293, 0.0015388447101101208, 0.11001405418868193, 0.05924107381117575, 0.056314600345128175, 0.028508654889612354, 0.0375816121399726, 0.049625518137019445, 0.0437636761487965, 0.02822401309352262, 0.042625108964437566, 0.035731440465389334, 0.062336553343651596, 0.0527298927256231, 0.011616943302912242, 0.029736172635249327, 0.032217893294906694, 0.049456512070591166, 0.06984398071551831, 0.010914233868815713, 0.08910177723221434, 0.028446389496717725, 0.008663784668481259, 0.025199694010069204
ACCGA, 0.03632091495866833, 0.001387158872154909, 0.10168723813837617, 0.0621673649643302, 0.05370286490771147, 0.032669006907485, 0.045578077227947, 0.0498244819386253, 0.0460876457932284, 0.03139508549428151, 0.041501528705695845, 0.03714188653606613, 0.057383082323632664, 0.050560525421809534, 0.01639112218321821, 0.032669006907485, 0.03091382629373797, 0.04914505718491677, 0.06740459744083342, 0.01409806363945193, 0.07683161589853924, 0.028054580455214584, 0.011238817800928546, 0.02584645000566187
ACCGC, 0.032132404034448635, 0.0016845297003642795, 0.09511275820681814, 0.05586321618833042, 0.04859868185550947, 0.02646817291697374, 0.04240803520667074, 0.045524415152344656, 0.0455033585310901, 0.03135330904803015, 0.04266071466172538, 0.03651218125539576, 0.062306542292223786, 0.04798803983912742, 0.013686803815459772, 0.028700174769956413, 0.03000568528773873, 0.058221557768840415, 0.06938156703375377, 0.012402349918932009, 0.0979343454549283, 0.032743046050830685, 0.011054726158640584, 0.03175338485186668
ACCGG, 0.03370712689999562, 0.0017083534101362302, 0.10011389022734242, 0.05819352577861492, 0.04923562135879802, 0.026413771956721715, 0.03672959831792895, 0.048096719085373864, 0.0444390906303386, 0.03252442069297823, 0.04297165885496518, 0.03662008848394586, 0.06027421262429366, 0.04785579745061107, 0.01436769021858163, 0.03015900827894345, 0.030334224013316397, 0.05567479959700381, 0.06866266590739849, 0.0115861404354111, 0.09790179158088397, 0.030881773183231855, 0.010994787331902406, 0.03055324368128258
ACCGT, 0.03522651565622918, 0.0030812791472351764, 0.0984898956251388, 0.05907172995780591, 0.05354763491005997, 0.0319231623362203, 0.04377637130801688, 0.04805129913391073, 0.04638574283810793, 0.031978680879413725, 0.041916500111037085, 0.03716966466799911, 0.06032089717965801, 0.04732955807239618, 0.01546191427936931, 0.031062624916722185, 0.031367976904286034, 0.05399178325560738, 0.0630135465245392, 0.013296691094825673, 0.08308349988896291, 0.030562958027981344, 0.011797690428603154, 0.02809238285587386
ACCTA, 0.042027542724406834, 0.002422432387589182, 0.10743321718931476, 0.07765057242409158, 0.06188816990210719, 0.043089430894308944, 0.04917869586859134, 0.052629832420773195, 0.045113655218184834, 0.03354902936784469, 0.040418118466898946, 0.04242575078812012, 0.055566616890658706, 0.057408329185332674, 0.020789779326364694, 0.034196117471378795, 0.03540733366517339, 0.03550688568110171, 0.05372490459598474, 0.016144018583042975, 0.04556163928986229, 0.02297992367678779, 0.008511697361871578, 0.016376306620209058
ACCTC, 0.034876070882020625, 0.0017734807420014586, 0.10663052961283771, 0.0639096669002703, 0.05803143637637838, 0.031071668645146527, 0.04117621819534032, 0.04879932493313691, 0.043521789499277735, 0.02875470186930591, 0.041841273473590866, 0.03831576538566055, 0.061592700124429696, 0.05269669188632561, 0.014023369899455084, 0.03255195297415581, 0.034225317867818475, 0.04801985154249918, 0.0666628527295871, 0.012922095567728371, 0.07464351606859365, 0.02775354338591799, 0.010133154078290593, 0.026073027360231125
ACCTG, 0.034009230365093096, 0.0020290498340074185, 0.10505314932991536, 0.06389695325485863, 0.057882269818336635, 0.029905839406140593, 0.04064440448746111, 0.048624729950677785, 0.04342981888012754, 0.03041310186464245, 0.042922556421625686, 0.037446839347261916, 0.06311341392163701, 0.052261620612972334, 0.014302989678114796, 0.031957534885616846, 0.03293582676987042, 0.050305036844465176, 0.06768783430634123, 0.012147124229481913, 0.07270610934223459, 0.02856068806529193, 0.01055739991756985, 0.027206478466255724
ACCTT, 0.03827970441056674, 0.0021092749912719655, 0.10336174793436519, 0.07352641685092517, 0.05972884906319097, 0.03851245199581054, 0.046004014895845456, 0.05142994297684162, 0.045116664727103455, 0.03251192831374374, 0.04139270336320261, 0.041014488537181426, 0.05744501338298615, 0.05541574537414174, 0.017863377167461888, 0.033646572791807286, 0.03390841382520656, 0.03859973234027697, 0.05680495752356569, 0.01576864890026766, 0.06324188292796462, 0.02459851041545444, 0.009724485045967648, 0.01999447224485046
ACTAA, 0.04422356984915822, 0.002211178492457911, 0.10101363924951288, 0.09017667535083303, 0.06309521203231386, 0.05652735512402303, 0.052652319548131446, 0.06151892637432406, 0.04641285548525516, 0.03745867723361867, 0.03653917726645795, 0.0440922127109924, 0.049915712503010266, 0.06075267640169013, 0.026753070473104625, 0.036758105830067646, 0.03640782012829214, 0.026118177638636515, 0.04067692711868118, 0.020141427852091862, 0.03126299888346432, 0.017120213674278087, 0.008954178251636491, 0.009216892527968123
ACTAC, 0.04258931207558311, 0.00219589607322114, 0.10538455860643638, 0.07491880720401535, 0.060562444641275456, 0.041925007381163275, 0.047220992028343664, 0.05194493652199587, 0.0448774726896959, 0.0316651904340124, 0.039839828757012107, 0.0395814880425155, 0.05893858872158252, 0.05369796279893711, 0.019467818128136995, 0.0351158842633599, 0.03384263359905521, 0.037034986713906114, 0.0554140832595217, 0.015371272512547978, 0.054380720401535285, 0.024025686448184234, 0.009041925007381163, 0.020962503690581637
ACTAG, 0.04592553565156305, 0.003073410607657183, 0.10970612340475352, 0.0794988877180658, 0.061526753307575226, 0.04563282987940522, 0.05256995667954572, 0.05502868516567147, 0.043642430628732, 0.031553682238613746, 0.038695703079264725, 0.04267650158061117, 0.05476524997072942, 0.05517503805175037, 0.021982203489052804, 0.037437068258986066, 0.03559302189439176, 0.029914529914529912, 0.052189439175740544, 0.016772040744643484, 0.03989579674511182, 0.02288959138274207, 0.008020138157124459, 0.015835382273738437
ACTAT, 0.04516525566548367, 0.0031722743224220314, 0.10527985407538117, 0.08775303844399944, 0.068104764359498, 0.051866685171600216, 0.05287784761187224, 0.05862759482126217, 0.047643594979875886, 0.034617443543430416, 0.0360251402740052, 0.043757558934908895, 0.05382952990859884, 0.056882843943930055, 0.02373257727461982, 0.03459761682891528, 0.03582687312885382, 0.02591351587128497, 0.04262743620754605, 0.017923349921684477, 0.033031306382219405, 0.017943176636199615, 0.0101512778317505, 0.01264944386065785
ACTCA, 0.03966490434960284, 0.0021113750329902346, 0.10876986863501306, 0.06877293353425451, 0.05898228317966269, 0.03556134480967827, 0.04308737516920798, 0.05184787883431666, 0.0440153585506432, 0.030274393618198694, 0.04026085697988234, 0.03916260141836726, 0.05900782400667467, 0.05486169642173014, 0.015571390868302983, 0.0327773946653726, 0.034326871504099306, 0.041086677053269655, 0.05785848679113563, 0.014115563728620198, 0.07136107067146834, 0.025711099192058506, 0.009586323738495986, 0.02122442724695426
ACTCC, 0.03752376381993023, 0.0018549622547481496, 0.10708023403901881, 0.06401926945864633, 0.05473522951697152, 0.0328263718414884, 0.04122445966149246, 0.05165285442699201, 0.046872404437143536, 0.02956865206076155, 0.0412429169973606, 0.03854814596061205, 0.05955259417855627, 0.05489211687185073, 0.014655124679303789, 0.032521825799664075, 0.03417375735986268, 0.045764964285055096, 0.06520976762214142, 0.013400025840270216, 0.07070082504291332, 0.02770446113807933, 0.01095442883774156, 0.023320843869395893
ACTCG, 0.03479790040233407, 0.001918414111001572, 0.101569369321361, 0.0608030694625776, 0.05217020596307053, 0.030774559697316885, 0.044789640563800595, 0.047107724281260824, 0.04582878154059311, 0.03080120433774746, 0.04303109429538248, 0.03578375209826543, 0.05808531613865871, 0.04865311342623431, 0.015480536090165463, 0.03277290772961019, 0.029948575843968987, 0.05123764354800032, 0.06642508859342944, 0.01377527910260851, 0.08579574218645919, 0.029735418720524365, 0.010178252644480565, 0.028536409901148384
ACTCT, 0.04103608563883177, 0.001754095325335958, 0.10622996189715155, 0.07412027246947386, 0.061188691932136004, 0.04057807185943849, 0.04723388912168549, 0.05587768108597991, 0.0443493768089108, 0.030833097829794282, 0.03865831197559858, 0.04059756180749778, 0.056988608125359344, 0.05587768108597991, 0.017989222058723213, 0.03452644298702944, 0.03602716898759465, 0.03732325053353733, 0.056559829268055, 0.015630938343549314, 0.0547082842024226, 0.02400187103501369, 0.009686504185466346, 0.018223101435434673
ACTGA, 0.042967145341875485, 0.002560897800075166, 0.1062903691014133, 0.07661716762955259, 0.061767456495328325, 0.04263501525176335, 0.048587136077194025, 0.05549194584531478, 0.04629718650852613, 0.032338982458287084, 0.03975946789263458, 0.03994301346874918, 0.055378322393434314, 0.054093503360632095, 0.018677947436043108, 0.03358010016344296, 0.035529179376469454, 0.036543050177864404, 0.05463539982344664, 0.015977205387499673, 0.050274007324342514, 0.02203420939928155, 0.010663123945705472, 0.017358167341123824
ACTGC, 0.03754919277369775, 0.0016578352080815592, 0.10479222831644511, 0.06861423569148771, 0.061502587462427566, 0.0358138886306591, 0.04373121378327291, 0.04995971615382232, 0.0444749155588609, 0.030677698243004557, 0.04278609277679651, 0.038556288928139816, 0.061014533172197946, 0.05322115831551548, 0.01615227293855164, 0.0339236466177063, 0.0343962071209445, 0.045799634346627004, 0.0596510799169533, 0.013510582256515137, 0.062013882433144304, 0.026540857116296366, 0.010194911840352018, 0.023465340398500203
ACTGG, 0.03734482475130854, 0.001973089254884766, 0.10734153626921707, 0.06745498890137294, 0.0584527691759612, 0.03457701899098408, 0.043791619851470225, 0.051327724644432866, 0.044922035570414624, 0.029740209914773507, 0.03986599435477241, 0.03835877339617988, 0.06120687292757118, 0.05500671398427009, 0.014976295524923954, 0.031788660217587895, 0.034207064755693184, 0.04312022142446083, 0.06091913074456715, 0.013852730810336795, 0.0726960072346606, 0.02560220328300129, 0.009269408895344057, 0.02220410512181086
ACTGT, 0.03887610196725583, 0.0018760585399748122, 0.10793416424197681, 0.07714422200026057, 0.06398575585182611, 0.042932210014331, 0.04822165284231554, 0.05171320623615756, 0.04499934859078473, 0.03261388804446953, 0.04073478959482347, 0.040960611456116736, 0.05813175837060842, 0.056116732531376216, 0.019655187388717594, 0.0343857211100013, 0.03606201415729361, 0.034463890215833584, 0.052529639119294744, 0.01641551222477961, 0.04847353107221957, 0.023355191731445693, 0.010405176531897337, 0.018013636166239633
ACTTA, 0.043232157506152585, 0.002283292316106098, 0.10161334427126058, 0.08594476346732294, 0.06401421930544161, 0.052023516543614985, 0.05306261963357943, 0.059420289855072465, 0.05035548263604047, 0.0383237626469784, 0.03934919332786437, 0.0447634673229423, 0.04703308722996992, 0.057642876674870114, 0.024842767295597486, 0.034044298605414275, 0.03725731473885699, 0.02821985233798195, 0.04401148482362592, 0.019729286300246104, 0.030803937653814603, 0.01953787257314739, 0.01063713426305715, 0.011853978671041838
ACTTC, 0.03915389766415882, 0.002166463150431323, 0.1038956946468665, 0.07450269823137827, 0.061173041320360805, 0.040477409697876866, 0.04642533580178831, 0.053665261748138814, 0.04554299444597629, 0.03319809351242762, 0.03947689762476858, 0.04181667782723441, 0.056674676015283414, 0.05396462756528932, 0.019372119588765904, 0.03286721550399811, 0.03514397132390593, 0.0400913853547091, 0.05466577382124709, 0.01534643715287352, 0.0548390908732816, 0.024674045771457834, 0.010265096309134596, 0.020601095048646944
ACTTG, 0.04071862198312028, 0.002003849760623859, 0.10466413306352106, 0.07609693499827254, 0.060766990770445686, 0.04154780119441291, 0.046108286856522386, 0.05494299392922363, 0.04549627362913972, 0.032742707664972115, 0.03940575489857361, 0.04121218103746113, 0.05588075613247125, 0.055288485267262225, 0.020147080598193572, 0.0346478456147278, 0.03541779773949953, 0.03828044025467647, 0.055130546369873155, 0.01666255367454716, 0.04841814323083757, 0.024668081535955778, 0.010305513054636988, 0.019446226741029565
ACTTT, 0.04350156246135072, 0.002605476447647238, 0.10186093681719613, 0.08550250241171475, 0.06471640708095941, 0.05161481823503706, 0.05325560878276428, 0.05744415952771618, 0.04664297552006464, 0.03681472259096493, 0.038702868497646, 0.04392206657157227, 0.05016366679584113, 0.057452404706347965, 0.023935753568101053, 0.034943067041547454, 0.0357016234756726, 0.02921266789244989, 0.04540619872529538, 0.018007470131840408, 0.03491833150565207, 0.02026664907695225, 0.010273492575216642, 0.013134569560449528
AGCAA, 0.04208782229754267, 0.0023226606948311343, 0.10665325021183876, 0.07651918653915991, 0.0635137997821087, 0.044902251543396686, 0.04830680305047815, 0.05518399709478272, 0.04598414235564702, 0.03335703909938264, 0.04034015252390752, 0.04208782229754267, 0.054873804624137504, 0.05599352378646653, 0.01994310616148166, 0.03381097930032684, 0.035369507323568576, 0.034476758261711656, 0.05478301658394868, 0.016326715893959568, 0.04169440745672437, 0.023604890449098175, 0.010879433482629222, 0.01698492918532865
AGCAC, 0.03423870890758308, 0.0015959668277549072, 0.10358123023685939, 0.06610584094027802, 0.05776803293359585, 0.03275460891354931, 0.04203209832348905, 0.04839359226776446, 0.046648469661714695, 0.031300340075174515, 0.04342670485054591, 0.03699063301712308, 0.0628244138177913, 0.050795000298311556, 0.01607153511127021, 0.03240409283455641, 0.03526042598890281, 0.04937056261559573, 0.0630705208519778, 0.013252490901497525, 0.06755265198973809, 0.02808603305292047, 0.009993437145755027, 0.02648260843625082
AGCAG, 0.03429582111999509, 0.0018991421248906553, 0.10722287871579628, 0.06424471693190713, 0.057829836865609795, 0.03114593084820675, 0.040614784917358544, 0.04855281533432575, 0.04348843633461733, 0.030635656297478553, 0.04258682340663894, 0.03695462009484201, 0.06289421586531821, 0.05290357729316616, 0.01431454397569098, 0.03273814091250902, 0.0338277497275978, 0.04860269179417136, 0.06866070195362256, 0.012327158883381165, 0.06649299427571707, 0.02899740642408803, 0.011782354475836773, 0.02698700142723408
AGCAT, 0.041543130210331715, 0.0027555896613066376, 0.10516585859290524, 0.0733457741811713, 0.06307335449440162, 0.040775750810980504, 0.04657469740835048, 0.05282709546897346, 0.04382782796749102, 0.03405246084621019, 0.03963340193240085, 0.041560570651226064, 0.058565000523213236, 0.05566116711430466, 0.018879277268129338, 0.033965258641738466, 0.035247131047472874, 0.03744462660016045, 0.05370783773413792, 0.016263211133977468, 0.05043775506644808, 0.024146290418221774, 0.010429383654818793, 0.02011754857162789
AGCCA, 0.037118553328177976, 0.001692614684108349, 0.109825276739797, 0.06546038578636283, 0.05941996852710076, 0.031094359212853057, 0.04272635341578296, 0.0497563824552106, 0.04335905602933144, 0.029791099983236084, 0.0415474716230174, 0.03874086772189205, 0.06441669685974011, 0.053747275863747224, 0.013946496071295309, 0.03147830695269872, 0.03540971550013249, 0.046290037367308204, 0.06378940196083734, 0.012453966829078364, 0.06470330573596292, 0.028120116157710588, 0.010458520124810054, 0.02465377106980819
AGCCC, 0.03159576191194294, 0.0012734371072870765, 0.10649397072211704, 0.05567377669051569, 0.053054294219824286, 0.02234100188222941, 0.03672302184391459, 0.04529638131622012, 0.0430734516289383, 0.028965108940310427, 0.04314605988505554, 0.034902230190512896, 0.06638070184257414, 0.05022815748172227, 0.010969431924174638, 0.031249476382768385, 0.03275749400981887, 0.056712633278039354, 0.07440112151829449, 0.009952916338533202, 0.09265930530654647, 0.031277402635121174, 0.010751607155822903, 0.0301212557877158
AGCCG, 0.027633031290910492, 0.0014246476884770389, 0.10144518315065329, 0.05444464409477116, 0.04884873065174423, 0.02480940524167672, 0.038773519521523726, 0.04383037708242421, 0.04521652077932079, 0.031727289062299456, 0.04375336909926329, 0.034396899145211386, 0.0619400877891008, 0.047847626870652256, 0.013733090330364248, 0.029391380239751522, 0.030764689272787946, 0.058615909849321045, 0.07351695459095926, 0.01147418949097723, 0.0980439972277126, 0.034409733809071544, 0.01260363991067074, 0.031355083810355004
AGCCT, 0.036316579335605635, 0.0017614590222312662, 0.10822480541283004, 0.06079259296942565, 0.05680546370249784, 0.02913084397415679, 0.040958691560258435, 0.049009258788217935, 0.04250394261586203, 0.029512387444676196, 0.04116218141120211, 0.03765198148242357, 0.06350155161011345, 0.051807244238693595, 0.013334944294653305, 0.031661748995268864, 0.035432670295569006, 0.0505163554967696, 0.06744416747214732, 0.011147428397008701, 0.07556468433636872, 0.02930889759373251, 0.01018721066286819, 0.02626290888741924
AGCGA, 0.03575002274174475, 0.0017056308559992722, 0.09667515691803875, 0.06383607750386609, 0.053579550623123806, 0.031133448558173384, 0.04591558264350041, 0.048644592013099244, 0.043209315018648234, 0.0324979532429728, 0.041139816246702446, 0.038524515600836896, 0.05969707995997453, 0.04818975711816611, 0.015555353406713364, 0.031497316474119894, 0.03315746384062585, 0.049781679250432094, 0.06686072955517147, 0.013303920676794324, 0.08123351223505867, 0.03020103702356045, 0.011120713181115256, 0.026789775311561903
AGCGC, 0.02886629698089957, 0.001463339494762785, 0.09785890326555761, 0.05451324707332101, 0.047273567467652496, 0.025585335797905114, 0.04182070240295749, 0.04232902033271719, 0.04628773875539125, 0.03239371534195933, 0.04120455945779421, 0.034781269254467034, 0.06124460874922982, 0.042991373998767714, 0.013354898336414048, 0.030714725816389402, 0.030791743684534814, 0.061799137399876775, 0.07207332101047444, 0.011352433764633395, 0.1044362292051756, 0.032809611829944546, 0.011337030191004313, 0.03271719038817006
AGCGG, 0.028874762435284095, 0.0012975948620486271, 0.10108132905170719, 0.05595386329379383, 0.04881053804312209, 0.02436594796513533, 0.03801035454485877, 0.04351530244445902, 0.04491775345697621, 0.030867029294187037, 0.04189003211219607, 0.034523887541778625, 0.06351661314633987, 0.04685759224064487, 0.011639032702011927, 0.029267972999541255, 0.030526246805164164, 0.058404875810996786, 0.0776328724031719, 0.011023002818009045, 0.10140900452192148, 0.032937938265941415, 0.009515695655023264, 0.03316075758568714
AGCGT, 0.032304433348464216, 0.0017904877187673374, 0.0977959348363343, 0.05906087658243809, 0.0518232712967166, 0.029505220154335, 0.042744742018459674, 0.0454935189388208, 0.04700660715186362, 0.03215312452715993, 0.03994552882433046, 0.0395924749079538, 0.05971654814142331, 0.0492510213345438, 0.015357845362384628, 0.03328794068694205, 0.034145357340999646, 0.054244212437585114, 0.06506279316084128, 0.014349119887022747, 0.08586775609018006, 0.029051293690422152, 0.013365612548544913, 0.027084279013466484
AGCTA, 0.040827316941821915, 0.0020699752612712676, 0.1075713973174467, 0.07923124821191162, 0.06430386563672776, 0.041752915635886304, 0.04728967873310783, 0.05474495548711735, 0.04404166877030006, 0.033355211120647585, 0.040305615859712894, 0.041921206307534375, 0.055064707763248684, 0.05928880362161526, 0.020245367799262885, 0.035930058396863064, 0.03788223018798068, 0.032833510038538564, 0.05445886134531563, 0.016509314888675724, 0.03954830783729658, 0.022416317463522996, 0.01028256003769711, 0.0181249053364972
