,X,Y,1,2,3,4,5,6,7,8,9,10,11,12,13,14,15,16,17,18,19,20,21,22
B:AACAA, 0.04727272727272727, 0.0009917355371900827, 0.05950413223140496, 0.06710743801652892, 0.10909090909090909, 0.030082644628099172, 0.02975206611570248, 0.05388429752066116, 0.047603305785123964, 0.0287603305785124, 0.03206611570247934, 0.0343801652892562, 0.07173553719008266, 0.04396694214876033, 0.01090909090909091, 0.062479338842975206, 0.030082644628099172, 0.06347107438016529, 0.06975206611570248, 0.01884297520661157, 0.03404958677685951, 0.012231404958677685, 0.027107438016528925, 0.01487603305785124
B:AACAC, 0.028941684665226782, 0.0012958963282937365, 0.06868250539956804, 0.06220302375809935, 0.09762419006479482, 0.02678185745140389, 0.032397408207343416, 0.047516198704103674, 0.05053995680345572, 0.028509719222462204, 0.02937365010799136, 0.03455723542116631, 0.0630669546436285, 0.05226781857451404, 0.008207343412526998, 0.061339092872570194, 0.025053995680345574, 0.07602591792656589, 0.08120950323974083, 0.017710583153347732, 0.048812095032397404, 0.026349892008639304, 0.022030237580993522, 0.009503239740820736
B:AACAG, 0.036603221083455345, 0.001171303074670571, 0.07115666178623718, 0.05680819912152269, 0.0945827232796486, 0.03308931185944363, 0.02635431918008785, 0.06383601756954611, 0.043923865300146414, 0.02459736456808199, 0.02986822840409956, 0.02869692532942899, 0.07379209370424597, 0.050951683748169836, 0.006734992679355783, 0.06705710102489018, 0.023133235724743777, 0.06207906295754027, 0.07701317715959004, 0.021669106881405564, 0.04070278184480234, 0.020497803806734993, 0.030161054172767203, 0.015519765739385067
B:AACAT, 0.04636542239685658, 0.0019646365422396855, 0.07819253438113949, 0.06286836935166994, 0.10726915520628684, 0.03339882121807466, 0.026719056974459726, 0.04990176817288802, 0.05147347740667976, 0.031041257367387033, 0.025540275049115914, 0.03654223968565815, 0.08330058939096267, 0.049901768172888016, 0.00550098231827112, 0.06168958742632613, 0.029076620825147347, 0.060903732809430254, 0.060117878192534384, 0.016502946954813358, 0.03182711198428291, 0.016110019646365423, 0.019646365422396856, 0.014145383104125737
B:AACCA, 0.04183942706370147, 0.0007538635506973238, 0.05804749340369393, 0.06219374293252921, 0.09046362608367886, 0.028646814926498305, 0.03241613267998492, 0.06596306068601583, 0.04334715416509612, 0.03392385978137957, 0.03241613267998492, 0.03354692800603091, 0.08367885412740295, 0.03580851865812288, 0.006784771956275914, 0.058424425179042595, 0.02751601960045232, 0.07010931021485112, 0.07010931021485112, 0.012061816811157179, 0.05352431209950999, 0.022615906520919715, 0.022615906520919715, 0.013192612137203167
B:AACCC, 0.030303030303030304, 0.000962000962000962, 0.07311207311207311, 0.04329004329004329, 0.08802308802308802, 0.019721019721019722, 0.023088023088023088, 0.075998075998076, 0.031265031265031266, 0.025012025012025013, 0.021645021645021644, 0.03318903318903319, 0.07984607984607985, 0.05194805194805195, 0.005772005772005772, 0.044733044733044736, 0.02356902356902357, 0.07311207311207311, 0.08994708994708994, 0.019721019721019722, 0.07792207792207792, 0.023569023569023566, 0.025493025493025494, 0.01875901875901876
B:AACCG, 0.03254067584480601, 0.0012515644555694619, 0.052565707133917394, 0.04630788485607009, 0.08260325406758448, 0.02002503128911139, 0.04380475594493116, 0.06382978723404255, 0.0425531914893617, 0.025031289111389236, 0.04380475594493116, 0.0425531914893617, 0.057571964956195244, 0.057571964956195244, 0.008760951188986232, 0.056320400500625784, 0.017521902377972465, 0.07884856070087609, 0.09011264080100125, 0.008760951188986232, 0.08385481852315395, 0.01877346683354193, 0.012515644555694618, 0.01251564455569462
B:AACCT, 0.04145077720207254, 0.0, 0.07014746911119968, 0.04942208051016341, 0.09924272618573135, 0.031486648066958944, 0.020326823435631726, 0.054204862495017936, 0.04304503786369071, 0.02630530091669988, 0.029892387405340774, 0.046233559186927065, 0.06775607811877242, 0.04902351534475887, 0.007174172977281785, 0.05579912315663611, 0.02471104025508171, 0.07014746911119969, 0.0721402949382224, 0.019529693104822637, 0.06337186129932244, 0.023515344758868077, 0.0219210840972499, 0.01315265045834994
B:AACGA, 0.039660056657223795, 0.0, 0.06515580736543909, 0.05524079320113314, 0.1048158640226629, 0.019830028328611898, 0.03824362606232295, 0.05524079320113314, 0.031161473087818695, 0.0226628895184136, 0.032577903682719546, 0.026912181303116147, 0.0708215297450425, 0.053824362606232294, 0.0084985835694051, 0.04815864022662889, 0.031161473087818695, 0.08073654390934844, 0.084985835694051, 0.025495750708215296, 0.049575070821529746, 0.0169971671388102, 0.018413597733711047, 0.019830028328611898
B:AACGC, 0.029931972789115645, 0.0013605442176870747, 0.05986394557823129, 0.029931972789115645, 0.10068027210884353, 0.012244897959183673, 0.02857142857142857, 0.06802721088435375, 0.06666666666666667, 0.0326530612244898, 0.04353741496598639, 0.021768707482993196, 0.058503401360544216, 0.04353741496598639, 0.004081632653061225, 0.05170068027210884, 0.0326530612244898, 0.07210884353741497, 0.09659863945578231, 0.024489795918367346, 0.05986394557823129, 0.02857142857142857, 0.010884353741496598, 0.021768707482993196
B:AACGG, 0.0246189917936694, 0.0035169988276670576, 0.06330597889800703, 0.038686987104337635, 0.08206330597889801, 0.02813599062133646, 0.04220398593200469, 0.05744431418522861, 0.0492379835873388, 0.02579132473622509, 0.023446658851113716, 0.03751465416178194, 0.07151230949589685, 0.055099648300117224, 0.008206330597889801, 0.05861664712778429, 0.038686987104337635, 0.06799531066822978, 0.07033997655334116, 0.021101992966002344, 0.05627198124267292, 0.031652989449003514, 0.026963657678780773, 0.017584994138335287
B:AACGT, 0.029451137884872823, 0.0, 0.08299866131191433, 0.06291834002677377, 0.08433734939759036, 0.030789825970548863, 0.04016064257028113, 0.05756358768406961, 0.04551539491298527, 0.01740294511378849, 0.0214190093708166, 0.0428380187416332, 0.058902275769745646, 0.04417670682730924, 0.00535475234270415, 0.06291834002677377, 0.024096385542168676, 0.07362784471218206, 0.0856760374832664, 0.028112449799196786, 0.05220883534136546, 0.01606425702811245, 0.01740294511378849, 0.01606425702811245
B:AACTA, 0.05132450331125828, 0.0008278145695364238, 0.06456953642384106, 0.076158940397351, 0.10927152317880795, 0.037251655629139076, 0.026490066225165563, 0.057119205298013245, 0.03890728476821192, 0.03559602649006623, 0.03228476821192053, 0.023178807947019868, 0.07201986754966887, 0.057947019867549666, 0.005794701986754967, 0.07036423841059603, 0.03228476821192053, 0.043874172185430466, 0.06456953642384106, 0.01324503311258278, 0.03145695364238411, 0.009105960264900662, 0.0347682119205298, 0.011589403973509934
B:AACTC, 0.036837376460017966, 0.0017969451931716084, 0.06783468104222821, 0.04986522911051213, 0.08715184186882301, 0.026954177897574125, 0.026055705300988323, 0.06289308176100629, 0.04851752021563342, 0.029200359389038633, 0.03009883198562444, 0.0440251572327044, 0.07277628032345014, 0.048068283917340526, 0.004492362982929021, 0.05525606469002695, 0.026504941599281222, 0.07097933513027853, 0.08086253369272237, 0.016621743036837375, 0.06064690026954178, 0.019766397124887692, 0.017070979335130278, 0.015723270440251572
B:AACTG, 0.04094754653130288, 0.0006768189509306261, 0.0751269035532995, 0.05922165820642978, 0.09576988155668359, 0.02910321489001692, 0.028426395939086295, 0.06192893401015227, 0.04331641285956007, 0.025042301184433163, 0.03011844331641286, 0.03824027072758037, 0.06531302876480541, 0.04297800338409476, 0.0077834179357022, 0.06429780033840947, 0.0311336717428088, 0.07140439932318104, 0.0805414551607445, 0.012182741116751269, 0.03485617597292724, 0.02064297800338409, 0.024365482233502538, 0.016582064297800337
B:AACTT, 0.03969754253308128, 0.0007561436672967864, 0.07448015122873346, 0.07258979206049149, 0.09224952741020793, 0.03364839319470699, 0.031379962192816635, 0.05935727788279773, 0.052930056710775046, 0.031379962192816635, 0.03440453686200378, 0.03062381852551985, 0.0555765595463138, 0.04877126654064272, 0.010964083175803403, 0.0665406427221172, 0.03364839319470699, 0.05444234404536862, 0.06994328922495274, 0.01625708884688091, 0.040831758034026465, 0.015122873345935728, 0.02117202268431002, 0.013232514177693762
B:AATAA, 0.06287683031869079, 0.0004306632213608958, 0.05727820844099914, 0.07407407407407407, 0.10508182601205855, 0.04392764857881137, 0.027131782945736434, 0.043496985357450474, 0.04823428079242033, 0.04306632213608958, 0.037467700258397935, 0.023686477174849268, 0.07751937984496124, 0.050387596899224806, 0.012919896640826873, 0.06503014642549526, 0.040482342807924204, 0.04823428079242033, 0.05297157622739019, 0.015934539190353144, 0.029715762273901807, 0.009905254091300603, 0.023686477174849268, 0.006459948320413436
B:AATAC, 0.05059132720105125, 0.0019710906701708277, 0.05584756898817345, 0.07687253613666228, 0.1228646517739816, 0.047963206307490146, 0.02890932982917214, 0.05913272010512484, 0.049277266754270695, 0.032194480946123524, 0.03613666228646517, 0.045992115637319315, 0.08344283837056506, 0.04336399474375821, 0.009198423127463863, 0.042706964520367936, 0.026938239159001315, 0.049277266754270695, 0.056504599211563734, 0.0164257555847569, 0.022996057818659658, 0.011826544021024968, 0.021681997371879105, 0.00788436268068331
B:AATAG, 0.039640987284966345, 0.0, 0.07554225878833208, 0.07404637247569185, 0.10545998504113688, 0.030665669409124907, 0.02916978309648467, 0.0605833956619297, 0.04263275991024682, 0.029917726252804786, 0.04338070306656694, 0.04038893044128646, 0.07853403141361255, 0.059087509349289455, 0.005235602094240838, 0.07255048616305161, 0.02617801047120419, 0.05235602094240838, 0.0493642483171279, 0.014210919970082274, 0.01795063575168287, 0.011967090501121914, 0.02692595362752431, 0.01421091997008227
B:AATAT, 0.055758683729433274, 0.0009140767824497258, 0.06261425959780621, 0.0763254113345521, 0.10466179159049359, 0.04524680073126142, 0.03290676416819013, 0.04890310786106033, 0.04616087751371115, 0.027422303473491772, 0.04113345521023766, 0.03473491773308958, 0.08363802559414991, 0.04981718464351006, 0.005484460694698354, 0.04890310786106033, 0.033820840950639856, 0.051188299817184646, 0.055758683729433274, 0.02696526508226691, 0.03336380255941499, 0.010054844606946984, 0.015996343692870202, 0.008226691042047532
B:AATCA, 0.05537902859736723, 0.0009078529278256923, 0.06354970494779846, 0.08488424875170222, 0.10167952791647754, 0.03449841125737631, 0.03222877893781208, 0.05855651384475715, 0.044938719927371765, 0.029959146618247844, 0.031320926009986386, 0.033590558329550615, 0.08125283704039946, 0.04403086699954607, 0.007716749886518384, 0.06082614616432138, 0.029051293690422152, 0.0463004993191103, 0.05356332274171584, 0.02088061733999092, 0.03767589650476623, 0.013163867453472538, 0.027689514298683614, 0.006354970494779845
B:AATCC, 0.052056220718375845, 0.001041124414367517, 0.05726184279021343, 0.0650702758979698, 0.09942738157209786, 0.029151483602290473, 0.02863092139510671, 0.07079646017699115, 0.03435710567412806, 0.02342529932326913, 0.028110359187922956, 0.0400832899531494, 0.06975533576262363, 0.04893284747527329, 0.014575741801145237, 0.05049453409682457, 0.028110359187922956, 0.05986465382613222, 0.06663196251952108, 0.02030192608016658, 0.05726184279021343, 0.02030192608016658, 0.022384174908901613, 0.011972930765226444
B:AATCG, 0.04219409282700422, 0.0, 0.04219409282700422, 0.08227848101265822, 0.10548523206751055, 0.03164556962025317, 0.0379746835443038, 0.04219409282700422, 0.0379746835443038, 0.035864978902953586, 0.027426160337552744, 0.023206751054852322, 0.03375527426160337, 0.0759493670886076, 0.014767932489451477, 0.06751054852320675, 0.0379746835443038, 0.05063291139240506, 0.0949367088607595, 0.023206751054852322, 0.04430379746835443, 0.023206751054852322, 0.012658227848101266, 0.012658227848101266
B:AATCT, 0.03680145388459791, 0.0013630168105406633, 0.04861426624261699, 0.06996819627442072, 0.1113130395274875, 0.02453430258973194, 0.02407996365288505, 0.05224897773739209, 0.05134029986369832, 0.027260336210813266, 0.03907314856883235, 0.04270786006360745, 0.08041799182189914, 0.045888232621535664, 0.008632439800090867, 0.05770104497955475, 0.03180372557928214, 0.05724670604270786, 0.07542026351658337, 0.0222626079054975, 0.043162199000454336, 0.01590186278964107, 0.019990913221263062, 0.01226715129486597
B:AATGA, 0.05808257522743177, 0.0006997900629811056, 0.06892932120363891, 0.059132260321903427, 0.10216934919524143, 0.03743876836948915, 0.026941917424772567, 0.056333100069979006, 0.03988803358992302, 0.024142757172848146, 0.03498950314905529, 0.030090972708187544, 0.0867739678096571, 0.04058782365290412, 0.007697690692792162, 0.05668299510146956, 0.02974107767669699, 0.0608817354793562, 0.06508047585724283, 0.015045486354093772, 0.0489853044086774, 0.01364590622813156, 0.022043386983904827, 0.013995801259622116
B:AATGC, 0.037567968363816116, 0.0009886307464162135, 0.06030647553138903, 0.06327236777063766, 0.10874938210578348, 0.02570439940682155, 0.03213049925852694, 0.0514087988136431, 0.037567968363816116, 0.030153237765694518, 0.03905091448344043, 0.03905091448344043, 0.07909045971329709, 0.05190311418685121, 0.0074147305981216004, 0.0514087988136431, 0.034107760751359364, 0.06426099851705389, 0.07167572911517549, 0.01730103806228374, 0.04844290657439446, 0.018783984181908058, 0.018783984181908058, 0.01087493821057835
B:AATGG, 0.03676738259919913, 0.00036403349108117945, 0.0815435020021842, 0.0673461958500182, 0.08882417182380778, 0.026210411357844923, 0.037131416090280304, 0.0655260283946123, 0.035311248634874406, 0.026210411357844923, 0.026574444848926102, 0.04732435384055333, 0.08736803785948306, 0.049144521295959226, 0.009828904259191846, 0.0655260283946123, 0.025482344375682562, 0.056061157626501636, 0.07389879868947943, 0.011649071714597743, 0.04368401892974154, 0.01892974153622133, 0.010556971241354206, 0.008736803785948308
B:AATGT, 0.0531705395825128, 0.00039385584875935406, 0.06734935013784955, 0.0626230799527373, 0.0909807010634108, 0.030326900354470263, 0.02048050413548641, 0.04883812524615991, 0.046868846002363136, 0.027176053564395432, 0.031114612051988972, 0.03387160299330445, 0.07365104371799922, 0.05001969279243797, 0.007483261126427727, 0.055927530523828275, 0.02678219771563608, 0.05671524222134699, 0.06577392674281213, 0.018905080740448995, 0.08901142181961401, 0.010240252067743205, 0.019298936589208348, 0.012997243009058685
B:AATTA, 0.0550122249388753, 0.0, 0.0647921760391198, 0.08740831295843521, 0.09963325183374083, 0.04767726161369193, 0.02628361858190709, 0.0519559902200489, 0.03484107579462103, 0.04095354523227384, 0.039119804400977995, 0.02750611246943765, 0.0647921760391198, 0.04706601466992665, 0.009168704156479216, 0.06295843520782396, 0.039119804400977995, 0.04095354523227384, 0.06356968215158923, 0.02567237163814181, 0.019559902200488997, 0.006723716381418093, 0.03545232273838631, 0.009779951100244499
B:AATTC, 0.05496040987424313, 0.0, 0.056357708430367956, 0.05309734513274336, 0.11085235211923615, 0.040055891942244994, 0.021891010712622262, 0.04191895668374476, 0.05263157894736842, 0.02701443875174662, 0.025151374010246856, 0.04471355379599441, 0.07312529110386586, 0.04285048905449464, 0.006986492780624126, 0.05868653935724266, 0.03306939916162087, 0.05402887750349324, 0.0703306939916162, 0.025151374010246856, 0.06939916162086633, 0.01304145319049837, 0.016301816488122962, 0.008383791336748951
B:AATTG, 0.051139864448552064, 0.0012322858903265558, 0.0640788662969809, 0.06839186691312385, 0.10412815773259396, 0.04251386321626617, 0.033271719038817, 0.054220579174368455, 0.04805914972273567, 0.02895871842267406, 0.030191004313000615, 0.03758471965495995, 0.0696241528034504, 0.053604436229205174, 0.014787430683918669, 0.05545286506469501, 0.03450400492914356, 0.05483672211953174, 0.05237215033887862, 0.025261860751694395, 0.027726432532347505, 0.011090573012939002, 0.02341343191620456, 0.013555144793592116
B:AATTT, 0.056776556776556776, 0.0, 0.05457875457875458, 0.07838827838827839, 0.11904761904761904, 0.039926739926739924, 0.031135531135531136, 0.04652014652014653, 0.042490842490842486, 0.02673992673992674, 0.045054945054945054, 0.03333333333333333, 0.0641025641025641, 0.05457875457875458, 0.00695970695970696, 0.06886446886446887, 0.035164835164835165, 0.05238095238095238, 0.04285714285714286, 0.02454212454212454, 0.030036630036630037, 0.01098901098901099, 0.025274725274725275, 0.010256410256410256
B:ACCAA, 0.045771916214119475, 0.0007757951900698216, 0.05081458494957331, 0.06012412723041117, 0.09425911559348332, 0.02986811481768813, 0.026764934057408846, 0.054693560899922423, 0.04460822342901474, 0.023273855702094646, 0.032971295577967415, 0.037238169123351435, 0.08068269976726145, 0.048099301784328946, 0.008921644685802949, 0.057408844065166796, 0.03064391000775795, 0.06710628394103957, 0.08572536850271528, 0.012412723041117143, 0.04383242823894491, 0.02055857253685027, 0.02249806051202483, 0.02094647013188518
B:ACCAC, 0.033116883116883114, 0.0012987012987012987, 0.0724025974025974, 0.056818181818181816, 0.08571428571428572, 0.022727272727272728, 0.033116883116883114, 0.07694805194805195, 0.04448051948051948, 0.028246753246753246, 0.03538961038961039, 0.03441558441558441, 0.06720779220779222, 0.03668831168831169, 0.008116883116883116, 0.04318181818181818, 0.021103896103896104, 0.07435064935064936, 0.0737012987012987, 0.01103896103896104, 0.07012987012987013, 0.01883116883116883, 0.025324675324675326, 0.02564935064935065
B:ACCAG, 0.026748520061390047, 0.0004385003288752467, 0.07783380837535628, 0.04955053716290287, 0.0874808156106117, 0.029379522034641527, 0.026748520061390047, 0.06884455163341373, 0.039903529927647445, 0.029818022363516772, 0.034641525981144485, 0.030695023021267268, 0.07476430607322955, 0.039903529927647445, 0.0048235036176277135, 0.05744354308265731, 0.019294014470510854, 0.08068406051304539, 0.07301030475772857, 0.014251260688445516, 0.07191405393554046, 0.022144266608199955, 0.023898267923700943, 0.015786011839508878
B:ACCAT, 0.03466872110939907, 0.0003852080123266564, 0.06201848998459168, 0.05084745762711865, 0.0970724191063174, 0.022727272727272728, 0.03543913713405239, 0.06856702619414484, 0.039291217257318954, 0.026579352850539292, 0.0362095531587057, 0.04121725731895223, 0.08474576271186439, 0.04352850539291217, 0.00847457627118644, 0.046224961479198766, 0.021956856702619414, 0.08012326656394453, 0.07627118644067797, 0.010400616332819723, 0.05238828967642527, 0.02580893682588598, 0.01887519260400616, 0.01617873651771957
B:ACCCA, 0.031049935979513443, 0.0003201024327784891, 0.08258642765685019, 0.04385403329065301, 0.0941101152368758, 0.020486555697823303, 0.027848911651728554, 0.0649807938540333, 0.03617157490396927, 0.024007682458386685, 0.031049935979513443, 0.04481434058898848, 0.06690140845070422, 0.045774647887323945, 0.00736235595390525, 0.0499359795134443, 0.02144686299615877, 0.08066581306017925, 0.08962868117797695, 0.012804097311139564, 0.06338028169014084, 0.02208706786171575, 0.019846350832266324, 0.01888604353393086
B:ACCCC, 0.021142316188071948, 0.001577784790154623, 0.07636478384348375, 0.044177974124329444, 0.07352477122120543, 0.016724518775639, 0.028715683180814137, 0.07920479646576208, 0.03439570842537078, 0.028715683180814137, 0.03187125276112338, 0.044493531082360364, 0.07005364468286526, 0.04985799936888608, 0.0034711265383401703, 0.04196907541811297, 0.016408961817608078, 0.0769958977595456, 0.0924581887030609, 0.009151151782896813, 0.08993373303881351, 0.020195645313979174, 0.02335121489428842, 0.02524455664247397
B:ACCCG, 0.017067494181536073, 0.0007757951900698216, 0.08844065166795965, 0.04654771140418929, 0.05973622963537626, 0.01474010861132661, 0.026377036462373934, 0.04499612102404965, 0.03413498836307215, 0.032583397982932506, 0.04034134988363072, 0.03801396431342126, 0.0612878200155159, 0.041117145073700546, 0.008533747090768037, 0.0504266873545384, 0.011636927851047323, 0.09076803723816912, 0.11016291698991466, 0.022498060512024826, 0.08999224204809929, 0.02482544608223429, 0.021722265321955005, 0.023273855702094646
B:ACCCT, 0.029927760577915376, 0.0003439972480220158, 0.07739938080495357, 0.038183694530443756, 0.08634330925352598, 0.01479188166494668, 0.023391812865497075, 0.0935672514619883, 0.03508771929824561, 0.020983832129342968, 0.026487788097695218, 0.04059167526659787, 0.07223942208462332, 0.04987960096319229, 0.006535947712418301, 0.05503955968352253, 0.016855865153078776, 0.06191950464396285, 0.09666322669418645, 0.013415892672858616, 0.0822153422772618, 0.01891984864121087, 0.020983832129342964, 0.01823185414516684
B:ACCGA, 0.02663934426229508, 0.0, 0.08299180327868852, 0.05225409836065574, 0.06762295081967214, 0.022540983606557378, 0.022540983606557378, 0.042008196721311473, 0.036885245901639344, 0.02868852459016394, 0.04610655737704918, 0.03278688524590164, 0.06557377049180328, 0.06352459016393443, 0.00819672131147541, 0.045081967213114756, 0.028688524590163935, 0.07581967213114754, 0.1014344262295082, 0.0194672131147541, 0.06454918032786885, 0.025614754098360656, 0.018442622950819672, 0.02254098360655738
B:ACCGC, 0.021382751247327157, 0.0021382751247327157, 0.07198859586600143, 0.041339985744832504, 0.048467569493941556, 0.026372059871703494, 0.023521026372059873, 0.06343549536707058, 0.045616535994297935, 0.03349964362081254, 0.03848895224518888, 0.045616535994297935, 0.07840342124019956, 0.042052744119743406, 0.007127583749109052, 0.04347826086956522, 0.014255167498218105, 0.08766928011404133, 0.09978617248752673, 0.017106200997861726, 0.07840342124019957, 0.026372059871703494, 0.01639344262295082, 0.027084818246614392
B:ACCGG, 0.02733485193621868, 0.002277904328018223, 0.07593014426727411, 0.04783599088838269, 0.0774487471526196, 0.02733485193621868, 0.02885345482156416, 0.053910402429764616, 0.04176157934700076, 0.025816249050873197, 0.02809415337889142, 0.03189066059225513, 0.07365223993925589, 0.05618830675778284, 0.009870918754745633, 0.051632498101746395, 0.02201974183750949, 0.08048595292331055, 0.08959757023538344, 0.012148823082763856, 0.08048595292331055, 0.02126044039483675, 0.018223234624145785, 0.015945330296127564
B:ACCGT, 0.026260504201680673, 0.0, 0.0661764705882353, 0.04831932773109244, 0.07352941176470588, 0.01995798319327731, 0.023109243697478993, 0.059873949579831935, 0.05357142857142857, 0.03466386554621849, 0.026260504201680676, 0.038865546218487396, 0.07773109243697479, 0.0430672268907563, 0.005252100840336135, 0.05042016806722689, 0.026260504201680673, 0.08718487394957981, 0.08508403361344538, 0.01680672268907563, 0.07773109243697479, 0.031512605042016806, 0.009453781512605041, 0.018907563025210083
B:ACCTA, 0.03603603603603604, 0.003003003003003003, 0.06906906906906907, 0.0533033033033033, 0.10810810810810811, 0.033783783783783786, 0.024024024024024024, 0.060810810810810814, 0.044294294294294295, 0.02702702702702703, 0.0457957957957958, 0.04129129129129129, 0.08708708708708708, 0.04279279279279279, 0.003003003003003003, 0.0518018018018018, 0.024774774774774775, 0.0638138138138138, 0.06456456456456457, 0.013513513513513514, 0.04954954954954955, 0.023273273273273273, 0.016516516516516516, 0.012762762762762763
B:ACCTC, 0.03225806451612903, 0.001366867140513942, 0.07162383816293057, 0.045653362493165664, 0.08775287042099508, 0.022689994532531437, 0.023783488244942592, 0.07135046473482777, 0.04127938764352105, 0.023783488244942592, 0.03089119737561509, 0.03963914707490432, 0.06560962274466921, 0.05385456533624931, 0.0030071077091306723, 0.05385456533624931, 0.019409513395297978, 0.07271733187534171, 0.07818480043739748, 0.015035538545653362, 0.06998359759431383, 0.02733734281027884, 0.02569710224166211, 0.023236741388737013
B:ACCTG, 0.025264289553843397, 0.0010750761512273786, 0.07382189571761333, 0.05214119333452786, 0.09156065221286508, 0.02150152302454757, 0.025981006987994982, 0.06934241175416592, 0.03619423042465508, 0.024010034044078123, 0.02920623544167712, 0.035477512990503494, 0.07865973839813653, 0.049095144239383624, 0.004658663321985307, 0.056083139222361585, 0.020784805590395986, 0.08116824941766708, 0.0845726572298871, 0.012363375739114854, 0.06271277548826375, 0.02257659917577495, 0.021322343666009675, 0.020426446873320195
B:ACCTT, 0.03418803418803419, 0.0, 0.07154162709718265, 0.05856283634061412, 0.09591642924976258, 0.02437480215257993, 0.026274137385248496, 0.05887939221272555, 0.04051915163026274, 0.032288698955365625, 0.03102247546691991, 0.04051915163026274, 0.07565685343463122, 0.055080721747388414, 0.006647673314339981, 0.05571383349161127, 0.021525799303577082, 0.06426084203861981, 0.06552706552706554, 0.014561570117125673, 0.06584362139917696, 0.019626464070908515, 0.01899335232668566, 0.022475466919911365
B:ACTAA, 0.061371841155234655, 0.0009025270758122744, 0.06407942238267147, 0.07490974729241877, 0.10198555956678701, 0.04963898916967509, 0.02075812274368231, 0.05415162454873646, 0.04151624548736462, 0.03429602888086643, 0.036101083032490974, 0.026173285198555957, 0.06859205776173286, 0.06498194945848375, 0.008122743682310469, 0.053249097472924195, 0.033393501805054154, 0.05595667870036101, 0.06046931407942238, 0.015342960288808664, 0.0351985559566787, 0.009927797833935019, 0.02256317689530686, 0.00631768953068592
B:ACTAC, 0.03524229074889868, 0.0007342143906020558, 0.05800293685756241, 0.05506607929515418, 0.09324522760646109, 0.028634361233480177, 0.02936857562408223, 0.05873715124816446, 0.04625550660792952, 0.024963289280469897, 0.041116005873715125, 0.04038179148311307, 0.07268722466960352, 0.049926578560939794, 0.008076358296622614, 0.05947136563876652, 0.020558002936857563, 0.06607929515418502, 0.08737151248164464, 0.021292217327459617, 0.053597650513950074, 0.012481644640234948, 0.013215859030837005, 0.023494860499265784
B:ACTAG, 0.046228710462287104, 0.0012165450121654502, 0.08759124087591241, 0.06690997566909976, 0.09124087591240876, 0.029197080291970802, 0.023114355231143552, 0.06447688564476885, 0.030413625304136254, 0.0364963503649635, 0.031630170316301706, 0.02798053527980535, 0.08637469586374696, 0.043795620437956206, 0.009732360097323601, 0.07177615571776157, 0.03527980535279805, 0.043795620437956206, 0.07420924574209246, 0.00851581508515815, 0.038929440389294405, 0.015815085158150853, 0.023114355231143552, 0.012165450121654504
B:ACTAT, 0.045021645021645025, 0.0, 0.07445887445887446, 0.0683982683982684, 0.11341991341991342, 0.027705627705627706, 0.03636363636363636, 0.050216450216450215, 0.048484848484848485, 0.03463203463203463, 0.03982683982683983, 0.02857142857142857, 0.08225108225108226, 0.05714285714285714, 0.006060606060606061, 0.05627705627705628, 0.025108225108225107, 0.048484848484848485, 0.05454545454545455, 0.012121212121212121, 0.030303030303030304, 0.01904761904761905, 0.024242424242424242, 0.01731601731601732
B:ACTCA, 0.044960116026105876, 0.0018129079042784628, 0.06925308194343727, 0.05982596084118927, 0.08629441624365482, 0.023205221174764323, 0.026831036983321246, 0.06345177664974619, 0.03589557650471356, 0.029369108049311095, 0.02284263959390863, 0.033357505438723706, 0.07759245830311821, 0.05873821609862219, 0.0032632342277012327, 0.05620014503263234, 0.02864394488759971, 0.06635242929659173, 0.08049311094996374, 0.01305293691080493, 0.06562726613488035, 0.02102973168963017, 0.016316171138506162, 0.01559100797679478
B:ACTCC, 0.026560883063125217, 0.0017247326664367024, 0.07381855812349086, 0.049672300793377026, 0.07519834425664022, 0.026905829596412557, 0.026215936529837874, 0.06519489479130734, 0.04656778199379096, 0.017937219730941704, 0.02966540186271128, 0.042773370127630224, 0.08520179372197309, 0.05070714039323905, 0.010348395998620212, 0.05001724732666437, 0.019661952397378408, 0.07209382545705416, 0.0886512590548465, 0.0075888237323214905, 0.06243532252500862, 0.028630562262849258, 0.024836150396688513, 0.017592273197654364
B:ACTCG, 0.019487179487179488, 0.0010256410256410256, 0.05641025641025641, 0.04717948717948718, 0.07692307692307693, 0.028717948717948718, 0.022564102564102566, 0.06256410256410257, 0.0441025641025641, 0.02666666666666667, 0.04512820512820513, 0.04, 0.07384615384615385, 0.041025641025641026, 0.005128205128205128, 0.057435897435897436, 0.013333333333333334, 0.06564102564102564, 0.07794871794871795, 0.02564102564102564, 0.0882051282051282, 0.0441025641025641, 0.008205128205128205, 0.028717948717948718
B:ACTCT, 0.03911696359411309, 0.000774593338497289, 0.06777691711851278, 0.05770720371804802, 0.0914020139426801, 0.026336173508907823, 0.029047250193648334, 0.07436096049573973, 0.05034856700232378, 0.02865995352439969, 0.02943454686289698, 0.030596436870642913, 0.06700232378001549, 0.043377226955848176, 0.0038729666924864447, 0.05848179705654531, 0.027498063516653758, 0.06622773044151821, 0.07862122385747483, 0.015104570100697134, 0.060418280402788536, 0.019364833462432222, 0.019364833462432222, 0.015104570100697134
B:ACTGA, 0.04044526901669759, 0.0007421150278293135, 0.06567717996289425, 0.05974025974025974, 0.09684601113172542, 0.029313543599257884, 0.027087198515769944, 0.060482374768089056, 0.03858998144712431, 0.030055658627087197, 0.028200371057513916, 0.039332096474953615, 0.07235621521335807, 0.048608534322820036, 0.005565862708719851, 0.0575139146567718, 0.029684601113172542, 0.07087198515769945, 0.07903525046382189, 0.008905380333951763, 0.06233766233766234, 0.014842300556586271, 0.01855287569573284, 0.015213358070500928
B:ACTGC, 0.03061831153388823, 0.00029726516052318666, 0.07015457788347206, 0.05202140309155767, 0.09304399524375744, 0.02794292508917955, 0.03180737217598097, 0.06777645659928656, 0.04072532699167657, 0.01991676575505351, 0.030618311533888228, 0.037158145065398336, 0.066884661117717, 0.047859690844233055, 0.00624256837098692, 0.054696789536266346, 0.02318668252080856, 0.08590963139120095, 0.07550535077288942, 0.01248513674197384, 0.05558858501783591, 0.02586206896551724, 0.02586206896551724, 0.0178359096313912
B:ACTGG, 0.03507853403141361, 0.0010471204188481676, 0.07801047120418848, 0.05706806282722513, 0.08926701570680629, 0.021727748691099478, 0.029319371727748688, 0.06649214659685865, 0.03795811518324607, 0.02801047120418848, 0.031151832460732984, 0.03481675392670157, 0.06989528795811518, 0.042408376963350786, 0.004450261780104712, 0.060471204188481675, 0.022513089005235604, 0.06910994764397906, 0.08324607329842931, 0.014921465968586388, 0.06596858638743455, 0.016753926701570682, 0.020942408376963352, 0.0193717277486911
B:ACTGT, 0.033566949465142014, 0.0, 0.07192917742530432, 0.06344522316488381, 0.08742161563998524, 0.030247141276281815, 0.03467355219476208, 0.05717447436370343, 0.05311693102176319, 0.02397639247510144, 0.03393581704168203, 0.03725562523054224, 0.08705274806344522, 0.052010328292143124, 0.005164146071560309, 0.04869052010328292, 0.019549981556621174, 0.06123201770564366, 0.07819992622648471, 0.014385835485060863, 0.04684618222058281, 0.020656584286241238, 0.02397639247510144, 0.015492438214680932
B:ACTTA, 0.04133251079580506, 0.0, 0.08451573103022826, 0.07341147439851943, 0.09808760024676126, 0.020974706971005553, 0.02652683528685996, 0.04565083281924738, 0.055521283158544106, 0.034546576187538564, 0.027760641579272053, 0.02652683528685996, 0.0660086366440469, 0.05120296113510179, 0.00863664404688464, 0.0635410240592227, 0.030228254164096236, 0.061690314620604564, 0.0703269586674892, 0.016656384947563233, 0.04626773596545342, 0.009253547193090685, 0.032078963602714373, 0.009253547193090685
B:ACTTC, 0.04020259575815131, 0.0015827793605571383, 0.07344096232985121, 0.060778727445394115, 0.08641975308641975, 0.027540360873694207, 0.02880658436213992, 0.06267806267806268, 0.03450459006014561, 0.0240582462804685, 0.03260525482747705, 0.03956948401392846, 0.08167141500474834, 0.042735042735042736, 0.011396011396011397, 0.059195948084836976, 0.027540360873694207, 0.06616017727128838, 0.0652105096549541, 0.013928458372902817, 0.05729661285216841, 0.022475466919911365, 0.019309908198797087, 0.020892687559354226
B:ACTTG, 0.03628389154704944, 0.0, 0.06977671451355662, 0.060207336523125994, 0.08572567783094098, 0.02711323763955343, 0.034688995215311005, 0.0645933014354067, 0.045454545454545456, 0.03070175438596491, 0.028708133971291867, 0.0342902711323764, 0.061004784688995214, 0.06658692185007975, 0.006778309409888357, 0.05861244019138756, 0.024720893141945775, 0.07216905901116427, 0.0773524720893142, 0.015151515151515152, 0.049441786283891544, 0.0171451355661882, 0.013955342902711323, 0.019537480063795853
B:ACTTT, 0.04129263913824058, 0.0003590664272890485, 0.06211849192100539, 0.06858168761220826, 0.09802513464991024, 0.03877917414721724, 0.03052064631956912, 0.0585278276481149, 0.04883303411131059, 0.029443447037701975, 0.0362657091561939, 0.0348294434470377, 0.0689407540394973, 0.04631956912028725, 0.0118491921005386, 0.05888689407540395, 0.0348294434470377, 0.05780969479353681, 0.06750448833034112, 0.017594254937163375, 0.04021543985637343, 0.014721723518850987, 0.02154398563734291, 0.012208258527827648
B:AGCAA, 0.041510611735330834, 0.00031210986267166043, 0.08052434456928839, 0.060861423220973786, 0.09269662921348315, 0.03464419475655431, 0.03433208489388264, 0.053995006242197253, 0.047752808988764044, 0.03058676654182272, 0.03089887640449438, 0.03901373283395755, 0.06460674157303371, 0.04712858926342072, 0.003745318352059925, 0.06117353308364544, 0.0299625468164794, 0.06398252184769039, 0.06710362047440699, 0.016229712858926344, 0.039950062421972535, 0.016229712858926344, 0.030586766541822717, 0.012172284644194757
B:AGCAC, 0.02787162162162162, 0.0008445945945945946, 0.0777027027027027, 0.054335585585585586, 0.08980855855855856, 0.028153153153153154, 0.026182432432432432, 0.05574324324324324, 0.041385135135135136, 0.031531531531531536, 0.03547297297297297, 0.032939189189189186, 0.08699324324324324, 0.05602477477477477, 0.007882882882882882, 0.04983108108108108, 0.014358108108108109, 0.07432432432432433, 0.07150900900900901, 0.019144144144144143, 0.061936936936936936, 0.017736486486486486, 0.022804054054054054, 0.015484234234234234
B:AGCAG, 0.027030872101294637, 0.0008536064874093043, 0.06857305448854745, 0.04438753734528383, 0.08664105847204438, 0.023474178403755867, 0.029449423815621, 0.06700810926163038, 0.036562811210698536, 0.026034997865983782, 0.03585147247119078, 0.03912363067292645, 0.07625551287523119, 0.04709062455541329, 0.004979371176554275, 0.05704936690852184, 0.018637074975103144, 0.07397922890880637, 0.08450704225352113, 0.013088632806942667, 0.05491535068999858, 0.024043249395362072, 0.04168445013515436, 0.018779342723004695
B:AGCAT, 0.03076391289319046, 0.0010369858278603526, 0.06291047355686138, 0.05945385413066021, 0.10646387832699619, 0.02799861735222952, 0.02799861735222952, 0.055305910819218804, 0.04044244728655375, 0.032492222606291046, 0.03318354649153128, 0.03525751814725199, 0.09920497753197373, 0.04113377117179399, 0.00553059108192188, 0.06014517801590045, 0.032492222606291046, 0.05426892499135845, 0.06360179744210162, 0.014172139647424819, 0.04977531973729692, 0.019011406844106463, 0.029035603180089874, 0.018320082958866227
B:AGCCA, 0.029928840519045624, 0.0008371703641691084, 0.07827542904981163, 0.05023022185014651, 0.08874005860192548, 0.022812892423608205, 0.033486814566764334, 0.07262452909167015, 0.03955629970699037, 0.030556718292172456, 0.031393888656341566, 0.046462955211385513, 0.07974047718710757, 0.044370029300962746, 0.0033486814566764337, 0.05106739221431562, 0.01946421096693177, 0.06257848472164086, 0.07513604018417748, 0.011511092507325241, 0.06969443281707828, 0.020929259104227712, 0.019045625784847215, 0.01820845542067811
B:AGCCC, 0.028474032484459594, 0.00120312813314618, 0.07459394425506316, 0.04611991177060357, 0.07238820934429517, 0.02326047724082615, 0.03047924603970323, 0.06416683376779626, 0.033888109083617404, 0.02326047724082615, 0.02466412672949669, 0.04571886905955484, 0.07760176458792861, 0.04752356125927411, 0.0028072989773410867, 0.0487266893924203, 0.016041708441949066, 0.08040906356526971, 0.09464607980749949, 0.014036494886705435, 0.07399238018849007, 0.023661519951874873, 0.03208341688389813, 0.020252656907960697
B:AGCCG, 0.015024304021210782, 0.0013256738842244808, 0.06716747680070703, 0.031816173221387536, 0.07335395492708793, 0.030048608042421564, 0.034025629695095004, 0.057445868316394165, 0.035793194874060984, 0.034025629695095004, 0.022094564737074683, 0.03800265134776845, 0.06760936809544851, 0.05391073795846222, 0.0061864781263809105, 0.05170128148475475, 0.019001325673884226, 0.09323906319045515, 0.0901458241272647, 0.01855943437914273, 0.07909854175872735, 0.03137428192664605, 0.02828104286345559, 0.0207688908528502
B:AGCCT, 0.02755009107468124, 0.001138433515482696, 0.06762295081967214, 0.04371584699453552, 0.08765938069216758, 0.02481785063752277, 0.027094717668488165, 0.06375227686703097, 0.04052823315118397, 0.028916211293260476, 0.03233151183970856, 0.0389344262295082, 0.08196721311475409, 0.04485428051001821, 0.00546448087431694, 0.0482695810564663, 0.018214936247723135, 0.07695810564663023, 0.08561020036429873, 0.01366120218579235, 0.075591985428051, 0.02459016393442623, 0.025956284153005466, 0.014799635701275045
B:AGCGA, 0.03027681660899654, 0.0008650519031141869, 0.06833910034602077, 0.050173010380622836, 0.07006920415224914, 0.037197231833910036, 0.02508650519031142, 0.052768166089965395, 0.03633217993079585, 0.029411764705882353, 0.02768166089965398, 0.028546712802768166, 0.08391003460207612, 0.04671280276816609, 0.00865051903114187, 0.045847750865051905, 0.025086505190311418, 0.06920415224913495, 0.10121107266435986, 0.02249134948096886, 0.06920415224913495, 0.0389273356401384, 0.012975778546712802, 0.019031141868512114
B:AGCGC, 0.03389830508474576, 0.0, 0.0692090395480226, 0.054613935969868174, 0.0739171374764595, 0.02871939736346516, 0.02448210922787194, 0.038606403013182675, 0.035781544256120526, 0.04190207156308851, 0.029661016949152543, 0.03389830508474576, 0.07156308851224105, 0.0423728813559322, 0.005649717514124294, 0.06026365348399246, 0.027306967984934087, 0.0795668549905838, 0.06638418079096045, 0.01694915254237288, 0.08333333333333333, 0.030602636534839925, 0.022128060263653482, 0.02919020715630885
B:AGCGG, 0.01765719207579673, 0.0017226528854435831, 0.07278208440999138, 0.03789836347975883, 0.07278208440999138, 0.0305770887166236, 0.02411714039621016, 0.05813953488372093, 0.03617571059431524, 0.041343669250646, 0.034022394487510765, 0.037037037037037035, 0.07622739018087855, 0.03789836347975883, 0.00516795865633075, 0.04177433247200689, 0.013781223083548665, 0.09474590869939707, 0.1020671834625323, 0.022825150732127476, 0.07321274763135228, 0.029285099052540915, 0.009905254091300603, 0.02885443583118002
B:AGCGT, 0.01885014137606032, 0.000942507068803016, 0.06220546654099906, 0.046182846371347785, 0.09330819981149858, 0.0235626767200754, 0.03581526861451461, 0.04335532516493874, 0.046182846371347785, 0.04052780395852969, 0.03110273327049953, 0.030160226201696512, 0.061262959472196045, 0.058435438265787, 0.007540056550424128, 0.04806786050895382, 0.01885014137606032, 0.09142318567389256, 0.08576814326107446, 0.024505183788878417, 0.06597549481621112, 0.024505183788878417, 0.016965127238454288, 0.024505183788878417
B:AGCTA, 0.040709126723571895, 0.0006565988181221273, 0.07616546290216678, 0.051871306631648066, 0.1057124097176625, 0.02495075508864084, 0.030203545633617858, 0.06237688772160211, 0.04005252790544977, 0.02954694681549573, 0.04136572554169402, 0.03808273145108339, 0.06894287590282337, 0.05778069599474721, 0.003282994090610637, 0.03939592908732764, 0.021011162179908074, 0.05909389363099146, 0.08141825344714379, 0.014445173998686802, 0.046618516086671044, 0.017071569271175313, 0.038082731451083394, 0.011162179908076166
