,X,Y,1,2,3,4,5,6,7,8,9,10,11,12,13,14,15,16,17,18,19,20,21,22
AACAA, 0.059761869636544125, 0.003904080092103128, 0.0734757713019569, 0.0889787224036156, 0.0749246210106369, 0.07536090813793829, 0.0684143685990888, 0.06424516269957355, 0.05657895713602561, 0.05323095141826684, 0.037794286647376996, 0.046131614444627204, 0.04596005278838951, 0.0473344614631205, 0.03212810634983361, 0.027155404820619462, 0.023125596005573464, 0.021922134182457805, 0.023106008380322774, 0.027672794876967357, 0.014258600636405617, 0.018544838360626256, 0.009548225239893104, 0.006442463368036548
AACAC, 0.056082525699866874, 0.0041988431744769865, 0.07364212309308257, 0.08868882663328487, 0.07256743871174594, 0.07081269488363268, 0.06644664314319075, 0.062457262434367194, 0.056830656170175055, 0.05354824098367251, 0.03802109711828072, 0.04773541349231515, 0.04689543181991738, 0.047071448459041175, 0.031073429668015785, 0.027192800064949164, 0.02396628456857069, 0.024507821813030097, 0.02519926780871871, 0.027772935720708387, 0.01677196421828826, 0.020370856650416377, 0.009882686104916326, 0.008263307565336055
AACAG, 0.05663887473570904, 0.0038326854677994938, 0.07527935734582968, 0.08823004963082123, 0.07306976449370352, 0.07030776599438313, 0.06691990989166596, 0.06253404568000903, 0.056526803090601395, 0.05276755206666456, 0.03810400685509367, 0.04758228431287827, 0.04772643659761662, 0.04747225892725542, 0.030176697330057334, 0.027166177152806267, 0.024301356740768533, 0.02438927871986577, 0.02543143576971028, 0.02716290585808998, 0.01641323886320089, 0.020532461619966292, 0.00947537364653544, 0.007959279208968478
AACAT, 0.058213702744584137, 0.003779658017543598, 0.07274370326334444, 0.08946613225176786, 0.07456653188340177, 0.07618602480395593, 0.06867761717826915, 0.06443814514488687, 0.05721317422695171, 0.053593995616852116, 0.037523141516352713, 0.04623790161127513, 0.045561133824762415, 0.04737420427572139, 0.03285163698554453, 0.02711207098067996, 0.02299212813450363, 0.021826479089948163, 0.022808660314976286, 0.027978374033366206, 0.014422675715567896, 0.018285626185113635, 0.00972679665846538, 0.006420485542165024
AACCA, 0.059468029318765915, 0.003783614183560948, 0.07475565921416323, 0.08863062371108157, 0.07386064955995966, 0.07073593042362933, 0.06707886722736682, 0.06285416193497755, 0.05596560147043944, 0.05284548679093854, 0.0380257499312981, 0.047470265290177824, 0.04724634875492134, 0.04727697172837506, 0.030047239497499132, 0.02717612955241447, 0.02408356752681475, 0.02388430953281983, 0.02478004407753603, 0.02710549484961791, 0.015447487088062943, 0.02039958412389314, 0.009519919957301757, 0.007558264254384507
AACCC, 0.053245005936920525, 0.0036673580373961768, 0.07926147501365924, 0.08439747910962868, 0.06888444198636004, 0.06109332149112368, 0.06158622623102653, 0.05832659966653295, 0.05619621840322774, 0.049872377731121034, 0.03885161951964033, 0.048734657357415175, 0.04800037864310012, 0.04805872172147322, 0.026259890007711683, 0.02731503244411087, 0.02591212129990047, 0.02989596450113731, 0.033997248053040316, 0.025116392389108167, 0.027054878432619358, 0.023714305714379862, 0.009324707161656433, 0.011233579147710022
AACCG, 0.051459521164081146, 0.0036006147505412834, 0.07627761865368543, 0.08421247969682531, 0.06573866350638011, 0.0605370997755238, 0.0605067020036321, 0.058652690025934144, 0.05770645824434477, 0.050660729705768556, 0.038493391227720566, 0.04959342563022333, 0.04777075189413961, 0.04710743175666931, 0.027724539635982075, 0.0265321859743678, 0.02585566394482339, 0.03225067760608293, 0.03467996295356672, 0.02637508635356181, 0.02787361993872963, 0.023991666388114292, 0.010555488240348238, 0.011843530928953669
AACCT, 0.05521366454167451, 0.0037608671743098224, 0.07704177875705301, 0.08664679960545715, 0.07153835224652492, 0.06712208272763036, 0.06463970063117218, 0.061197667697226975, 0.05661092050338503, 0.05181418728346155, 0.03813476166418049, 0.04758846151508638, 0.047482197426266706, 0.04843801014555486, 0.0287155529787067, 0.027311571919390782, 0.024787433093202645, 0.026257191786724383, 0.029249584569441375, 0.026294954708585894, 0.02089700610666904, 0.021078535229350045, 0.00926682442898096, 0.008911893259964348
AACGA, 0.05560147027972048, 0.003675148343343053, 0.07313467470267186, 0.08693679826071143, 0.06920432605103746, 0.06735166102314585, 0.06412960245205106, 0.061598915564375266, 0.057332771764651846, 0.053630259519513515, 0.038091708585944156, 0.049183034438539594, 0.04590087762486466, 0.04737803645673982, 0.02973722596830048, 0.026840658205765262, 0.02509382356750178, 0.027875687791491244, 0.028647224250472222, 0.027817862194139387, 0.019749547980576963, 0.02155300178008983, 0.010284258814509402, 0.009251424379843312
AACGC, 0.04815633310483644, 0.0035454954409884477, 0.07474122311712961, 0.0844694020484222, 0.06364200580562242, 0.06069990957749821, 0.06091944113357964, 0.05887691561114729, 0.05847440938028207, 0.05212581954566501, 0.038959370540374384, 0.05119666541503548, 0.04658756851377943, 0.0468950135601408, 0.028342088352057034, 0.026923180947707886, 0.025847785269877223, 0.032753860708535414, 0.03460909834095308, 0.027624536502633, 0.026999333695176635, 0.024389145208266926, 0.011297133214843904, 0.011924264965447483
AACGG, 0.0507929733954428, 0.004139526111708702, 0.07569350408043633, 0.0841223348567295, 0.06553174681468846, 0.06150687617264935, 0.060493990073868124, 0.05832252248519103, 0.057190277680030065, 0.0517007376956158, 0.03915113606867981, 0.050300777593460765, 0.04759883194039861, 0.047337085752963526, 0.02817444657434506, 0.02655652507531368, 0.02550420363410265, 0.03210741550211213, 0.03394891974339643, 0.02628356167608698, 0.02680745249968082, 0.024092328548882026, 0.010883717159700193, 0.011759108864517451
AACGT, 0.05435711098845604, 0.0037701730333567656, 0.07161307521273037, 0.08748557816471998, 0.06953717800992848, 0.06920451039035289, 0.06449117034373078, 0.06080880860417363, 0.05800162411662346, 0.05444535726876845, 0.03824105956537023, 0.049219697502043906, 0.04567958105020593, 0.046904204985677274, 0.03121153932580877, 0.02664546042621006, 0.0244719895219431, 0.027644421809135834, 0.02798132061784632, 0.028684599351419197, 0.018847093594603168, 0.02125914167678116, 0.010712615549679573, 0.008782688890434341
AACTA, 0.061491265603408174, 0.003861965336344439, 0.07258564491288384, 0.08977140997949624, 0.07669383424857573, 0.07938867506025532, 0.07056323361324662, 0.06573439316979074, 0.05685063981236159, 0.053979145135019696, 0.03734162693423409, 0.04483165363350143, 0.04682211570746918, 0.047807700488089605, 0.03293621502867471, 0.027220995662546297, 0.02243493264568087, 0.019282371885899124, 0.020461900203397786, 0.027632369784108917, 0.011117861163943156, 0.016574832952023867, 0.009336918466156266, 0.0052782985728920566
AACTC, 0.05511451712207252, 0.0038353103843646163, 0.07698054591063958, 0.0863797127566759, 0.07184966147393426, 0.06793848076901335, 0.0649729858431325, 0.061065256820350085, 0.05733137686817557, 0.05211857109527938, 0.0381025246944086, 0.04762284136592979, 0.04747616587842233, 0.048365758825677396, 0.028933773221845694, 0.027233542039483975, 0.02436406558794921, 0.026224945031906775, 0.028454292437036607, 0.026437441743177668, 0.020432079102722444, 0.021089166528013566, 0.009210384138352807, 0.00846660036143538
AACTG, 0.05583312127318796, 0.0036818783981097695, 0.07538948486591397, 0.08864639295188541, 0.07415162039632563, 0.07122874453855187, 0.06745095124312606, 0.06296313772637353, 0.056665307765735584, 0.05334143177317865, 0.03789065303308392, 0.047273233222275474, 0.04787222727128789, 0.0477286662018573, 0.03052991700547099, 0.02718889139131051, 0.024158072063152326, 0.023498899802320155, 0.024699935426139037, 0.027496974225927517, 0.015253727636802654, 0.020147803186887362, 0.009429757243154337, 0.007479171357942044
AACTT, 0.05683232236527108, 0.0037459946474676232, 0.07330395730536118, 0.08997597731928678, 0.07597385440921113, 0.07704064467483682, 0.06942214883776651, 0.06515584699893275, 0.05685586115285258, 0.053850089557331296, 0.03775914461978169, 0.04596667821151693, 0.046354890025061754, 0.047743441760183025, 0.03280092785198923, 0.027330698564474138, 0.022995141524154425, 0.020716780730971846, 0.022055869392580106, 0.02807424832573639, 0.012344470776927425, 0.01803879492089153, 0.00971557837784073, 0.005946637649573022
AATAA, 0.05838467659987684, 0.003737293230466034, 0.07229563059711437, 0.08975879973485298, 0.07612320877094574, 0.08116182275388863, 0.07005071877348885, 0.06555464834698005, 0.056995153888073864, 0.053949206370624496, 0.0370932848016046, 0.04495854733463369, 0.04554380819017349, 0.047620470860271005, 0.034406201960799083, 0.027041923555699857, 0.021803320046816375, 0.020111827715516024, 0.020745373245636616, 0.02834794952947072, 0.012258205038558605, 0.016831269011208655, 0.009745109605897579, 0.005481550037401879
AATAC, 0.057951082654986004, 0.0037419038065434197, 0.07306544324902312, 0.0893467787576756, 0.07487085531393403, 0.07707655294835564, 0.0686962661716692, 0.0646314319599185, 0.0573305744079118, 0.05315679990466849, 0.03752521493532954, 0.04577985188861305, 0.04549066069809405, 0.047612593666507316, 0.03302998853947111, 0.02724524831833947, 0.023163301633032287, 0.021445678876299907, 0.02305110383461699, 0.027751130389032992, 0.014385716146409738, 0.017633422952668152, 0.009638151506652192, 0.006380247440247332
AATAG, 0.06064832611858905, 0.003788143355558356, 0.07318200736168758, 0.08993368969652735, 0.07619096058514949, 0.07910539103121839, 0.07006163002857613, 0.06516729940335657, 0.05634364609425274, 0.05391978506264997, 0.0370931295577967, 0.045531219586463875, 0.04637270010956658, 0.047757737606285544, 0.03320770022445745, 0.02705564906907878, 0.022358899012399333, 0.019985534566556655, 0.020684821223452325, 0.027891312936622437, 0.011493210025776565, 0.01724625780940037, 0.009466076375696795, 0.005514873158880892
AATAT, 0.05836364319733219, 0.0038512188968362424, 0.0700499351919562, 0.09078780059528088, 0.07681779566945617, 0.08461092883429183, 0.07181074603429007, 0.0666233947811138, 0.057833828843689934, 0.054681684410669514, 0.036796580502413884, 0.04408679938182128, 0.04519967351920924, 0.047526057021592266, 0.036300665260201787, 0.02695486073470874, 0.021152681927108286, 0.018271226727695992, 0.01855570218361117, 0.029110012120476498, 0.010361498239722045, 0.015449313225091911, 0.01004994537322364, 0.004754007328206377
AATCA, 0.059008731487562874, 0.003826878675257151, 0.07282026869708426, 0.08956813380180008, 0.0750838153270774, 0.07647375978838646, 0.06904405351808529, 0.06427504122220717, 0.056981210470995865, 0.05391985683389056, 0.037481958321234785, 0.046550005505009096, 0.046083104084992776, 0.04726167797725945, 0.03254802686238155, 0.027024504975465567, 0.022831104615287347, 0.02198109101923668, 0.021840051876935006, 0.02801403062422349, 0.013222577028612523, 0.018305408715119657, 0.009671659843863091, 0.006183048728031736
AATCC, 0.055096142701280014, 0.003707468750643592, 0.07750517868551873, 0.08579858766436665, 0.07061582702460363, 0.06641772419532217, 0.06406895197516359, 0.060645821041480044, 0.05696449680359688, 0.05135798185473739, 0.038146042408529035, 0.04795069664463227, 0.047076050583622624, 0.048748277813284745, 0.02817232977954441, 0.02749536766128563, 0.024764290445801796, 0.027283261761884413, 0.03008325599694073, 0.025921661912246888, 0.022448458647361356, 0.021364932449352784, 0.009136883563274346, 0.0092303096355262
AATCG, 0.05347847444718891, 0.00455258177910698, 0.0751220488456947, 0.08429075313961727, 0.06651195296840558, 0.06331129439440387, 0.06118797471418809, 0.05980214219259068, 0.058755242155400574, 0.050878882316241936, 0.03803230257456057, 0.0501893869728227, 0.044764321841410736, 0.048173491170009165, 0.028600338246845238, 0.026801310472771886, 0.025035021836386555, 0.03126278792779553, 0.03367301411148978, 0.02642960817164224, 0.026815225035404573, 0.021822843217380598, 0.010074770855711856, 0.010434230612929975
AATCT, 0.056931529500073484, 0.003703557104504178, 0.07413527278458772, 0.08958829091618874, 0.07496558639130381, 0.07566742349090007, 0.06876063965586786, 0.06422160323882067, 0.05716720678766424, 0.05365689804809691, 0.03753338417883457, 0.04607317775410412, 0.04667998549656601, 0.04777895519634891, 0.032028576779950885, 0.02727963061697082, 0.02303737692992837, 0.02172152854295994, 0.023011300341213653, 0.027799644781775327, 0.01407476616745766, 0.018261159480226705, 0.009550739679146441, 0.006371766136508969
AATGA, 0.05801625771788995, 0.003764727525384408, 0.07347982350239073, 0.08983711422363945, 0.07516665887320247, 0.07646960270762893, 0.06916050187099791, 0.0643526107799, 0.05652557920662167, 0.05400032741915767, 0.03782905264978038, 0.04654103724811543, 0.04686589196182216, 0.0473344288301794, 0.03261133778699935, 0.02693519335535418, 0.02271551244048632, 0.021980268816638813, 0.021668933729385186, 0.028242242180132143, 0.012327738770049165, 0.018412381088514444, 0.009530649742480371, 0.006232127573249374
AATGC, 0.05806628818005696, 0.00395716267125207, 0.0730112177708258, 0.08924696477034012, 0.07378296371260375, 0.07290597417555189, 0.06830345662029991, 0.06302014233833587, 0.05689904179967804, 0.05394554133485366, 0.03798404717287949, 0.047411573521069096, 0.047407504897928644, 0.04718253966112578, 0.03143000245166325, 0.02675529928582485, 0.02333633748991343, 0.023292365707622203, 0.023235888430161146, 0.027880559241030174, 0.014519487759922933, 0.019734080853058087, 0.009693891890227855, 0.006997668263774928
AATGG, 0.06034668059741962, 0.004936861826163193, 0.07447472700889193, 0.08785985290902673, 0.07311351266652735, 0.0716249000130957, 0.06688406653472419, 0.061764347804401855, 0.055668668861873265, 0.05236805066955971, 0.03778845253590035, 0.04944440720476349, 0.04755463860234086, 0.04726808053745747, 0.02982995919083048, 0.026836999317348415, 0.023641854137906575, 0.024410588324258155, 0.0243968300850138, 0.026692377206320454, 0.015486080717412403, 0.020347981009778755, 0.009813145664825974, 0.007446936574159366
AATGT, 0.05817349515394465, 0.0038828702290375143, 0.07172676950449736, 0.09058045741817398, 0.07553213587982666, 0.07829696862040761, 0.06986588649057308, 0.06512898747854007, 0.05682373944191908, 0.054261805077324914, 0.03758024414323798, 0.04616228092005628, 0.04564089175982371, 0.0468325426216689, 0.033824397501007776, 0.026981093051507338, 0.02264564151838765, 0.020626353127255328, 0.02092240666682023, 0.028602336191344797, 0.012369286154117944, 0.017838071685180847, 0.009880165536872624, 0.005821173828473616
AATTA, 0.05549142238870145, 0.003613574973066448, 0.0722154874334461, 0.09028700538748793, 0.07580359952382729, 0.08114056127284462, 0.07008918038165904, 0.06559886506711397, 0.057844380020504176, 0.053845430861767594, 0.03699815277013303, 0.04525063971889245, 0.04479668980274857, 0.047675566975790576, 0.03468110805847908, 0.027283198224934444, 0.021956664982204048, 0.020252701736996417, 0.021483035569643556, 0.028515688764300957, 0.012843450836230962, 0.016748433024968108, 0.00995279858401576, 0.005632363640243392
AATTC, 0.056686323229657026, 0.0037565003606347823, 0.07347896167305902, 0.09007378610194171, 0.07498615234892315, 0.07651561500664292, 0.06914568836786829, 0.06478258315162878, 0.0570590173224978, 0.05385585611146041, 0.03764674517814733, 0.046565764352218854, 0.045841878319016614, 0.04771142677837958, 0.03268302213721367, 0.0271592339570723, 0.022876315237103224, 0.021287841446925367, 0.022237665706242967, 0.028185408028808572, 0.013315033355769234, 0.018250095670220897, 0.009785790975671447, 0.006113295182895994
AATTG, 0.06025927222858578, 0.004015819601710726, 0.07205053848578422, 0.09002248265536723, 0.07539121787539912, 0.07873254573341716, 0.0700275021182838, 0.06480090830209888, 0.05681368411755741, 0.05408666103637825, 0.03716882045864107, 0.045975446128848574, 0.045726298970154615, 0.04716410318114189, 0.033467241660244375, 0.026964857454635827, 0.022149807555736277, 0.020621643574911804, 0.020867474969533836, 0.02845894353248287, 0.012179869416309455, 0.017632946315461955, 0.009777625018426299, 0.005644289608888465
AATTT, 0.056960492874599415, 0.0037420065554386924, 0.07178067581987681, 0.09034059584828927, 0.0760998426059246, 0.08114287288423593, 0.07029380042587517, 0.06609362754770931, 0.057863811211811084, 0.053750762895915134, 0.03716953259702043, 0.04515440463566281, 0.04439322981420006, 0.04755350328389218, 0.03455812342013504, 0.027243294509292044, 0.022134803646451276, 0.019662985209438537, 0.020983111757653206, 0.028428498380277226, 0.012653547284880945, 0.016621911229478873, 0.009939728636396344, 0.005434836925545541
ACCAA, 0.061055602439195604, 0.0038892261962678388, 0.07486521362657517, 0.08825196303622185, 0.07411018251328143, 0.07197474857528109, 0.0674444264952696, 0.06317961479663278, 0.05586535601267253, 0.05272743236700961, 0.03782576541501757, 0.04688076822434353, 0.04734424493392437, 0.04701935627927676, 0.03015185897665137, 0.027236913054116636, 0.024031773750784875, 0.02295760506627612, 0.02449501148949832, 0.026792723041553553, 0.01559725969900663, 0.01965387968188889, 0.009265777332229028, 0.0073832969970246175
ACCAC, 0.053978829382205724, 0.0036294824221868517, 0.0780703204689202, 0.08506024986959179, 0.06927089992956594, 0.062132055121546875, 0.06168560847747476, 0.058573929739434004, 0.05729984065362135, 0.05041405502359907, 0.03862629820435465, 0.04851594676372758, 0.04759109352431472, 0.04793679710980119, 0.026826290605037936, 0.027258810260462497, 0.02579039640584142, 0.029748435244823204, 0.032802343853101226, 0.025470156882283865, 0.025524272275801587, 0.023215974523647456, 0.009555807596616412, 0.011022105662039663
ACCAG, 0.052850465763981676, 0.003597555685781848, 0.07910737941516595, 0.08581957563861994, 0.0693530022887767, 0.06177086082879899, 0.06214950290786436, 0.05874758405417713, 0.056297889158143724, 0.05067348665899466, 0.038849535540647816, 0.049097220046894534, 0.04876298888224264, 0.04723122746284797, 0.026565098349002215, 0.027438269846705898, 0.025802731071244592, 0.029321128584466172, 0.03245092032992142, 0.02552000867732662, 0.024283242898584814, 0.023733680278616897, 0.009409112964291606, 0.011167532666902073
ACCAT, 0.05743461378813247, 0.003875653078059333, 0.07585467596132069, 0.08673215849779076, 0.07191113934410255, 0.06872856359573641, 0.06536892527486377, 0.06104127244368158, 0.056963468079416935, 0.05198211003499733, 0.03812878543788303, 0.047595186525217256, 0.047022484536871786, 0.048198769299871685, 0.029419447108535005, 0.02712161519647543, 0.02435219518252913, 0.02587008413105825, 0.02759676512688751, 0.02646048297913789, 0.019549074360329485, 0.020770167034019942, 0.009409343923514158, 0.008613019059567628
ACCCA, 0.054392940889497615, 0.003937314938343001, 0.07841906053333055, 0.08474679496653607, 0.06885956260718326, 0.06162065239541653, 0.0621130707844193, 0.057766043593402296, 0.05604142945933807, 0.05071552525160236, 0.03880410531246916, 0.04907465106346043, 0.049003021304340796, 0.04737426120636117, 0.02657559997182981, 0.027261301155328693, 0.02546953372311403, 0.029968942227712698, 0.032020619625891894, 0.02532705879308535, 0.02563938675541605, 0.024064013597741626, 0.009453924936649887, 0.011351184907529501
ACCCC, 0.05105492535732894, 0.0032545707258640204, 0.08138231376641732, 0.08252149923376866, 0.06490820723592816, 0.05490082154622077, 0.05761064949944588, 0.05470931009398025, 0.055690022451176324, 0.04842542392804392, 0.03993787415451594, 0.04913623074467054, 0.05082465985787908, 0.04721050385920098, 0.024069722418455404, 0.027198343588284598, 0.026482905987897674, 0.03367553133761564, 0.0388654337334148, 0.023886004117403537, 0.0338274047505955, 0.026608868914588305, 0.009712082345662475, 0.014106690351641277
ACCCG, 0.04532180546552631, 0.003221352285596769, 0.08048079972684791, 0.07843477874638145, 0.05858098485333233, 0.05149786914925389, 0.05430298525984665, 0.05289274631973788, 0.05834092662027052, 0.046165433462375394, 0.040245138633366276, 0.04961233448556597, 0.047792713450888265, 0.04814571457652879, 0.023481362163782295, 0.026787115602276586, 0.026805103896781347, 0.038703824555741465, 0.04724420140682369, 0.023382842108518247, 0.04443443000763867, 0.02681695095255987, 0.010446121835211009, 0.016862464435148498
ACCCT, 0.052085579426177066, 0.003598959474182001, 0.07972984002422256, 0.08555664715688434, 0.06910860764650156, 0.06065386521082139, 0.06178200952884884, 0.05800894765604129, 0.05559728589580684, 0.05094696811716722, 0.03880092605447425, 0.049075071282922156, 0.04987505948108523, 0.04726881016820509, 0.02613547488642535, 0.02734200215006638, 0.025779316192449168, 0.029886914023604834, 0.032896939992362303, 0.025401056202710562, 0.025083264311685526, 0.024410449372395216, 0.009426653519393454, 0.011549352225567465
ACCGA, 0.050565465189977184, 0.003617450862976151, 0.07743042697360698, 0.08370349698869323, 0.06488455015944182, 0.05997545567146189, 0.05964858790562003, 0.057403107904941866, 0.057283137614533255, 0.05122227644884602, 0.039075095471893626, 0.04974486231332248, 0.04862773123427619, 0.04621053182617611, 0.02701544299313355, 0.026752964895651096, 0.025732404577174423, 0.03282914463394235, 0.03561155087886043, 0.026256623486210544, 0.028984568689687795, 0.024443962404034764, 0.010431693895106803, 0.01254946698043161
ACCGC, 0.0453953966983294, 0.003301766353652917, 0.07999694106253813, 0.07891763002866482, 0.059212058500166295, 0.0532190096544622, 0.055082032714168214, 0.05475241653976399, 0.058394777097149596, 0.04745941557625773, 0.04013595972372748, 0.04907901123348704, 0.04866775691943246, 0.04753333888535842, 0.02432008568170435, 0.026847801269928917, 0.02699773391708337, 0.037651494684663556, 0.044930873417530215, 0.02364723131001659, 0.04202312680553819, 0.02600372623682696, 0.010376991843059607, 0.016053423846489254
ACCGG, 0.04625412236873981, 0.003499698896918183, 0.07938455218041358, 0.07994466350313696, 0.059762652166078734, 0.0534625001999604, 0.054916112700830244, 0.05446022049306669, 0.056598050815382314, 0.04927644835817483, 0.039969640191977136, 0.05065720341667103, 0.05004643687063233, 0.04653620883930279, 0.02495100465900714, 0.027043012262977107, 0.026758306063064775, 0.03743737742928884, 0.04173148624169769, 0.024314721840525348, 0.039099301055062215, 0.026815945119119368, 0.010865226360374942, 0.016215107967597488
ACCGT, 0.04668925069438804, 0.0038237860468974456, 0.07680477831426778, 0.0828696938181716, 0.06363718810263347, 0.05864459095660665, 0.05895952794438537, 0.05722651801126016, 0.058149334136552704, 0.05023294162435616, 0.03959840178650814, 0.04987878256121012, 0.04679974835756367, 0.04793782858791775, 0.027463301946134635, 0.027007135988343933, 0.026257389052501492, 0.034375407840421854, 0.037539645119146085, 0.025832221075958534, 0.03110411569469499, 0.024838124883716294, 0.010836934414541487, 0.01349335304182182
ACCTA, 0.06027639902723616, 0.0040989767507096835, 0.07568932504457242, 0.08846824582281082, 0.07482689508964728, 0.07313044069203173, 0.06792971612001036, 0.06313755763420445, 0.05571488564507871, 0.05292011261666524, 0.03774256130654329, 0.046005070890865224, 0.04789717996335585, 0.047828998160212174, 0.03057746229430985, 0.02735648834245237, 0.023637710870594814, 0.022440701490508117, 0.02355370195207682, 0.02694512932894406, 0.014623814640235917, 0.019095603505142306, 0.009140630681487918, 0.00696239213030467
ACCTC, 0.050991854432643695, 0.0033632884231303054, 0.08094561967070484, 0.08354193926827305, 0.06748732308716851, 0.059294959506276446, 0.060165564309092215, 0.057553125280298746, 0.05682078701490727, 0.04929762790313698, 0.038710711168933695, 0.04879116125583331, 0.04840344724902239, 0.048648665089985006, 0.025955072077345046, 0.027377376453800135, 0.026284293361638213, 0.03132224614588932, 0.03594647491396259, 0.024667839285614664, 0.02904130650166697, 0.024219029175946438, 0.009263014751622499, 0.01190727367310787
ACCTG, 0.0496574937159831, 0.003787488815392134, 0.07978631892008574, 0.08450370994527655, 0.06756282232596254, 0.05975187900804959, 0.06040181240492475, 0.05723315506487344, 0.05681826607856605, 0.05048359776579732, 0.03904405972359507, 0.04970585295355653, 0.04869279484869761, 0.04757474104662077, 0.026433627025266776, 0.02728686375237264, 0.02620953995361459, 0.03112643104230822, 0.03481027733230934, 0.0253262816206388, 0.027526198124788667, 0.024492258524771666, 0.009527658905819178, 0.01225687110072895
ACCTT, 0.054804887389437236, 0.0037649192424061262, 0.07674906251079489, 0.08836752060425379, 0.07298512000617532, 0.06875113779551162, 0.06556677955174, 0.06158171594986433, 0.05624522173109188, 0.052583788697691175, 0.03813118064457861, 0.04744600607317474, 0.048327613996725645, 0.04775978458538732, 0.02954305443441917, 0.02731809127498723, 0.02461269048099552, 0.02487699940354602, 0.027125179148619883, 0.02702876851187589, 0.017658758842935062, 0.0209929494530921, 0.0093804085183626, 0.008398361152333642
ACTAA, 0.056761289834091594, 0.003642504842724783, 0.07428796044851728, 0.08911473721211963, 0.07488061040432911, 0.07649088424964143, 0.06851433422852737, 0.06481449717460964, 0.056993171052775154, 0.05306800536547609, 0.03748625395511545, 0.04565628610389307, 0.045850891258704916, 0.047994082059707725, 0.03262122445260907, 0.027418695311673884, 0.023149782629203683, 0.02150700905842618, 0.023871227129622894, 0.02754601306458226, 0.014646800813379815, 0.01768955447092411, 0.009482424976836863, 0.006511759902507749
ACTAC, 0.05912122742059211, 0.003746961894777383, 0.07581881182808171, 0.08758398804174321, 0.07388748294073184, 0.07261585124502089, 0.0666411094484388, 0.06269628086358392, 0.05693550435160731, 0.05186864556128325, 0.03791148393680973, 0.045948665767621764, 0.04690946803614558, 0.048295148481318655, 0.03038813330159568, 0.02747034650464542, 0.024136224085568876, 0.023401520716585026, 0.02582706017715684, 0.026443563420546018, 0.017073170028168713, 0.018803439273779966, 0.009083391235984506, 0.0073925214382131186
ACTAG, 0.059235003077610926, 0.0036390158334862516, 0.07608735225153898, 0.0890342647135876, 0.07577885881940372, 0.07308799830468615, 0.06831756227078267, 0.06374590114284177, 0.05599009960636036, 0.052820705252444616, 0.037982887289790795, 0.04595191085805046, 0.04891979306542057, 0.04795616727072014, 0.030524798830297198, 0.027304003862496897, 0.023651894961521782, 0.0215461236640741, 0.023653438077576045, 0.02686159070651404, 0.013638005802246209, 0.018566409532111527, 0.009010712167736436, 0.006695502638700704
ACTAT, 0.061291552780490595, 0.003684149999587608, 0.07363247639447328, 0.08964924532218103, 0.0768059881760822, 0.07952482227221196, 0.07021675003702939, 0.06508362058609768, 0.05633088395089932, 0.05372082446952732, 0.03734487241132448, 0.04457422632645373, 0.04642263546709696, 0.04799839462970413, 0.0333887030181051, 0.027238661745411983, 0.022385372884846908, 0.0195838597971857, 0.020654674559061923, 0.02749751672217009, 0.011395528739224016, 0.016787944360626864, 0.009357779741267457, 0.005429515608940224
ACTCA, 0.05466783414853284, 0.0038236190226563285, 0.07627102047976177, 0.08772256926291115, 0.07187331202118313, 0.06896449814926307, 0.06553191834667595, 0.061198504834953926, 0.056085508638907884, 0.052938583370029615, 0.038285837616330864, 0.04796666075816889, 0.04810272052914015, 0.0473143790598754, 0.029582476307014164, 0.02714888911229199, 0.024059758425364324, 0.025923782699632015, 0.026824810182234662, 0.026905438266804478, 0.018857420403218837, 0.021563209904186403, 0.009664863233472593, 0.008722385227389669
ACTCC, 0.05082876420139449, 0.0036067990610685113, 0.08105653544024907, 0.08329193530737039, 0.06737562672879413, 0.05940239414606968, 0.05991936969072544, 0.05756902716488608, 0.05752838104380575, 0.04917344324428366, 0.0386263275525218, 0.048874379207118616, 0.0478780863745739, 0.04896625721366446, 0.025966615578888595, 0.027276558691264455, 0.02607282898606856, 0.031112107404530114, 0.03616360819060559, 0.024674010993078706, 0.029876637936048635, 0.023814254553481254, 0.009277999122138178, 0.011668052167369988
ACTCG, 0.048774334732449666, 0.003685735611139915, 0.07861137838817259, 0.08166707935237627, 0.0627957280497786, 0.05692515163471719, 0.05681675642497973, 0.05613789370148718, 0.05767819108502964, 0.048281515345995424, 0.03913363680767554, 0.051296645359649784, 0.04659241739456605, 0.04797748163465439, 0.02550990236740151, 0.02686118772103652, 0.026373567266214586, 0.035343896304861046, 0.04003816310916606, 0.02493318020565381, 0.0352518449782799, 0.024893870541831637, 0.010689593709861575, 0.013730848273021545
ACTCT, 0.05389173453758925, 0.0038975092809945405, 0.07745117561557231, 0.0875442137850739, 0.07246776249923166, 0.06834825737760772, 0.06543387153253155, 0.061224276649126205, 0.05678301903246437, 0.0526633677640797, 0.038259760707638, 0.04730369446096449, 0.048151339119848334, 0.04796078900436102, 0.029186284751870493, 0.027159433735169578, 0.024521369475405137, 0.025479810191527848, 0.027641484984731533, 0.02670078118222394, 0.01909529299096284, 0.021048789393298854, 0.009277853930077346, 0.00850812799764956
ACTGA, 0.05493438297614261, 0.0035800950794130744, 0.07644508588005594, 0.08922708905055282, 0.07384286952113003, 0.07088383470960297, 0.06693458024819576, 0.06285614022775908, 0.05589735563989269, 0.053418479027476, 0.038212624570360405, 0.047191162222008975, 0.04764132157204557, 0.04712610795027116, 0.03059472247140641, 0.027132295165636984, 0.024388783451544337, 0.02385993274816566, 0.024988127480023138, 0.027531530672230298, 0.015585256138936363, 0.020376995445739086, 0.009404731118883028, 0.007946496632527703
ACTGC, 0.051109219475680645, 0.0036066473362443554, 0.07852411305846854, 0.08467707371527725, 0.0686142981576298, 0.06178426834927809, 0.06150715123112823, 0.058468963881185596, 0.05810015458284637, 0.0506323368997081, 0.03859237693613486, 0.04887268513828034, 0.047901448687266306, 0.04844312035110235, 0.027050570076959997, 0.02734701937921414, 0.026083947273755216, 0.02973327789757457, 0.033541986700645524, 0.02559361558249194, 0.02633900930866987, 0.02296418186836868, 0.009284878011077838, 0.01122765610101153
ACTGG, 0.05598785235996316, 0.0038653580432869154, 0.07791777873039595, 0.08684136939745343, 0.07138444289090586, 0.06521488886908042, 0.06445178812130692, 0.060099869979773984, 0.0554995807494299, 0.051492889247902504, 0.03855817786915726, 0.04842398351381096, 0.04925159741177509, 0.04692890573161857, 0.02770044950752653, 0.027241693981847087, 0.025242425175740227, 0.026788906084574418, 0.0288896121927374, 0.02605895093838829, 0.020383653474080794, 0.022596498425872465, 0.009333620376876654, 0.009845706926495505
ACTGT, 0.05424031526777125, 0.0037005616527405897, 0.07574097481577406, 0.08860784163941715, 0.07334762935550608, 0.07007677454288881, 0.06636148258004192, 0.0619316196097822, 0.05682646709714408, 0.052843059061149354, 0.038184542047740466, 0.04764380860184518, 0.047608893192765026, 0.047325532815227514, 0.03047571776658692, 0.027453978959507935, 0.02453854942064949, 0.024621889839221967, 0.02588675843688576, 0.027385598258225508, 0.01696452834743431, 0.020573525425773304, 0.009451395727717318, 0.008208555538203568
ACTTA, 0.05710951844904955, 0.0036842319094466764, 0.0740799538864108, 0.08977758004066529, 0.07612818895000283, 0.078379300426786, 0.06974742600818869, 0.06508209370581101, 0.056456709640156144, 0.05422364504083969, 0.0374471381886004, 0.0457110564373823, 0.04666363741034322, 0.04781740233419501, 0.033416019514024634, 0.02727223989586932, 0.022782349658013314, 0.020505607651328556, 0.021345816662809616, 0.028037074401599586, 0.01133712590305215, 0.017623844050328366, 0.00958400345925878, 0.005788036375838307
ACTTC, 0.05590796002189371, 0.003836719099312041, 0.07581891654399013, 0.08857832515966685, 0.07383166053424065, 0.07125039293949018, 0.06691107803732861, 0.06294587680392023, 0.05630604485742867, 0.05323123048557984, 0.038075171020186635, 0.04701170251531506, 0.04810112448442382, 0.04756310076853603, 0.030338992511990657, 0.02718798071618476, 0.023997814919861863, 0.023625884251759426, 0.025119307070160142, 0.027326455795252263, 0.015660141849408574, 0.020323970801472666, 0.009416476538029692, 0.007633672274567504
ACTTG, 0.05446091226150112, 0.003435308495668534, 0.07702700046704586, 0.08757220248649585, 0.07286213612925097, 0.06873412835449481, 0.06544038531683623, 0.06137353845763729, 0.05661594055755561, 0.05224621620964333, 0.03825050388968856, 0.04783810251623551, 0.04720328862043757, 0.047946670418019526, 0.029542327445990998, 0.027241714330297276, 0.024562325142738647, 0.02570027815463078, 0.027608103080630917, 0.02687490017102212, 0.018356402838429913, 0.021287334534723944, 0.009368804745423578, 0.008451475375601218
ACTTT, 0.05573475363125867, 0.0036338686312087495, 0.07424370436404061, 0.08926362544722853, 0.07474896520101797, 0.07492541721399766, 0.06817862489009882, 0.06434970910815346, 0.05739500756207005, 0.05309036981635041, 0.03782987346980683, 0.04625620959261362, 0.045912259106325404, 0.04789142719041661, 0.032044680485481813, 0.027315354601138844, 0.023495682978312657, 0.02213588688410758, 0.024161169589467655, 0.027552810405475723, 0.015019020199002878, 0.01852593632915973, 0.009582356744916901, 0.006713286558348944
AGCAA, 0.057351132758510795, 0.0036937029150914532, 0.07539915250113945, 0.08851781017393914, 0.07344774938660491, 0.07129723991680316, 0.0669174156654546, 0.06253609744285193, 0.05640756290742128, 0.052927652611735, 0.037931705787103635, 0.04737993865361509, 0.047037934397532635, 0.04744460932465682, 0.03038655690476138, 0.02724165279887087, 0.02394413666017235, 0.024079538701995373, 0.02541763740482481, 0.02719358143268769, 0.015935549796667628, 0.020425104687602464, 0.009405413025573375, 0.007681124144384078
AGCAC, 0.05112280563211007, 0.003462258727029268, 0.07887173196948838, 0.08562675826564355, 0.0689595005752165, 0.06278240613399984, 0.06258161832534939, 0.05883553060801085, 0.056442828272538666, 0.051604526635463374, 0.03882314061744312, 0.04936832826894715, 0.0489743601523428, 0.04750925593128168, 0.02750360195434634, 0.027165825734580408, 0.025788512827975126, 0.029236720866323857, 0.03201921374884055, 0.026066964264358637, 0.02301674946855235, 0.02360292207479978, 0.009430001342495525, 0.01120443760286299
AGCAG, 0.051150108081243206, 0.0034164328045168863, 0.07897157757525489, 0.08721162894015598, 0.06975917778819063, 0.062432179494349774, 0.06302267810500067, 0.05882238971200741, 0.05576333586005519, 0.0519505188900909, 0.03892854318683527, 0.04926682071117367, 0.050278416347424394, 0.04689979271346737, 0.02743796791621251, 0.027429995221870927, 0.025882246453030826, 0.028365084849389852, 0.03110905253850677, 0.026237763280252655, 0.02068147205900725, 0.023985572103879287, 0.009583171829759462, 0.011414073538324169
AGCAT, 0.05693174279168506, 0.003625948283324694, 0.07501519431046158, 0.0893809059923778, 0.07395904485249108, 0.07217421643656277, 0.06786348915735649, 0.06254840138302238, 0.05612876395106155, 0.053502976144981125, 0.038066347068864415, 0.04720650040352894, 0.047861542646024685, 0.04709567785342558, 0.03087414391040571, 0.02700011753729512, 0.023643210824478043, 0.02339150496333022, 0.02422314055260933, 0.02774533511550892, 0.014539497008514141, 0.020185409825558148, 0.00946248159605649, 0.007574407391075815
AGCCA, 0.05224583414920213, 0.0034893509917895502, 0.07912724102366739, 0.08596254193308343, 0.06901004136298879, 0.06124699709660016, 0.061907950249217046, 0.05763923269900392, 0.056167350411193244, 0.04993607365883131, 0.03885948926484099, 0.049205473236496856, 0.048438827260792655, 0.04763585744590426, 0.026562207356023142, 0.027407144714265384, 0.026278118905886272, 0.03023173889644348, 0.03345802575515509, 0.025155290073408606, 0.025116265489916988, 0.024084937021993578, 0.009385951537292672, 0.011448059466003134
AGCCC, 0.04706343661104333, 0.00318827361698622, 0.08255876189295527, 0.08363088773484066, 0.06518919603123043, 0.05364003960015424, 0.05801549230243295, 0.05392940142739673, 0.05516229668098915, 0.049389331528221864, 0.040113521749050175, 0.050807332779181154, 0.052468097544992036, 0.046109247410385114, 0.02386088211432309, 0.027598007915880275, 0.027217996797709938, 0.03416371171137723, 0.038700439256939854, 0.024031211398225845, 0.030960189819672867, 0.02756811462184004, 0.009662847338127502, 0.014971282116044055
AGCCG, 0.04252356417510388, 0.002942135225279588, 0.08213895381795633, 0.07880228687396292, 0.05865850702348694, 0.05033827253164689, 0.05351666015575763, 0.05264025752338977, 0.05881627349265072, 0.04593798234735398, 0.040613047376787156, 0.05023145810527964, 0.04791310933288892, 0.047832902749595764, 0.023361295305784992, 0.02706887658220238, 0.02732253733086797, 0.039461237535766254, 0.04821683280758388, 0.022954714330078306, 0.04390436480446547, 0.027403812320592625, 0.01037805082741702, 0.01702286742410079
AGCCT, 0.04791287125036444, 0.003253036264514987, 0.08205444821482084, 0.08299787405564203, 0.06660707764242871, 0.05731213137220907, 0.05917936473771604, 0.05616063036621604, 0.05759428537817899, 0.04908082065809144, 0.039042665865283335, 0.04996179050394274, 0.04847362929524562, 0.048602203309031686, 0.02514952828561699, 0.027401770214713933, 0.02683480051132472, 0.03275890919248565, 0.037937805744035075, 0.024339574915980357, 0.03082847902044064, 0.02472957233633427, 0.009086471723983594, 0.012700259141398742
AGCGA, 0.04719534096531125, 0.002942673912762891, 0.08041681219136546, 0.08050499744354886, 0.06180593700709536, 0.05484171664163879, 0.05619691053294155, 0.055294224057847924, 0.05895115027513703, 0.04797586920672437, 0.038780145114389965, 0.05000807726424346, 0.046355133604130884, 0.0489278162268605, 0.02499300650646437, 0.027042453020211975, 0.026978694937379498, 0.0360243831333416, 0.042807149370534356, 0.023958364664503306, 0.03885525035584071, 0.025122427882524667, 0.009642307545958025, 0.01437915813924324
AGCGC, 0.03950568455139331, 0.0025954274383240385, 0.07962988955268575, 0.07927990675010434, 0.05690867607084962, 0.05037019472051128, 0.054776442333935194, 0.053683147135758995, 0.05920195453445528, 0.04994114202555036, 0.04114105248506056, 0.05072241318459039, 0.05087765399059147, 0.04619098061403006, 0.024030368138697807, 0.027314290924892598, 0.026986666934995587, 0.03954058839506568, 0.04480883657043293, 0.024386325978928158, 0.04193926346359718, 0.028079083315641486, 0.011007549243728284, 0.017082461646179485
AGCGG, 0.04204855199141791, 0.0029613620087934915, 0.08090140750751636, 0.07996374093285678, 0.058209631777454536, 0.051232494539393686, 0.05462005325406467, 0.05261838996361577, 0.05766399280501809, 0.04878702051050191, 0.04080300339863601, 0.05072704982610619, 0.051252412936527686, 0.04600235170712407, 0.02365994874112051, 0.026939253368245562, 0.02731843806164028, 0.0389914391677996, 0.04601206431554133, 0.023700825286346157, 0.04014463524810037, 0.027944980824793617, 0.01056912982909654, 0.01692782199828879
AGCGT, 0.04510712830287986, 0.003193242949859692, 0.07635490460717383, 0.08363396271475498, 0.06295907991955937, 0.05768285243570067, 0.05911125685147163, 0.057148512839749185, 0.05851336811982084, 0.05143431537310241, 0.03915979695412903, 0.0520165728882326, 0.048036481388484875, 0.046130112829746446, 0.027535768726171948, 0.027027389511623538, 0.026496454933154705, 0.03494788321960734, 0.03675745716424237, 0.026848634972341693, 0.029438707485291454, 0.02561487745320079, 0.011150587482601082, 0.013700650877099884
