,X,1,2,3,4,5,6,7,8,9,10,11,12,13,14,15,16,17,18,19
B:ACA,0.02776425,0.039489663,0.051596571,0.061679808,0.047394327,0.037125518,0.045446992,0.144045971,0.115062533,0.055527527,0.062725032,0.056512475,0.018217954,0.028576488,0.047612222,0.038051966,0.070538837,0.021509595,0.020706224,0.010416048
B:ACC,0.026934579,0.038320739,0.052223325,0.054913081,0.04608849,0.038123607,0.043096164,0.14736725,0.131189321,0.056130728,0.059784506,0.058890322,0.018314703,0.026436057,0.042871776,0.036861204,0.063164605,0.026105071,0.020503925,0.012680549
B:ACG,0.020833917,0.039499947,0.050638318,0.061229287,0.044682415,0.044669383,0.043756555,0.129871083,0.146510926,0.056494171,0.05883559,0.054360763,0.021128761,0.025579517,0.037731861,0.035842769,0.065770664,0.029473111,0.018884303,0.014206659
B:ACT,0.029537183,0.040292539,0.053231097,0.06489142,0.046962555,0.035413688,0.047253302,0.140139732,0.10861924,0.057552562,0.060559778,0.055670843,0.019579053,0.028978403,0.047693061,0.038445178,0.069957298,0.022957029,0.021636508,0.010629531
B:ATA,0.035672522,0.043716185,0.055953286,0.069041303,0.050310734,0.032821668,0.046583537,0.139598306,0.078312546,0.055757316,0.06957746,0.053151135,0.019683056,0.033261078,0.049795898,0.041090078,0.073974419,0.018870641,0.02444142,0.00838741
B:ATC,0.031058208,0.039467303,0.054607769,0.061096459,0.045915467,0.035021686,0.045264538,0.146776426,0.1025248,0.057109522,0.065133136,0.057658997,0.017951587,0.028321947,0.049038824,0.040220039,0.066973224,0.021622548,0.023378243,0.010859276
B:ATG,0.031062494,0.039823651,0.052292539,0.061325919,0.0461798,0.036481602,0.046362273,0.145099035,0.103814152,0.055300615,0.064987857,0.057234595,0.019115564,0.028624355,0.048118018,0.040244917,0.069562741,0.021495232,0.022275757,0.010598884
B:ATT,0.035779764,0.042201862,0.055549266,0.069816247,0.049399131,0.033086855,0.049961753,0.137466189,0.079220499,0.05562684,0.067592783,0.05461771,0.020027296,0.032731085,0.050736405,0.040098672,0.072814349,0.019853623,0.024617446,0.008802226
B:CCA,0.026531066,0.037060261,0.053065079,0.053817165,0.045070232,0.03831535,0.043224587,0.148833716,0.132250066,0.056755787,0.06113488,0.058540606,0.0182625,0.025493924,0.042833385,0.037214229,0.062839823,0.02544195,0.020449012,0.012866382
B:CCC,0.02486529,0.036108666,0.05331038,0.051454024,0.044240631,0.040401585,0.041154659,0.148731152,0.142920141,0.055535655,0.063369989,0.059598316,0.018163279,0.022535861,0.039267808,0.03668401,0.059101045,0.028949569,0.019680761,0.013927178
B:CCG,0.017708015,0.03879981,0.0575333,0.05254906,0.045498491,0.045346676,0.038678252,0.129274873,0.160161507,0.054759423,0.05568891,0.059772565,0.024814486,0.025251882,0.03313907,0.036625576,0.056243336,0.033564265,0.016930577,0.017659927
B:CCT,0.027002319,0.03746163,0.051828359,0.054360297,0.044754089,0.037980054,0.044411585,0.146718907,0.132541192,0.05644225,0.061109254,0.05863405,0.018632585,0.024814884,0.042976694,0.03784073,0.063366187,0.025845367,0.020543469,0.012736096
B:CTA,0.032643817,0.039970489,0.053354123,0.063598032,0.046336942,0.033814714,0.047813358,0.14117451,0.101796937,0.05617009,0.064227736,0.056351537,0.018841903,0.02891736,0.048075728,0.040617591,0.070960724,0.022547051,0.022784394,0.010002964
B:CTC,0.026023728,0.038296488,0.05099698,0.055827261,0.045306583,0.037604116,0.044217333,0.146055051,0.128875944,0.056746443,0.062128959,0.060119068,0.018956914,0.02461515,0.042486884,0.039257878,0.064101096,0.025356934,0.020888243,0.012138948
B:CTG,0.024461736,0.03776371,0.051606444,0.055837391,0.044592318,0.038835681,0.044347895,0.143333411,0.13696185,0.056784079,0.060759115,0.057270333,0.018892731,0.025657116,0.043114726,0.036533707,0.064654482,0.026119711,0.019687572,0.012785991
B:CTT,0.030375357,0.040717618,0.053146232,0.062898246,0.047140217,0.034984971,0.047814023,0.140182399,0.10823937,0.057397199,0.06221662,0.057285959,0.019108702,0.02820475,0.046700499,0.038958823,0.068983312,0.022147393,0.022722841,0.010775469
B:GCA,0.025665753,0.037977399,0.051718367,0.058592095,0.043405329,0.038817936,0.046009041,0.140269239,0.131678003,0.055872257,0.062680294,0.056951373,0.019278359,0.026305377,0.043495708,0.037058069,0.066066044,0.025876223,0.020032259,0.012250875
B:GCC,0.023696746,0.036231915,0.05326782,0.051122653,0.043886704,0.04056824,0.042477998,0.142068357,0.149648144,0.057312553,0.058834665,0.058457475,0.019992092,0.02400151,0.039509934,0.036316052,0.060624394,0.028448174,0.018755764,0.014778809
B:GCG,0.018669851,0.037856788,0.059164908,0.054016879,0.04329375,0.045405074,0.038765408,0.123700441,0.163977259,0.055737992,0.05501163,0.05824804,0.025341129,0.026594361,0.032209994,0.036962499,0.056772859,0.036240819,0.015081317,0.016949003
B:GCT,0.025092351,0.038877177,0.051626147,0.05756413,0.043927766,0.038574746,0.04537052,0.139124765,0.134601244,0.056430304,0.06190848,0.057012428,0.019902407,0.025875118,0.042521483,0.037573471,0.065284612,0.02611463,0.020336406,0.012281814
B:GTA,0.031867341,0.041074259,0.052912159,0.066155632,0.048822094,0.03548416,0.046976048,0.138260599,0.10118024,0.056590223,0.062046383,0.055704683,0.019465794,0.031195629,0.048267272,0.039309178,0.069959572,0.022125583,0.022382257,0.010220895
B:GTC,0.025501086,0.038897201,0.051827127,0.057461414,0.045256187,0.038304652,0.043975442,0.146151754,0.129901768,0.055983473,0.060553846,0.057315502,0.019116168,0.025855093,0.043622649,0.037432385,0.065614005,0.024499357,0.020477727,0.012253163
B:GTG,0.024606505,0.037499905,0.05031385,0.057380606,0.045170092,0.039161499,0.043979506,0.146536828,0.134253096,0.055140514,0.059762599,0.057727779,0.018107877,0.025966478,0.044026756,0.036814583,0.067524377,0.024965826,0.019307662,0.011753665
B:GTT,0.030116788,0.041079601,0.054252715,0.064376244,0.048542939,0.035515621,0.04683137,0.139166047,0.10412665,0.057886433,0.06267387,0.055745154,0.018925001,0.029855522,0.048378789,0.037988281,0.070269706,0.021910054,0.021795415,0.010563799
B:TCA,0.029712369,0.040148225,0.052395093,0.061224538,0.045804187,0.035924972,0.046684159,0.144721632,0.109660345,0.05610628,0.06165919,0.056884505,0.019552625,0.028113645,0.047840458,0.039364797,0.068275316,0.02280485,0.022250675,0.010872136
B:TCC,0.027132985,0.037664888,0.05308829,0.055549535,0.044988341,0.0377948,0.044325132,0.148578688,0.125376966,0.055967509,0.062782855,0.058753755,0.018700885,0.02514429,0.04351926,0.03883082,0.063555071,0.024788841,0.021116337,0.012340752
B:TCG,0.022756761,0.039629641,0.056759905,0.059464109,0.044994511,0.044220616,0.040074974,0.133440424,0.139026428,0.057650663,0.056843035,0.057588381,0.022528175,0.026192175,0.039325002,0.036628759,0.060267949,0.029093374,0.019343676,0.014171441
B:TCT,0.029223346,0.039712681,0.052075554,0.060063758,0.047062067,0.034984284,0.046371863,0.143916985,0.111046988,0.056989311,0.064062851,0.059233082,0.01813018,0.027077341,0.045838712,0.039931791,0.068460044,0.022473485,0.022468011,0.010877665
B:TTA,0.03393155,0.043625182,0.054231069,0.072769544,0.050944353,0.033493842,0.04963316,0.130038288,0.084609947,0.058191771,0.066208689,0.053482652,0.019837039,0.03281406,0.050046132,0.038314034,0.074752661,0.02030659,0.023696154,0.009073284
B:TTC,0.03127302,0.040344997,0.053643185,0.062272684,0.047276809,0.03506076,0.04830007,0.142047191,0.102363201,0.056082977,0.062969832,0.057527532,0.019334675,0.028684625,0.047489592,0.039938985,0.069782527,0.022217246,0.022836436,0.010553656
B:TTG,0.031198312,0.040159409,0.054891068,0.062348244,0.046823519,0.034866222,0.04689601,0.144202228,0.104625284,0.05673608,0.063332617,0.056641983,0.018941028,0.029225708,0.048122579,0.038831673,0.067549585,0.021331136,0.022793617,0.010483699
B:TTT,0.033457778,0.043111372,0.054990992,0.069257504,0.051228589,0.033069092,0.048340702,0.134793168,0.09041452,0.058562303,0.064927517,0.053656015,0.019678826,0.032282549,0.049612734,0.037504422,0.072495165,0.019651732,0.023327668,0.009637354
N:ACA,0.073001971,0.076430097,0.063902988,0.068098743,0.060041633,0.054799724,0.055600706,0.052552865,0.047820044,0.043193885,0.048544476,0.040789196,0.049993669,0.049843039,0.048527933,0.039795979,0.037040953,0.034807879,0.036104572,0.019109648
N:ACC,0.073985187,0.074840583,0.064492406,0.065580483,0.060890671,0.055143775,0.055055662,0.055311286,0.047309973,0.044105968,0.047472085,0.042555629,0.050089173,0.049953612,0.047271042,0.039852485,0.035579578,0.03553111,0.035344155,0.019635138
N:ACG,0.057056914,0.072542712,0.06608591,0.064687522,0.060947096,0.057394874,0.055105445,0.052941401,0.049297689,0.045705893,0.051039009,0.045006174,0.049691829,0.053197289,0.046614847,0.040806917,0.036580908,0.03716545,0.03640662,0.021725502
N:ACT,0.076454009,0.076297618,0.06362728,0.068844492,0.060136526,0.053853448,0.055618158,0.052596775,0.047184175,0.042832695,0.048065905,0.040060268,0.049944617,0.049472431,0.048635977,0.039950062,0.036976881,0.034328406,0.036047494,0.019072783
N:ATA,0.085491112,0.078164148,0.061267159,0.072084561,0.059111805,0.053253752,0.05567643,0.049409485,0.046962017,0.039604303,0.049289588,0.036124627,0.049176693,0.047534164,0.050412306,0.040345466,0.039175083,0.033541072,0.035642536,0.017733693
N:ATC,0.080367772,0.0763757,0.062800478,0.069096074,0.060005714,0.053784681,0.055602218,0.053361845,0.047143753,0.042082409,0.048114126,0.03881529,0.04946308,0.049004027,0.048653336,0.039916803,0.036869469,0.034261144,0.035618973,0.018663106
N:ATG,0.076700113,0.076665249,0.063308161,0.068888918,0.059597389,0.054146517,0.055465109,0.052408588,0.047737668,0.042294613,0.048417794,0.039327479,0.050146352,0.049458885,0.04891608,0.040191113,0.037484737,0.034148179,0.03598905,0.018708005
N:ATT,0.084206189,0.077612605,0.061897051,0.072380944,0.059420211,0.053029375,0.055658667,0.050021912,0.046799782,0.040138863,0.048905946,0.036373476,0.049170604,0.048065593,0.05025971,0.040020536,0.03881768,0.033520501,0.035803753,0.017896601
N:CCA,0.074527855,0.074800853,0.064684976,0.065456327,0.061008376,0.055008494,0.055056039,0.05572537,0.047233628,0.044196089,0.047113993,0.04263916,0.050023149,0.049595103,0.047241816,0.039868351,0.035441233,0.03549204,0.035307172,0.019579975
N:CCC,0.070450688,0.073558864,0.065561422,0.063024823,0.061672927,0.05668894,0.05474511,0.0564131,0.04737774,0.045169795,0.046953128,0.044992292,0.050595921,0.049725036,0.046329198,0.040280322,0.034703629,0.03647301,0.034938388,0.020345667
N:CCG,0.058903985,0.070810348,0.066724971,0.061012412,0.063540312,0.059075728,0.054694347,0.055437076,0.048498393,0.046601488,0.049198256,0.048067935,0.049931301,0.052070739,0.044785899,0.040462408,0.034414238,0.038726857,0.035129449,0.021913858
N:CCT,0.072125811,0.074653617,0.064755279,0.064896042,0.061146426,0.055096777,0.055198051,0.055540954,0.047387732,0.04466577,0.047129165,0.043450128,0.050478507,0.049919447,0.047322419,0.039985096,0.03542464,0.035639474,0.03534248,0.019842185
N:CTA,0.080187824,0.076795462,0.063011285,0.069252695,0.059980781,0.053379936,0.055494979,0.052047836,0.047001361,0.042229257,0.04823423,0.039150713,0.049699803,0.048894006,0.048753723,0.039920856,0.037135921,0.034106048,0.035919264,0.01880402
N:CTC,0.069396081,0.07506206,0.0649337,0.065275517,0.061142115,0.055364639,0.055402919,0.05483529,0.047792452,0.044887181,0.047638258,0.043544426,0.050477388,0.049975321,0.047430768,0.040094047,0.035727599,0.035470706,0.035592854,0.019956681
N:CTG,0.069732831,0.074580381,0.065230136,0.065125815,0.061335073,0.055301263,0.055181539,0.055434924,0.04745021,0.044970165,0.047098314,0.043827926,0.050680736,0.050087097,0.04729662,0.039994481,0.035430923,0.035808468,0.035600812,0.019832288
N:CTT,0.076294147,0.076467302,0.06368696,0.06867547,0.06014292,0.053536427,0.055551067,0.052621035,0.047390375,0.04296575,0.048241688,0.040220128,0.049686507,0.049781322,0.048470348,0.039893583,0.036756141,0.034332211,0.03606962,0.019216998
N:GCA,0.070049485,0.075146895,0.064954178,0.066265537,0.060570963,0.055023764,0.055318985,0.054189077,0.047928976,0.044488442,0.047554442,0.042800828,0.050654642,0.050285785,0.04773575,0.040011123,0.036182179,0.035170834,0.035979956,0.019688159
N:GCC,0.067592712,0.073247696,0.066297751,0.062509675,0.062153809,0.056291921,0.054827761,0.05650673,0.047454389,0.046014789,0.046781693,0.046346084,0.050650922,0.050060943,0.046100563,0.040119604,0.03464441,0.036679888,0.03518033,0.020538331
N:GCG,0.05534049,0.070493347,0.067536295,0.060590321,0.063744715,0.059802705,0.054766702,0.054738031,0.048565205,0.046821647,0.04962504,0.049452177,0.049749307,0.052158311,0.044663138,0.040477698,0.034726739,0.038987317,0.035258482,0.022502334
N:GCT,0.068759047,0.075062282,0.065456029,0.065496417,0.061168811,0.055116905,0.054992693,0.054280313,0.047768058,0.045111567,0.047516235,0.043774774,0.050659309,0.050366026,0.047226693,0.040091723,0.035716379,0.035495781,0.035937033,0.020003926
N:GTA,0.079641009,0.076811209,0.062726564,0.069646134,0.059699553,0.053800698,0.055556159,0.051640659,0.047109568,0.041694779,0.04865237,0.038788858,0.04965765,0.049080706,0.04921971,0.039958299,0.0375937,0.034194627,0.03588171,0.018646039
N:GTC,0.070762697,0.075008062,0.064747362,0.065960888,0.060847648,0.054941162,0.055163985,0.054771606,0.047667215,0.044333949,0.047765281,0.042449803,0.05056049,0.050354725,0.047612832,0.040149972,0.035931194,0.035491069,0.035759265,0.019720794
N:GTG,0.067177412,0.075232961,0.065260263,0.065534768,0.060717424,0.05618088,0.055471222,0.054351586,0.048280044,0.044912823,0.04781686,0.043511895,0.05048216,0.050456254,0.047267527,0.039860658,0.036062937,0.035579212,0.035978844,0.019864269
N:GTT,0.077723289,0.076450963,0.063283361,0.069406469,0.059934683,0.053654878,0.055597411,0.052107343,0.047125072,0.042448726,0.048743207,0.039535699,0.049345501,0.0495893,0.048810159,0.039710124,0.037127975,0.034381828,0.03603498,0.018989034
N:TCA,0.076034267,0.076267202,0.063555025,0.068728453,0.060136437,0.054090815,0.055517219,0.05290694,0.047375037,0.042698623,0.048032836,0.039875388,0.050089024,0.049579583,0.048690778,0.04010326,0.037052468,0.034408348,0.035924053,0.018934243
N:TCC,0.074675452,0.075085291,0.064162112,0.066022387,0.060844453,0.054707921,0.055305927,0.055313142,0.047360562,0.0439511,0.047320634,0.041970946,0.050079952,0.049700099,0.047711656,0.039923699,0.035686732,0.035283957,0.035375519,0.019518461
N:TCG,0.0649852,0.072271564,0.065120498,0.06481368,0.061215375,0.05678797,0.055143003,0.054654172,0.048442263,0.044908307,0.049988952,0.044109588,0.049532961,0.052108866,0.046182583,0.040190232,0.036026997,0.036626373,0.035875822,0.021015593
N:TCT,0.075377842,0.076327838,0.063726022,0.068104403,0.060432682,0.053956478,0.055636359,0.053133208,0.047431586,0.043202276,0.048204581,0.040691445,0.049776332,0.049451439,0.048354393,0.039918498,0.036561926,0.034617333,0.035881859,0.019213499
N:TTA,0.080797981,0.07763382,0.062401426,0.072054546,0.059410884,0.053298371,0.055654862,0.049273151,0.047110732,0.04075959,0.049443827,0.03731184,0.049360641,0.04850191,0.050008419,0.040156537,0.038917155,0.033572651,0.036054967,0.018276692
N:TTC,0.078441593,0.076609261,0.063141092,0.069511349,0.060039788,0.053376099,0.055672972,0.052388494,0.047188251,0.042258854,0.048261356,0.03924937,0.04951914,0.049419894,0.048905598,0.039858165,0.037083809,0.034221256,0.036000821,0.018852838
N:TTG,0.079895947,0.076482431,0.063138409,0.069330086,0.059970957,0.053446424,0.055478385,0.052751216,0.04698504,0.042203174,0.048199208,0.03911328,0.04931733,0.049282863,0.048835078,0.039673875,0.036960981,0.034296442,0.035819718,0.018819154
N:TTT,0.083152324,0.077126824,0.062504476,0.071502197,0.059740042,0.05289147,0.055763339,0.050182063,0.046718821,0.040891386,0.04887833,0.037748986,0.048884041,0.048552222,0.049636582,0.039579498,0.038129471,0.033851144,0.03586352,0.018403264
T:ACA,0.040961524,0.08203767,0.077794385,0.050010981,0.057210946,0.064217309,0.059168975,0.054270614,0.046891299,0.060129942,0.051878538,0.059149972,0.031465314,0.045005116,0.048167088,0.039276081,0.038220436,0.034053013,0.03093696,0.029153836
T:ACC,0.038613336,0.078630106,0.077232233,0.047484991,0.059575446,0.065667016,0.058720493,0.058966486,0.046057181,0.06008744,0.050886642,0.06475574,0.031632156,0.043459173,0.04645081,0.040756276,0.036551882,0.03494676,0.029727224,0.029798606
T:ACG,0.028283089,0.07503903,0.076065576,0.050215392,0.06084503,0.068419921,0.058410407,0.055527882,0.046638262,0.059411818,0.05484822,0.065855507,0.0333467,0.044700861,0.043199935,0.042937197,0.037124648,0.037654751,0.030604172,0.030871601
T:ACT,0.043732459,0.082692641,0.078466936,0.05053131,0.057321912,0.062528896,0.059273203,0.054100373,0.04618483,0.059419635,0.051171663,0.058829459,0.031680752,0.044915567,0.048233233,0.039345847,0.037816671,0.033566637,0.030784481,0.029403494
T:ATA,0.054035218,0.086874847,0.078944954,0.053101148,0.055074879,0.059583382,0.057818254,0.049019049,0.048178817,0.056627867,0.053781129,0.051264373,0.030940308,0.045357679,0.05015556,0.037512914,0.040172733,0.031632732,0.031419389,0.028504767
T:ATC,0.045771154,0.083019377,0.077376972,0.050335103,0.057363538,0.062351637,0.058942612,0.054509556,0.047196529,0.058980218,0.051871911,0.057817191,0.03093554,0.044648149,0.048891676,0.0387245,0.038240463,0.032963978,0.030731359,0.029328535
T:ATG,0.04512435,0.083011821,0.077752946,0.05032891,0.056489045,0.062940307,0.059276819,0.053743835,0.047277939,0.05926565,0.051945324,0.05716559,0.031063592,0.045172212,0.04900943,0.038906852,0.03845935,0.033076139,0.031008365,0.028981524
T:ATT,0.052803294,0.086851739,0.079085198,0.053615733,0.055409845,0.059261782,0.058344042,0.049156997,0.047684573,0.057022351,0.052878496,0.051942104,0.030839785,0.045370951,0.050230081,0.037396539,0.039771621,0.031934876,0.031548166,0.028851826
T:CCA,0.038942627,0.078374915,0.077449979,0.047084667,0.05975889,0.065914923,0.058838027,0.059762407,0.045901655,0.060202451,0.050621422,0.064829025,0.031437367,0.043204887,0.046439137,0.040752001,0.036421696,0.034744707,0.029634781,0.029684438
T:CCC,0.035214901,0.075202785,0.076506125,0.045159667,0.061769944,0.068605386,0.058372814,0.062746259,0.045290893,0.060376054,0.050987662,0.069314709,0.031529931,0.041633177,0.044534241,0.04252453,0.035138042,0.036089156,0.029044151,0.029959572
T:CCG,0.025928227,0.070317555,0.076017218,0.046603522,0.065811847,0.071065737,0.055677704,0.061395578,0.046129037,0.059024757,0.05346634,0.073348705,0.033435314,0.041394196,0.040818691,0.045097915,0.034906844,0.039567411,0.028738595,0.031254807
T:CCT,0.037679762,0.077927346,0.077379364,0.046933897,0.060012323,0.065831537,0.059049519,0.060023335,0.045496088,0.060717895,0.050309379,0.065781112,0.031608056,0.04288825,0.04640372,0.041157444,0.036213793,0.035117695,0.029729645,0.029739841
T:CTA,0.047042608,0.083533591,0.078025595,0.050451695,0.056763818,0.06164499,0.058984646,0.05353576,0.046508385,0.05895247,0.05134564,0.057952819,0.031464987,0.044776206,0.048843332,0.039009377,0.038012972,0.032964123,0.0308857,0.029301285
T:CTC,0.037377549,0.078538743,0.077057839,0.047765256,0.059789128,0.065731185,0.059222843,0.059050004,0.045573418,0.061252423,0.050591543,0.065056203,0.031468222,0.043097049,0.046205296,0.040791397,0.036713439,0.034911694,0.030031257,0.029775513
T:CTG,0.035583434,0.0778235,0.078062362,0.047317706,0.060208181,0.066279831,0.058991363,0.059515246,0.045497783,0.061067784,0.050241938,0.065681484,0.031857157,0.043250045,0.046255708,0.041173912,0.036339663,0.035466363,0.029781958,0.029604581
T:CTT,0.044025534,0.082831515,0.078167987,0.050321094,0.057232164,0.062084808,0.059647395,0.054240129,0.046219982,0.059388697,0.051257964,0.05919016,0.031383947,0.044901235,0.048450588,0.0391949,0.037767246,0.033295085,0.030813284,0.029586287
T:GCA,0.037631693,0.07904306,0.077813716,0.048434361,0.058841629,0.06549448,0.059474186,0.057234038,0.046119598,0.060713307,0.050667036,0.063396129,0.031841392,0.043878069,0.046943654,0.040835303,0.036976216,0.034968979,0.030383861,0.029309293
T:GCC,0.033403201,0.074324724,0.078020806,0.045106169,0.062175528,0.068367509,0.058251299,0.062748422,0.044962464,0.06089734,0.050082288,0.069865731,0.032209132,0.041951954,0.044440275,0.042559829,0.035159697,0.036525051,0.028932048,0.030016533
T:GCG,0.025498021,0.069928396,0.07645422,0.047189419,0.064421121,0.071602045,0.056363423,0.061730124,0.04678143,0.058542914,0.053229372,0.072134947,0.03379135,0.041829681,0.040569519,0.045167652,0.034630014,0.040460243,0.029000912,0.030675196
T:GCT,0.036587344,0.078438249,0.078094204,0.047892102,0.059512912,0.065809762,0.059289254,0.058130049,0.045495211,0.060861255,0.050397491,0.065233546,0.032072891,0.043635997,0.046249353,0.041063277,0.036492628,0.035021471,0.030055327,0.029667675
T:GTA,0.046672458,0.083757102,0.078499205,0.051064332,0.056757405,0.061928418,0.058582822,0.052545253,0.046776202,0.058719784,0.051937343,0.056987178,0.031649775,0.04525401,0.048581662,0.038740273,0.038388635,0.033175886,0.030851137,0.029131119
T:GTC,0.037212328,0.078994721,0.077686413,0.04823048,0.059324299,0.065283898,0.058959095,0.057966135,0.046105724,0.060375384,0.051191913,0.063421763,0.031653449,0.043786413,0.046989503,0.040828869,0.036865581,0.035138735,0.030271506,0.029713791
T:GTG,0.035472011,0.078695011,0.077245953,0.048164056,0.05878881,0.066871054,0.059453258,0.057644245,0.046349378,0.06115978,0.05129778,0.063622653,0.031692048,0.044040568,0.046441727,0.040687533,0.037235852,0.035319782,0.03033995,0.029478551
T:GTT,0.044502244,0.083471394,0.077936773,0.051175551,0.056905343,0.062213775,0.059058837,0.052890255,0.046669433,0.058900898,0.051944299,0.057971714,0.031636303,0.045397167,0.048476919,0.038871286,0.03820801,0.033313483,0.030958186,0.029498129
T:TCA,0.043460655,0.082143069,0.078080435,0.050230176,0.057440936,0.062886933,0.059319079,0.054819588,0.04667809,0.059403068,0.051337469,0.058726853,0.031212542,0.044793609,0.048587437,0.039285349,0.037964891,0.033504795,0.030747465,0.029377563
T:TCC,0.03955822,0.079247099,0.076880478,0.047957472,0.059453444,0.065092182,0.059067282,0.058779024,0.046031937,0.060186239,0.050923322,0.063771455,0.031266435,0.04325239,0.046894758,0.040636129,0.036740724,0.034544806,0.030031811,0.029684794
T:TCG,0.032044191,0.075250642,0.076329387,0.049431749,0.06130122,0.067390314,0.057690029,0.056627906,0.046589445,0.059350648,0.053815867,0.066656003,0.032858624,0.043457049,0.043016614,0.04268455,0.036978521,0.037313478,0.030079981,0.031133782
T:TCT,0.042817677,0.082107243,0.077609199,0.049758479,0.057951654,0.062842899,0.059307376,0.055424413,0.046280724,0.060103548,0.051219606,0.060137038,0.031107967,0.044321762,0.048108232,0.039284946,0.03779219,0.033617704,0.030666141,0.029541201
T:TTA,0.049804721,0.086680475,0.079418359,0.0535515,0.055460222,0.059897628,0.058537816,0.048665403,0.04710383,0.057639605,0.053015897,0.053282627,0.03158675,0.045715671,0.049490226,0.037666756,0.039536241,0.032354851,0.03159384,0.028997582
T:TTC,0.045719054,0.083412505,0.077927507,0.05099722,0.057014704,0.061568677,0.059440478,0.053595435,0.046649944,0.058921478,0.051560833,0.057682325,0.031018336,0.045006476,0.04884639,0.0389143,0.038211697,0.033087303,0.03091363,0.029511708
T:TTG,0.046404127,0.083266118,0.077986902,0.0506554,0.056981958,0.061854899,0.059070417,0.05386051,0.0468433,0.058653988,0.051505362,0.057811423,0.031187442,0.044892241,0.048950101,0.038795117,0.038067597,0.03298813,0.030845165,0.029379804
T:TTT,0.050259148,0.08555232,0.079098856,0.052835062,0.055977058,0.060072608,0.058458473,0.050071135,0.046938648,0.057757631,0.052392039,0.05470823,0.031523159,0.045511628,0.04927061,0.0375796,0.038971519,0.032529299,0.031268864,0.029224113
U:ACA,0.042040566,0.070793408,0.082320832,0.052995245,0.057041564,0.064866689,0.062942452,0.061207284,0.056141988,0.048840738,0.052918414,0.049433015,0.047385686,0.036681878,0.04480674,0.036196649,0.036588668,0.040636823,0.031951527,0.024209833
U:ACC,0.039012345,0.068891204,0.082476009,0.049901488,0.059710223,0.065226717,0.059325831,0.065023173,0.059016625,0.050037347,0.051401139,0.054041214,0.046786498,0.035394502,0.044357393,0.0361247,0.035083587,0.041633837,0.031362332,0.025193837
U:ACG,0.029014312,0.065517481,0.079686615,0.050140421,0.060438379,0.069286748,0.055371486,0.059979837,0.064785282,0.05038811,0.055112139,0.054516122,0.046734452,0.036647315,0.044346692,0.037547469,0.034604764,0.044215386,0.033544915,0.028122073
U:ACT,0.044660556,0.070709149,0.082763436,0.053791156,0.057788394,0.06333916,0.063487408,0.061167898,0.053206221,0.04880149,0.052135712,0.049612895,0.04816537,0.037207805,0.04466048,0.036116954,0.036675136,0.039126656,0.032122323,0.024461802
U:ATA,0.056990223,0.072753785,0.082356189,0.058128779,0.05401886,0.060728215,0.068968162,0.057491677,0.048581311,0.045665184,0.055104322,0.04295872,0.048525162,0.038072493,0.043959181,0.036730415,0.037824292,0.03666304,0.031847405,0.022632587
U:ATC,0.046987956,0.071292083,0.082552217,0.054219671,0.056688698,0.062641755,0.06453565,0.062228877,0.053536976,0.047800775,0.052892409,0.048015687,0.047403971,0.037024029,0.0449244,0.036281206,0.036519281,0.039091672,0.031424334,0.023938351
U:ATG,0.046270048,0.071448903,0.082606821,0.054074295,0.056374413,0.063329255,0.06488681,0.061826949,0.05402091,0.047873822,0.052783471,0.047289316,0.047501793,0.036945075,0.044884894,0.036201149,0.036995546,0.039440384,0.031619206,0.023626941
U:ATT,0.055150405,0.072811555,0.082894501,0.058444326,0.054429583,0.060568441,0.068654101,0.057373851,0.047959827,0.046068018,0.054350098,0.043615358,0.048647931,0.038423873,0.04461549,0.036553303,0.037671822,0.036479891,0.032193126,0.0230945
U:CCA,0.039174299,0.068778494,0.082894122,0.049567014,0.059898848,0.065173641,0.059592312,0.065906394,0.059209607,0.050018188,0.050907018,0.054018894,0.046578397,0.035085481,0.044394258,0.036055167,0.035037733,0.041634636,0.031078732,0.024996765
U:CCC,0.035476382,0.0669996,0.08208309,0.047004387,0.061874331,0.066990323,0.056568551,0.06841489,0.063451839,0.050741461,0.050580665,0.057697578,0.045176454,0.03359976,0.043273543,0.036416215,0.033741187,0.043560747,0.030335813,0.026013183
U:CCG,0.026642832,0.063117722,0.080409039,0.046128191,0.064251646,0.070861961,0.050848282,0.063769158,0.069307586,0.051387899,0.052793208,0.061884041,0.044316198,0.034160957,0.042098703,0.037896653,0.032089967,0.0466621,0.031909051,0.029464808
U:CCT,0.038287928,0.068799727,0.082691175,0.048960721,0.060725569,0.065121911,0.059297266,0.066017882,0.05927392,0.050444169,0.050554645,0.054971872,0.046569599,0.03481743,0.044258946,0.036087943,0.035319541,0.041764976,0.030829171,0.025205609
U:CTA,0.048379048,0.071288164,0.082775166,0.054081769,0.057361483,0.061906326,0.06443248,0.061363573,0.052163577,0.048125155,0.052303569,0.048691121,0.048240407,0.037198948,0.044593568,0.036008016,0.036901367,0.038381141,0.031799482,0.02400564
U:CTC,0.037625242,0.069284735,0.082447845,0.049762351,0.060102741,0.065543242,0.059739089,0.065222859,0.05901576,0.050424663,0.051120963,0.054267045,0.046488823,0.03508773,0.044075161,0.036072415,0.035559438,0.041931539,0.031051805,0.025176554
U:CTG,0.035958528,0.06869025,0.083061498,0.049264798,0.060774803,0.065961499,0.05903452,0.065151033,0.05954297,0.050646851,0.050576846,0.055045929,0.046971886,0.035070463,0.04432703,0.036154247,0.035285704,0.042020833,0.031156172,0.02530414
U:CTT,0.044755707,0.071058991,0.08275637,0.053483393,0.057676067,0.062836147,0.063470486,0.061648692,0.053474545,0.048848153,0.052257403,0.049619735,0.047899215,0.037208701,0.044801102,0.035896864,0.036839602,0.039045621,0.031938677,0.024484529
U:GCA,0.037998084,0.069382585,0.082784563,0.050464941,0.059475644,0.06572819,0.060507229,0.063542634,0.058421916,0.049904535,0.051242526,0.052662092,0.047215718,0.035838306,0.04461347,0.036150672,0.036053228,0.041464499,0.031562699,0.024986469
U:GCC,0.033700179,0.066507011,0.083313017,0.046526353,0.0628472,0.067126298,0.056238744,0.067271018,0.062995035,0.05159862,0.049732599,0.058678648,0.046029974,0.033703635,0.043437956,0.036169198,0.034232245,0.043140689,0.03057067,0.02618091
U:GCG,0.026254783,0.062227943,0.080481429,0.046174203,0.064579739,0.071364842,0.051049267,0.062656278,0.068763339,0.051806902,0.053478863,0.060733426,0.044835566,0.034772341,0.041789651,0.037834058,0.032317707,0.046316012,0.032691446,0.029872206
U:GCT,0.036724565,0.068912496,0.083028047,0.049793943,0.060452194,0.065855531,0.059198899,0.064160897,0.05901403,0.050578615,0.050787917,0.054601269,0.047198537,0.035546388,0.044327374,0.036049067,0.035521469,0.041497923,0.031395818,0.025355021
U:GTA,0.048314554,0.071193843,0.082310439,0.054711224,0.056641441,0.062651823,0.064510921,0.059906265,0.052126155,0.04813622,0.053230002,0.047908711,0.048217978,0.037548028,0.044428209,0.036323516,0.036993083,0.038661512,0.032104742,0.024081334
U:GTC,0.03786807,0.069194254,0.082541965,0.05045213,0.059544828,0.065383263,0.060061695,0.064389008,0.058730244,0.049717644,0.051563487,0.053014106,0.046961867,0.035751602,0.044520486,0.036333141,0.03557654,0.041667973,0.031592539,0.025135158
U:GTG,0.035888687,0.069193261,0.082033561,0.050151755,0.058967013,0.067016712,0.05989002,0.063744781,0.06064199,0.050175118,0.05183663,0.052837626,0.046555335,0.035507437,0.044510079,0.036210682,0.035613868,0.04256309,0.031630983,0.025031375
U:GTT,0.045441924,0.070911882,0.082646465,0.054649777,0.056912195,0.063112595,0.063657029,0.059817474,0.05280376,0.048415614,0.053199177,0.048936654,0.048267098,0.037570265,0.045039562,0.036076056,0.036653473,0.038969343,0.032455663,0.024463995
U:TCA,0.044464738,0.070935625,0.082904813,0.053674857,0.057450433,0.063449838,0.063926717,0.06216608,0.054065855,0.048457823,0.052187216,0.04898948,0.047574565,0.036875238,0.04487449,0.036198819,0.036584233,0.039485533,0.031591338,0.024142309
U:TCC,0.040141165,0.069418428,0.082265741,0.050232437,0.059594494,0.064607741,0.060419168,0.065364398,0.058369275,0.049588544,0.051282777,0.053053932,0.046437376,0.03538478,0.044573481,0.036260227,0.035422869,0.041528984,0.031079791,0.024974394
U:TCG,0.032511206,0.065658289,0.080745072,0.049962979,0.060495124,0.068707632,0.055302456,0.060805318,0.063784293,0.050022701,0.054452904,0.055453817,0.046056457,0.036229766,0.043644771,0.037326265,0.034169551,0.043967752,0.032921318,0.027782329
U:TCT,0.04353498,0.071045738,0.082684246,0.052806385,0.057948646,0.063182098,0.063085403,0.062722549,0.054628075,0.048971397,0.052232785,0.050243596,0.047473018,0.036565178,0.044523084,0.035931382,0.036620245,0.03985001,0.031559905,0.024391278
U:TTA,0.052028193,0.072342357,0.082641598,0.058120887,0.055122114,0.061532868,0.067306511,0.056433595,0.048574172,0.047061172,0.054456637,0.045255709,0.049247972,0.0385096,0.044345211,0.036456419,0.037683746,0.036529501,0.03266196,0.023689778
U:TTC,0.046710825,0.071465855,0.082709367,0.054379295,0.057069509,0.06220175,0.064616768,0.061245821,0.05262277,0.048112228,0.052624103,0.048157505,0.047787271,0.037364293,0.044959055,0.036041656,0.036935557,0.03892685,0.031888718,0.024180801
U:TTG,0.047329713,0.071131033,0.082987559,0.054263486,0.056699078,0.062568947,0.06422245,0.061126065,0.052709705,0.04802756,0.052725131,0.048429054,0.047787477,0.037364506,0.04508274,0.036045924,0.036646051,0.038821328,0.031968415,0.024063778
U:TTT,0.051950355,0.07162259,0.082958822,0.057052717,0.055536562,0.061500776,0.066341319,0.057484357,0.049077779,0.047532638,0.054034336,0.046778373,0.048975238,0.038314564,0.044368386,0.036044819,0.037197909,0.037021101,0.032386134,0.023821225