 ,X,1,2,3,4,5,6,7,8,9,10,11,12,13,14,15,16,17,18,19,20,21,22
B:AA,0.045834381048729,0.06123099388579749,0.06130826724720542,0.11273180964187765,0.05199077063679097,0.03264235632793645,0.05891070457433238,0.05236293585308538,0.03884928687129766,0.023683658730762065,0.04377180883990547,0.04439250189424159,0.06611842957138764,0.005892824771584121,0.0481200017710219,0.04830796400147362,0.04119965013963505,0.040863824287894646,0.01475921202891444,0.039584428039286614,0.01867759799306461,0.0361338591820385,0.012632732661737322
B:AG,0.042861683609363724,0.06371168445937488,0.05593279451212193,0.10335826527663226,0.04240422306147229,0.033945324191678033,0.055179117956305306,0.04811011611152352,0.0371166385304389,0.02445198750638152,0.04322590050954305,0.047593927520321704,0.06282818801834582,0.004660121752506631,0.05004195964147045,0.04345463078348877,0.04878445829304366,0.05116139857229036,0.015114743778304728,0.0486896691705076,0.02257320527872381,0.03447851300594338,0.020321448460217675
B:CC,0.0399081313718917,0.06489654611425529,0.053106697757882904,0.09401128453392756,0.03577749403482479,0.033388959002977656,0.052198980497328,0.04553314369663387,0.03605356825935201,0.024531783045098697,0.04246798031985171,0.05032438721381949,0.060261826822582874,0.003919884246021573,0.050915974837806396,0.03915817081106663,0.05561170160320246,0.060059084813945694,0.015177303740805743,0.058526503125554616,0.02498533355682199,0.03324106209698093,0.025944198497367434
B:GA,0.043717267321622955,0.06301146277885017,0.05654853987671657,0.10385019597330905,0.04330452711496474,0.03391547030462607,0.05583329053528459,0.048604386946135836,0.037000061378665024,0.024320356547412512,0.04369785162146149,0.04772880150014468,0.06355197081882898,0.004857056604908039,0.048908775019634906,0.04381935632569774,0.047282866709339455,0.05015388508160231,0.015234435184756045,0.04906660587256036,0.02212074561299123,0.03421108999740707,0.019261000873080195
N:AA,0.06676728003580036,0.07160461457933788,0.08681488800036398,0.06494357867081282,0.07901036529905543,0.07142035748760156,0.06278031860743437,0.050808521622881464,0.05343733217761702,0.04432202985086726,0.04168847004954465,0.04328632733370254,0.04243038131334086,0.04264910774058131,0.030960717694706257,0.023529952618619256,0.0239101720786932,0.018625985648162223,0.029075941267260985,0.01257437629415804,0.01797317870449517,0.013743228663771935,0.007642874261191443
N:AG,0.06345917752852859,0.07541107566041211,0.08631283156006324,0.062078138486788004,0.07127438480139477,0.06772809652890441,0.06031929133944715,0.051009545625906455,0.05324987529041122,0.04477542791140459,0.04389612508177558,0.04447705149705193,0.04258552900819919,0.038666678287907985,0.031072790370961428,0.025545781067020372,0.02742163366249784,0.02229167995875956,0.02785367820270294,0.016066139543199978,0.020908856588406893,0.013006074109499614,0.010590137888756181
N:CC,0.061317849683342356,0.0776569672204328,0.08526509575959393,0.0590932688915428,0.06490825758450225,0.06420382497149041,0.05805490115916035,0.05148450571730418,0.052359864657353684,0.04534120735959312,0.04574980760390668,0.04481814482562243,0.042357948059419635,0.03566867868989188,0.031195444103887075,0.027173268697332144,0.030880511067807776,0.02596142377459083,0.026693946691663976,0.019844780090134694,0.023445693358354138,0.012888754496867041,0.013635855536205827
N:GA,0.06430473891191033,0.07450346057668346,0.08631602467743293,0.062206445653628234,0.0723438970051715,0.06825565528847541,0.06064476402101312,0.050931029951724494,0.05341896321249513,0.04466448450477062,0.04373057734458017,0.044371474097238975,0.04254137981829363,0.03918051266132757,0.030993887862829875,0.025120119675195736,0.02713847020957324,0.021618644002345085,0.02814304903070698,0.01563843838361399,0.02055627607655828,0.013205141336494966,0.010172565697936302
Q:AC,0.05348863901875393,0.07926384499026469,0.0839147606305221,0.0685484273673037,0.06574256910890475,0.06246790194691942,0.058919517096490105,0.05480346023669686,0.05045433741930411,0.042414071034814184,0.046411556555368924,0.04610351742626708,0.045924950053170585,0.03365263447676197,0.031123856764114527,0.02893663127571374,0.02806033924826457,0.027471898708078406,0.02638242742238317,0.019885215637013533,0.021122764622839105,0.01244824445376122,0.01245843450628933
Q:AT,0.05656186697497014,0.07665548723161035,0.0859330684594679,0.07149619795456323,0.07311503597208771,0.0659312356334405,0.06163304945170664,0.05499795072003175,0.05177795632335756,0.04169815295194405,0.0450851685065617,0.045239572317700025,0.04604441565454813,0.036909771658810576,0.031058779611127435,0.027148895359735307,0.02397702314931972,0.022569857906481597,0.02745679424078351,0.01446325596630172,0.0184966970589919,0.012528509358609894,0.009221257537848662
Q:CA,0.05307890909172351,0.07966209541239909,0.0836570682234683,0.06799961592410268,0.06453969480706175,0.062017163542267835,0.05825517180402916,0.054674597822286355,0.05027974028256911,0.04252721133959407,0.046834107356354966,0.04646118120332675,0.04583104332403425,0.03303659758542595,0.03106010986496484,0.029122085118585935,0.028857717151217308,0.028128854237653676,0.026196948490372476,0.020559202963226,0.02174987176700958,0.012415815969112672,0.013055196719213735
Q:CG,0.04451574752234027,0.08159082810617183,0.07730015493710637,0.05798921486877633,0.05264204356832431,0.0538036522098583,0.05270058115790352,0.05602558053377638,0.046756319300657594,0.043816439405219516,0.04826193896283035,0.04607244024924655,0.04561638992506296,0.02870477672088281,0.030707376589885753,0.031196142247842725,0.03920754175589125,0.04127275077348014,0.02418698913318759,0.03776463838859409,0.025633749766912177,0.013587721006633677,0.020646982869415496
Q:GC,0.04903561393179649,0.08220221674839409,0.0815182433976969,0.06480909776581152,0.058540000157284625,0.05873097211217989,0.05547731985408481,0.054629502842457045,0.048636512449970436,0.043165105638766244,0.047760096731367704,0.04731821283954067,0.04576211935881005,0.03034396330695027,0.031136309400803065,0.03053242399468193,0.03289167688741388,0.033507185164913925,0.025010362281348758,0.026281369113779766,0.023949467555188234,0.012362926942678279,0.016399301524081433
Q:TA,0.05646397835921543,0.07687529352626311,0.08629558645289577,0.07238662594003953,0.0743626960891357,0.06641224585539264,0.06227799497223716,0.05502029344667233,0.0517717163179105,0.04159892384452626,0.04451526116840653,0.045090796803756696,0.04621374402842829,0.037439439218448715,0.03125904713894725,0.02712121829692736,0.022958300764371817,0.02210102504384786,0.027494497182537367,0.01348620801886446,0.017806179679711116,0.012387489915031375,0.008661437936432747
T:AA,0.039664413526285906,0.08527300457945783,0.08450547648982484,0.07939076180500995,0.061118586322575164,0.05714983156220592,0.0596049782721389,0.061299523596261916,0.04857321233683328,0.03892902979584077,0.05106677799759172,0.0472422672715988,0.051106342121035445,0.02753273314889427,0.03161968721916182,0.033510995466349086,0.02513702407888458,0.03071830912718084,0.02473242823077948,0.0189408370026904,0.020059145779957387,0.010409778151832154,0.012414856117609546
T:AG,0.037442331224324735,0.08844247417205013,0.07998509969303796,0.07540333041621362,0.05410185435672195,0.05403124719405864,0.055294838061721294,0.05920611663725472,0.04580731547985194,0.03993270709826171,0.050485958708330364,0.05021231261800843,0.050534909926176805,0.024518828364850205,0.031242201866455856,0.03431331298629817,0.030607049414497906,0.037363923761367206,0.023436470252023656,0.027125330487167466,0.02301605140016546,0.010838684820835191,0.016657651060326597
T:CC,0.03511512248571764,0.08987678271358049,0.07634758180711781,0.07086265663243742,0.04838014784798578,0.050986043974877195,0.051463691243726094,0.05764617399216881,0.043369099199548844,0.0409887173270556,0.05037153216316012,0.05167583650161411,0.04984976869623981,0.022497576850752384,0.030895452852549642,0.034899146868740315,0.03557320064373283,0.04349758762643184,0.02220676764238432,0.03605247246176747,0.02549339459046285,0.011363065772914226,0.02058818010503441
T:GA,0.038278687760251305,0.08751814766284702,0.08041955199375499,0.07594312501722368,0.05520423530447015,0.054497944505190854,0.055947645178280166,0.05979251979912119,0.04640524971277188,0.03964183748007317,0.05053611214146306,0.04966687819397233,0.05064250811099028,0.02499239378604735,0.03098389325393548,0.03393429684778454,0.029872419475615457,0.03613912262487084,0.02372407767333805,0.02641559274624632,0.022637521341904436,0.01093492359175394,0.015871315798093526
U:AA,0.03933977893771556,0.08527535320207986,0.0845934475259859,0.0800103515576611,0.06224697821771169,0.05736543027328839,0.06022377366926288,0.0616011704664177,0.04911316135662105,0.03826171826388243,0.049815925301614467,0.047780285650284866,0.051434485137589754,0.027646380507569335,0.030990329882173977,0.033046419003149294,0.02495364834415102,0.03044866136402697,0.024857532984728342,0.018752800631399003,0.019980073032842306,0.010356377689516435,0.011905917000327667
U:AG,0.03700768548677151,0.08857095120613297,0.08022699155124169,0.07560242160604597,0.05428394419387097,0.054166602296929545,0.055605602534046394,0.05921229205445004,0.04587363056041734,0.03979138724885822,0.050214595711515674,0.050240319984443546,0.05049778712198016,0.024768529968588984,0.03109054759819621,0.034455679345449776,0.030479613832600606,0.03730093983595709,0.023500989451441807,0.02685221969766869,0.023016881784422655,0.010719486417843736,0.01652090051112642
U:CC,0.03580653259952953,0.08966461961755179,0.07613570593911,0.0707601650028846,0.04828764252380657,0.05113509599580025,0.051417927249672694,0.05766091734669805,0.043230725458996644,0.04090128315683527,0.04994876012362878,0.0516183504467398,0.04978649510370907,0.02227740246465336,0.0308170262528568,0.03466061223589261,0.03574637317194424,0.043792074299227705,0.022277093241175668,0.03661898636482167,0.025542292170359502,0.011346630829314794,0.0205672884047906
U:GA,0.037547908961005814,0.08796773240659415,0.0806487879302187,0.07597010670975508,0.055287774982711396,0.05445792773164827,0.056259652322044974,0.059646716223292956,0.04643742578193055,0.03954883289492789,0.05033503293145995,0.04989724160382643,0.05066849915811415,0.025230346391400663,0.030937539782910407,0.03411180466785774,0.02976480357431466,0.03620795443876162,0.023743509777672492,0.026169272300214617,0.022581180764375305,0.010786987608068175,0.015792961056893998
