 ,X,1,2,3,4,5,6,7,8,9,10,11,12,13,14,15,16,17,18,19,20,21,22
B:AA,0.04929448173455242,0.06599428309637564,0.06092250731187384,0.11439077067702724,0.055022009993956705,0.03127467571488919,0.06772822353552156,0.05326809524092847,0.03044382925446511,0.028765136917546882,0.045928597352680935,0.0484840345734124,0.04077904923965862,0.016264616310429737,0.05164890086025545,0.05085502812978374,0.048447060843460024,0.038219787150311386,0.009311855137776017,0.03569664882011303,0.007158029121699669,0.0374169897264029,0.012685389256879027
B:AG,0.04646196385095559,0.06681204204502006,0.0574854973741749,0.10325540795877165,0.04566915187148703,0.033735608076182075,0.06431428657793183,0.04689204446322917,0.0304015552902832,0.02979116961244487,0.044210802076477984,0.052713776844905295,0.04099447789221257,0.013274164988680554,0.05421561197925643,0.04597354924688165,0.0563198781562004,0.047130153211577916,0.00857721803071868,0.04669795136323887,0.008402746364333961,0.03545168805314545,0.021219254671889856
B:CC,0.043124185626941966,0.06585531337460775,0.05530283755201065,0.09326707838284465,0.03899802879957235,0.03394923709146421,0.06135072204531962,0.043003394987959485,0.030514413921249643,0.029817940236903852,0.042809358961508906,0.05536130536130536,0.04194647689686278,0.011033710868330493,0.055834187862853796,0.041519854640031044,0.06266464149595351,0.05540692310262321,0.008128310498762538,0.05847294932190191,0.009754486601234121,0.03454034021839975,0.02734430215135838
B:GA,0.047381610478073384,0.06657679071912584,0.05756941465601486,0.1041324659659353,0.04661013942597651,0.03357511683335645,0.06515769681058645,0.04789312932783327,0.030207994014003876,0.0296790590117301,0.044911742034529134,0.052405847956988556,0.0409892374627891,0.01368716074786249,0.052819965361207775,0.046236014668270674,0.0548957127237895,0.04627665235746976,0.008770645397459177,0.046906214018712686,0.008257836462327894,0.035543142067426314,0.019516411498530915
N:AA,0.06616547717839501,0.07151062279158331,0.08457043158802911,0.06405318140383803,0.07670539878449786,0.07027675802740546,0.0614168437868861,0.050881607894294335,0.05224110051759496,0.043151502748166495,0.04122863514975575,0.04297544228591597,0.04150400886219442,0.04194820256492317,0.03097408841913341,0.024513143099592506,0.02381551497106209,0.02076096100832448,0.03145684226107452,0.01366019792376273,0.020048263983286078,0.016029590143534177,0.010112184606750046
N:AG,0.06307913761275542,0.07526439773461108,0.08425137534025497,0.06124309810342717,0.06932722696932264,0.06686791177666129,0.059130017988150714,0.05090428724052396,0.05200506765734291,0.04357114191723211,0.04333915136551193,0.044259589438096616,0.04180312540565507,0.03819943547027648,0.031096049730436153,0.02634266604498166,0.0266901845751543,0.024460443769736856,0.030286324534905564,0.016906622090944432,0.02269171231466059,0.015430065648179406,0.012850967271178673
N:CC,0.06134090263938475,0.07779564508166147,0.08405903192613413,0.05846000621172201,0.06369769595415087,0.0634853309361398,0.05748967118012194,0.051280337595842836,0.05140156840703347,0.044224758667000284,0.045192898274954915,0.04456378877286283,0.041607451798614394,0.035368703156316544,0.03114354400544248,0.027657705829938442,0.029604739002880198,0.02770055277932642,0.028477672435976636,0.019956877416379616,0.024865687871614278,0.01514024459733533,0.015485185459166372
N:GA,0.0639420809707113,0.07426120751679055,0.0837298869249391,0.061148795487952136,0.07006803950351043,0.06712652993505695,0.05911016687984662,0.05091228107666086,0.051964580515013306,0.04341950975042909,0.043122290200673485,0.04427914873251362,0.041673352982646183,0.03863005630619159,0.031042156609087983,0.02605643464847887,0.02669290640403944,0.024287370431513487,0.03073783042508676,0.016628364578876707,0.022588994332772717,0.015825533881045482,0.012752481906163335
Q:AC,0.05333566245256936,0.0790223840669628,0.08237197741597153,0.06790348200830916,0.06463733523248226,0.06220589573718107,0.058249307496866264,0.05462897546986463,0.04972039954632934,0.041842057110987096,0.04589727207001282,0.04607103744720766,0.04573899983103838,0.03358129884455074,0.03108094312155286,0.029178396634789678,0.02836327521213284,0.028559970706061432,0.027614191845250317,0.02043796005843111,0.022081831694195145,0.013866396130299892,0.01361094986695361
Q:AT,0.056360143137279474,0.07640838840322849,0.08473409865145028,0.07083045626801814,0.07215145632253378,0.06534988559392392,0.06111294614951286,0.05487653333256219,0.05124273780874923,0.04122422694812443,0.044565661404783304,0.045187044143348204,0.045700881671689994,0.03683366997719733,0.031087683668511664,0.02751989508292892,0.02435463234559357,0.023518293065843285,0.02837499530976323,0.014782671296818425,0.019493909261206758,0.013799872568364374,0.010489917588568182
Q:CA,0.05298941041657668,0.07937018226388981,0.08225804452682978,0.06730497488681099,0.06353753837506558,0.061644139058612296,0.05761066255648656,0.0545457603219916,0.049608372132004426,0.04198576420141533,0.04628190863911243,0.04649824983852504,0.045523262518550704,0.03298997799062664,0.031023523792498682,0.029417198426822454,0.02911236798266497,0.02921189798751016,0.02737392002348161,0.0209371758025575,0.022754375193229558,0.013829593673709254,0.014191699391027946
Q:CG,0.04533637324095246,0.08140951254630263,0.07515463001630686,0.057352778267535084,0.0515306225974662,0.053693605664598534,0.05179659966146878,0.05562296764046262,0.0458673333825071,0.04304057301879306,0.047607769381981725,0.0456930087243219,0.04510532280429764,0.028875957620256593,0.030706675009754776,0.031054398890464338,0.03944724344935509,0.04278693509693493,0.02591267835887216,0.03789556204929569,0.026511229579062504,0.015845480761769278,0.021752742237240025
Q:GC,0.049112651095743275,0.08201603708858975,0.0805185509036773,0.06426354560398269,0.05782057242878109,0.05841418446672133,0.05505998420985027,0.054434278043015136,0.048117870530780385,0.04264302443364837,0.0472104474360538,0.04724578331449198,0.045361219299449515,0.03038934050663792,0.03109997889467448,0.030679214355450013,0.03293629662224977,0.034356158669719215,0.026093852594349928,0.026389288347615343,0.024781865623951863,0.013789529467491223,0.017266326063075377
Q:TA,0.05615743911416576,0.07674365482383387,0.08531839434613521,0.07194535367616452,0.073537975008719,0.06600966396685377,0.06196931955637422,0.054827152540188,0.05131640766111772,0.04112963256830479,0.044059658677238475,0.04489837801160071,0.04602612272717379,0.03738455119343676,0.03128693556134967,0.027376627526888034,0.02323422918494199,0.022741291032271377,0.02831898261547264,0.013838992926426092,0.0186041074326772,0.013515151626358449,0.009759978222307937
T:AA,0.03970979995453605,0.08478394438973559,0.08392561851577306,0.07917777255326283,0.06112444753814401,0.05736420124065805,0.05945344491114616,0.06108378859269111,0.04842755804633312,0.039124592033539504,0.05060394147911375,0.047566595853252056,0.05215056633626997,0.027755991529506672,0.03152812480158952,0.03322428230684325,0.02629244210933525,0.030567162944325304,0.024505017746978455,0.019029280937369625,0.02005393030143453,0.010387003172715905,0.012160492705446231
T:AG,0.03744494433640974,0.08802217585230829,0.07934958244231431,0.07519534184314068,0.05414262558484278,0.05413608512452404,0.055229732130434056,0.058976698037669334,0.04584254215523231,0.04013211638687607,0.04998439690010895,0.05050641451087948,0.051323618820286236,0.02478987147505509,0.03112373756724297,0.0338945796527624,0.03206543851330916,0.037216119381495334,0.023227316763506308,0.02715182084535176,0.02304654254232729,0.010905602276864134,0.016292696857059277
T:CC,0.03507145836320748,0.08959554868140562,0.07571067851050305,0.07069286536859457,0.04845854121109975,0.05097844264192396,0.05146831249069256,0.05736602289522026,0.04352855474542706,0.04113597922689786,0.04996114268161121,0.05186700652755356,0.05043298889235652,0.022792704395620117,0.030787987284918286,0.034355184005186105,0.03729394773285989,0.04335974655621452,0.02199870952514456,0.03598079276567893,0.025531783253457917,0.011541077457487791,0.02009052478693842
T:GA,0.038286599024485626,0.0870492882357693,0.07978173246801673,0.07571864200051799,0.05521907916362373,0.05464449766906627,0.05588186600087663,0.059537715771531774,0.046471378010229956,0.039855237468292386,0.05003643299895864,0.049972203945439504,0.051460693079714064,0.025277215225530017,0.03085516874539724,0.033528031762034206,0.03132939234383106,0.036003727477221976,0.023502024475653627,0.02644351783622183,0.022639549401403853,0.010984209407758804,0.015521797488424796
U:AA,0.03934303180617793,0.08469109335969807,0.0839507387453721,0.07984662228309983,0.062205368782927616,0.057666714704728346,0.06024861277550347,0.061206437880731074,0.04890730576181232,0.038522576233312976,0.04936683330086238,0.04815621973905811,0.052502205637443365,0.027950328475372953,0.030836702118493528,0.032717081266282554,0.026077331861179213,0.03038000752117889,0.024651649242527194,0.018805339277182795,0.01998571915947294,0.010330162567986263,0.011651917499596095
U:AG,0.03698672899401785,0.08815182603149178,0.07959409357972436,0.0753888333004882,0.05432026833313745,0.05431299918528463,0.05560097802190621,0.05888453598181007,0.04586975581219919,0.0399792298079236,0.04977303192510718,0.05053008338586283,0.0512910257046038,0.025062146263199605,0.03096414680374928,0.034009372238138824,0.031911524126074564,0.037218666067334746,0.02330175436107225,0.026852593295872293,0.023049908676087926,0.010786483471559558,0.016160014633353793
U:CC,0.03576927135720274,0.08925120283093685,0.07548002391171862,0.07059167912538473,0.04835621561612458,0.051159659539886826,0.05139817335654701,0.0574663798975058,0.043465265370313956,0.041103713468448905,0.04941523585548616,0.05185804457249423,0.05035114432542049,0.022587566217143137,0.030676039941724253,0.034135754921522495,0.03745241341578206,0.04365755132701841,0.022080050136963368,0.03656120914529075,0.02558582537406094,0.011524907171745093,0.020072673121278594
U:GA,0.037514868296947064,0.08753552022150103,0.08000843080615014,0.07574189200976131,0.05530593855760845,0.054637901050479165,0.05623990400630971,0.0593086575300387,0.04644539540582089,0.039737226468099,0.04990356818184245,0.05019612497747816,0.05150641715855731,0.025518208942166137,0.030811928045674144,0.03367780298750501,0.031191916245485802,0.036129238649579246,0.023540406283361046,0.026166149985994192,0.022599062423012968,0.010837485920513508,0.015445955846114572
