,X,1,2,3,4,5,6,7,8,9,10,11,12,13,14,15,16,17,18,19
ACA,0.060426954,0.076240457,0.070248447,0.061547184,0.058846357,0.058580236,0.057732338,0.054956232,0.049560262,0.047637195,0.050119303,0.046123423,0.045787418,0.046180792,0.047704516,0.03896358,0.037296418,0.035790959,0.034217031,0.022040897
ACC,0.059669789,0.074218197,0.070634318,0.058764809,0.060330097,0.059211017,0.056603179,0.058394047,0.049803327,0.048513313,0.048998873,0.049341829,0.045653765,0.045596732,0.046494665,0.039253932,0.035780929,0.03662897,0.033363194,0.022745015
ACG,0.043997138,0.071311089,0.071368014,0.058091306,0.060725067,0.062529198,0.055845491,0.055529417,0.052769116,0.049892629,0.052866274,0.051890162,0.045225561,0.047347773,0.045286286,0.040504279,0.036393417,0.038861993,0.034365854,0.025199936
ACT,0.063519814,0.07627115,0.07033162,0.062242056,0.059068698,0.057383162,0.05788686,0.05494342,0.048435124,0.047302239,0.049535987,0.045680388,0.045941253,0.046033864,0.047750062,0.039051944,0.037199225,0.035110493,0.034182463,0.022130178
ATA,0.074587394,0.078591691,0.06823697,0.066179478,0.057440723,0.055682806,0.05847881,0.051087997,0.047562371,0.043746386,0.051205874,0.04008237,0.045783254,0.045366638,0.049174497,0.039184832,0.039198611,0.033742098,0.034171661,0.020495539
ATC,0.067607603,0.076492258,0.069161419,0.062850034,0.058851667,0.056955178,0.057868728,0.055559015,0.048548502,0.046275841,0.04975709,0.044063025,0.045615193,0.04587367,0.04798994,0.039011844,0.037149845,0.034901831,0.033897857,0.021569459
ATG,0.064704095,0.076702961,0.069742009,0.062503858,0.058342012,0.057524157,0.057989792,0.054812596,0.049070436,0.046593418,0.049985626,0.044270839,0.045968181,0.046139783,0.048141445,0.03917067,0.037678178,0.034942228,0.03415918,0.021558535
ATT,0.073153142,0.078246399,0.068795196,0.066487615,0.057760323,0.055465486,0.05852287,0.051486377,0.047264811,0.044254781,0.050668435,0.040509159,0.045762025,0.045760006,0.049209993,0.038916348,0.038872178,0.033750007,0.034353001,0.020761849
CCA,0.060239792,0.07412408,0.070816979,0.058611505,0.060476681,0.059126589,0.056665168,0.058947271,0.049742827,0.048541848,0.048621865,0.049328909,0.045581441,0.045311837,0.046490315,0.039256034,0.035659225,0.036552916,0.033286374,0.022618343
CCC,0.055720284,0.072341149,0.071211621,0.05596905,0.061656884,0.061206399,0.055804766,0.060643662,0.050772969,0.049477016,0.048610577,0.052672784,0.045438526,0.044560278,0.045288841,0.039904651,0.034698298,0.0378561,0.032703205,0.023462943
CCG,0.043192328,0.068644105,0.0721235,0.054018472,0.064127058,0.06461954,0.053898399,0.059299153,0.053652725,0.050704371,0.051099707,0.057364866,0.044570475,0.045105116,0.043139911,0.040904308,0.034109785,0.040796467,0.032747743,0.02588197
CCT,0.058078701,0.07393654,0.070928034,0.057979349,0.060765639,0.059237063,0.056768308,0.058982243,0.049829093,0.049102886,0.04852933,0.050339757,0.045785214,0.045287599,0.046486821,0.039401495,0.035675846,0.036764611,0.033229939,0.022891532
CTA,0.067557329,0.07684962,0.069676808,0.062726328,0.05881556,0.056537499,0.057878843,0.05446583,0.048112885,0.046572327,0.049672685,0.044611002,0.045886316,0.045754755,0.047950803,0.038983554,0.037371461,0.034691807,0.034120323,0.021764265
CTC,0.056388642,0.0744116,0.07086561,0.058601756,0.060598938,0.059427,0.057001697,0.058164693,0.049987059,0.049293935,0.048993454,0.050049039,0.04579036,0.045459131,0.046479836,0.039400971,0.036000247,0.036648943,0.033505854,0.022931235
CTG,0.055430488,0.0738325,0.071562225,0.058100553,0.060914871,0.059723584,0.056726676,0.058703945,0.050002973,0.049499112,0.048534192,0.050709536,0.045928424,0.045407167,0.046437226,0.039405238,0.035710983,0.037014271,0.033406219,0.022949817
CTT,0.063792314,0.076474118,0.070158708,0.06217996,0.059058449,0.056925918,0.057864194,0.055023846,0.048588595,0.047285843,0.049655882,0.045726728,0.045763365,0.046295553,0.047734727,0.038967787,0.03707846,0.035024844,0.034211303,0.022189406
GCA,0.056551025,0.074563322,0.07126041,0.059296301,0.059919126,0.059331136,0.057214799,0.057135701,0.050125527,0.048957024,0.049024483,0.049102016,0.045997327,0.045842533,0.04689918,0.03935069,0.036439478,0.036419688,0.033850824,0.022719409
GCC,0.05265972,0.071811238,0.072468972,0.055241214,0.062222037,0.061163646,0.055804709,0.060619115,0.050846498,0.050457651,0.048190732,0.054111912,0.045570398,0.04461082,0.04512972,0.039748892,0.034789696,0.038029716,0.032759169,0.023764144
GCG,0.04072089,0.068096262,0.072828168,0.053756227,0.063977869,0.065405939,0.054125219,0.05883826,0.05389885,0.050935085,0.051481511,0.057760132,0.044530511,0.045202796,0.042884278,0.040929459,0.034254674,0.041135827,0.03298309,0.026254952
GCT,0.055148469,0.074284833,0.071733231,0.058507464,0.060602437,0.05952599,0.056728256,0.057543364,0.050077605,0.049551349,0.048866385,0.050535266,0.045982898,0.04572013,0.046387595,0.039417083,0.035961429,0.036638931,0.033696494,0.023090791
GTA,0.066929543,0.076887076,0.069610832,0.063108009,0.05848936,0.057053567,0.057891643,0.05377006,0.048239022,0.046279753,0.050240385,0.044139665,0.045830436,0.045984277,0.048137573,0.038997715,0.037739536,0.034850109,0.034120531,0.021700905
GTC,0.057143295,0.074449797,0.070931532,0.059213357,0.060213691,0.059077678,0.056881359,0.057761624,0.049977199,0.048668674,0.049280032,0.048843623,0.045946769,0.045938788,0.046834519,0.039484971,0.036163493,0.03665246,0.03375025,0.022786889
GTG,0.053979889,0.074504594,0.071169226,0.058737162,0.059894632,0.060564616,0.057164169,0.057374746,0.050849045,0.0493525,0.049418727,0.049607979,0.045720912,0.045900369,0.046504635,0.039244236,0.036332219,0.03696,0.033852095,0.022868251
GTT,0.064932685,0.076558572,0.069831318,0.063043977,0.058728291,0.057069579,0.057808505,0.054077697,0.048357059,0.046778872,0.050273453,0.044919511,0.045690467,0.046360743,0.048002304,0.038829449,0.037353013,0.035041873,0.034323119,0.022019512
TCA,0.063494161,0.076194211,0.070076752,0.062241098,0.059047281,0.057534031,0.057864324,0.055419872,0.048784763,0.047032226,0.049524473,0.04528918,0.045926897,0.04609181,0.047914258,0.039175035,0.03724175,0.035200412,0.034044175,0.021903292
TCC,0.060854968,0.074604441,0.070177665,0.059362011,0.060266594,0.058612541,0.057007014,0.058348412,0.049609801,0.048235902,0.048863269,0.048429803,0.045625373,0.045506073,0.046911149,0.039323103,0.035943591,0.036351086,0.033437223,0.02252998
TCG,0.050495767,0.071278319,0.070954993,0.058188697,0.060993407,0.061648024,0.055649699,0.056835137,0.051904504,0.049204331,0.051835541,0.051531224,0.045051891,0.046595924,0.04490575,0.0400706,0.035938214,0.038368413,0.033894759,0.024654807
TCT,0.062907013,0.076246497,0.069986394,0.061657497,0.059436733,0.057354481,0.05774657,0.05575363,0.048846189,0.047535757,0.049610948,0.046256651,0.045728224,0.045894891,0.047550313,0.039020417,0.036914525,0.035411598,0.034015483,0.022126187
TTA,0.069337968,0.078170695,0.069449265,0.065932886,0.057821558,0.056053807,0.058430559,0.050806053,0.047511991,0.045157029,0.051129976,0.041856075,0.045961396,0.045997646,0.048813347,0.038972335,0.038905275,0.033879771,0.034532935,0.021279434
TTC,0.066124386,0.076747729,0.069612973,0.063152425,0.058865613,0.056528576,0.058069439,0.054623801,0.048324554,0.046507001,0.04976153,0.044428691,0.045672719,0.046208553,0.048127836,0.038947483,0.037373374,0.034880362,0.034224697,0.021818259
TTG,0.067357418,0.076576985,0.06963491,0.062998994,0.058752438,0.056672731,0.057783742,0.054865918,0.048249451,0.046380432,0.049722882,0.044381374,0.045602998,0.046126877,0.048134341,0.038814614,0.037205569,0.034881045,0.034126968,0.02173031
TTT,0.071022618,0.077503824,0.069424291,0.065323326,0.058222194,0.055787822,0.05825693,0.05182438,0.04734714,0.045295055,0.050556639,0.042621305,0.045642985,0.04598667,0.048561154,0.038531442,0.038212182,0.034172478,0.034320358,0.021387208