,X,Y,1,2,3,4,5,6,7,8,9,10,11,12,13,14,15,16,17,18,19
B:ACA,0.038793103,0,0.057253857,0.056601633,0.05986275,0.057735935,0.059806034,0.038566243,0.105660163,0.11385549,0.073049002,0.045315336,0.061507486,0.025947142,0.031675363,0.034936479,0.024188975,0.041090064,0.034823049,0.01573843,0.023593466
B:ACC,0.032715053,0,0.054755708,0.062003756,0.055085165,0.053404935,0.057061905,0.036635588,0.112048232,0.126280763,0.069218858,0.045201463,0.069680098,0.024873983,0.026092973,0.030771258,0.023622047,0.040391395,0.040028992,0.01202517,0.028102659
B:ACG,0.025326651,0,0.051011276,0.05575443,0.064077322,0.052085198,0.061303025,0.038482191,0.099516735,0.140594237,0.070789332,0.043672812,0.061034544,0.029801325,0.024610703,0.032933596,0.028995883,0.035707893,0.046178629,0.012260605,0.025863612
B:ACT,0.037454532,0,0.057406274,0.060647531,0.060647531,0.05945907,0.056505924,0.038967119,0.102819894,0.110959052,0.074440883,0.040947888,0.065005222,0.026146145,0.032160478,0.036914323,0.022652789,0.045665718,0.031872366,0.01613426,0.023192999
B:ATA,0.052207364,0,0.073212432,0.057763937,0.064908103,0.061671857,0.04610124,0.040911034,0.098186481,0.073456677,0.083470721,0.042742871,0.063992184,0.024668743,0.043475606,0.042803932,0.024363437,0.04463577,0.025279355,0.018318373,0.017829883
B:ATC,0.041892642,0,0.062604091,0.058589913,0.062262459,0.054063287,0.057137977,0.037323312,0.105265405,0.10266046,0.07503096,0.04526626,0.066959901,0.024811035,0.031686382,0.036640048,0.023956954,0.039970961,0.033437246,0.016868087,0.023572618
B:ATG,0.045189744,0,0.059605701,0.054997861,0.059671527,0.055326992,0.058124609,0.038047592,0.102557351,0.105322055,0.075864793,0.040647731,0.06776816,0.027679953,0.032123227,0.038277984,0.024981075,0.039166639,0.034591712,0.016160353,0.023894941
B:ATT,0.051619003,0,0.068588986,0.054738832,0.067218152,0.061498464,0.054266131,0.036681636,0.095674781,0.069345308,0.081351926,0.047128338,0.063956511,0.026329473,0.045852044,0.045332073,0.024202316,0.042448594,0.02552588,0.019380761,0.018860789
B:CCA,0.034157136,0,0.051838219,0.061303186,0.054029184,0.054204461,0.05917795,0.038429517,0.109219578,0.127404583,0.070395688,0.044783314,0.068949652,0.024341615,0.026401122,0.029556111,0.023662416,0.04191315,0.039722186,0.013189606,0.027321327
B:CCC,0.030309284,0,0.048262698,0.064926355,0.049939381,0.054917842,0.057445766,0.037789873,0.110790105,0.144117419,0.064565223,0.048133722,0.070756055,0.024273222,0.020713493,0.026027291,0.024556969,0.039260196,0.044625584,0.011324064,0.027265458
B:CCG,0.022398039,0,0.047693336,0.072152886,0.054936483,0.053432137,0.058168041,0.034767105,0.102406953,0.142021395,0.05978382,0.047247604,0.073824382,0.029306887,0.022342322,0.027189659,0.02925117,0.036382884,0.044796078,0.0121462,0.029752619
B:CCT,0.034462952,0,0.052776919,0.060243892,0.05089913,0.053638492,0.060464808,0.037158132,0.11085583,0.132660275,0.070869969,0.044669288,0.066981841,0.0237706,0.024411258,0.029691159,0.023969425,0.041841559,0.04131136,0.012813149,0.026509963
B:CTA,0.042747658,0,0.061652001,0.062673858,0.057167187,0.058189043,0.052625603,0.036957139,0.100879932,0.102242407,0.079137099,0.043769515,0.063128016,0.027930741,0.033494181,0.03655975,0.02531933,0.043542435,0.032812944,0.016236162,0.022934999
B:CTC,0.032605573,0,0.054462319,0.058412334,0.054629896,0.055443838,0.061644164,0.03830317,0.10837403,0.127429857,0.070406014,0.042779853,0.07011874,0.024968879,0.025184334,0.032701331,0.023412812,0.041918031,0.038949536,0.012975199,0.025280092
B:CTG,0.031047683,0,0.050981707,0.060172526,0.053857145,0.055091996,0.06195424,0.037733519,0.10672641,0.133981336,0.070492353,0.047277153,0.064988445,0.023532732,0.025261524,0.030818353,0.024009032,0.043272708,0.039497592,0.013918535,0.025385009
B:CTT,0.040646831,0,0.059689521,0.058111255,0.058059508,0.059430789,0.056455369,0.037309185,0.103311772,0.106416559,0.077516171,0.041630013,0.06626132,0.024838292,0.032108668,0.035730918,0.023725744,0.045950841,0.033040103,0.017283312,0.022483829
B:GCA,0.032907662,0,0.050671251,0.059020956,0.057411046,0.05309976,0.061149312,0.038064833,0.10248854,0.132531107,0.071108928,0.046741978,0.063823401,0.024394237,0.027041039,0.03228007,0.025267409,0.041421087,0.040220476,0.01500764,0.025349269
B:GCC,0.030940339,0,0.04742981,0.065390173,0.049416804,0.052332783,0.06038398,0.036720685,0.106162263,0.141953964,0.06784166,0.044875103,0.0690545,0.024566474,0.022373039,0.027172791,0.026940545,0.040410818,0.04425578,0.013134806,0.028643683
B:GCG,0.023566585,0,0.043315121,0.074057007,0.056875782,0.050490422,0.061088803,0.035415707,0.097689421,0.147389902,0.060957146,0.046277401,0.072806267,0.029162004,0.022250016,0.029162004,0.031729313,0.032782569,0.046079916,0.011980778,0.026923836
B:GCT,0.031174517,0,0.052662037,0.06031099,0.053995572,0.056612319,0.062198068,0.036936393,0.101046699,0.130334138,0.070777979,0.045843398,0.065368357,0.026091989,0.02611715,0.031325483,0.025211353,0.043880837,0.039930556,0.014694042,0.025488124
B:GTA,0.040977063,0,0.060933426,0.059869086,0.060773775,0.060188388,0.055132776,0.037464744,0.099462509,0.102389442,0.077324251,0.041509233,0.063966793,0.028151775,0.035495716,0.040178809,0.024479804,0.040710979,0.033526688,0.015539354,0.02192539
B:GTC,0.03232096,0,0.055080615,0.05751781,0.058342707,0.05448069,0.057930259,0.036707912,0.109373828,0.130371204,0.068653918,0.043269591,0.068728909,0.025834271,0.025571804,0.032433446,0.024109486,0.041769779,0.03832021,0.013648294,0.025534308
B:GTG,0.031901391,0,0.052209968,0.059148732,0.057964065,0.053733111,0.060107748,0.03864271,0.109920176,0.135108453,0.068061941,0.043437791,0.062279638,0.024511325,0.026119087,0.030350041,0.025413928,0.039940203,0.041209489,0.012862099,0.027078103
B:GTT,0.038931395,0,0.058629581,0.060109059,0.060996745,0.059432726,0.057995519,0.039185019,0.101661242,0.097856871,0.077862789,0.047174198,0.064632033,0.027137845,0.0338589,0.036352877,0.02202308,0.044468868,0.030899945,0.016739232,0.024052078
B:TCA,0.039850811,0,0.061282456,0.056089514,0.059101994,0.056261655,0.058241285,0.037010472,0.106613111,0.110916655,0.073992254,0.041600918,0.065930283,0.026022092,0.030124803,0.037383446,0.023439966,0.042260795,0.03382585,0.016496916,0.023554727
B:TCC,0.033449284,0,0.05338778,0.060294414,0.054597701,0.055656382,0.060521274,0.038465416,0.108842509,0.125907441,0.069570478,0.045472878,0.068587417,0.025156282,0.026366203,0.03004638,0.023290986,0.042296834,0.039070377,0.013309135,0.025710829
B:TCG,0.03229194,0,0.049531811,0.065809049,0.06414632,0.050319419,0.057932966,0.032817012,0.100026254,0.131355561,0.068609434,0.0421808,0.072284939,0.028003851,0.025028441,0.033254573,0.029666579,0.033779645,0.043668504,0.011464076,0.027828826
B:TCT,0.038385239,0,0.05908363,0.056956428,0.058318793,0.058008079,0.057649561,0.038146227,0.106216688,0.108559,0.077439709,0.044575635,0.068189966,0.023757738,0.030378355,0.036090729,0.023279715,0.044408327,0.032935778,0.015989866,0.021630536
B:TTA,0.047153829,0,0.070702507,0.054777502,0.066975378,0.065958889,0.055172803,0.038683081,0.088829907,0.071549582,0.082109781,0.043878473,0.060763497,0.026598148,0.046024396,0.046645584,0.02394398,0.046984414,0.025186356,0.018353287,0.019708606
B:TTC,0.041147792,0,0.057863212,0.059506895,0.058615406,0.059562613,0.057306031,0.037080373,0.10374704,0.102716256,0.078924641,0.044518735,0.065440869,0.025268143,0.032817941,0.03602173,0.024237359,0.044490876,0.032344338,0.01671542,0.021674328
B:TTG,0.042545369,0,0.061094215,0.057818923,0.060893687,0.057150496,0.055713379,0.038000067,0.104441696,0.098927175,0.075799606,0.045018549,0.067410849,0.026336018,0.03435714,0.035927944,0.021991244,0.043414324,0.031416062,0.018214632,0.023528625
B:TTT,0.047723343,0,0.066599424,0.054726225,0.069596542,0.061152738,0.055907781,0.040028818,0.092449568,0.072478386,0.081613833,0.047146974,0.060201729,0.027492795,0.043832853,0.046167147,0.023285303,0.045994236,0.025360231,0.020230548,0.018011527
N:ACA,0.04509041,0.001778263,0.049580083,0.054650774,0.040759195,0.040230998,0.050266739,0.095515608,0.095057838,0.034121521,0.041762769,0.031744634,0.039826047,0.094107083,0.053383101,0.07009173,0.037519587,0.02741342,0.055883233,0.022131451,0.019085515
N:ACC,0.039962329,0.001603584,0.05100924,0.057856288,0.042584061,0.04182045,0.053325528,0.095807774,0.086695345,0.036500624,0.044442182,0.030824446,0.046020312,0.089826151,0.046096673,0.062692494,0.038511467,0.028253621,0.063074299,0.022017461,0.021075674
N:ACG,0.037669217,0.001597578,0.054233583,0.053645001,0.053224586,0.042882368,0.06264189,0.060707979,0.073152274,0.045068528,0.052551921,0.039266796,0.04977718,0.077860927,0.05305642,0.06154881,0.041705205,0.022618347,0.068948121,0.023879593,0.023963676
N:ACT,0.047040971,0.00199307,0.049079338,0.051593323,0.041786515,0.039634906,0.048649016,0.104885285,0.092179467,0.033633049,0.040631441,0.032364732,0.039521663,0.097365977,0.048716961,0.071931692,0.036418816,0.025796662,0.053586393,0.023056191,0.020134532
N:ATA,0.064708129,0.003405691,0.061015978,0.054554714,0.040868292,0.041154752,0.047488701,0.10388949,0.098796868,0.034407028,0.045356165,0.034979948,0.03405691,0.069959896,0.057833089,0.053568018,0.035011777,0.026067859,0.048984658,0.023521548,0.020370488
N:ATC,0.056004759,0.001920009,0.050623327,0.05270559,0.042132021,0.038670597,0.053030098,0.105438222,0.099002136,0.033099867,0.043240758,0.034073393,0.039535953,0.083587982,0.048324725,0.058763082,0.03734552,0.026339274,0.053895454,0.021877282,0.020389951
N:ATG,0.052375228,0.001761731,0.053121373,0.055380534,0.042053557,0.040063837,0.051028022,0.092646327,0.101454983,0.034716465,0.045577019,0.033265628,0.040934339,0.080438567,0.054800199,0.055815785,0.038322832,0.027255016,0.057017907,0.022633063,0.019337589
N:ATT,0.060072551,0.003748489,0.055429262,0.053035067,0.041692866,0.042587666,0.050471584,0.104836759,0.097775091,0.035235792,0.044885127,0.035090689,0.03688029,0.070519952,0.057267231,0.053929867,0.036203144,0.026287787,0.046723096,0.027472793,0.019854897
N:CCA,0.041390357,0.001249399,0.050056063,0.057680602,0.043152331,0.042511613,0.052122377,0.096604197,0.093272465,0.03639276,0.042431523,0.031443216,0.047108762,0.08981259,0.043072241,0.061781195,0.038459074,0.028656095,0.061076406,0.021287842,0.020438892
N:CCC,0.034069943,0.000440288,0.04948004,0.064680476,0.047425361,0.045831936,0.053945824,0.085415968,0.08659007,0.041009728,0.043295035,0.034258638,0.050192888,0.079230963,0.039080845,0.059585709,0.039395337,0.026585039,0.073591077,0.020358101,0.025536733
N:CCG,0.030969938,0.000964265,0.050652297,0.06551333,0.053488372,0.049517867,0.059614294,0.059784458,0.06477595,0.052183778,0.048610323,0.038003403,0.055813953,0.083096994,0.042768009,0.051559841,0.036925695,0.025354509,0.076630743,0.024673851,0.029098128
N:CCT,0.039425745,0.001286894,0.050489688,0.061670622,0.043486981,0.042634622,0.051759869,0.091987833,0.089363907,0.036734967,0.043303139,0.031754521,0.04520841,0.088227429,0.042601197,0.066183107,0.037821306,0.028294949,0.063910151,0.021977471,0.021877194
N:CTA,0.052396838,0.00228443,0.055188919,0.057944739,0.040031909,0.041953731,0.051018928,0.094205526,0.094423091,0.035970701,0.042606425,0.033831315,0.038291392,0.08427007,0.051417797,0.055587787,0.038654,0.027848285,0.052759446,0.026361593,0.022953079
N:CTC,0.040412378,0.001176719,0.048192771,0.062524149,0.044943623,0.044399171,0.051354104,0.095050757,0.089781868,0.036179704,0.041027082,0.031367452,0.043046823,0.086813727,0.04273069,0.069707401,0.036056763,0.027450912,0.064052127,0.021479504,0.022252274
N:CTG,0.037475985,0.001207228,0.046160237,0.05954359,0.042603458,0.04166883,0.050417986,0.104211018,0.087829067,0.034685082,0.040305831,0.029752324,0.045874656,0.096980632,0.042136144,0.07412119,0.03726829,0.027740277,0.059206085,0.02062672,0.020185368
N:CTT,0.049668931,0.001974502,0.052341316,0.055217961,0.045907164,0.039592163,0.052409403,0.084512077,0.094095219,0.035506987,0.044205008,0.034213348,0.039932595,0.079371564,0.053226438,0.069413947,0.03933684,0.026825989,0.056341385,0.024953616,0.020953548
N:GCA,0.041841511,0.001291156,0.047772757,0.058505487,0.044605391,0.040933667,0.051565526,0.091006294,0.085518883,0.037483861,0.044867657,0.032399935,0.047611362,0.086749516,0.047954325,0.074644932,0.038250484,0.027618625,0.057416075,0.021969819,0.019992737
N:GCC,0.035687569,0.000990099,0.050957096,0.066226623,0.046534653,0.045236524,0.054587459,0.080066007,0.086754675,0.04110011,0.045456546,0.032937294,0.051265127,0.087216722,0.040286029,0.058151815,0.03850385,0.02860286,0.064532453,0.021672167,0.023234323
N:GCG,0.029233421,0.000765941,0.050105317,0.065934767,0.052658454,0.048062807,0.054764792,0.058020042,0.062488032,0.059807238,0.04633944,0.042126763,0.062041233,0.083806728,0.039637455,0.051892513,0.037211974,0.027382396,0.075445203,0.024446288,0.027829195
N:GCT,0.040431792,0.001247053,0.048420724,0.064203737,0.046101986,0.042399797,0.052083942,0.086455837,0.084974962,0.037333645,0.041717815,0.032637712,0.046998305,0.088326416,0.045010814,0.071530173,0.038171509,0.028000234,0.06057949,0.021979307,0.021394751
N:GTA,0.051049653,0.002830121,0.056136706,0.051587017,0.041162141,0.038045425,0.047932937,0.104141291,0.091566956,0.032313534,0.043347424,0.031597048,0.036146736,0.093393996,0.056208354,0.064340474,0.038976857,0.026008455,0.052196031,0.023035036,0.017983807
N:GTC,0.038319783,0.001490515,0.048238482,0.055501355,0.042655827,0.041626016,0.052168022,0.095934959,0.08802168,0.037642276,0.042411924,0.03197832,0.046233062,0.095528455,0.044417344,0.067804878,0.037777778,0.026233062,0.063306233,0.021192412,0.021517615
N:GTG,0.039201228,0.000916755,0.047312514,0.05649999,0.041413397,0.041871774,0.051577416,0.091436315,0.090021325,0.034737031,0.04237001,0.029774598,0.043167188,0.101660123,0.04779082,0.073400163,0.037626801,0.026745322,0.061402635,0.020826275,0.020248321
N:GTT,0.04984256,0.002395242,0.051188201,0.053099012,0.044782948,0.039965552,0.053287402,0.094464031,0.092580133,0.03719353,0.043652609,0.036655274,0.041068978,0.077185995,0.054471567,0.064402401,0.037085879,0.027935517,0.05288371,0.025405711,0.02045375
N:TCA,0.04918211,0.002028875,0.04914588,0.056228828,0.042189736,0.038910929,0.051355905,0.10037498,0.097567161,0.032914878,0.042407116,0.032552579,0.039164538,0.090284948,0.050105973,0.065467456,0.03628426,0.025668895,0.056554897,0.022100248,0.019509809
N:TCC,0.041545718,0.001179245,0.049365022,0.057202467,0.044775036,0.042906386,0.051015965,0.094466618,0.090021771,0.037935414,0.041146589,0.033073295,0.044974601,0.088007983,0.042579826,0.066309869,0.037100871,0.027521771,0.064876633,0.022133527,0.021861393
N:TCG,0.039883914,0.001160862,0.054145937,0.0513267,0.05199005,0.044527363,0.060945274,0.069568823,0.069485904,0.047595357,0.049668325,0.039137645,0.053731343,0.079767828,0.046766169,0.059535655,0.040547264,0.025124378,0.066500829,0.023963516,0.024626866
N:TCT,0.046654332,0.001695961,0.04964539,0.056999692,0.0433395,0.042291088,0.051896392,0.099136602,0.095929695,0.034165896,0.041597286,0.031113167,0.039222942,0.080758557,0.049414123,0.06947271,0.037665742,0.027366636,0.056367561,0.023913043,0.021353685
N:TTA,0.061041014,0.003689122,0.056483864,0.055522832,0.04302942,0.043184425,0.05121369,0.10090833,0.091267012,0.034969154,0.046129522,0.035806182,0.033698112,0.068109248,0.059583966,0.055243823,0.037232229,0.026443873,0.045013485,0.028303934,0.023126763
N:TTC,0.048291023,0.001879166,0.051552971,0.053680329,0.045348178,0.04102255,0.052173451,0.091547298,0.095270174,0.035668699,0.042742164,0.033505886,0.039480216,0.078659055,0.053573961,0.06834137,0.038097433,0.026627429,0.056144519,0.025918309,0.020475819
N:TTG,0.052375954,0.002737132,0.052046675,0.053466691,0.044246877,0.038402173,0.052849293,0.090901607,0.096067173,0.036961577,0.044576156,0.036652878,0.042456422,0.078512482,0.052972773,0.063386224,0.037702455,0.027556543,0.053096252,0.024099113,0.018933547
N:TTT,0.055128286,0.00297863,0.057145559,0.052685495,0.044537603,0.042016012,0.053662611,0.096923659,0.094181428,0.036578831,0.042205131,0.036042993,0.036358192,0.064316334,0.061353464,0.057697157,0.035916914,0.028163021,0.05106222,0.030006934,0.021039526
T:ACA,0.035207739,0.001341236,0.065715872,0.09348286,0.0440085,0.061128915,0.062391531,0.049345282,0.081964424,0.040802676,0.057503001,0.048633007,0.076525553,0.028854763,0.04034621,0.038642383,0.042392681,0.032101657,0.045981044,0.021590028,0.032040638
T:ACC,0.031925609,0.00074068,0.061085917,0.088651026,0.041310917,0.064434828,0.06240012,0.047855991,0.08619266,0.042584771,0.057079906,0.047984241,0.086318028,0.027954182,0.035273079,0.037761706,0.046850165,0.029970157,0.048792649,0.020829821,0.034003548
T:ACG,0.024222164,0.00053389,0.059003023,0.085767323,0.043585932,0.064678681,0.065315241,0.048957683,0.075857509,0.046752308,0.056908532,0.054259618,0.084021914,0.031302362,0.038312744,0.037384598,0.048551106,0.030205835,0.047590104,0.02344597,0.033343464
T:ACT,0.03796952,0.001386523,0.066881817,0.093461826,0.044725833,0.061846706,0.060872553,0.049592111,0.079173764,0.040433289,0.057591514,0.04757209,0.077034215,0.029481548,0.040295831,0.038637382,0.042417451,0.031957269,0.044507695,0.021746601,0.032414463
T:ATA,0.049201565,0.002604775,0.073007729,0.099832748,0.048081928,0.057034396,0.058019862,0.051431585,0.074307803,0.038014449,0.057383705,0.047323166,0.065848067,0.029751343,0.044588846,0.040165817,0.035858454,0.03383663,0.041063377,0.02182598,0.030817774
T:ATC,0.038829591,0.0013966,0.065797481,0.091804674,0.044467275,0.06139913,0.05979398,0.049945982,0.081688297,0.03972533,0.058549519,0.048204078,0.077572001,0.028981593,0.040217644,0.039550968,0.04198519,0.032109841,0.044140775,0.021562688,0.032277364
T:ATG,0.038669613,0.001367287,0.065810062,0.094361224,0.043896623,0.060835716,0.060238269,0.04991716,0.083193951,0.039340754,0.058003761,0.047890575,0.075898244,0.028572218,0.040600132,0.039080194,0.041508148,0.0319174,0.045463937,0.021429164,0.032005569
T:ATT,0.048273671,0.002527547,0.073881063,0.097738342,0.049040455,0.057831847,0.058275588,0.051615926,0.072526766,0.037615018,0.05769695,0.048339345,0.065680734,0.030692662,0.045790498,0.040403485,0.03628202,0.032891841,0.040607605,0.022045041,0.030243596
T:CCA,0.032281766,0.000713721,0.060476119,0.089175906,0.041262034,0.064524358,0.06189114,0.048014194,0.08935553,0.042057923,0.056804328,0.047342513,0.085986616,0.027478722,0.035346847,0.037262523,0.046515094,0.029993465,0.048872188,0.020703631,0.033941381
T:CCC,0.026452668,0.000289165,0.054884089,0.083902205,0.039224941,0.06701948,0.06408003,0.047302456,0.094183113,0.043961519,0.056295264,0.048351577,0.093036011,0.025844465,0.031059003,0.037174495,0.049747219,0.027659516,0.052822889,0.020392142,0.036317752
T:CCG,0.021740638,0.000199684,0.055609329,0.082785819,0.040280778,0.06839745,0.06720489,0.047319653,0.084144782,0.047355707,0.055778506,0.051604547,0.090731594,0.029630944,0.034212592,0.036012525,0.050764209,0.028366277,0.049394152,0.022680818,0.035785106
T:CCT,0.030843394,0.00062233,0.060040247,0.086695104,0.040644609,0.064968167,0.063069961,0.04753804,0.088316284,0.041484463,0.056974441,0.047363436,0.08784027,0.0278605,0.034959748,0.038280144,0.047594615,0.029826011,0.049406006,0.020624691,0.035047538
T:CTA,0.041053344,0.001474392,0.066937375,0.093041355,0.044814251,0.061325019,0.058895898,0.049007807,0.081023856,0.038991613,0.058194958,0.046929157,0.077127595,0.029270297,0.039296159,0.039893167,0.041983903,0.032170739,0.044420274,0.021646968,0.032501873
T:CTC,0.030317833,0.000584521,0.061283858,0.087205261,0.041490528,0.065213715,0.063044726,0.048563227,0.086107197,0.041223318,0.056731903,0.047426543,0.087293983,0.028664475,0.03638641,0.037656699,0.046654141,0.030014091,0.048136319,0.021404937,0.034596315
T:CTG,0.030064476,0.000721353,0.060402784,0.088667006,0.041449654,0.064754376,0.063037837,0.047602282,0.086610132,0.042081034,0.057554925,0.047721204,0.086371506,0.028667929,0.03578836,0.03738989,0.047145373,0.03058867,0.04829547,0.021072595,0.034013142
T:CTT,0.038541243,0.001279293,0.066817147,0.092313233,0.044422571,0.062129612,0.061004218,0.049736393,0.077250279,0.039607854,0.057355508,0.047896006,0.07768526,0.029610772,0.041057079,0.039869698,0.042685853,0.031998358,0.043924533,0.021947839,0.032867252
T:GCA,0.03126959,0.000744054,0.060774468,0.090363898,0.042396578,0.063881135,0.062783172,0.048227014,0.084351073,0.042556018,0.057678673,0.048541062,0.08323016,0.029312825,0.036360803,0.037636324,0.04674253,0.030777983,0.047678636,0.021323909,0.033370093
T:GCC,0.027166074,0.000385031,0.055619252,0.086732199,0.038761007,0.06705895,0.063895584,0.046541077,0.091581145,0.043795745,0.056254859,0.048028641,0.090675405,0.027695339,0.033062549,0.036606056,0.050105364,0.028630414,0.050754416,0.020840565,0.035810325
T:GCG,0.021062194,0.000251419,0.053411418,0.083266568,0.03867157,0.066974627,0.066538834,0.049107128,0.086018766,0.050478199,0.0556172,0.051584442,0.089122951,0.030716678,0.035409829,0.035007559,0.050806719,0.028135444,0.050233484,0.022453379,0.035131593
T:GCT,0.030125487,0.000670792,0.060121582,0.088652378,0.041938691,0.064944248,0.062988623,0.04748663,0.084090765,0.041978417,0.057332858,0.04804619,0.087138272,0.029587491,0.035891348,0.037276062,0.047858913,0.030563602,0.047377668,0.021616302,0.034313681
T:GTA,0.04000209,0.001671742,0.068173556,0.094799532,0.045452666,0.060711666,0.060197953,0.049386048,0.076458258,0.040367783,0.057633745,0.047611999,0.075062962,0.029523227,0.040864082,0.039745233,0.04206347,0.032170152,0.044172738,0.021952499,0.031978598
T:GTC,0.030349853,0.000728383,0.061251314,0.089836678,0.042071097,0.06433835,0.063233498,0.048421945,0.08337289,0.042545774,0.057147814,0.049251811,0.083919586,0.028843982,0.036960955,0.03774008,0.046055108,0.030564276,0.048007831,0.021774571,0.033584203
T:GTG,0.030027871,0.000779661,0.060350847,0.090009533,0.041162933,0.063662584,0.063553286,0.048414265,0.087795637,0.042989428,0.056830229,0.048938896,0.08379775,0.027936631,0.036273659,0.037060606,0.046310881,0.03030476,0.049416165,0.02087475,0.033509627
T:GTT,0.038635475,0.001518657,0.069222777,0.092091126,0.046473017,0.060774586,0.061043625,0.050028939,0.075745213,0.040421401,0.058073572,0.048589933,0.074925704,0.030381983,0.042309986,0.039373563,0.041164799,0.032695368,0.042635666,0.022195751,0.03169886
T:TCA,0.037518673,0.001300765,0.065153849,0.093012177,0.043365754,0.06211295,0.060753218,0.04944177,0.081343453,0.039661177,0.057800193,0.047895883,0.078855235,0.029125563,0.040220795,0.038913093,0.042647732,0.031692404,0.044993733,0.021401912,0.032789672
T:TCC,0.03142217,0.000687997,0.062001516,0.086484836,0.042353801,0.064403509,0.062991534,0.048637362,0.086557888,0.041551319,0.056912954,0.047892668,0.085439211,0.02820243,0.036558706,0.038103701,0.046000949,0.030403803,0.048001701,0.021188349,0.034203597
T:TCG,0.027812931,0.000529655,0.058650149,0.085326951,0.043209303,0.063898177,0.064431875,0.049544942,0.077923916,0.045889921,0.057764696,0.052051704,0.084591095,0.031573074,0.036736196,0.036671505,0.049043589,0.029559578,0.046807719,0.023300759,0.034682268
T:TCT,0.036657031,0.001111782,0.066148034,0.091264374,0.04382306,0.062892102,0.060927623,0.049935874,0.080532702,0.03952384,0.057659779,0.047383739,0.079359375,0.029264676,0.04045595,0.039371962,0.042458149,0.031938908,0.044711493,0.021987469,0.032592079
T:TTA,0.045941817,0.002819668,0.076144126,0.096235351,0.050328452,0.057373257,0.059741167,0.05100718,0.065961022,0.037912747,0.057966871,0.049374741,0.065847537,0.03203553,0.046812597,0.041033587,0.036954671,0.033467188,0.039909648,0.022777766,0.030355077
T:TTC,0.039433209,0.001344792,0.067668156,0.091512919,0.044973798,0.061427321,0.060724801,0.050531437,0.078046812,0.039472996,0.057827189,0.047806614,0.07604156,0.029768441,0.042097784,0.039775375,0.041404358,0.032368221,0.04340279,0.022023667,0.032347759
T:TTG,0.040496097,0.001401467,0.067269042,0.094646917,0.045263001,0.061516732,0.060016725,0.049772604,0.078553314,0.039981496,0.057265798,0.047924967,0.075594357,0.02934595,0.040743818,0.039340982,0.041656687,0.03192443,0.043502956,0.021643357,0.032139304
T:TTT,0.046195275,0.002270898,0.074820799,0.095629772,0.048653841,0.058283779,0.060157131,0.051326726,0.067702729,0.038541962,0.057438716,0.049151328,0.066331307,0.031864746,0.046610588,0.040194331,0.037309347,0.033671469,0.040098831,0.022987702,0.030758724
U:ACA,0.038491572,0.000588816,0.063655423,0.083077164,0.048048338,0.05960271,0.064045284,0.051772142,0.077841068,0.050880867,0.060276629,0.046556747,0.072708475,0.037165585,0.03161553,0.033128973,0.035487688,0.030037687,0.049112118,0.033792541,0.032114644
U:ACC,0.03537593,0.000535367,0.060490666,0.08199024,0.044334685,0.063065319,0.065149219,0.048955819,0.082829268,0.055135561,0.059330705,0.045766646,0.080389897,0.034156963,0.028621964,0.031439834,0.037013691,0.028231952,0.052545078,0.03134341,0.033297786
U:ACG,0.028063235,0.00039806,0.060789459,0.077808557,0.044542109,0.062552296,0.072101676,0.045793155,0.074461603,0.059371877,0.057174423,0.051081667,0.076878397,0.039517616,0.03028506,0.03068312,0.038802733,0.029228982,0.051089791,0.035256749,0.034119434
U:ACT,0.041588366,0.000727866,0.063164086,0.081747467,0.049900746,0.059929125,0.063689032,0.051438822,0.075842193,0.050494802,0.059729146,0.046670196,0.072691047,0.037579955,0.030927699,0.033403914,0.035434588,0.031043863,0.047567162,0.0340612,0.032368727
U:ATA,0.054279764,0.000916574,0.064922454,0.082580109,0.055416406,0.054193551,0.060795604,0.05343579,0.067969381,0.043886635,0.062606064,0.048054323,0.064228218,0.039979854,0.033718113,0.035367492,0.032663146,0.031637672,0.044530959,0.036302215,0.032515677
U:ATC,0.043432696,0.000675146,0.063834861,0.082685199,0.049428393,0.05908197,0.062914513,0.052090349,0.076356967,0.049777723,0.060165226,0.046264278,0.072578167,0.03711958,0.03084677,0.033412996,0.035235218,0.029570376,0.04726524,0.034259447,0.033004886
U:ATG,0.042843735,0.000624848,0.063455903,0.083163344,0.048162752,0.058562564,0.062432715,0.052424735,0.078737339,0.049934456,0.060914855,0.046039571,0.072455014,0.03676058,0.031767005,0.033205456,0.034974557,0.02967767,0.048348905,0.033014097,0.032499899
U:ATT,0.053281228,0.000776408,0.066128977,0.080989189,0.056798306,0.055174907,0.061406831,0.053169329,0.065891406,0.043184479,0.06062698,0.048438576,0.063185167,0.040405936,0.034495937,0.035422118,0.03295345,0.032132282,0.043954001,0.038872056,0.032712436
U:CCA,0.036110549,0.000560857,0.060237938,0.082834235,0.043834075,0.062829384,0.063817834,0.050291118,0.085020138,0.054684017,0.058721227,0.045080423,0.079979138,0.033984087,0.028211576,0.031658209,0.037041476,0.028270059,0.052403199,0.031276635,0.033153827
U:CCC,0.030270627,0.000368933,0.057470041,0.081876452,0.041274499,0.066307492,0.065192226,0.047588692,0.090733257,0.057610356,0.057946629,0.045343646,0.086845553,0.031460889,0.025000333,0.0308585,0.037980716,0.026747017,0.056885797,0.027711081,0.034527264
U:CCG,0.025951158,0.000211415,0.057476988,0.080017692,0.041821171,0.066264608,0.072762829,0.043034024,0.079656062,0.060968113,0.056022121,0.04957119,0.083761958,0.035526019,0.028107031,0.030894368,0.039629134,0.027189046,0.05407488,0.031678828,0.035381367
U:CCT,0.034557747,0.000527895,0.061208706,0.08282622,0.043853171,0.064209171,0.064783645,0.049659051,0.083705399,0.054973911,0.058655594,0.044595524,0.082086779,0.034032763,0.027665994,0.032103615,0.037108918,0.028187096,0.052809928,0.029245798,0.033203074
U:CTA,0.044905777,0.000785191,0.06403826,0.082797183,0.050245075,0.059619777,0.061663653,0.050687637,0.076396688,0.048603312,0.06002427,0.046400019,0.073512896,0.036977729,0.030574855,0.033496716,0.034831541,0.030596269,0.04609784,0.034339012,0.033406301
U:CTC,0.033860471,0.000476937,0.062070834,0.082384438,0.044548805,0.062564253,0.06567722,0.049756999,0.08220108,0.054484135,0.058163658,0.04581789,0.081241025,0.034996673,0.028148557,0.031546862,0.036672648,0.028927314,0.052559906,0.0309185,0.032981794
U:CTG,0.033800648,0.000513919,0.061425729,0.083102704,0.044094552,0.063030367,0.065173766,0.049954159,0.082301549,0.054931875,0.058729596,0.045738782,0.079683047,0.034840906,0.028160737,0.032160299,0.037198568,0.028931615,0.051892611,0.031354487,0.032980085
U:CTT,0.0417129,0.000672264,0.0643874,0.081986882,0.049997168,0.060198596,0.063873501,0.051342746,0.073997319,0.049917461,0.059382649,0.046866577,0.074332927,0.038419749,0.031917348,0.033896385,0.035214695,0.030725941,0.046585506,0.032298053,0.032273931
U:GCA,0.035508113,0.000526991,0.061716883,0.083156266,0.043778741,0.062407506,0.065060508,0.049697161,0.080382947,0.054661463,0.058129014,0.046253673,0.078350783,0.035928021,0.029458547,0.032350981,0.03730686,0.029460953,0.050528555,0.031980403,0.033355632
U:GCC,0.031191612,0.000425312,0.057707248,0.083407906,0.040506687,0.066080736,0.066106549,0.047636198,0.086859573,0.058119038,0.057971531,0.045453093,0.08414913,0.033605812,0.027025765,0.031567755,0.038285475,0.027288819,0.053577048,0.028892959,0.034141754
U:GCG,0.025760095,0.000181055,0.056070035,0.07865161,0.040512721,0.065444658,0.072200689,0.042018159,0.08010005,0.063154648,0.055033998,0.05087644,0.080519158,0.038226064,0.029310784,0.030172472,0.039476684,0.027500235,0.052073414,0.036157343,0.036559688
U:GCT,0.034075476,0.000475293,0.0613625,0.082702149,0.04380939,0.062518557,0.066396544,0.048639092,0.080488254,0.054921769,0.058161891,0.046842913,0.080987255,0.036010517,0.028780641,0.031969961,0.037282858,0.02935867,0.050439787,0.031452896,0.033323587
U:GTA,0.043549488,0.000782274,0.063821442,0.082351157,0.049721003,0.059214475,0.063791105,0.050752478,0.073683298,0.049107752,0.061275259,0.047311339,0.07180454,0.038004226,0.031715694,0.033633458,0.035145999,0.030822905,0.046143345,0.034240208,0.033128555
U:GTC,0.033605553,0.000476022,0.06176509,0.081173887,0.045843358,0.062534794,0.066259063,0.049461127,0.080775319,0.055499347,0.058628185,0.046477516,0.077907891,0.036087323,0.029484331,0.031728896,0.037121663,0.028961513,0.051800897,0.032235578,0.032172646
U:GTG,0.033579658,0.000530861,0.060194036,0.081993182,0.043286306,0.062648813,0.065483295,0.050229818,0.084260526,0.055485218,0.059383839,0.045935772,0.078174371,0.034799791,0.029123572,0.031300222,0.036837376,0.028722101,0.052908306,0.03227004,0.032852898
U:GTT,0.042100442,0.000649156,0.064929385,0.082113942,0.052127062,0.05817093,0.064137311,0.050883851,0.071133389,0.049075857,0.059472686,0.048022054,0.070945702,0.038968307,0.032340716,0.034128047,0.035236951,0.031168102,0.046346646,0.035269667,0.0327798
U:TCA,0.041481497,0.000617517,0.063065088,0.082007204,0.048728244,0.059656256,0.063955039,0.051915723,0.07706366,0.050874797,0.060671073,0.046344445,0.073401692,0.037051037,0.03079981,0.03311777,0.035142863,0.030025643,0.048677162,0.033024688,0.032378792
U:TCC,0.035259056,0.000522919,0.062267494,0.081885633,0.045644747,0.062678668,0.065320385,0.050080879,0.08160356,0.054153571,0.057732637,0.045436447,0.079833013,0.034868495,0.028313565,0.032144326,0.037010075,0.028663986,0.0523201,0.031206977,0.033053467
U:TCG,0.031444654,0.000328049,0.061209059,0.078719651,0.046582894,0.061877158,0.072222689,0.045366714,0.074775067,0.057780552,0.055980285,0.050195429,0.077991543,0.037793593,0.029724399,0.031236623,0.038829747,0.028760257,0.050587487,0.03486516,0.033728992
U:TCT,0.039535565,0.000616036,0.06487233,0.082721891,0.049075898,0.059900525,0.063323053,0.051792451,0.076686289,0.050263483,0.05922453,0.04669976,0.074724065,0.037157493,0.030817258,0.033168251,0.035111133,0.030243774,0.048458895,0.033213704,0.032393613
U:TTA,0.050544335,0.000820648,0.066411587,0.080664829,0.058165234,0.055877495,0.062150936,0.051192877,0.062346129,0.043282338,0.061475109,0.049708995,0.064711525,0.042673674,0.035577486,0.035873423,0.032953932,0.033117642,0.041722898,0.038213633,0.032515274
U:TTC,0.042415829,0.000648495,0.065243314,0.081570271,0.051363509,0.058902964,0.064226633,0.051993095,0.072948507,0.049018692,0.059215532,0.047421369,0.071845064,0.037982033,0.031712873,0.034109971,0.034939778,0.030796303,0.047268978,0.033890839,0.032485951
U:TTG,0.044449987,0.0006646,0.063848746,0.082635481,0.050161769,0.059052305,0.062953626,0.051791588,0.074123753,0.049305743,0.059228903,0.046490968,0.072082772,0.038289296,0.032116473,0.033808304,0.035242653,0.030575627,0.046585333,0.034019951,0.032572122
U:TTT,0.050052707,0.000728318,0.067226748,0.082175371,0.057397647,0.055490603,0.063744876,0.051970399,0.063178406,0.043983389,0.060370548,0.049830166,0.064598839,0.041713251,0.03548315,0.035749348,0.033160837,0.032531544,0.041943247,0.037000479,0.031670127