 ,X,1,2,3,4,5,6,7,8,9,10,11,12,13,14,15,16,17,18,19
B:ACA,0.028478042158670256,0.04083489378498982,0.048777552602063165,0.06463398784051141,0.04568954312863738,0.0369526184298567,0.04536461617702983,0.14589942187071278,0.11517336658017993,0.05601981332344914,0.06247502876205238,0.0575481734291587,0.018453443985000408,0.028299934051863155,0.046264784176298146,0.03849060600079908,0.07162352759953595,0.021247815768825305,0.017028579130543616,0.010744251199822854
B:ACC,0.027773552638610827,0.039707629505083185,0.04965611934899056,0.05762313311654944,0.04353903137885247,0.03788236938496134,0.042926500392595365,0.15023452948165078,0.1310199668657735,0.056665282648107114,0.05958816540803197,0.059764936095341066,0.018519812705290378,0.02599351292687038,0.0412410124438342,0.037241061775188794,0.06438152869646006,0.02513432516762383,0.01721664275466284,0.013890887265521906
B:ACG,0.021740616667806113,0.04060983113420387,0.048506187188076845,0.06428180761605251,0.04163533192042114,0.04406235044780201,0.04356669173446366,0.13193067614685172,0.1466807957886101,0.05643672660149039,0.05835099473576263,0.05532576741642169,0.021467149791481507,0.02449237711082245,0.03628563615232105,0.036165994393929035,0.0669481096602174,0.028320913379366923,0.01681821289396322,0.016373829219935736
B:ACT,0.030311040038062263,0.0416834620798118,0.05041927959241662,0.0676926736755853,0.045486384151297486,0.03535957602870529,0.047102047828931286,0.14209910725495767,0.1086195161599408,0.05807468397089823,0.06029828653745763,0.0564656283246658,0.019926518690816818,0.028728416517435292,0.04636525232767906,0.03883540054582339,0.07108259378448567,0.022579643298464954,0.01786811690929155,0.01100237228327309
B:ATA,0.03667182240658613,0.045329218179823244,0.05208241161209487,0.07204114209667543,0.04939953916887585,0.032838641857765284,0.046557393295650416,0.14110918016656462,0.07864921973716345,0.05642172772738052,0.06938658492990199,0.05430870022262886,0.02037284140259722,0.03307578229799705,0.049130544042642804,0.04170132338523288,0.07518767719169088,0.019523383109229717,0.018369535594072197,0.007843331575426587
B:ATC,0.03194404223563743,0.04105945512463523,0.05103918380076185,0.06408411485598449,0.04447662114900537,0.03494687131050767,0.04520727985565035,0.14896081619923815,0.10263527210353969,0.0577576797130828,0.06497516205921008,0.058929406785324455,0.018547147535140675,0.02801452406941258,0.0476843910806175,0.04074313336749014,0.06810273774253191,0.021590073734156067,0.017950145908979528,0.011351941369094027
B:ATG,0.03189068910803088,0.04115432402066792,0.04910978346253392,0.06424768956808302,0.044481095612604805,0.036412970340720247,0.04626184164817591,0.14691937195058977,0.10379026629820767,0.05586660365725803,0.06477033383511356,0.05843288089656964,0.019644539306291446,0.02832919703688867,0.047047372851916416,0.040725567945319514,0.07067277148553026,0.021203083288214842,0.018023403196579964,0.011016214490703504
B:ATT,0.0367327593016826,0.0435137056639545,0.052136819654001104,0.07309582115490955,0.04861047476103958,0.03308950154040603,0.04984911920372857,0.13899044158306342,0.0794628327672012,0.056225610237775496,0.06750612212655029,0.05576427837901888,0.020677778655502015,0.0324133027885299,0.0497574847934276,0.040654080101113835,0.0740090054506675,0.020586144245201044,0.018380598783474207,0.008544118808752665
B:CCA,0.02731948523292834,0.03844377989788413,0.05046735996649826,0.05646975448166263,0.042669079078057975,0.03819681196613318,0.04299926446507283,0.15167320773761267,0.13188624442308827,0.05732608894066864,0.061022554614810556,0.05951121824985638,0.018501119408995,0.025171938000311395,0.041192640355633824,0.037528387889981155,0.06400227640006657,0.024342447881713098,0.017054209461019335,0.014222131548005734
B:CCC,0.025777583547222486,0.03749555643249202,0.05081484428761052,0.05404356489891495,0.04086451440368139,0.040244860953027005,0.04089712774318952,0.15251628220974944,0.14260834966718086,0.056016671939156555,0.06315573195748525,0.06003789670050844,0.01813301676651784,0.021974868160575037,0.03744663642322983,0.037022663009624195,0.06032163275422914,0.02709516246335076,0.017193752588683824,0.016339283093570932
B:CCG,0.019272220109040193,0.039812349435780395,0.05498499640759055,0.05523857825113055,0.04061535860699041,0.04455996506205711,0.03851626445768705,0.13315864361889468,0.16070044940337827,0.054294690277953875,0.054646887282870545,0.05891551498246059,0.024794669146133583,0.023160475043320233,0.03124691827620698,0.03714974007861037,0.057873011847907246,0.03173999408309032,0.0165955228716735,0.02272375075722356
B:CCT,0.027801453933152438,0.038928812534373865,0.04914909200858076,0.056867084235851,0.04204103229775133,0.037821029117761286,0.044277451524700966,0.14976449827837424,0.13235014296922448,0.056940067613886654,0.06102713678388318,0.05952576443572119,0.01883231808241387,0.024467677486452462,0.04116783831053906,0.03822243769695737,0.0645616175201812,0.024663168677619387,0.01745866664581427,0.014132709846760972
B:CTA,0.03350188309321626,0.041361021855611364,0.05036384125880278,0.06626644826416091,0.04491774296929657,0.033732294943926135,0.04763241350129659,0.143307792528791,0.10185460593289569,0.05672739764477196,0.06411314478661768,0.05725943955459294,0.019220537655580367,0.028608773245413756,0.046832255983376835,0.041059391796500255,0.07217337025508687,0.022613875820580387,0.01795955643624085,0.010494212473240805
B:CTC,0.026782163763017754,0.03994104642593957,0.04848931466470155,0.05844468235981146,0.04300551994549575,0.037427177041476065,0.04398993339914629,0.14884665118671875,0.12869120284756885,0.05710432279862627,0.06186788281586741,0.06094742842841451,0.019237774780662114,0.0242210202861473,0.04058619874584614,0.03962403192391652,0.06519375425814436,0.024515788156449437,0.017594304862279444,0.013489801309770443
B:CTG,0.025162698351892512,0.03923585952669172,0.04918273219402531,0.05839628568363954,0.042110032900857436,0.038607612947570966,0.04417208264835485,0.14600056476521747,0.13691835202385147,0.057279889323529475,0.0605393288925567,0.05810952504996421,0.01897873812187108,0.025300606137553167,0.041363579648313255,0.036856402970927724,0.06581047092225284,0.024753353019852153,0.017026138997913873,0.01419574587316424
B:CTT,0.03118453764501175,0.04213590865335702,0.05011856593909702,0.06565344310791457,0.0454594071442174,0.03494108225006587,0.04762724642671738,0.14228695305101857,0.10818326720249602,0.057916004706115604,0.062076899598519295,0.05816644101311921,0.019586206176907164,0.027936691788558714,0.04531853672152787,0.03938371798784862,0.07007781786497831,0.02229665745791496,0.018313154949638824,0.01133746031497583
B:GCA,0.02645151233793959,0.039338407216390044,0.049097612383347,0.061103467906447176,0.04091750083021016,0.03866746186116175,0.04583437815564577,0.14265043746992606,0.1317560469797293,0.056376352903702395,0.062496187810481656,0.05784701090455633,0.019447249462904853,0.025919500111824225,0.042028965863113596,0.03748483595724926,0.06727074339389914,0.024560666336841678,0.017214153558382413,0.013537508556247586
B:GCC,0.024616075198667056,0.03765259037496624,0.05093636948078379,0.05337477223188031,0.04065779813372794,0.04033064893467287,0.04228974006854917,0.14536836619407556,0.1491990550713832,0.057669556484591655,0.05865861220266513,0.05897815328081194,0.019959905202813485,0.023330302765171545,0.0377134553422323,0.03654560878281478,0.06185021892367913,0.026696896267075478,0.017023170532226097,0.017148704527212347
B:GCG,0.020518718538520518,0.038737207054038734,0.05572223889055572,0.056405640564056406,0.038637197053038634,0.04478781211454479,0.03865386538653865,0.12734606794012734,0.16506650665066508,0.05498883221655499,0.05408874220755409,0.05747241390805747,0.025502550255025503,0.023652365236523653,0.03065306530653065,0.03753708704203754,0.058622528919558624,0.03427009367603427,0.01485148514851485,0.022485581891522485
B:GCT,0.025822544995263656,0.04025576255131039,0.04918219134827913,0.06008525418377013,0.04164824755288917,0.03831386169876855,0.04502052415535207,0.1416387748658036,0.13454373223871172,0.05676034101673508,0.061660877802336596,0.05770445216293022,0.020003157562361856,0.025399431638774866,0.04091569308493843,0.03788759077991791,0.06640353646984527,0.025276286706662456,0.017492895484685824,0.013984843700663089
B:GTA,0.032715296769273365,0.04243516445083476,0.04979914216460142,0.06914172742595948,0.04733638708486547,0.0353092044863917,0.046889496616747704,0.14008558923965472,0.10124983605920328,0.05711940233257394,0.06179717973254577,0.05662879431866205,0.019964345912652344,0.030840299805214046,0.04721009195257132,0.039807254198098774,0.07107987195616587,0.022053073100594074,0.018215644080887175,0.010322198312502733
B:GTC,0.026222203772122823,0.040373430011854186,0.04927560297231101,0.060198061817058036,0.042735042735042736,0.038081005161415306,0.04384666122388734,0.14866628843962898,0.12992098744931987,0.056360441141876653,0.06024879959040779,0.058237738755817545,0.019215778525006805,0.025415011923376737,0.042033938957846136,0.037776578521316787,0.06682626002647589,0.023726827828284926,0.017227780314666444,0.013611560832283985
B:GTG,0.025330240331100057,0.038805312804486264,0.047891258246581456,0.06007523355887313,0.04295612984576216,0.038938042419178226,0.0438490381627808,0.14882308047336207,0.13412930881053148,0.055586559316563144,0.05961972965390753,0.05877207006917023,0.018102509494692325,0.02568619702504668,0.042464426954971476,0.03719144135311809,0.06860311130283167,0.0239848446912679,0.016521820446997144,0.012669645038778163
B:GTT,0.03093085976731327,0.042392167040936464,0.05133702713173921,0.0674325091874772,0.04716175602122994,0.03542585884574442,0.04666899880007974,0.141056456436124,0.10423884055354316,0.05845003404162482,0.062320623206232065,0.05651285870656872,0.01948459851570993,0.029478918642397434,0.04702634182305126,0.03840497120567536,0.07142346652824326,0.02183177795080703,0.017671552862317613,0.01075038273318513
B:TCA,0.03049267292682285,0.04164631774727958,0.04950416872592857,0.06412322233302432,0.044184693128547656,0.03576828259019567,0.046562226751786076,0.1467695663998643,0.10967068381142328,0.05660167684843735,0.06138598805091958,0.057911806077478936,0.019941453600077205,0.027840246117133743,0.046480343674970975,0.03978055335413554,0.06933741968878582,0.02251784612415229,0.018131252723343403,0.011349579325692862
B:TCC,0.027972245752155064,0.039024739648213666,0.05015197568389058,0.05832378294882655,0.04245664955902138,0.03765446708854452,0.04415703323533808,0.15153034530868503,0.1252802830235687,0.05643031541182919,0.06262768448851462,0.05966914146195625,0.019071702625940504,0.02477701928347202,0.04176217051173452,0.039292565648512634,0.06477652100254123,0.02384585679406049,0.0173401763914495,0.013855324131745478
B:TCG,0.02379775858320321,0.04081592315142411,0.05370308145395608,0.06226157768861305,0.04217974818650801,0.04391911924574546,0.039886940881149566,0.13648133140948351,0.13952523076314904,0.057517838436147294,0.0564702626845611,0.058011977941612475,0.022453699128337914,0.024924396655663827,0.037554602415353903,0.03706046290988872,0.06178720376336647,0.028541497835668967,0.01626707251991382,0.016840274346253434
B:TCT,0.02999846114623934,0.04136530780520408,0.04925480432440875,0.06281509179147843,0.045373217972893204,0.03488604443382814,0.04621384554961196,0.1461704360927814,0.1110455248065523,0.05752556908879186,0.06386243106739031,0.06022660195824883,0.01858797535077827,0.026801320198718847,0.04422481964404246,0.04035471727581542,0.06955389318517463,0.022425922565797483,0.017827735657079073,0.01148628008516522
B:TTA,0.0347975963106163,0.044922771829186324,0.05096859631727103,0.07586395064850368,0.05015671895068178,0.033513232935602155,0.04948459096686609,0.13129787248201558,0.08484451217483313,0.058764615456281734,0.06603158336050682,0.05444569405532745,0.020453320378787374,0.03239856523967019,0.04902541442346725,0.03876048952212366,0.07586062328224717,0.020999008444855558,0.018596650007652944,0.008814193213503784
B:TTC,0.03214103101786155,0.04167217239933127,0.0505972044283326,0.06520415256720345,0.045710986378338626,0.03496762629193214,0.04815840423759487,0.1441793394269825,0.10241524523012048,0.05662669983511528,0.06283142116844095,0.05843928278017477,0.019880961272197677,0.02843256099873033,0.04609303634932581,0.04043984580118464,0.0709435198005297,0.02228241823268854,0.017979329085780274,0.011004762698134562
B:TTG,0.032031309130357996,0.041596235840250274,0.05182342255972955,0.06535560208895728,0.04531119913212402,0.03482226202790322,0.04671455962862982,0.1463216186896082,0.10464338875293287,0.057301258924742034,0.06309445719908166,0.057581931024043194,0.01945152256729823,0.028934455180765446,0.0468375507732674,0.03927517218760249,0.06869843832782502,0.021454070691525596,0.017950399878901027,0.010801145394454675
B:TTT,0.03433418325539205,0.04438270122762285,0.051797604210734934,0.07221479016834555,0.05041409879676954,0.03307073409635753,0.04819019959828796,0.13615713267550128,0.09061769895989359,0.059187733680924774,0.06464934045285982,0.054433124854693815,0.02034477107368405,0.03195973732453683,0.04853893443403957,0.037964455725921095,0.07363259736943406,0.020550581796422704,0.01821424896237094,0.00934533133620706
N:ACA,0.07485100421070086,0.07528148430308423,0.0634157731870947,0.06777796293559588,0.060138404064645525,0.05447733237996782,0.055305756608953004,0.05208055010788559,0.04793355780065801,0.04291689970373392,0.04840077753407449,0.04067132228595381,0.04982561380976501,0.04980776234908522,0.04940193630263671,0.04000998034407902,0.03721766821408676,0.034784742769824684,0.03601237508131504,0.01968909600685973
N:ACC,0.07586520355748756,0.07374326677613384,0.06401015906495496,0.06522231263302118,0.06099141012668185,0.05479711834343689,0.05474239495970357,0.054794251350291145,0.04744820769923494,0.04385981784127608,0.04736587210967078,0.042436648010706186,0.04994007010104425,0.04991938878155602,0.048136620072832204,0.04005615298342229,0.03573445308250613,0.03549713285376239,0.035227412818983256,0.02021210683329445
N:ACG,0.05880491391720621,0.0715732630193837,0.06569701223732351,0.06435678970658462,0.061019841306259676,0.0569953761531531,0.054881400591090354,0.052474221681984026,0.04947604735938186,0.045348098672024606,0.050967539398903076,0.04489508130419634,0.049577315649780074,0.05313547197194362,0.047580906243601506,0.040990397550826396,0.03677637081663066,0.03701166136010276,0.036220661073070454,0.02221762998655347
N:ACT,0.07834721675236227,0.07518175187447372,0.06313046816167694,0.06849908150822795,0.06024696953486562,0.05352790736645307,0.05528957954047265,0.052114645571832874,0.04731199095236403,0.042590264960205446,0.047911994270558124,0.03993914022782512,0.04977941131184402,0.049426507126664396,0.049493031501518334,0.040172798066764756,0.037140402000217024,0.034310227193780185,0.03591447573406067,0.019672136343832795
N:ATA,0.08751047200037233,0.07697652940360994,0.06071594882545596,0.07169072032678117,0.059374764333324954,0.05296743077217532,0.05533741307866358,0.048907352850039214,0.04708147278511903,0.039391428067250774,0.04906922396690574,0.036025470169794495,0.04900045285334943,0.04750881502253564,0.05109223959439074,0.0405942303322393,0.039324632509320265,0.033558918970983787,0.03554209681927455,0.01833038731841377
N:ATC,0.0823506660158794,0.07523932105928546,0.06227714174862513,0.0687111981173535,0.060150769523837924,0.05346898676247396,0.055280954836607776,0.05284339658907151,0.047277493890534664,0.04184823429193569,0.04794616993465626,0.03869210744176103,0.049299334838429375,0.048983911999806264,0.04943898769827777,0.04015566107825251,0.03701754648354238,0.03424189959005681,0.03552005201605989,0.019256166083552694
N:ATG,0.07859583444630344,0.0755226950953798,0.06280536613124184,0.0685164272349909,0.05971967454970529,0.053828228210355274,0.05515225923675168,0.05191210218133988,0.0478798637048566,0.04204115711659331,0.048249738364973954,0.03920499844430474,0.0499775809347957,0.049435728825482514,0.049743453807910246,0.040423787764506836,0.03766030973469816,0.03412914135710641,0.03588906939868429,0.019312583460019142
N:ATT,0.0862127866727001,0.07647328803661052,0.061346992673331865,0.07196713813319004,0.059661777198161896,0.05273305201201005,0.05531547613153186,0.04951945604896099,0.046928162600911934,0.03993438132056265,0.04869551265077679,0.03627123382549496,0.048985990335876306,0.04802856210819059,0.05097744162352915,0.04026662234872736,0.038954837178215955,0.03353345294010347,0.03570056859858725,0.018493267562526255
N:CCA,0.07640167909711702,0.07371367758258607,0.06420446820691286,0.06511344222856304,0.061053145390714075,0.05468481024227102,0.05475383479180734,0.055205483476257255,0.047377414812600924,0.04392751780127344,0.04700908874680227,0.042514882764348234,0.049879665605416436,0.04957442134330608,0.04810242980606,0.04007576699384055,0.03560203244036747,0.035454315292079396,0.03519526479172503,0.020156658585951476
N:CCC,0.07234613000693914,0.0725224835842611,0.06510246107915965,0.06267028354906024,0.06166190731545524,0.05635418603992666,0.05445852853159639,0.05587202652812845,0.047516274785766824,0.04491193485121149,0.046881237254188024,0.044871969024238824,0.05045772971400609,0.04971509379807453,0.04717983337343637,0.04049907887749913,0.03487919006582262,0.03640487677889405,0.034805245801685925,0.020889529040649262
N:CCG,0.060878156820612074,0.06985597726928297,0.06629668293071145,0.060672083499487356,0.0636939277795134,0.058734113770422126,0.054439593170286495,0.05492912313854579,0.04861112169416992,0.04625287753369011,0.0491594088049356,0.04795124681132438,0.049823516911304655,0.052008537565202226,0.04571119425162111,0.040663498522181665,0.03453497616271834,0.03852402735339712,0.03486669155802098,0.022393244452572233
N:CCT,0.07398702911907931,0.07358086277987624,0.06428185467516823,0.06451405132569006,0.06120392240010917,0.05475139758841175,0.05490383077789671,0.055031663851026216,0.047510939620682986,0.04440682071323962,0.047039580237765506,0.043331746391802095,0.050330561556101605,0.04989820858451423,0.048216446886479615,0.04019529538183967,0.03559680602593071,0.035601912054529325,0.03520477244445594,0.02041229758540102
N:CTA,0.08212422317385809,0.07566542345612592,0.062497372744696966,0.0688545656436772,0.06011842690143734,0.053062813631911614,0.05516480616586987,0.051558787935389455,0.04715024765279305,0.04201953872999149,0.04806513267751079,0.03903669486599127,0.04953208847837987,0.04886146464546375,0.04955873173036671,0.040150556968709665,0.0372881020039256,0.03409841989040209,0.03577805097833221,0.019414551725167043
N:CTC,0.07117891495760534,0.07398422718077692,0.06447396802118643,0.0649291696272105,0.06118427745910364,0.05503658569154447,0.05511783852819707,0.054344014370033104,0.04792697177048018,0.04460700872297024,0.047547024220254135,0.043423057389537834,0.05033586301117181,0.04995879413287289,0.048301737711237414,0.04030993156301077,0.03591536957114511,0.03542974690307831,0.0354745427526797,0.02052095641590413
N:CTG,0.07153150721664303,0.07351485589458463,0.06476453335713722,0.06479500488142503,0.06137168673902218,0.05496280582700897,0.05489344067543391,0.05493590682625835,0.04756516032370232,0.0446884706130195,0.047000539952177324,0.043704054477977206,0.050543416393589544,0.05004799952099087,0.048234466950552425,0.040191956700885406,0.03560409287694739,0.03577788563960958,0.035474867749543275,0.020397347383491846
N:CTT,0.07817844483565865,0.07536633748976111,0.06319493484253492,0.06826678751316029,0.06025412707006989,0.053216476734455696,0.05523884934013122,0.05214244535378829,0.04752062062044346,0.042724139666465315,0.04810553592299225,0.04010794196143232,0.04951537134331312,0.0497569644924327,0.04929916128255511,0.04012393118932158,0.036914619353437074,0.034318480036465725,0.03594587181960908,0.019808959131972198
N:GCA,0.07184930858475887,0.07407011337347395,0.06449109592056328,0.06593788834291964,0.06060233176710181,0.05468793833566409,0.055031869235668725,0.05370971100309375,0.04804835039288782,0.04420718125033748,0.047440429029340876,0.042679009751390516,0.05050940808302833,0.05025033297325769,0.04867749169832714,0.040218959109339814,0.036367959259246116,0.035130992499601735,0.03583712502924036,0.020252504360758
N:GCC,0.06941363895217985,0.07221646284560637,0.06584739629759409,0.06214438822084156,0.0621577734942721,0.05595551559827803,0.05455958539557361,0.05600418039434456,0.04757924711862353,0.045724094038713026,0.04672376778494572,0.04622929811193355,0.05053205807349785,0.050036933863887606,0.047038207166658665,0.04031474177762125,0.03480891082197393,0.03660983554473432,0.034998988250053535,0.02110497624866683
N:GCG,0.05740176056793627,0.06952841622206792,0.06710968398625014,0.060248989678983164,0.0639102981579163,0.05944353631764406,0.054513989226117825,0.0542627567854324,0.048673535843213704,0.046490940536623865,0.04959112728966561,0.04930301867099117,0.04962843476798199,0.052065497267712424,0.04563437808649297,0.040672267820251275,0.034857692456988575,0.03880409045230465,0.03493769866771329,0.022921887197712383
N:GCT,0.07049824508692336,0.0740043836832132,0.06499711466280005,0.06514475786878277,0.061168702374291124,0.05478131342465932,0.05471007546033453,0.05381923684809893,0.04791576342071693,0.04483352946673956,0.04742505997506131,0.043656047888259414,0.05052730538489252,0.05033381433639018,0.04815721619792063,0.04029137525277675,0.03589799165076026,0.03547000016182973,0.03579553863381838,0.020572528221731064
N:GTA,0.08157593965311002,0.07567627917563945,0.0622119176262489,0.0692618762385147,0.0598538528408439,0.053467284458834814,0.05522159243963999,0.051153586267341455,0.04723597103980423,0.04145715189353277,0.04847989449635214,0.0386829183355802,0.04948562163881932,0.04903641690439204,0.050038235962858134,0.04018966747012938,0.03775389085609841,0.03420172365623132,0.03576186452832055,0.019254314517708274
N:GTC,0.07261005111231801,0.0739287892725799,0.06427826259733654,0.06562249852356918,0.06093720532963748,0.054614483379533084,0.05487260891158253,0.05426346413466925,0.04778970726959251,0.04405195512934623,0.04764386634398457,0.04232081421355021,0.05040861114329811,0.05031593778154767,0.048499458046558225,0.04036444303167934,0.03609621144434803,0.0354505828269902,0.035633820476021885,0.020297229031857066
N:GTG,0.06896242274247452,0.0740984906106204,0.06480439923192631,0.06529106310020301,0.060739793907347364,0.05584202968130145,0.055197078504147117,0.05387623760915601,0.048403835182228,0.044602799628338574,0.04771500072910235,0.04338296091350685,0.05032588942486604,0.05042549947458504,0.04820685911394762,0.040049764299849605,0.03625587640075853,0.035517610927966306,0.03588155953682698,0.0204208289808479
N:GTT,0.0796287388786066,0.07532859855626911,0.06278006754484546,0.06900941680818932,0.060083498720620465,0.0533290141749964,0.05526863909269956,0.051631103687944484,0.047255266849245275,0.04222936677919039,0.04858993609181841,0.039425662194655646,0.04918283899391358,0.04954454972753081,0.04963825100361124,0.039933281630409004,0.03727975842416561,0.03436643099917106,0.035916264560366284,0.01957931528175132
N:TCA,0.07793753722669457,0.07514762579220341,0.0630477304201636,0.068368441508384,0.06026704845048592,0.053763374579102484,0.05519983776242396,0.052405906234366126,0.047503435630588446,0.04245419811084748,0.04787529428550567,0.03974830663189978,0.04992440297799821,0.04954510714998264,0.04953761972571471,0.04032892539565635,0.03721504467086095,0.03438458054251598,0.03581801190527259,0.019527570999333117
N:TCC,0.07657477844939194,0.07400252775205396,0.06367890173950984,0.06566129358879623,0.06090098554125904,0.05438253668614909,0.05500510292587567,0.05479412444889971,0.04749360156712648,0.04368141286135619,0.047212033586620086,0.041846382032170684,0.0499251472775728,0.049685312822796625,0.04856571668482065,0.04014348432515042,0.03585695943673131,0.035243913102069556,0.03526313066976265,0.020082654501887065
N:TCG,0.06686268485504618,0.07126303772939781,0.06467958689843002,0.06446580246665275,0.0613495432676803,0.05642331190056267,0.054889369590803073,0.05414277124268226,0.04861679912169796,0.044579515671629884,0.049905054051223655,0.04399260545138164,0.04940501001128393,0.0520794827283679,0.04705459496085994,0.04041340672860925,0.03615956467733288,0.03651413820773397,0.035689342958776536,0.021514377479847392
N:TCT,0.07724339662608196,0.07522141026484237,0.06323708963817627,0.06771654714588789,0.06055041460682688,0.05364759784580539,0.055333800126294484,0.05263753274751479,0.04755971525084203,0.04295179297652994,0.04806591601550658,0.04057570751123249,0.049612892966445644,0.0494322868471692,0.049166258213090536,0.040148153611358504,0.03672354279684217,0.034600856257843024,0.03577645749521171,0.01979863105649816
N:TTA,0.08274230883309723,0.07649397415308443,0.06187183082127074,0.07162096306321114,0.05964904908834274,0.05298585915569519,0.05531252372690111,0.048810634465533444,0.04724527593384519,0.04056063671356753,0.04925062375339749,0.03721701561001064,0.049181864334895284,0.04845123635451761,0.0507441635119255,0.04039593863739115,0.039066927929920295,0.03359076760459156,0.03592596794431853,0.0188824383644832
N:TTC,0.08036601483717148,0.07550041875490375,0.0626336748018789,0.0691113385360877,0.060181952312597875,0.05306203866217348,0.05535465589376718,0.05188645349764138,0.04731872123454737,0.042022253938612884,0.048104843587765116,0.03913387798128256,0.049341282316565094,0.04939742614137621,0.04971935159975471,0.04008869605174148,0.037235557650016585,0.03420545428553571,0.03589813153755165,0.019437856379028888
N:TTG,0.08184138450496058,0.0753672011431242,0.06262288187415413,0.06894135811666592,0.0601048695370533,0.053135501128817625,0.055153221333877726,0.05225522834100149,0.047108381593888055,0.041973586220482896,0.048041309614521896,0.03899922291393924,0.04915172150249583,0.04925087986826618,0.049642659071728025,0.03990782907127091,0.03710580883628969,0.034282669200949765,0.03570614712424895,0.01940813900226357
N:TTT,0.08514070494956974,0.0759999778480306,0.061971540285802394,0.07108091076169366,0.06000436560981983,0.05257802235671364,0.055420380307708524,0.049701743015173896,0.046839664871860025,0.04068561599198167,0.04868972478334315,0.03765081518155016,0.04870255810695729,0.048502629933673186,0.05037240053834605,0.03981057520390807,0.038266425250729756,0.033843564178924194,0.035739267406444286,0.01899911341776989
T:ACA,0.04118808824385403,0.08191949922952224,0.07694192845841662,0.04953050566219039,0.05799140731710389,0.0648323639582136,0.05883123203968742,0.05451362419019261,0.046435473731327066,0.060724249976289946,0.052545447356586304,0.059546320291731,0.03179965447161094,0.045157816512079445,0.04351871852803744,0.03943548139251516,0.03814937044847274,0.0347680566498188,0.032395906248544264,0.029774855293806125
T:ACC,0.038820876208104635,0.07826727719440843,0.07639036946885654,0.04700795787538613,0.06041019089465963,0.06628895694139136,0.058434599446604354,0.05921806818945208,0.0456044653050869,0.060582804061301926,0.05143363944735115,0.06529495181083797,0.03184116988219464,0.04357769834553072,0.04211811274715313,0.040949660799708215,0.036471303456947476,0.0356112381423256,0.031153967777430867,0.030522692005268245
T:ACG,0.028411737839255203,0.07437783009773166,0.07511978298923731,0.049655701153088344,0.061628866112680245,0.06897499835523001,0.057939257218068356,0.05569020063151562,0.04619388814879521,0.059999688159215255,0.055233848263598256,0.06613040192854511,0.03350196820973347,0.044889861257471346,0.04017916393964436,0.04312491847455094,0.037033755243773926,0.03828948484282654,0.031892185231904964,0.031732461903133884
T:ACT,0.04401534853517292,0.0824406313891596,0.07761833850506325,0.050065768931716916,0.057961006781550195,0.06312624848044324,0.05901253110252235,0.05432791208497864,0.045785088004682395,0.05991970795838369,0.051870915549132424,0.05923850656481272,0.0319913777106628,0.04512260976262195,0.04360986563018266,0.03950529355398969,0.03777732586804825,0.03428981448817237,0.03232419254246371,0.029997516556240236
T:ATA,0.054400347393920585,0.08690642042479853,0.07809572544889076,0.05263156412964073,0.05557728394216423,0.06013193040905161,0.05754376236580125,0.04929163645307293,0.04779324115667491,0.057134464127872674,0.05477428460647852,0.051620565386758965,0.03133375368658397,0.04553509058109539,0.0450759040175643,0.03765397389793254,0.04014309728572598,0.032393627222493934,0.03307995769740264,0.028883369766075556
T:ATC,0.046037434000648525,0.08285284770379875,0.0765484071485429,0.0498707034951314,0.05812477698427706,0.06298087113783227,0.058649730085951736,0.054810345404051476,0.04677808644031843,0.059521263419957476,0.05269059907473243,0.05820085944591161,0.031264888396638366,0.0448004189459307,0.043824053827626844,0.038890606524142564,0.03818497743059044,0.03372279664833725,0.032346800061406014,0.02989953382417375
T:ATG,0.045406928955436084,0.0828921002354823,0.07689541031679033,0.04986148753721065,0.0572733482916426,0.06356783445150398,0.058980817079130936,0.054034522592971077,0.046851535077975744,0.05984304882925312,0.052729484160483404,0.057508108588439154,0.03141933620651353,0.045332285511174304,0.04398337183987204,0.0390814524370196,0.03840866174967788,0.03383264095614698,0.032564368863020395,0.02953325632025592
T:ATT,0.05316591163686022,0.08669789169793853,0.07823161111876817,0.05314125921287847,0.05592595379404922,0.05982103678316644,0.058076633320875024,0.04941704479916715,0.047316236251126985,0.05750427505970364,0.05383116681929897,0.0524664827393403,0.03125649442119248,0.04557950128815349,0.04510878924277326,0.03752726820571218,0.03974830235379697,0.03270321600392133,0.033222152102059185,0.029258773149217984
T:CCA,0.039157126731720525,0.07804283370448277,0.0766264649244716,0.04662817326282296,0.06063346527214198,0.06648816090157002,0.05854241370417236,0.06002865184632223,0.04545688803483388,0.06074275782700443,0.05117698239308298,0.06523007975544426,0.03166677419265871,0.04330845922752282,0.04200403284660382,0.04096875492958904,0.036354348635030086,0.035441233944850686,0.03107569669407056,0.03042670117160429
T:CCC,0.03540534365861165,0.07481477459141594,0.0756692281393805,0.044704366789318405,0.06271217531526249,0.0691231610292721,0.05807735420572174,0.06301299337187873,0.04484581994938412,0.060849991897240156,0.05144937452994966,0.06955091878358495,0.03171580913225283,0.04170418632680339,0.04058056114992498,0.04273464215500987,0.03505369308501484,0.0367533965218806,0.03041051788493968,0.030831691483153376
T:CCG,0.026061215745449805,0.06967790010991264,0.07518619944484808,0.046103317871048266,0.06647031427560125,0.07137204493377299,0.05529275880698225,0.06148586970696175,0.04577022671808342,0.05949924551500587,0.05374839322640139,0.07367983755286052,0.03347118985077963,0.04159764526164794,0.03807298943721008,0.045312319529052326,0.034840440395685464,0.04024851431658563,0.029925296670951396,0.0321842806311593
T:CCT,0.03789393147749654,0.07758184507254073,0.07656711388435464,0.0464796317886554,0.06087137882752599,0.06641685313768599,0.05876991053412252,0.06028455473079679,0.04504557202481657,0.06122872762649357,0.05084529209712274,0.0661469515841972,0.0318361589266561,0.043000990014339525,0.042051241083370036,0.041356863844746024,0.036137426750868375,0.03578452805697421,0.031187623131860635,0.030513405405376424
T:CTA,0.047342361543758406,0.08333027038115072,0.07719600326681007,0.0499975979337655,0.05740236744597829,0.06222739407841107,0.05872952810455622,0.05378645707431383,0.04610015014820367,0.05943573557749866,0.05213879214959001,0.05844265276569331,0.03178581804843938,0.044953182585248566,0.04395804085952793,0.039167100690803744,0.03796248353822069,0.03368383165404756,0.032512309636250916,0.029847922517731443
T:CTC,0.03758319589301988,0.07826155226870148,0.07620861705683996,0.04729246975041579,0.06066062900270349,0.06631141640045553,0.058919129610954905,0.05933426640163458,0.04511813393737715,0.06180350358362035,0.05114932468141358,0.06535114208392344,0.03170475462569304,0.04321190036606054,0.04181301921575101,0.04099694972666832,0.036646058711172824,0.035605497982436306,0.031466114778498,0.030562323922659826
T:CTG,0.03579443161484175,0.07746368158908482,0.07724049295219629,0.04685837435976044,0.061043257247405634,0.06684433426393324,0.05869915976445717,0.05975579919236325,0.04507821082668203,0.06160906442841436,0.050753598602660946,0.06603578374049078,0.03208653048580879,0.04339678028118113,0.04201602617771984,0.04136715718670837,0.036272608129411944,0.03613563381346684,0.03118308481419489,0.030365990529217495
T:CTT,0.04429993937093574,0.08255994519782602,0.07733774954354092,0.049861795138763945,0.0579252285390717,0.0626878214510814,0.05937508342783652,0.05450212395180783,0.045805074269636446,0.05990737720679928,0.05196901301532286,0.05955577119434614,0.03172409984024416,0.04508599886480105,0.043674738418668646,0.03936971696248001,0.03771987708588937,0.03402259719125317,0.032392925087316296,0.030223124242378517
T:GCA,0.037852116354543976,0.07873993200948784,0.07697587792534745,0.04796458327981435,0.059674570349628794,0.0660636233633896,0.059176818146787574,0.05747763762940889,0.045699420282408955,0.061282571651210385,0.05125141932334883,0.06368166054409535,0.03211296358140451,0.044062784185783646,0.04251938243378632,0.04100893124737757,0.036906277562274686,0.03565675923309442,0.03185107166405494,0.030041599232751903
T:GCC,0.03359881568393857,0.07390967802696023,0.07722922424307627,0.044666891343916534,0.06303038968899845,0.06884696403004305,0.05793588174162792,0.06296637214011268,0.04454212157078614,0.06141276504769007,0.05048638729121901,0.07005393113292845,0.032362976236857716,0.042078004481056565,0.04064272244207787,0.04278494726586634,0.03509562331352427,0.03718259540720059,0.030314844320491956,0.03085886459162733
T:GCG,0.025637101916171683,0.06929986464870186,0.07564817611329239,0.04668657784936855,0.06511538418515163,0.0718820542076356,0.055959372238442,0.061750618029687794,0.046419007349239906,0.05896215756680873,0.05349083302571675,0.07243330313097755,0.03381008311240869,0.04208105417407743,0.038020962672125465,0.045376914214123515,0.034526885689676386,0.041105182500531336,0.03017998366835576,0.03161448370750696
T:GCT,0.03681626751265854,0.07807005424407636,0.07727967712812583,0.047428534110364656,0.06033389199689021,0.06637231540391966,0.05898548579608572,0.05836037770338411,0.045080112485326465,0.061401642779341896,0.05091834902940548,0.06556920509078475,0.032306746658274134,0.04379300940911073,0.04199710352581574,0.041263631986972756,0.03642567340727558,0.035685178919470074,0.031494053629732406,0.030418689182984904
T:GTA,0.04696876068456001,0.08352202279236878,0.07762930927114646,0.050578851066685304,0.057341443456410894,0.06252180126711734,0.05831778564103282,0.052765914293396055,0.0463600316322812,0.05919883384994488,0.05269801179535535,0.05766819098614727,0.031971970983471945,0.0454429046809376,0.04388354065608883,0.03888331062086374,0.038351082685829235,0.03386224887932068,0.03238683219865541,0.029647152558386177
T:GTC,0.037427305527837566,0.07866915979434494,0.07685161154639544,0.04777540745447413,0.060174485377578704,0.06587062583992971,0.058658230453595604,0.05823071461705171,0.04569357499444397,0.06094104942552909,0.05177612041590411,0.06370023253281785,0.031915651293249386,0.04393624812251004,0.04253157986584989,0.04103508799405766,0.036801226949942055,0.03585604965671951,0.03172780907549188,0.030427829062276732
T:GTG,0.03564971098053685,0.07853860172479062,0.07639695799901977,0.04766862646489692,0.05969470681573615,0.0675118129995903,0.059080541566795236,0.05786950149049948,0.045863613036101515,0.061756589589875344,0.05180642567727085,0.0639130959725575,0.03195873889586329,0.044159795944602676,0.04219212228259856,0.04087118144444064,0.037138582077660874,0.036006177891318214,0.03170743564513968,0.03021578150070556
T:GTT,0.04477067897955704,0.08319390819830733,0.07707663467169158,0.05070405762349567,0.0575299075289026,0.06281015170849284,0.058781007992796244,0.05312812031674766,0.046252434214511126,0.05941383882139924,0.05267070743199205,0.05846524202138896,0.03194992426128605,0.04560169243450984,0.04384600902301776,0.039013675353204644,0.03816037575261886,0.03403545630062835,0.03249866932569096,0.030097508039761217
T:TCA,0.04373872875078469,0.08193715611205776,0.07723842698248216,0.049764248389775424,0.05818691190221857,0.06353884013898829,0.05902805371793238,0.05509659141443487,0.046267104306481455,0.059933062695115655,0.052067340200676326,0.05906318872756975,0.03153714160608747,0.0449671089498985,0.04373915919500689,0.03945710007252447,0.037918531005785114,0.03425114623260958,0.03230392418241559,0.029966235417155065
T:TCC,0.03977533406573468,0.0789294506551439,0.07605890591738827,0.04749908243974008,0.06031892622197937,0.06566730052381992,0.058781661541524706,0.05905592606208951,0.04558330678280677,0.06073263890454267,0.05152671343223613,0.06417203086115045,0.03153195910401653,0.04335559460406017,0.042300037480553374,0.04084466308477985,0.03667029655955199,0.03525765827011282,0.03150262434894599,0.030435889139822845
T:TCG,0.032212425130902216,0.07467850361458597,0.07547037433766851,0.048914998576688344,0.06200097509137571,0.06789308315223536,0.05728058544807951,0.05681314934404772,0.046183670213550375,0.05990421581784113,0.05425967907785492,0.06688626332204069,0.033002508335422495,0.04363466874376323,0.03965297114632225,0.042887485984737274,0.036889020569422976,0.03798700384629307,0.03145094222337815,0.031997476023790085
T:TCT,0.04306420695513279,0.08189423585726807,0.07676086521556755,0.04929456885645115,0.05870604459873362,0.06342600162978657,0.059020347279282244,0.05572272942868431,0.04585217795210919,0.060653773274141,0.05194373376857505,0.06049765874761025,0.031432807190561456,0.0444728348028158,0.043284011468768126,0.03946565920533178,0.03773963939533361,0.03435315179528743,0.03221012126573545,0.030205431312824566
T:TTA,0.05014794391561783,0.08647664364394318,0.07855428651380494,0.05306474648692808,0.05593436812727833,0.06045767859272691,0.058276752681823585,0.04888129580715801,0.04673739654837549,0.058100146771404966,0.053880230449394724,0.05375731318455127,0.03196409895810367,0.04596196869138499,0.04480118314739783,0.03778502527742219,0.03950317413780355,0.033074281410859066,0.03321189713457472,0.02942956851944668
T:TTC,0.04600653402831958,0.08316948705023386,0.07708639754589824,0.05053426018656797,0.057680539609807645,0.06217169336098401,0.059163327966790184,0.05387110381481805,0.04623358340536871,0.05944487333851321,0.052328639235531015,0.05812831848619658,0.03138637758648118,0.0451759363300294,0.04391273782230794,0.03908424764782699,0.038168383402737156,0.0338417018788323,0.03249271880154812,0.030119138501207846
T:TTG,0.04668398732645733,0.08301891829563798,0.07715189506724725,0.05020039556539609,0.05767461622090771,0.06244860887534237,0.058793321056643554,0.054132704124581515,0.04642991437747299,0.059181729468258774,0.052278249924170045,0.05826194335985204,0.031522256517684,0.04507429063491541,0.043998073294337234,0.03895739776588481,0.03802721698954512,0.033735411963978786,0.03245737902140165,0.029971690150285314
T:TTT,0.050598923436752596,0.08531466684999552,0.0782300479740901,0.052363646082368216,0.05643425495257574,0.06061350870648348,0.058188415795626544,0.05030000510379789,0.04655716631989285,0.05820403309515073,0.05321573882465492,0.05529473949780883,0.03188926980430558,0.045732862710573925,0.04453689957319691,0.03771159227062816,0.038939498420640206,0.03328178551136432,0.03288050141513664,0.029712443654956858
U:ACA,0.04277456962643973,0.07028911118709058,0.08162693476696795,0.05301283516907645,0.05713422704761745,0.06444391771563776,0.06234087138191498,0.06077178821866144,0.056385638203034376,0.04868311039420058,0.052510042224538894,0.04898466030536753,0.04715971279762217,0.03664229963271154,0.04589608106775853,0.036656856925306826,0.03647025508823523,0.041219162766892435,0.03246653815416047,0.02453138732676507
