,X,1,2,3,4,5,6,7,8,9,10,11,12,13,14,15,16,17,18,19,20,21,22
B:AACAA,0.049159404,0.066531331,0.061246689,0.115964645,0.058079321,0.029834585,0.066483393,0.054366775,0.030844424,0.030889519,0.043290552,0.047026051,0.041369995,0.015862726,0.052394142,0.052071734,0.049143723,0.036091066,0.009041968,0.033019724,0.006236408,0.039170168,0.011881658
B:AACAC,0.047298816,0.062466158,0.06139547,0.111894277,0.052491808,0.032675722,0.069682432,0.048872314,0.0334091,0.028350617,0.046269201,0.045914203,0.038602446,0.015765234,0.050254216,0.049842979,0.052698192,0.040108751,0.008690141,0.039115595,0.007377139,0.039604561,0.017220629
B:AACAG,0.04587782,0.06251468,0.060494251,0.112193796,0.051201448,0.033035958,0.066870864,0.051699165,0.03212309,0.031209709,0.044564326,0.04928695,0.040251599,0.016620701,0.054032788,0.049407518,0.049550509,0.038810829,0.009302402,0.038098199,0.008401098,0.036624185,0.017828114
B:AACAT,0.050882991,0.06586376,0.05975064,0.115294795,0.057028843,0.031458659,0.068381341,0.057548949,0.031651748,0.028820786,0.048695623,0.047605466,0.039694095,0.016854054,0.050610167,0.050577977,0.04681828,0.034225193,0.009279603,0.033244892,0.00679891,0.038177607,0.010735622
B:AACCA,0.050721877,0.06418463,0.062380889,0.112975427,0.054831779,0.033402764,0.068378556,0.049202178,0.033168329,0.028867743,0.045423621,0.04801832,0.039436562,0.014315575,0.049966087,0.049597268,0.051923678,0.039211501,0.007107754,0.035989227,0.0079735,0.035757311,0.017165426
B:AACCC,0.043615316,0.067023575,0.056902884,0.096857462,0.042845421,0.032370216,0.062641427,0.04455784,0.029884058,0.028426546,0.042561263,0.053499065,0.043814074,0.011429963,0.05575328,0.044686231,0.060269218,0.049991109,0.008539967,0.05870231,0.008234302,0.035935669,0.021458804
B:AACCG,0.045251477,0.062636264,0.060182571,0.091089191,0.039360673,0.034841324,0.061622173,0.039641267,0.031280182,0.024676314,0.044202513,0.05438119,0.043296685,0.013500644,0.054832533,0.043338514,0.065991586,0.064345332,0.007150012,0.054622988,0.010797373,0.033586354,0.01937284
B:AACCT,0.048369165,0.065484404,0.057034035,0.107498744,0.049130631,0.030237215,0.065244997,0.044526617,0.030597508,0.031209268,0.04480904,0.049069962,0.041684556,0.014590304,0.05671475,0.04584102,0.054883348,0.045528028,0.009280921,0.047374041,0.007187333,0.036780789,0.016923322
B:AACGA,0.040295922,0.063743699,0.068225192,0.101549489,0.04793073,0.038787434,0.071897498,0.046958997,0.028586419,0.030301793,0.048314409,0.051264313,0.037733684,0.015859309,0.048959463,0.040936498,0.059404687,0.042125638,0.009179097,0.04425321,0.007040779,0.03848143,0.01817031
B:AACGC,0.034704549,0.066261605,0.052945998,0.094339122,0.039740631,0.035304392,0.070429911,0.049641532,0.03434037,0.027460887,0.042840607,0.050225639,0.039164732,0.012998049,0.049572806,0.040306867,0.067568764,0.062669351,0.010937766,0.061774482,0.01128013,0.02857976,0.016912051
B:AACGG,0.039039057,0.060355692,0.055250032,0.094841122,0.044475084,0.035998861,0.063748739,0.049454947,0.031361688,0.02733879,0.042892459,0.047816432,0.043967391,0.017104542,0.050860385,0.045933797,0.065559286,0.052725483,0.010225163,0.060327739,0.010762061,0.034262953,0.015698299
B:AACGT,0.039665008,0.066874375,0.062565262,0.101489639,0.047817848,0.034356755,0.07375185,0.047879516,0.032412178,0.02638292,0.044562841,0.043965534,0.04454261,0.015189081,0.055101613,0.047112764,0.060701504,0.041676207,0.012035545,0.042383029,0.009482666,0.036818167,0.013233088
B:AACTA,0.052075168,0.065453405,0.065934152,0.123856361,0.06176701,0.029895087,0.069618479,0.054667044,0.029963586,0.028695946,0.045003301,0.049247439,0.040197707,0.017526337,0.051134178,0.051668309,0.039827991,0.033229866,0.009185773,0.026682832,0.006816225,0.038007452,0.009546351
B:AACTC,0.049180653,0.06719829,0.059488424,0.104789522,0.049406224,0.030096166,0.064099054,0.050143254,0.030454778,0.029062746,0.044810199,0.050924955,0.040415616,0.012668752,0.053908483,0.050512036,0.05518346,0.042266393,0.009501008,0.045977308,0.007411131,0.037464486,0.015037061
B:AACTG,0.048367373,0.069271165,0.059337954,0.112237519,0.05164433,0.033863217,0.069249766,0.050774152,0.032569697,0.030874503,0.045337437,0.048125715,0.038124549,0.016229665,0.052738072,0.048702121,0.051335043,0.041690974,0.00779644,0.032480837,0.007437596,0.035312872,0.016499003
B:AACTT,0.04900102,0.067192104,0.061259525,0.115655924,0.057377581,0.032197123,0.069916378,0.053416094,0.032338082,0.02943614,0.047780943,0.045667361,0.040423759,0.017267479,0.05188875,0.051984735,0.045642583,0.035996284,0.009029777,0.030071263,0.007266672,0.037133662,0.012056763
B:AATAA,0.050849599,0.06685901,0.060126303,0.118360023,0.058748817,0.028187855,0.068388753,0.057170426,0.030259659,0.028241081,0.048807885,0.04881147,0.042627885,0.018286962,0.050063147,0.055664896,0.0427558,0.033657483,0.009721839,0.030012733,0.005974786,0.038535051,0.007888536
B:AATAC,0.046425655,0.066119981,0.062751931,0.118336835,0.058548076,0.027652628,0.066298214,0.053787387,0.028842583,0.029497061,0.047642107,0.050346303,0.040516427,0.017150931,0.052231485,0.055412221,0.045879321,0.034050369,0.010311266,0.034565656,0.00620847,0.038121793,0.009303301
B:AATAG,0.051707809,0.069961903,0.059259142,0.11721234,0.060035966,0.030419757,0.068003532,0.055925087,0.030269187,0.02955182,0.046602158,0.050008721,0.042700219,0.017492248,0.050363565,0.054175729,0.043214565,0.030902474,0.007660232,0.028371522,0.006396976,0.039015964,0.010749085
B:AATAT,0.052864542,0.065353191,0.061774047,0.122784259,0.064172026,0.028750214,0.070706014,0.064544845,0.030545322,0.028904292,0.048889628,0.047003433,0.044131931,0.019697627,0.046181763,0.055066063,0.038375176,0.026506009,0.009429567,0.025205331,0.00551217,0.036437168,0.007165382
B:AATCA,0.051812482,0.065171435,0.061706372,0.118730875,0.057605221,0.033313015,0.070656803,0.053790777,0.030158318,0.029771414,0.047301926,0.04745683,0.03781082,0.017458383,0.051974714,0.052803157,0.043637035,0.03144499,0.009703497,0.031238633,0.00730445,0.03860468,0.010544172
B:AATCC,0.04807007,0.066387012,0.059654153,0.104299384,0.048261224,0.030878023,0.062437223,0.046860153,0.027299849,0.028820485,0.04306209,0.053221668,0.040300295,0.013326483,0.055224813,0.049172376,0.05639394,0.043053001,0.009434084,0.051277729,0.007827798,0.039367133,0.015371014
B:AATCG,0.047236729,0.058765133,0.06269664,0.096446071,0.044180559,0.033092415,0.064424487,0.042738452,0.031364331,0.028871873,0.039559652,0.045573259,0.04203983,0.014365186,0.057221853,0.048897947,0.060109773,0.050628308,0.012494203,0.055669504,0.008004495,0.041926397,0.013692903
B:AATCT,0.050106818,0.066260489,0.06136654,0.117704551,0.053027218,0.030405296,0.069243982,0.055075001,0.031235184,0.031099862,0.046280963,0.052117374,0.040638674,0.015689313,0.048422263,0.052486656,0.045139504,0.036205572,0.009098723,0.032927687,0.00704391,0.036565553,0.011858864
B:AATGA,0.053594294,0.065497851,0.060431066,0.116788348,0.056565701,0.033508174,0.069270936,0.053430075,0.030659695,0.029648915,0.052246672,0.048736064,0.039055244,0.01863653,0.049530971,0.052212559,0.041129639,0.033915787,0.008568501,0.029359078,0.006957457,0.039895761,0.010360682
B:AATGC,0.048111391,0.064409936,0.059878089,0.116668507,0.054156849,0.035115247,0.067964349,0.051272784,0.034006198,0.030910534,0.050027711,0.046807633,0.039832203,0.017702041,0.050366987,0.04964802,0.048039928,0.035646189,0.008092738,0.031764043,0.008303264,0.036225152,0.015050207
B:AATGG,0.05226798,0.065227369,0.060120865,0.11211768,0.052115777,0.034031908,0.069887063,0.047536959,0.030429337,0.028810079,0.045382549,0.050017514,0.043876962,0.014056844,0.049233565,0.051558889,0.049324837,0.038574714,0.007598413,0.040188178,0.007276519,0.034957842,0.015408156
B:AATGT,0.051470561,0.065768766,0.059644369,0.118242194,0.059142306,0.031151928,0.06862374,0.056541389,0.030762579,0.02966687,0.050369104,0.04641916,0.041110521,0.017756258,0.049943757,0.052888775,0.042241402,0.032437795,0.009069444,0.03234512,0.006078608,0.038479824,0.009845531
B:AATTA,0.048274894,0.067008354,0.061769888,0.11732063,0.061135362,0.0287291,0.066720944,0.058369233,0.030685273,0.027737506,0.048944481,0.047981711,0.03963114,0.017617345,0.051401139,0.054192846,0.043063526,0.031983661,0.010051804,0.032440804,0.005317087,0.041744225,0.007879047
B:AATTC,0.051069066,0.066050672,0.061177115,0.118463591,0.056991926,0.031731081,0.069288096,0.055184128,0.030110159,0.029644495,0.047282548,0.046617833,0.04056366,0.016157077,0.048984132,0.052902025,0.042440858,0.035250309,0.009207017,0.032711741,0.006785245,0.040786908,0.010600317
B:AATTG,0.056516871,0.065513659,0.0594326,0.117219335,0.059922518,0.030920636,0.070894877,0.05591566,0.030547625,0.028245574,0.049565546,0.04607219,0.037179473,0.017066646,0.048295786,0.053919819,0.043276713,0.032911598,0.009892168,0.03118654,0.006615301,0.039053756,0.009835111
B:AATTT,0.04844904,0.068156629,0.061625139,0.118715323,0.061673454,0.028869511,0.068836154,0.058830552,0.030319229,0.028910364,0.048146536,0.046881821,0.041143711,0.018131092,0.050103408,0.054858031,0.040799089,0.03170726,0.009864143,0.02991091,0.005781247,0.0403943,0.007893058
B:ACCAA,0.047742146,0.066300664,0.062231847,0.11135493,0.055496088,0.03178804,0.066798203,0.048257494,0.030789873,0.029954231,0.045489936,0.05090719,0.039196828,0.015125308,0.049789684,0.04861442,0.054133184,0.040317591,0.007958427,0.037838096,0.007975024,0.036892486,0.01504831
B:ACCAC,0.045170044,0.06348951,0.058347266,0.101121605,0.044130454,0.032030343,0.061684225,0.043676045,0.031319462,0.030142158,0.042874105,0.05045615,0.041673445,0.012837711,0.052839518,0.046396968,0.059886364,0.05025692,0.008138892,0.056718589,0.007381484,0.036131749,0.023296992
B:ACCAG,0.043908078,0.065550138,0.054958443,0.098107932,0.043247309,0.035206776,0.061423468,0.043830117,0.031981123,0.03204613,0.040553698,0.053846681,0.039179629,0.010611243,0.055674057,0.046485056,0.062687918,0.049318285,0.007850921,0.051218449,0.009671421,0.035101862,0.027541266
B:ACCAT,0.049270637,0.065012227,0.056752649,0.111008243,0.04826691,0.032462063,0.068312733,0.048673579,0.030066877,0.029339755,0.044282367,0.050722861,0.041985734,0.013285154,0.051784681,0.049884006,0.053238379,0.041493725,0.008245813,0.045166394,0.007540476,0.037208349,0.015996387
B:ACCCA,0.044977349,0.066405551,0.05732548,0.094839895,0.042761597,0.033297277,0.0606086,0.044612554,0.030020748,0.029970268,0.043741232,0.053215599,0.040673524,0.011871589,0.055159352,0.043009781,0.064053942,0.048924963,0.007881146,0.054914191,0.008225779,0.03760082,0.025908763
B:ACCCC,0.038134869,0.063778959,0.054422017,0.082009882,0.033992446,0.034047618,0.062373357,0.042343224,0.030558591,0.028538144,0.044582609,0.055225187,0.043860545,0.009915626,0.055841446,0.037119086,0.065073602,0.059518237,0.006143033,0.074662505,0.01070869,0.034372536,0.032777793
B:ACCCG,0.032243662,0.062062809,0.055597889,0.084274087,0.029590506,0.027799569,0.056738399,0.038693066,0.033245509,0.030619771,0.03696311,0.05533511,0.041457994,0.008087029,0.057786734,0.037957258,0.073837332,0.071445772,0.009853967,0.075604862,0.010884933,0.039340542,0.030580089
B:ACCCT,0.043700907,0.066989721,0.054565234,0.094558286,0.041241276,0.035159088,0.062806701,0.043293593,0.030220876,0.030660978,0.045720332,0.054874726,0.043944809,0.011352838,0.055389497,0.041337429,0.05649907,0.052163107,0.007287789,0.055222662,0.010232078,0.033302346,0.029476659
B:ACCGA,0.046442058,0.06877886,0.058977818,0.086146584,0.03109303,0.037627927,0.060941611,0.043993109,0.032259074,0.031302795,0.03452924,0.053458075,0.044504333,0.013730692,0.054431476,0.044020141,0.065563125,0.060859036,0.009169719,0.058452797,0.011283044,0.027287726,0.025147732
B:ACCGC,0.037511641,0.06671979,0.061715078,0.073864313,0.032856726,0.03009031,0.053516696,0.03818399,0.031710047,0.023152247,0.041263938,0.062851837,0.045755987,0.008636196,0.05697693,0.036280937,0.072013985,0.073527996,0.009025038,0.075512562,0.009610112,0.029823125,0.029400518
B:ACCGG,0.041284545,0.063363656,0.05484277,0.078182834,0.030858522,0.035974213,0.054714779,0.039562604,0.027656722,0.026309508,0.039178734,0.06184575,0.043081366,0.008025845,0.059003296,0.038410092,0.07056818,0.06926495,0.008652865,0.07542694,0.015130048,0.033814019,0.024847763
B:ACCGT,0.039128095,0.06294889,0.052441714,0.095715889,0.034988553,0.028369953,0.060731454,0.047247994,0.034903967,0.026957709,0.042114895,0.055673443,0.041343541,0.014643452,0.051141697,0.042207035,0.067802179,0.056124238,0.010544486,0.065075812,0.011216507,0.038829322,0.019849175
B:ACCTA,0.051778882,0.065332782,0.056036608,0.113815416,0.056306672,0.032011306,0.070107715,0.049158986,0.028988948,0.03047974,0.045474302,0.053298008,0.040170263,0.015069201,0.054835968,0.051236877,0.047037627,0.038622489,0.007978585,0.033479928,0.007702312,0.034721004,0.01635638
B:ACCTC,0.042644825,0.066758401,0.055202504,0.096397029,0.039784614,0.031012469,0.062065138,0.041881899,0.027063375,0.032497541,0.043091536,0.051644463,0.042117887,0.011532297,0.059934957,0.043115278,0.062091192,0.05153979,0.009306364,0.061469534,0.007569775,0.038733242,0.022545891
B:ACCTG,0.041114674,0.065758407,0.054533419,0.098136036,0.040873065,0.033620933,0.059852653,0.042292118,0.030494921,0.030585635,0.041825397,0.05454,0.041999157,0.011245862,0.0599447,0.042128361,0.063723408,0.052446835,0.008307428,0.05632312,0.008047328,0.03627629,0.025930251
B:ACCTT,0.04737401,0.066655466,0.058206167,0.107739938,0.049140427,0.034138192,0.067913399,0.046334748,0.03026032,0.031198755,0.045037705,0.053078196,0.04328116,0.01428781,0.053261424,0.04709848,0.051032505,0.04232326,0.008291651,0.041059883,0.008273389,0.034710742,0.019302374
B:ACTAA,0.050305336,0.065064827,0.062437657,0.115656477,0.05597922,0.030477649,0.066356158,0.053644712,0.03025074,0.029931791,0.045995384,0.049004508,0.040078257,0.017363168,0.053085659,0.053685377,0.046311405,0.036748773,0.009776668,0.032580741,0.005760605,0.039068779,0.010436111
B:ACTAC,0.04931572,0.066455015,0.060230795,0.113412059,0.053137481,0.031923723,0.069047411,0.050146393,0.029855925,0.029302688,0.044085876,0.0487617,0.04162767,0.01615946,0.053918039,0.051906282,0.047792708,0.037823167,0.009548389,0.03703166,0.007412284,0.03819344,0.012912116
B:ACTAG,0.053584171,0.070171284,0.060712021,0.117935103,0.052503535,0.029167268,0.065842909,0.04833145,0.030938771,0.028815956,0.046422122,0.04971277,0.040094895,0.016546729,0.054518799,0.052651194,0.044615683,0.035115114,0.007669053,0.035155717,0.008976204,0.034125481,0.01639377
B:ACTAT,0.053559693,0.068825408,0.060651398,0.11909508,0.061701484,0.028921691,0.068913997,0.057287756,0.029266309,0.030306408,0.045429282,0.050983728,0.040987744,0.017307096,0.051796379,0.051785623,0.041181428,0.030557799,0.008105266,0.029365944,0.00629735,0.037052291,0.010620846
B:ACTCA,0.048200499,0.066383012,0.058814752,0.105076123,0.048750898,0.035500394,0.06563558,0.047983308,0.031915865,0.02991875,0.045333158,0.05442202,0.039624106,0.01384467,0.05227613,0.04876818,0.05353319,0.04095514,0.008486051,0.04395071,0.006792625,0.036557957,0.017276883
B:ACTCC,0.044171166,0.066950119,0.056351015,0.094262401,0.039375328,0.030474303,0.059787928,0.043996959,0.029176944,0.030927755,0.043434911,0.052860647,0.043941125,0.010355119,0.05641308,0.045605091,0.061808181,0.052466735,0.008389407,0.061047984,0.007920183,0.038537694,0.021745923
B:ACTCG,0.037267562,0.053841436,0.056508427,0.088803089,0.036672419,0.034261451,0.056953783,0.045843545,0.0306023,0.03311989,0.042413595,0.054705744,0.045523172,0.015860171,0.053738915,0.037457744,0.067234565,0.05806504,0.010821475,0.071102358,0.01089448,0.035622418,0.022686421
B:ACTCT,0.048977024,0.067465378,0.058392155,0.111918413,0.046471586,0.033037853,0.066626562,0.048818133,0.029747227,0.028718287,0.044856074,0.050374108,0.040565596,0.013558452,0.052854889,0.050875009,0.052646218,0.043019331,0.008511209,0.040845585,0.006815202,0.03496108,0.019944631
B:ACTGA,0.047667359,0.069954445,0.060055612,0.112684752,0.050150415,0.034944637,0.065667856,0.049549,0.030611518,0.031631795,0.047970352,0.04897158,0.038164895,0.015008395,0.051890436,0.048449438,0.049590295,0.042344437,0.007646216,0.036770086,0.007445413,0.035798502,0.017032566
B:ACTGC,0.040823017,0.067976882,0.056852952,0.099008518,0.04199885,0.031809871,0.059248995,0.043844057,0.030610068,0.031884876,0.041396425,0.051028,0.041716471,0.012613156,0.058381703,0.047409999,0.065703934,0.04882764,0.008318346,0.052083841,0.007936992,0.03884871,0.021676697
B:ACTGG,0.045464489,0.066474081,0.058187242,0.10153844,0.045587803,0.034222213,0.065062665,0.044725237,0.03174111,0.031228421,0.044079355,0.054034497,0.040024287,0.012196799,0.054475584,0.044765521,0.059190241,0.047741076,0.007749729,0.045393652,0.008333967,0.033328912,0.02445468
B:ACTGT,0.046052467,0.064837375,0.060692306,0.113159161,0.050883121,0.03424365,0.068294381,0.047777642,0.034258657,0.029858545,0.044578921,0.050797704,0.039142037,0.015502938,0.051657043,0.048223869,0.05034982,0.041080402,0.008802466,0.036004543,0.007686622,0.038049856,0.018066474
B:ACTTA,0.05005478,0.066867596,0.061359159,0.121438667,0.057356654,0.032255432,0.067595988,0.054947451,0.032964951,0.028049243,0.048220653,0.047493752,0.041007619,0.018955947,0.050568095,0.052433489,0.045031077,0.032390291,0.008457594,0.027729173,0.006622506,0.037212899,0.010986984
B:ACTTC,0.048181955,0.067839718,0.060236126,0.109075721,0.050977366,0.034134175,0.068478374,0.050883611,0.029102866,0.030243884,0.046073596,0.051440031,0.040936257,0.01670344,0.052027859,0.048191436,0.047909042,0.038988683,0.007731243,0.040102617,0.007819771,0.034449874,0.018472356
B:ACTTG,0.045276478,0.068242142,0.05961777,0.105951058,0.04844121,0.033317592,0.065397625,0.047312834,0.032697339,0.028966853,0.048099096,0.04990272,0.03929373,0.013967789,0.054229837,0.049725978,0.05466169,0.041809302,0.008889249,0.041900593,0.007751292,0.035562257,0.018985566
B:ACTTT,0.049066361,0.064804019,0.062491279,0.114778002,0.055154693,0.030371292,0.068334562,0.051849328,0.030415878,0.030981924,0.045123533,0.046719938,0.040765156,0.016748526,0.052177893,0.051175129,0.04821728,0.038488271,0.009584597,0.034822505,0.007187488,0.039669717,0.011072631
B:AGCAA,0.04800099,0.063435013,0.059934556,0.108175275,0.056289933,0.032777447,0.06709785,0.050024937,0.03084194,0.029637582,0.046355886,0.050800351,0.038666745,0.015370897,0.053288899,0.050326783,0.050668835,0.040906865,0.00846487,0.036451884,0.007658639,0.038379477,0.016444345
B:AGCAC,0.040893569,0.064677598,0.055962975,0.097358916,0.0415966,0.033736657,0.062866953,0.045398266,0.032610608,0.032242013,0.043763995,0.05396251,0.040865958,0.013361103,0.056817314,0.044880809,0.060879631,0.047358971,0.009262581,0.049171855,0.008602196,0.037014425,0.026714498
B:AGCAG,0.042769123,0.066983696,0.057411413,0.095536307,0.042762982,0.036226599,0.064399224,0.043151978,0.031624739,0.031535683,0.043820311,0.052806689,0.041040544,0.012464794,0.0565536,0.044298692,0.061748005,0.050422954,0.006146697,0.042542545,0.009738346,0.037638202,0.028376876
B:AGCAT,0.050059132,0.064086963,0.059098776,0.111748471,0.051317081,0.035076421,0.067342542,0.051862748,0.033530547,0.03153521,0.048440079,0.049376622,0.039188668,0.016669379,0.052404165,0.049667601,0.050641248,0.037209295,0.007531989,0.032994227,0.00733592,0.035152382,0.017730535
B:AGCCA,0.044465217,0.066204376,0.057240431,0.097140607,0.041131684,0.03432306,0.061578625,0.043336599,0.031362144,0.030364112,0.043709416,0.052655095,0.040739091,0.011274707,0.056139166,0.044260434,0.062112861,0.049454533,0.008814547,0.05356424,0.00744272,0.037297813,0.02538852
B:AGCCC,0.040919003,0.067700424,0.053040187,0.082904896,0.032330658,0.03525691,0.056164107,0.039203361,0.031910318,0.03099326,0.044333089,0.058564998,0.039955104,0.008552023,0.059544603,0.037336904,0.068901572,0.062371685,0.00694884,0.061314735,0.010752041,0.034928809,0.036072472
B:AGCCG,0.031686225,0.058217586,0.056465408,0.079020331,0.031572642,0.030885075,0.053239548,0.03797095,0.032219677,0.027058547,0.03441456,0.05864657,0.047811347,0.011046741,0.055110879,0.036401707,0.079889328,0.071560803,0.011276853,0.074985331,0.011977862,0.0398346,0.028707432
B:AGCCT,0.042616672,0.067007924,0.054548602,0.093258855,0.039075207,0.034072599,0.05778288,0.04265917,0.029745789,0.030884079,0.041615775,0.053565696,0.041146213,0.010320094,0.057684132,0.045379776,0.06544434,0.053397556,0.009096194,0.059210837,0.007516738,0.038266258,0.025704615
B:AGCGA,0.040417913,0.067443279,0.058451974,0.085838225,0.037657061,0.029504091,0.061467752,0.042565303,0.029711418,0.026560285,0.036364823,0.055316948,0.042086935,0.010514195,0.056942216,0.040977354,0.067805055,0.058721116,0.011114953,0.074299235,0.009091824,0.034189917,0.022958126
B:AGCGC,0.03805617,0.063541879,0.065220263,0.076055352,0.028328449,0.034828062,0.052516855,0.043463525,0.0398978,0.026576635,0.035401786,0.060628471,0.037085937,0.011122682,0.057035402,0.034138767,0.073865781,0.063341739,0.009127967,0.0749955,0.017089332,0.029555674,0.028125973
B:AGCGG,0.039202159,0.060814253,0.052651119,0.074249812,0.033688582,0.032836849,0.05410696,0.040776137,0.039584801,0.027042997,0.035989945,0.059274696,0.048919313,0.00793483,0.054738209,0.030532099,0.076085167,0.075584235,0.012942624,0.066619257,0.014290901,0.025832703,0.036302353
B:AGCGT,0.036377669,0.064052361,0.054424673,0.087448899,0.040156315,0.041092683,0.059408025,0.042666439,0.039438905,0.027109546,0.042630834,0.047794799,0.037783643,0.011986492,0.063093765,0.04423034,0.064626136,0.067574164,0.012182054,0.054029199,0.011017027,0.032851272,0.018024759
B:AGCTA,0.046675637,0.067765921,0.059909091,0.109247775,0.050489314,0.030752066,0.063148046,0.048433529,0.028186474,0.029192215,0.045395722,0.050133827,0.041036435,0.014756872,0.054544488,0.050000581,0.054747937,0.04060372,0.008209628,0.043992533,0.007772145,0.039625164,0.01538088
B:AGCTC,0.042264279,0.069142606,0.055033897,0.095117845,0.043740868,0.036653114,0.062063881,0.04314319,0.031639768,0.030607502,0.044054266,0.053323782,0.041273435,0.011067686,0.057290873,0.041823801,0.06072957,0.052847425,0.008245073,0.047930222,0.010180769,0.03330035,0.028525797
B:AGCTG,0.041787283,0.067182149,0.057207647,0.094154183,0.039627343,0.035211971,0.057564144,0.04338216,0.031403671,0.030919432,0.043247707,0.051629943,0.041848788,0.011375953,0.058138205,0.044183877,0.062828623,0.05635492,0.008349046,0.049103931,0.009384859,0.037367284,0.027746881
B:AGCTT,0.049580866,0.065777024,0.059999584,0.106983564,0.054137599,0.034955554,0.068440109,0.047351994,0.029750925,0.027466994,0.04565369,0.049695397,0.040894142,0.015539378,0.053889025,0.048997374,0.052385485,0.042626313,0.008287355,0.034867649,0.009373707,0.035091536,0.018254735
B:AGTAA,0.047630498,0.067079036,0.059936189,0.121429914,0.05922781,0.032516718,0.066196946,0.056437325,0.031732715,0.030190527,0.048073025,0.049443278,0.040524814,0.017925957,0.051155827,0.053993694,0.044560778,0.030221147,0.009127288,0.027571383,0.006783052,0.036859394,0.011382684
B:AGTAC,0.052286351,0.068789842,0.05926913,0.114356682,0.048530943,0.032475697,0.069095202,0.052608097,0.029959134,0.030046307,0.043749081,0.051337432,0.038117545,0.016144943,0.05604269,0.050587432,0.046206777,0.04001262,0.007119556,0.038218437,0.006719612,0.034387253,0.013939237
B:AGTAG,0.048871042,0.066682669,0.06058157,0.108814732,0.049133647,0.030448102,0.064025934,0.048975902,0.027982853,0.032154164,0.04235022,0.052550894,0.042247648,0.014789526,0.054064485,0.050820346,0.051779684,0.04170745,0.008423712,0.046303678,0.006423558,0.037755246,0.013112937
B:AGTAT,0.051732265,0.06335319,0.063130473,0.125116231,0.06190568,0.030368865,0.068761034,0.051104269,0.029080755,0.030342835,0.045868631,0.048319799,0.041121994,0.019319079,0.05049662,0.055142726,0.043366063,0.031792958,0.008940474,0.0262006,0.006920607,0.0368368,0.010778051
B:AGTCA,0.048756089,0.066972924,0.055982685,0.107564655,0.04980559,0.036341956,0.065473918,0.048297264,0.034504929,0.029821463,0.049862235,0.050581224,0.039375503,0.016208418,0.050040961,0.047371685,0.051596064,0.043393736,0.007908744,0.037844891,0.008072174,0.034792266,0.019430627
B:AGTCC,0.045219483,0.068057116,0.057064416,0.098121587,0.041253413,0.032530064,0.063320032,0.041846396,0.030916892,0.030173845,0.044885449,0.055567222,0.041133319,0.011131765,0.053958834,0.044972187,0.05976807,0.049800405,0.006516298,0.053940941,0.009609394,0.034364477,0.025848394
B:AGTCG,0.037832776,0.067258419,0.064587476,0.08878256,0.035622782,0.034186462,0.057277105,0.044251927,0.03257584,0.02596046,0.042857862,0.051140068,0.043065745,0.011515272,0.053610084,0.041383057,0.069192674,0.064399902,0.009719562,0.057960776,0.009225983,0.036525214,0.021067994
B:AGTCT,0.046179003,0.068063243,0.061927803,0.109266782,0.048119573,0.0332937,0.067246871,0.046724542,0.029332104,0.03142888,0.043049715,0.052790914,0.040683733,0.013954869,0.054521066,0.045274639,0.053655185,0.040408279,0.009363003,0.043629819,0.00784955,0.036615168,0.016621559
B:AGTGA,0.045651792,0.069145137,0.057514485,0.102055634,0.046157001,0.032038147,0.063245451,0.047836578,0.030042614,0.030212823,0.043797349,0.050226475,0.041705845,0.013304761,0.05481634,0.050131825,0.054307365,0.04663668,0.008581352,0.047010189,0.007271153,0.039585391,0.018725613
B:AGTGC,0.040037398,0.066782047,0.055823048,0.098202891,0.038839677,0.033108401,0.062238333,0.043759665,0.029929262,0.032769092,0.044049081,0.050615689,0.040966207,0.012527571,0.057490901,0.047351477,0.062395639,0.050543244,0.009717862,0.054922833,0.007472946,0.037351268,0.023105469
B:AGTGG,0.044965802,0.065259125,0.057920415,0.101459439,0.040123172,0.033036851,0.061118422,0.04322702,0.031905389,0.030492603,0.04344704,0.052417045,0.041435277,0.012427665,0.05632899,0.046005969,0.061109861,0.046429407,0.008315345,0.052448031,0.008075632,0.036339991,0.025711511
B:AGTGT,0.048294875,0.063753091,0.061623345,0.108050296,0.050866753,0.033691538,0.066599663,0.050059319,0.031993198,0.027967741,0.047515636,0.050662347,0.040531658,0.014906903,0.0513308,0.046926657,0.052632744,0.040465065,0.007870257,0.039868977,0.006812601,0.038619152,0.018957386
B:AGTTA,0.051280533,0.067534046,0.063982777,0.116757096,0.057584753,0.030758195,0.068390081,0.052441289,0.032394256,0.029545153,0.047432109,0.04708045,0.039644351,0.017381109,0.053107617,0.052706074,0.04338008,0.03639679,0.009586482,0.026135641,0.006553254,0.038079113,0.011848749
B:AGTTC,0.048408678,0.068242816,0.059826877,0.107156773,0.051364588,0.032257335,0.066897536,0.049046808,0.029691914,0.028118683,0.045654675,0.048966183,0.040664555,0.014961016,0.053959962,0.048210063,0.052237716,0.041513365,0.008973244,0.043288505,0.008318606,0.03545424,0.016785862
B:AGTTG,0.048619384,0.066566091,0.059044794,0.112762809,0.051632556,0.035264943,0.06921904,0.051179524,0.032076534,0.031328885,0.044975148,0.049184835,0.03962141,0.013925035,0.052721724,0.050407331,0.051520618,0.040369241,0.007982324,0.034892948,0.008252202,0.033912915,0.014539708
B:AGTTT,0.049698495,0.067209279,0.061894348,0.117150134,0.057304294,0.029911375,0.068650522,0.054537133,0.031652274,0.029587119,0.045510249,0.048117542,0.039368172,0.016900699,0.050918593,0.051185235,0.046568616,0.036634846,0.008783877,0.03158946,0.00645873,0.038707242,0.011661767
B:ATCAA,0.051850662,0.064162468,0.062811729,0.116258889,0.063801443,0.031709569,0.068927904,0.056264634,0.030426411,0.029372926,0.049144202,0.04897184,0.039362792,0.017567041,0.049366136,0.052120474,0.041821194,0.031468714,0.009963862,0.030736969,0.00695586,0.03722176,0.009712521
B:ATCAC,0.046414626,0.065561831,0.058804689,0.106308155,0.048700171,0.032158601,0.063859597,0.048133244,0.0302528,0.029761304,0.044874631,0.053006788,0.041375551,0.015200655,0.054289985,0.048831528,0.053993805,0.043017681,0.009554924,0.046555734,0.006104609,0.037733027,0.015506064
B:ATCAG,0.050008843,0.066459177,0.057421122,0.110751169,0.050350548,0.035128164,0.067657391,0.049038619,0.030346667,0.029880929,0.047907966,0.049804101,0.038454826,0.015307292,0.053835178,0.050058914,0.049727237,0.04064328,0.008784835,0.037186963,0.008053776,0.034972505,0.018220498
B:ATCAT,0.052570178,0.067587931,0.061784101,0.116034162,0.056062414,0.033418162,0.066915552,0.052694397,0.031520819,0.029917525,0.048836403,0.049743734,0.037568211,0.01652547,0.05093761,0.050549199,0.044345316,0.034756914,0.008812161,0.033551606,0.006678628,0.037493246,0.011696265
B:ATCCA,0.047899532,0.066434689,0.057914718,0.106001477,0.051070806,0.032674412,0.062855797,0.047069893,0.029456791,0.030603454,0.046648689,0.059763427,0.040113234,0.014182676,0.051002296,0.048766687,0.049934619,0.038914808,0.008505478,0.04400958,0.007542603,0.040617103,0.01801723
B:ATCCC,0.045643865,0.065433664,0.054983388,0.097296376,0.041906299,0.032391298,0.060125841,0.0423077,0.030930098,0.030699341,0.041610101,0.05573619,0.042467806,0.011617035,0.054951504,0.044467767,0.061002618,0.049446995,0.008253241,0.059597318,0.008613834,0.037225471,0.023292249
B:ATCCG,0.037422297,0.0604357,0.054601663,0.085159185,0.035386508,0.033420671,0.064793143,0.047606668,0.031403261,0.024930832,0.04173606,0.056258785,0.047634336,0.012543876,0.052128933,0.041178489,0.067323284,0.06657824,0.010704114,0.062824018,0.010073523,0.035542486,0.020313925
B:ATCCT,0.048891271,0.067418787,0.057820543,0.104812196,0.048094511,0.033983578,0.066977475,0.047451463,0.029068549,0.029658545,0.047850805,0.055238476,0.038888425,0.014687723,0.052247949,0.045789172,0.051625759,0.044386107,0.007301886,0.046640888,0.008801144,0.033254225,0.019110523
B:ATCGA,0.037393925,0.074358956,0.055266187,0.096035412,0.044307086,0.036565824,0.068476855,0.046987072,0.028049543,0.029588927,0.046160475,0.044950303,0.043388469,0.012813372,0.054304615,0.047297476,0.051200196,0.055117228,0.01207282,0.055219266,0.008392232,0.033233673,0.018820088
B:ATCGC,0.043204646,0.063580398,0.059898126,0.08611054,0.038128337,0.030531628,0.060571375,0.045388791,0.02905398,0.025257032,0.039050131,0.052517995,0.040957823,0.012463618,0.052088872,0.048952111,0.068793049,0.052632618,0.013599654,0.06999457,0.009524453,0.037421761,0.020278491
B:ATCGG,0.046339923,0.062641033,0.052474774,0.077746141,0.038940372,0.031884739,0.055557553,0.046154207,0.036566618,0.027930618,0.045013859,0.055424312,0.041772841,0.012887959,0.057754702,0.039668932,0.059022865,0.062404109,0.013813575,0.064905898,0.010777744,0.036630136,0.02368709
B:ATCGT,0.046477326,0.059516682,0.057185194,0.096280323,0.045181601,0.034101732,0.063807863,0.042905394,0.033752421,0.034151527,0.045796292,0.04618096,0.04088945,0.016601262,0.051350148,0.046202009,0.058457948,0.049448398,0.012617257,0.051398597,0.007328295,0.042465671,0.017903652
B:ATCTA,0.053285072,0.06508502,0.058392488,0.120421631,0.05911831,0.03475287,0.069554935,0.056948965,0.030572061,0.0307034,0.046293125,0.050541968,0.03855747,0.017672666,0.048318607,0.053878412,0.04241416,0.031501013,0.007888409,0.027577128,0.006220941,0.03927951,0.011021836
B:ATCTC,0.046985076,0.068204203,0.056726672,0.104571983,0.046882794,0.03154829,0.063774862,0.048914924,0.028944189,0.030088369,0.044806015,0.052656952,0.043602141,0.012948246,0.052996359,0.045603675,0.05433278,0.043687936,0.008886793,0.053496658,0.006825353,0.036409174,0.017106554
B:ATCTG,0.046474508,0.067817017,0.056513516,0.111367346,0.046250861,0.035482726,0.063307396,0.049496782,0.030832271,0.030898789,0.049744509,0.053683856,0.039475013,0.014054652,0.05106993,0.048224968,0.05197249,0.041813208,0.008639063,0.040335392,0.007840307,0.034881314,0.019824085
B:ATCTT,0.049501889,0.06802245,0.061835525,0.11643506,0.054188284,0.032219155,0.067892061,0.053966746,0.030599847,0.029669158,0.047331337,0.050638683,0.040623609,0.017366108,0.050553648,0.051544872,0.047165031,0.033971918,0.008949321,0.032205582,0.006081545,0.037525206,0.011712965
B:ATTAA,0.04792311,0.067223684,0.063387039,0.122569725,0.060273415,0.030283794,0.069958415,0.059512165,0.031303929,0.02878339,0.049399425,0.047527327,0.041098034,0.018800189,0.049391188,0.053868531,0.039862839,0.029729842,0.008750145,0.027502373,0.006346396,0.039195924,0.007309121
B:ATTAC,0.044807465,0.068077563,0.060175426,0.116863404,0.053703857,0.027285946,0.061848507,0.054952223,0.028561867,0.02766819,0.045614465,0.048922928,0.042118701,0.015343522,0.055445759,0.053381677,0.048847687,0.037183808,0.011320526,0.042227036,0.006122605,0.039170679,0.010356159
B:ATTAG,0.049707596,0.065847548,0.061084907,0.112020655,0.056170846,0.03379078,0.068323444,0.052123638,0.029719874,0.029047928,0.046890672,0.051582313,0.039787585,0.015849326,0.053501196,0.052739428,0.047301145,0.035550152,0.009218286,0.035292454,0.005734278,0.038395881,0.01032007
B:ATTAT,0.052386177,0.066503607,0.060962214,0.119463387,0.061375046,0.027970289,0.067442934,0.058575396,0.0308189,0.030367907,0.05099926,0.048815165,0.042294207,0.018607128,0.049420814,0.057379962,0.039092089,0.029473276,0.010139033,0.027041225,0.005210291,0.038351782,0.007309911
B:ATTCA,0.054944445,0.067423596,0.061788722,0.118327447,0.057492765,0.033682341,0.067072163,0.053659336,0.030545096,0.03019019,0.047772826,0.049348843,0.039667759,0.016763773,0.046506943,0.051078898,0.041441358,0.034795385,0.008999025,0.033215364,0.006973251,0.03737115,0.010939324
B:ATTCC,0.051051163,0.066035469,0.059642001,0.108834536,0.052569574,0.035150757,0.07026038,0.046434159,0.032147998,0.032490087,0.044001284,0.050118861,0.041790305,0.014606106,0.049095337,0.050039387,0.047509977,0.037379801,0.008873917,0.040205594,0.008058637,0.036728197,0.016976475
B:ATTCG,0.048199113,0.066829139,0.05575737,0.109130874,0.046006213,0.035026642,0.065095711,0.052209843,0.030976272,0.027424732,0.043980965,0.049885417,0.041825241,0.010410243,0.050946219,0.045725602,0.060854207,0.044358064,0.010329036,0.054521508,0.006065919,0.030129014,0.014312655
B:ATTCT,0.05185385,0.064176821,0.060501523,0.115588921,0.055701311,0.030623171,0.068608176,0.052853956,0.031081611,0.029248406,0.047619398,0.051408055,0.040294723,0.016488467,0.050399376,0.053179803,0.047087123,0.0350337,0.008515925,0.034529148,0.006327968,0.037804102,0.011074467
B:ATTGA,0.055510308,0.069434946,0.060133289,0.1130141,0.064752664,0.031779822,0.067548532,0.055999679,0.028727705,0.027478099,0.050863216,0.04915735,0.039354785,0.017914425,0.045545302,0.052455065,0.042554065,0.031659012,0.008959012,0.031423219,0.007335821,0.038095754,0.010303829
B:ATTGC,0.049956339,0.064563835,0.059027811,0.111521028,0.054289419,0.030911725,0.066209987,0.050750892,0.029045765,0.028138612,0.046462872,0.052859804,0.040479137,0.01500119,0.05167131,0.052555243,0.049081735,0.037053795,0.009708205,0.041607404,0.007699094,0.037984137,0.01342066
B:ATTGG,0.054619543,0.067839667,0.058810634,0.111098561,0.054792196,0.031512627,0.072512935,0.048104425,0.0306698,0.029531749,0.045014699,0.05102579,0.038668728,0.015551659,0.048041319,0.051748928,0.050750121,0.035858034,0.008062151,0.036294758,0.006421314,0.038752463,0.014317899
B:ATTGT,0.053992742,0.065436613,0.060288362,0.115725549,0.057219704,0.029916488,0.070242869,0.057462534,0.033612933,0.02919285,0.047041623,0.049509859,0.040553041,0.016463808,0.048267375,0.052529024,0.043381135,0.034842498,0.008899182,0.031276555,0.006684956,0.037358081,0.010102219
B:ATTTA,0.049715133,0.066321478,0.06050109,0.120528167,0.060045082,0.030434888,0.067231695,0.062308438,0.030758675,0.027662154,0.047253404,0.045195051,0.043327569,0.018782746,0.051534424,0.056289218,0.040739835,0.031887803,0.00941491,0.026627367,0.006444576,0.039429372,0.007566925
B:ATTTC,0.050334191,0.065595633,0.06049207,0.11752292,0.057242791,0.031572177,0.068555491,0.055604277,0.030514054,0.030383304,0.052588559,0.048421709,0.041264275,0.018574117,0.048772911,0.052765983,0.041231654,0.033222906,0.008334666,0.030453132,0.006865277,0.039428029,0.010259873
B:ATTTG,0.050956668,0.067914164,0.060067036,0.119373606,0.057006492,0.031113322,0.070459902,0.055392404,0.030286562,0.029407791,0.048817085,0.047470478,0.04010129,0.01813676,0.050338589,0.05160506,0.043993713,0.033318161,0.009444638,0.029246901,0.006750206,0.036910825,0.011888345
B:ATTTT,0.048592936,0.0652318,0.061870602,0.11913998,0.06004896,0.028319471,0.069890655,0.056845492,0.029196185,0.028799333,0.048092195,0.045224311,0.040688469,0.017857448,0.051118675,0.054457813,0.043772469,0.032855226,0.009859742,0.032203505,0.00600387,0.041292906,0.008637956
B:CACAA,0.050461839,0.063024015,0.058769923,0.113073557,0.052132363,0.032874658,0.071158858,0.047657258,0.032327407,0.029723719,0.046620995,0.050715354,0.039375962,0.01573942,0.050156749,0.049810742,0.049790125,0.039597298,0.00814059,0.038709771,0.007772724,0.03625212,0.016114552
B:CACAC,0.041890608,0.061253515,0.051478836,0.099237592,0.042584749,0.034059995,0.060709253,0.043592644,0.037119205,0.027469145,0.046236239,0.050432808,0.037607452,0.014642998,0.055273182,0.047333161,0.060111975,0.04462105,0.00791011,0.057133122,0.007936387,0.044690926,0.026675048
B:CACAG,0.042126671,0.063055721,0.054828364,0.099690158,0.041129103,0.036937767,0.065066231,0.043444946,0.034487603,0.030607828,0.04492755,0.052190314,0.038640173,0.012034346,0.054514012,0.043927291,0.060126115,0.048251125,0.007951549,0.049761246,0.008195227,0.038141629,0.02996503
B:CACAT,0.050468193,0.062744635,0.057924986,0.111810603,0.052400512,0.033542061,0.066134116,0.048364258,0.032786403,0.030709725,0.048428762,0.048027201,0.039462957,0.015559729,0.049714549,0.046473692,0.051440085,0.037745965,0.008211615,0.043727381,0.007176858,0.040327885,0.016817828
B:CACCA,0.041754003,0.063931664,0.055542147,0.094947896,0.041380752,0.031818532,0.062348905,0.044124532,0.029799968,0.031645292,0.042214873,0.053112315,0.040673207,0.011419312,0.055391851,0.044836284,0.064756306,0.05218422,0.008350463,0.060828899,0.008049062,0.037017731,0.023871786
B:CACCC,0.039266701,0.062980027,0.051860127,0.083189093,0.034428553,0.032402242,0.058802221,0.042725686,0.030959088,0.030521955,0.045070324,0.055616973,0.04265707,0.010029649,0.056461099,0.037846986,0.066990639,0.060780143,0.006715967,0.06766635,0.010777874,0.037698783,0.034552452
B:CACCG,0.036554071,0.062696808,0.057436333,0.078909308,0.030722798,0.029729747,0.052979918,0.046044209,0.02971105,0.029181881,0.037212425,0.061107268,0.047170297,0.00968304,0.054024312,0.037921406,0.072127943,0.066962453,0.011017154,0.077344858,0.011814836,0.032517262,0.027130622
B:CACCT,0.040602111,0.066253539,0.055145367,0.09369696,0.04086716,0.032864662,0.061866246,0.042258724,0.029407285,0.031211943,0.040471101,0.054390764,0.041807399,0.010950215,0.060030867,0.043062369,0.063935339,0.051575418,0.00813564,0.058249292,0.009023006,0.037997965,0.026196627
B:CACGA,0.03906523,0.056680799,0.058371759,0.091702605,0.034373209,0.030896453,0.064649881,0.043751378,0.034153178,0.028711556,0.040280855,0.04580312,0.036890547,0.016119653,0.055761791,0.045564882,0.071117273,0.058990975,0.009657141,0.061526839,0.009722291,0.04392477,0.022283814
B:CACGC,0.034522492,0.061773198,0.053323243,0.080503924,0.031307495,0.03054267,0.055124088,0.042123844,0.031212608,0.028279022,0.039959941,0.055497327,0.045713521,0.008963721,0.060152132,0.040775182,0.079921439,0.06017201,0.00982585,0.072747675,0.009892138,0.043669333,0.023997149
B:CACGG,0.030382028,0.061766672,0.04819734,0.075913072,0.029925982,0.030177543,0.059917258,0.042539669,0.036112367,0.027693002,0.040220715,0.053494826,0.043031749,0.0136657,0.058593812,0.035241809,0.07942473,0.06923339,0.008544184,0.069963436,0.012411206,0.042724692,0.030824818
B:CACGT,0.033349483,0.055708315,0.056263463,0.086191786,0.040702704,0.029144333,0.059113772,0.044456135,0.034972344,0.029840327,0.041290687,0.048884687,0.043147095,0.015376907,0.063977103,0.047351553,0.06975997,0.058554999,0.012067649,0.063046073,0.006580741,0.038533787,0.021686087
B:CACTA,0.051086226,0.068460655,0.059915797,0.109924597,0.053079992,0.030741778,0.068558478,0.050452081,0.030610795,0.029295528,0.047732579,0.048899835,0.039455498,0.017215374,0.053079849,0.052107337,0.047458096,0.036388823,0.008516209,0.03553831,0.007341198,0.037656902,0.016484063
