 ,X,1,2,3,4,5,6,7,8,9,10,11,12,13,14,15,16,17,18,19
ACA,0.061659365620736234,0.07543012775001538,0.06967942951380514,0.061237636334032085,0.05906175448516108,0.058442902410776425,0.05738138878720465,0.05464840376035785,0.04959811419142989,0.0475798504899734,0.05008705333516626,0.046071475233614954,0.04568529756731839,0.04615830535947025,0.04754051623849441,0.039212500171240734,0.037367947838130924,0.036040278409825516,0.03452534318516756,0.022592309318078856
ACC,0.06088643416944159,0.07341519624174216,0.07005153892443086,0.05843684515412051,0.060565754706016446,0.05905922038406095,0.05625596114037242,0.05808459211145987,0.049850347661196184,0.04846462018129463,0.048972961398547406,0.049323418240719175,0.045543042409990867,0.04556736527165662,0.04630870170645144,0.039513444552419716,0.03584166469620177,0.03688298309154085,0.03366209899473909,0.023313808963597426
ACG,0.045001561568382496,0.07055475452170605,0.07079254945584693,0.057776154394649046,0.060958207007439,0.062364087491142375,0.05550896002615147,0.05524038561147104,0.05282671160982396,0.049840931474048084,0.05283412937937228,0.05184790707632194,0.04511999009599873,0.04731454147995416,0.04510182934986319,0.040798244086055334,0.03647010344719098,0.03914553092600281,0.03466511285710059,0.025838308141479544
ACT,0.06479001963218246,0.07545430018840835,0.06975634787865276,0.06192609167205696,0.05927531847225131,0.05723133286622397,0.05753482270040095,0.054630475046763556,0.04847129165758414,0.04724493150608628,0.049507077816061174,0.04563298164398502,0.045835308200103,0.04601474186773653,0.04759797658077916,0.039300486964270694,0.03727061883955312,0.035352874248367167,0.034487098098656174,0.0226859041198772
ATA,0.07604712627176684,0.07774286482828556,0.06766687461096968,0.06580352409920737,0.05770011398997362,0.055521297012359916,0.058112676726535153,0.05075467010911627,0.047591076034933615,0.043686765670516346,0.0511665801973565,0.040028543277673835,0.045674060031660565,0.04535113755316884,0.04903314205529517,0.03942420082075866,0.03926317468039367,0.03396142559673663,0.03446504266273079,0.02100570377056097
ATC,0.06897002296039315,0.07566526146961824,0.06858549161365828,0.0624947848468626,0.059090425303771385,0.05680007590403569,0.057510376512033376,0.05522396961643478,0.04859741443935642,0.04621645965150285,0.049727830021172544,0.044001003388965,0.045505061496565906,0.04585588659913961,0.04783625119556799,0.039260654834051625,0.03720983061240375,0.03513747425277632,0.03420159886594518,0.022110126415745293
ATG,0.06599837024986999,0.07588228960280025,0.06916860218300161,0.062161048921975756,0.05857880372663234,0.05737194461628274,0.057635912223610586,0.05449411221099405,0.04912308947945521,0.046535035956812014,0.049954572363428665,0.044203649672732374,0.04586245568639762,0.04612244032900079,0.04799002441006209,0.039420306626719435,0.0377537218725475,0.035182078580545416,0.03446224350149147,0.022099297785640085
ATT,0.07459311509182424,0.07739872546116515,0.06822276771916594,0.06610926369719376,0.058013289482466764,0.05530341588247262,0.058155534765036314,0.05115083237504087,0.04729830291135652,0.04419485795401364,0.050631516115131614,0.040484455523207494,0.04565105742239577,0.045743146643570744,0.049065499068001416,0.039154219264508384,0.038931045712401725,0.033971953829280664,0.03464761437342099,0.021279386708345376
CCA,0.0614557982430348,0.0733293316628538,0.070238900108417,0.05829897187574115,0.060687080220990536,0.05897493601632265,0.05632080416568058,0.0586286612053469,0.049798055898107096,0.04848388920399188,0.04859772399385415,0.04927920957657541,0.04547497825218178,0.04528743961398646,0.04631184694799324,0.03951959518563247,0.03572614230863427,0.03681195188712632,0.03358682676141038,0.023187856872119106
CCC,0.05693491578772725,0.07156860012167991,0.07062735181115877,0.0556455151405298,0.06185870197242345,0.06104095149808179,0.055470658620781196,0.06032635191943976,0.050830949251392275,0.04943492948000431,0.048594245344766696,0.052598820920810904,0.04532937065106727,0.04453203937196567,0.04508616112814421,0.04016762063904046,0.03476910622870282,0.0381322618472626,0.032996928175574675,0.02405452008944619
CCG,0.04427441067709291,0.067902418601881,0.07152576694746762,0.053704365465160886,0.06436972184414233,0.06443672519168213,0.05357105945868302,0.05898904648543356,0.05369149031210422,0.05065312936288137,0.05106487150246905,0.05734006344735289,0.04445483799203667,0.04505988259962478,0.042924972016248966,0.04120986149138065,0.0341597079529908,0.04109748855687927,0.03302870896373411,0.02654147113075375
CCT,0.05930267222572114,0.0731481157497013,0.07034969345541905,0.05764748854870448,0.06098131848892289,0.05907697071742825,0.05643080882262664,0.05866946094997504,0.04987226603821505,0.04905433242867743,0.04851303235242081,0.050287435965084844,0.04567711277428112,0.04526354987386235,0.04629653576307733,0.039659730790500385,0.035746246409394014,0.03702629654519097,0.03352901058788306,0.02346792151291384
CTA,0.06888940900963812,0.0760233541750685,0.06910175599941662,0.06237038084599983,0.05903204653825418,0.05637962705541715,0.057525088291869954,0.05414802267471067,0.04816021395772955,0.046524893600955575,0.049646140068734856,0.04457788389364819,0.04577912913397827,0.04573686373624277,0.04779189299677013,0.039224946847886286,0.03743448576026744,0.03492421995200306,0.03442048307022285,0.022309162391185994
CTC,0.05757935392840535,0.07362227306320934,0.07029104387598073,0.05828458725750873,0.06081017742393887,0.05927094554405908,0.05666429521122272,0.0578612584160995,0.05003412695587707,0.049236436947739874,0.048975579776719264,0.04997671620006804,0.04568624759545112,0.045435293752359315,0.04629599395892604,0.03966286129278131,0.036080810014051966,0.0369127883737653,0.03380956629418369,0.02350964411765268
CTG,0.056592004594175155,0.07304891329469704,0.07098197541833791,0.057801392878393254,0.06112058017006415,0.059571862142010996,0.056389974336757624,0.05839304090682046,0.0500483112583561,0.049444172965702166,0.04851091574357355,0.050655065313151754,0.04582523801660508,0.045382464222072524,0.046254820896337236,0.03966920997219706,0.03578279466009348,0.0372850362000928,0.03371312891750084,0.02352909809306082
CTT,0.06507048875077714,0.07566047131011655,0.06959039775278238,0.06182844789845107,0.05927169169354095,0.05677136107415791,0.05751581862025394,0.05471332949573196,0.048628049238504056,0.04722999762380383,0.04963552296856246,0.045672702917950704,0.04565911336559855,0.046282983159788134,0.04757493703208789,0.03921700399032075,0.03714672435693508,0.03526903229440884,0.034514835109710186,0.022747091346517624
GCA,0.05773312184418846,0.07377325184959424,0.07068290102026105,0.058990871950508415,0.0601176554126495,0.059175104671389006,0.05687418548508594,0.05682975534326028,0.050174557024319846,0.04890189019014612,0.04900164580766825,0.04903348300293825,0.04589456931893184,0.04582247643925795,0.04672747097858062,0.039620763344902006,0.03651523140541166,0.03668393514468329,0.034154394840248174,0.02329273492597511
GCC,0.053812453769160905,0.07105257459534912,0.07188420027274213,0.05493052890215968,0.062418075281513184,0.06100458482311467,0.055474128304310345,0.060312049305756565,0.0508937972920983,0.05040744010977745,0.048173453387002164,0.05403207174133308,0.045466750805273536,0.044586665426724154,0.04493125552265034,0.04002305603670455,0.034859558450531215,0.03831000651758228,0.03305829870732143,0.0243690507488949
GCG,0.04181511848574483,0.06735905758633332,0.07222536476706877,0.05344460616083812,0.06423265306210943,0.06521165997120326,0.053788900917042526,0.058530542175348796,0.05393340498191043,0.05088516057079214,0.05144192942087584,0.05771696152506099,0.0444092537237711,0.04515941736134493,0.04267791507410468,0.04124870157731661,0.03430654418041045,0.04143461640946099,0.033258700001105736,0.026919492048157037
GCT,0.05625498410981595,0.07350445702063578,0.07115779921163677,0.058199394004655326,0.06079071570314066,0.059376025891926594,0.056393047438762466,0.0572489590234389,0.050140453769852295,0.04949975616692213,0.04884848091364313,0.050481451279565395,0.045884361208738234,0.04570042086755078,0.046208985650478415,0.03968323733271321,0.03603783859237763,0.036908529167452055,0.034005646357861685,0.02367545628883259
GTA,0.06825318451925144,0.07605843602589384,0.06903230549651537,0.06275459769158648,0.05870455071035553,0.05689479701968865,0.057534043988830455,0.05345273844375479,0.048269487872322436,0.04621818919020794,0.050207824454893774,0.0441513546113428,0.04572199132502692,0.04596336652525322,0.04798192945989752,0.03924559383291117,0.037808192290595635,0.03508351860385433,0.034421604506666516,0.022242293431151187
GTC,0.058337822955346945,0.07365611837787245,0.07035784350736486,0.05890563982023856,0.06044803339718677,0.058928563182043044,0.05654197414990354,0.05744588904280554,0.05002174288285719,0.04861238269929373,0.04925317968449331,0.04876826526884606,0.04584190154256606,0.045913212486043596,0.04666434205973417,0.03974165371246348,0.03623250616904573,0.03691481001809518,0.03405402639484159,0.023360092648958223
GTG,0.05511085541751745,0.07371363260190344,0.0705979773553503,0.05847315495773524,0.06009910132057707,0.06043808060186605,0.05681671539895431,0.057076202737609494,0.05089742102138761,0.04929477526737479,0.04938804998999845,0.04953363662758361,0.04561867652469564,0.04587197125066307,0.046329983631864455,0.039507941260731365,0.03640653866166772,0.03722230092837505,0.03416137922158931,0.023441605222555572
GTT,0.06622485704088006,0.07573656717691708,0.06925672774928698,0.06269530961107078,0.05895160512518767,0.05691397495204889,0.05745466684381739,0.05376895001690261,0.04839295957610543,0.04673212624880034,0.05024450125650496,0.04489224421596395,0.04558381272364669,0.04634211686116645,0.04784015510928797,0.03907257895085767,0.037417556036156194,0.035281731184094924,0.0346262933489941,0.02257126597230985
TCA,0.06478140943781872,0.07537716329732658,0.06949910332476655,0.06191104411541895,0.059284731520756695,0.05738568668143216,0.057510372215457864,0.05510125574878712,0.04882831410211627,0.046974780807202,0.04949366700288019,0.04521987114109709,0.04581928477268186,0.04607216064737691,0.04776005107481365,0.03942213644638139,0.03731189644160344,0.03544271377748967,0.03435178157930887,0.022452575865284034
TCC,0.06210139124945425,0.0738061676730344,0.06960456651242067,0.059037369386560117,0.060478549771410685,0.058452433274398446,0.05666556989658853,0.058023561799425624,0.04966060966737941,0.0481778350415221,0.048843128800878946,0.04837806308072926,0.04551706440906876,0.045482571043635664,0.046732800915154186,0.03958254035762412,0.03601451095443273,0.036608807852317106,0.033735403463364635,0.023097054850600374
TCG,0.05162175129747622,0.07051575776023114,0.07037561510001501,0.05786571403070917,0.061238101608633404,0.06148176092433241,0.055309604437221195,0.056522985420344125,0.05196458997862391,0.04914805021463803,0.05180680900560204,0.05147216298340784,0.044943770408154414,0.04657044693942502,0.044712159120328186,0.04035318263595814,0.03598582072418864,0.038644290362483714,0.03419056818692216,0.025276858861305224
TCT,0.06419885203644374,0.07543284852273902,0.06941596199985887,0.06130921322707729,0.05966117724834735,0.05719901206800652,0.057399671059999574,0.055437656141575795,0.04888618731267101,0.04747727731315743,0.04958771141870792,0.046194864368882,0.04562398346041868,0.04587794659266687,0.0473829247752211,0.03927082255428992,0.03698335929093786,0.03565937372408824,0.03431942312640673,0.022681733758504078
TTA,0.07070062065093399,0.07733019295737524,0.06888015589837523,0.06555199254807882,0.05806879891415053,0.05589232374478403,0.058068673990909356,0.05049356808228677,0.04754397420410024,0.04510781484714179,0.051099331289013075,0.04183390982459559,0.045853741930466124,0.04598205891969275,0.04866635747470458,0.03920979304101968,0.038969700981751974,0.03410637674119966,0.03482857881897089,0.02181203514044969
TTC,0.0674498435738154,0.0759254899793041,0.06904179210683008,0.06279900770683608,0.059091236127173756,0.056372118588262306,0.05771634968551367,0.054300321834116545,0.04836427312212204,0.04644889919545356,0.04973423897814956,0.04438496770489201,0.04556579315528889,0.04619397832926128,0.04796802689782024,0.03919306884581276,0.03743845323337773,0.03512043536190663,0.03452700122447766,0.02236470434958572
TTG,0.06869737664079753,0.07575400845729074,0.06906061451139942,0.06265093323239179,0.0589717252227779,0.05651753753241242,0.05742795643823901,0.054543875114113134,0.048286255885614575,0.04632269472463769,0.04969456127309353,0.04433892060304151,0.04549540488372497,0.0461096490751129,0.04797753555582513,0.0390616247415914,0.037267528624607686,0.035118206699448436,0.034429232006628764,0.022274358777251473
TTT,0.07242279071594483,0.07666551779838666,0.06884695072982021,0.064950022637092,0.05848094467942331,0.05562206834409694,0.0578911043351472,0.05149979280670735,0.04737466215654018,0.045234129836454126,0.050518583749149935,0.0426162332781457,0.045532188273050174,0.045966796607529045,0.04840593597059196,0.038768378911030375,0.03826976059979643,0.034398929653613644,0.03461408363777989,0.021921125279700034
