 ,X,1,2,3,4,5,6,7,8,9,10,11,12,13,14,15,16,17,18,19
B:AACAA,0.03307288560181319,0.044643922223547655,0.052367887391148754,0.07035070976977216,0.051234641536442804,0.03399737564117858,0.04643325778360969,0.13518430156268638,0.09352260527257546,0.0609566980794465,0.06557914827627341,0.0551413575092449,0.019831802457354167,0.03363950852916617,0.04828223786234045,0.03876893713467732,0.0713050220684719,0.018996779195991888,0.01750566622927353,0.00918525587498509
B:AACAC,0.02873644175235949,0.042306428135418135,0.05174437714232052,0.06831948161712917,0.04512372634643377,0.03545100248861342,0.04836361928910175,0.14673428182373105,0.10785556651171527,0.05554772972719162,0.06362398459876978,0.057097243743250224,0.017608113818847724,0.028454711931257922,0.04690801521341034,0.039723904775320465,0.06949335587171902,0.021035826642250084,0.01680987932572663,0.00906230924543363
B:AACAG,0.029940776486071508,0.04098120932953133,0.051144256781457925,0.06613292388681728,0.045733713533669666,0.037873802734517806,0.047890619287855526,0.13939460407984208,0.10941726986912334,0.058053666739782114,0.06013745704467354,0.05706660817430723,0.019485267236967172,0.028149447978357826,0.0466110989252029,0.039847919865467575,0.07110477443883893,0.02328727060027784,0.016012283395481466,0.011735029611756964
B:AACAT,0.03397488812616761,0.04305513316244515,0.05243950123821523,0.07190337576573837,0.04753008645783551,0.034756918799148454,0.04670460963635574,0.13503062953469175,0.08041882087152974,0.05873919277056089,0.06747186861884694,0.05613242386062475,0.01981144371551462,0.03158534995872616,0.05539383933614285,0.04014424121301646,0.07590042142764045,0.020810705130990138,0.019463874527523135,0.00873267584828605
B:AACCA,0.029854511815658902,0.04183836515011353,0.0501219409637541,0.05920444033302498,0.047388781431334626,0.03397527541838365,0.04415103860062232,0.1498612395929695,0.11525523505171979,0.0589101000756875,0.060045412496846355,0.05874190564292322,0.01686149188461862,0.02876124800269111,0.045412496846354386,0.03649819190984779,0.07139853670843495,0.02169708182659154,0.01871163064502565,0.011311075603397527
B:AACCC,0.03073782113083423,0.04208019055180627,0.05211818748936653,0.059377303918788635,0.04349798672942778,0.036692565076844555,0.04321442749390347,0.1530652753360177,0.1274315204446209,0.058640049906425455,0.0614189304145636,0.05722225372880395,0.018544774003289285,0.02455622979640447,0.041172800998128506,0.03374354902739182,0.06431123461691148,0.021550501899846877,0.018261214767764985,0.012363182668859525
B:AACCG,0.020249221183800622,0.03707165109034268,0.0514018691588785,0.06230529595015576,0.040498442367601244,0.03987538940809969,0.04454828660436137,0.14361370716510904,0.13426791277258568,0.06386292834890965,0.05669781931464175,0.056074766355140186,0.02367601246105919,0.02866043613707165,0.03426791277258567,0.037694704049844235,0.0616822429906542,0.024610591900311528,0.020249221183800622,0.018691588785046728
B:AACCT,0.031840484392942896,0.04217559244179977,0.048961269443574484,0.06091450046977764,0.045150850819500994,0.03523332289383025,0.049170059505167556,0.14343877231443783,0.1107109301597244,0.0555903538991544,0.060862302954379374,0.0603403278003967,0.017747155235410796,0.03022236141559662,0.04572502348888193,0.040400876918258694,0.06837874517172983,0.02364547447541497,0.01727737759682639,0.012214218603194488
B:AACGA,0.024075161479741633,0.04345273047563124,0.05226071638285379,0.06840869054609512,0.0455079271873165,0.0364063417498532,0.04785672342924251,0.1315325895478567,0.11156782149148561,0.061362301820317086,0.06459189665296536,0.04932472108044627,0.02378156194950088,0.02906635349383441,0.042278332354668234,0.040516735173223725,0.07339988256018791,0.02378156194950088,0.017322372284204347,0.013505578391074574
B:AACGC,0.025503355704697986,0.04463087248322148,0.05469798657718121,0.06879194630872483,0.04161073825503356,0.03724832214765101,0.04194630872483222,0.13221476510067115,0.13187919463087247,0.06476510067114094,0.060067114093959734,0.05704697986577181,0.0238255033557047,0.02348993288590604,0.03389261744966443,0.03322147651006711,0.0691275167785235,0.023154362416107382,0.016107382550335572,0.016778523489932886
B:AACGG,0.02157210401891253,0.03959810874704492,0.047872340425531915,0.061465721040189124,0.0425531914893617,0.03930260047281324,0.04373522458628842,0.13977541371158392,0.13829787234042554,0.05939716312056738,0.06057919621749409,0.05053191489361702,0.02364066193853428,0.02304964539007092,0.038120567375886524,0.03516548463356974,0.06944444444444445,0.030141843971631204,0.01950354609929078,0.016252955082742316
B:AACGT,0.0272608125819135,0.04193971166448231,0.04639580602883355,0.0710353866317169,0.04534731323722149,0.04220183486238532,0.044036697247706424,0.1307994757536042,0.11874180865006553,0.05688073394495413,0.06212319790301442,0.05425950196592398,0.019397116644823065,0.025688073394495414,0.04377457404980341,0.036435124508519004,0.07785058977719528,0.02804718217562254,0.01598951507208388,0.011795543905635648
B:AACTA,0.03710769230769231,0.04473846153846154,0.05384615384615385,0.07415384615384615,0.05169230769230769,0.031384615384615386,0.049784615384615385,0.12843076923076924,0.08110769230769231,0.056738461538461536,0.06627692307692308,0.05378461538461538,0.020369230769230768,0.031446153846153846,0.05083076923076923,0.04006153846153846,0.08006153846153846,0.022276923076923076,0.016676923076923075,0.009230769230769232
B:AACTC,0.02778564015473158,0.04094725917539391,0.04854231531276536,0.0653835267478064,0.046749693367298804,0.03462590810453817,0.044909897160109444,0.1516180771770922,0.1179356543070101,0.05981696386451552,0.05887347863005944,0.05816586470421738,0.020001886970468914,0.025898669685819418,0.04373054061703934,0.03797528068685725,0.0666100575525993,0.02174733465421266,0.01717143126710067,0.011510519860364185
B:AACTG,0.029821497039151365,0.041111063775401524,0.051037362075576194,0.07037873301239722,0.044476632726962895,0.036510032803646744,0.04822562092617049,0.14062965960891236,0.10693136795467133,0.05649043581987816,0.059003961998892344,0.05827972564222724,0.020875047927405955,0.028543432880330594,0.04754398670813275,0.03659523708090146,0.07297746346866613,0.02164188642269842,0.01772248966898138,0.011204362458995441
B:AACTT,0.03347242787275093,0.043074438013191545,0.05276618656615965,0.0747072284291291,0.05142011037824741,0.03571588818593799,0.04643962848297214,0.13595369497913581,0.0838605465069323,0.059496567505720827,0.06299636559429264,0.05213801767846727,0.020370619643738503,0.03320321263516848,0.05061246466550007,0.039619509130883475,0.07479696684165657,0.02176156503791448,0.01871045901198008,0.008884102840220757
B:AATAA,0.0349774943735934,0.04866841710427607,0.052013003250812706,0.07801950487621906,0.05416979244811203,0.03378969742435609,0.04841835458864716,0.13353338334583645,0.078832208052013,0.056264066016504126,0.06476619154788697,0.05191922980745186,0.02241185296324081,0.03188297074268567,0.04885596399099775,0.0380095023755939,0.07473743435858965,0.021255313828457113,0.01956739184796199,0.007908227056764191
B:AATAC,0.03465824904979708,0.045416478773432974,0.05127874766475552,0.07885073761515171,0.04960381369580622,0.03150164272370032,0.049925916382142624,0.1399858274818012,0.07704696257166785,0.05385556915544676,0.06493590156541905,0.053726728080912195,0.02074341300006442,0.03433614636346067,0.0510210655156864,0.03955420988211042,0.07504992591638214,0.021387618372737227,0.018746376344778715,0.008374669844746505
B:AATAG,0.03998775260257195,0.04053888548683405,0.052725045927740355,0.06680955296999387,0.049112063686466624,0.028169014084507043,0.05290875688916105,0.14292712798530313,0.0737905695039804,0.054929577464788736,0.07225964482547459,0.057256582976117576,0.019228413962033068,0.030985915492957747,0.05217391304347826,0.04409063074096754,0.07519902020820575,0.01996325780771586,0.018738518064911208,0.008205756276791182
B:AATAT,0.04083004284634126,0.045240695622952194,0.05612030580525918,0.08018986810047887,0.05170965302864824,0.03049651348399563,0.04687893808283626,0.13530202469965555,0.060909014534151054,0.055112156599176676,0.0755271780223473,0.05380996387465345,0.021087120893892294,0.035831303032848864,0.047341006468957406,0.04486263967067126,0.07540115937158699,0.018776778963286566,0.01902881626480719,0.005544820633453751
B:AATCA,0.0366741895773492,0.041546983996717274,0.048984407057858025,0.07032211735740665,0.045701682396389005,0.03277595404185474,0.0508822322527698,0.13818219121871153,0.0876590069757899,0.05672958555601149,0.06570578580221584,0.05811448502256873,0.01897825194911777,0.03113459171112023,0.05221583914649159,0.040162084530160035,0.07145055395978663,0.0232355354944604,0.020568321707016824,0.00897620024620435
B:AATCC,0.029738863287250384,0.04227342549923195,0.05044546850998464,0.06377880184331797,0.047250384024577576,0.03348694316436252,0.045345622119815666,0.15317972350230416,0.10930875576036866,0.06039938556067588,0.06193548387096774,0.05548387096774193,0.01824884792626728,0.026789554531490015,0.05032258064516129,0.03840245775729647,0.06439324116743472,0.021689708141321044,0.015729646697388633,0.011797235023041475
B:AATCG,0.02999558888398765,0.04146449051610057,0.054697838553153945,0.06484340538156154,0.03749448610498456,0.033083370092633436,0.04278782531980591,0.14909572121746803,0.09880899867666519,0.054697838553153945,0.06396118217909132,0.06837229819144243,0.020291133656815175,0.033083370092633436,0.04102337891486546,0.04190560211733568,0.06660785178650198,0.026025584472871635,0.015880017644464048,0.015880017644464048
B:AATCT,0.033105888299216575,0.041647712913823604,0.05114986100581249,0.07000252716704575,0.05089714430123831,0.03164013141268638,0.04594389689158453,0.14066211776598433,0.08845084660096032,0.06206722264341673,0.06550416982562547,0.05595147839272176,0.019257012888551934,0.03234773818549406,0.049583017437452616,0.038716199140763206,0.07222643416729846,0.021683093252463988,0.018448319433914583,0.010715188273944907
B:AATGA,0.037358994056523674,0.04233210690171026,0.04952896939311851,0.07208992034933086,0.04597096995916387,0.03456919904580924,0.05045890106335665,0.14167306837019367,0.07779080580600817,0.054906400355799946,0.06930012533861642,0.059839081389237055,0.0226822463914608,0.02979824525937007,0.04904378765212469,0.04217037965471233,0.07504144260704322,0.019245542392754618,0.017385679052278332,0.00881413496138762
B:AATGC,0.03299856527977044,0.04256336681013869,0.05141080822572932,0.06856767097082736,0.04220468675274988,0.03616690578670492,0.05392156862745098,0.1375538020086083,0.09068627450980392,0.053742228598756575,0.06300813008130081,0.0625896700143472,0.02098278335724534,0.028455284552845527,0.05021520803443329,0.04059062649450024,0.07340985174557628,0.021341463414634148,0.01871114299378288,0.010879961740793878
B:AATGG,0.03443760003880293,0.03996701750982199,0.05238395498860164,0.06237570936605714,0.0442353397681525,0.03453460736285589,0.04860066935053597,0.15365960129989814,0.09288451278071494,0.054227094145607994,0.06766260852694378,0.060581073871077265,0.020177523403016928,0.02992675947034001,0.0459329679390794,0.04185866032885483,0.06727457923073192,0.021244603967599553,0.017412814667507395,0.010622301983799777
B:AATGT,0.03381345151627067,0.042882350527309286,0.04973531946325249,0.07419262177356477,0.04460585169682794,0.03508555952234396,0.05096639172719439,0.1385777011777258,0.08412327136936272,0.05568550207230498,0.06610858057367967,0.0553982518773852,0.021051335713406377,0.03327998686856252,0.049448069268332714,0.04177438548976158,0.07517747958471829,0.020846157002749395,0.019081620091099347,0.008166112684147893
B:AATTA,0.04102847155144657,0.04599604434018675,0.05445931649878111,0.08099903408306885,0.05105560921760729,0.03187525872774941,0.05215951428177177,0.12492525642794719,0.06775217331309508,0.05680511476013063,0.06904006255462031,0.05395336001103905,0.020238259509682166,0.034267053033439125,0.05110160526194747,0.0395565981325606,0.07851524768869877,0.019916287199300862,0.018996366312497126,0.007359367094429879
B:AATTC,0.038687794795696645,0.04027770417086226,0.05273199427632625,0.06857809104881021,0.04854523292172346,0.03582595792039854,0.05230801844294875,0.14478774709841538,0.0781705442789761,0.054904870422385926,0.06614023000688961,0.05739572844347872,0.019131909481159573,0.0334940908368223,0.04695532354655785,0.041390640733478194,0.075308707403678,0.02050983093963644,0.01754200010599396,0.007313583125761832
B:AATTG,0.04111309405776985,0.03879965628924582,0.054266640227377885,0.07336902637319057,0.050366845131865956,0.03265252164716769,0.04858219313900456,0.1415162932117126,0.07026240994117258,0.05743935488135369,0.06854385617026902,0.0529446757882213,0.021481922136294535,0.032388128759336374,0.05241589001255866,0.04514508559719744,0.07475708903430497,0.018375305704276555,0.01791261815057175,0.007667393747108203
B:AATTT,0.04056590656284761,0.04790044493882091,0.05387931034482758,0.07932424916573971,0.05082035595105673,0.03264043381535039,0.051689377085650724,0.12993604004449388,0.06566323692992214,0.056799221357063404,0.06973025583982202,0.05026418242491657,0.02189933259176863,0.03750695216907675,0.05241935483870968,0.03653364849833148,0.07852474972191324,0.019327030033370413,0.017449944382647384,0.0071259733036707455
B:ACCAA,0.03075204041974349,0.04202293043140303,0.051350563544500585,0.06335017489312086,0.04527788573649436,0.03269529731830548,0.044889234356781965,0.15283715507190052,0.11003692188107268,0.05620870579090556,0.0583948698017878,0.05951224251846094,0.019481150408083948,0.028517294986397202,0.04658958414302371,0.03964244073066459,0.06981150408083948,0.020549941702293042,0.01734356781966576,0.010736494364554995
B:ACCAC,0.026785275470585346,0.03892465719762127,0.051457217280188726,0.057797218263134616,0.046051014891630215,0.038777215314296946,0.04074310709195459,0.14473878213004374,0.13815304467489065,0.056568535902098586,0.05327566717452204,0.056027915663242736,0.01828279353221605,0.028357988892711457,0.04005504496977441,0.03543519929227896,0.06693861502924264,0.030815353614783506,0.017299847643387233,0.013515505971396275
B:ACCAG,0.025932062966031483,0.03877381938690969,0.04772162386081193,0.05575807787903894,0.04382767191383596,0.03964374482187241,0.04515327257663629,0.15207125103562552,0.1363711681855841,0.05787075393537697,0.057207953603976805,0.06014913007456504,0.01851698425849213,0.027299088649544324,0.041963545981772994,0.03500414250207125,0.061101905550952774,0.02328086164043082,0.016818558409279205,0.015534382767191384
B:ACCAT,0.02976710708960979,0.04313402909876099,0.04945761143385944,0.05973985913320652,0.04621870340856511,0.03526810960876048,0.044882011207649994,0.15017222764896407,0.1109968639144517,0.05804328826281425,0.06565215156033109,0.06081949514163796,0.017685466042876973,0.026065497917844842,0.04632152588555858,0.03789008277209398,0.06853118091614827,0.0209243740681713,0.017068531180916148,0.01136188370777852
B:ACCCA,0.026489790826298498,0.037634632178650144,0.04807252463924814,0.05393604191791076,0.04270803010770574,0.03821682538362374,0.04133571755312513,0.15914667110242442,0.13407077805963322,0.05722127500311889,0.06661953674054975,0.060173826256913546,0.015677631305360335,0.02349565434357716,0.041460473239905184,0.037800973094356885,0.06042333763047365,0.02524223395849794,0.017257870004574374,0.013016176654052481
B:ACCCC,0.026260869565217393,0.0376231884057971,0.05257971014492754,0.05321739130434783,0.04063768115942029,0.03959420289855072,0.04115942028985507,0.15478260869565216,0.14730434782608695,0.05605797101449275,0.06342028985507246,0.058492753623188405,0.017739130434782608,0.022028985507246378,0.035304347826086956,0.034956521739130435,0.05571014492753623,0.03072463768115942,0.016869565217391306,0.01553623188405797
B:ACCCG,0.022206303724928367,0.041069723018147083,0.058500477554918814,0.050620821394460364,0.04369627507163324,0.051814708691499525,0.034383954154727794,0.14111747851002865,0.1654727793696275,0.05563514804202483,0.04894937917860554,0.05826170009551098,0.02005730659025788,0.02125119388729704,0.029847182425978988,0.03462273161413563,0.057067812798471826,0.029847182425978988,0.014804202483285577,0.020773638968481375
B:ACCCT,0.028790052606408417,0.03964610234337637,0.04820659971305596,0.05734098517455763,0.04103299856527977,0.03969392635102822,0.03983739837398374,0.15083692013390723,0.13663318986131037,0.05576279292204687,0.061166905786704924,0.05963653754184601,0.0187948350071736,0.022381635581061692,0.040746054519368725,0.035868005738880916,0.06575801052128169,0.025490196078431372,0.017694882831181254,0.014681970349115257
B:ACCGA,0.01949778434268833,0.03988183161004431,0.05258493353028065,0.06174298375184638,0.04106351550960118,0.04372230428360414,0.040472673559822744,0.13500738552437222,0.14387001477104874,0.05524372230428361,0.05406203840472674,0.06558345642540621,0.025701624815361892,0.022156573116691284,0.03308714918759232,0.04401772525849335,0.06587887740029542,0.02186115214180207,0.01949778434268833,0.015066469719350073
B:ACCGC,0.022502250225022502,0.0411041104110411,0.059705970597059704,0.0612061206120612,0.039603960396039604,0.0426042604260426,0.032703270327032706,0.1263126312631263,0.1713171317131713,0.049204920492049206,0.0558055805580558,0.0612061206120612,0.0231023102310231,0.023702370237023703,0.029102910291029103,0.03660366036603661,0.059705970597059704,0.0336033603360336,0.0111011101110111,0.019801980198019802
B:ACCGG,0.01849176538572667,0.04218433978618896,0.05374169315226813,0.056631031493787926,0.0430511412886449,0.040450736781277086,0.033516324761629586,0.1418665125686218,0.14099971106616585,0.05200809014735625,0.051430222479052295,0.06009823750361167,0.026004045073678126,0.029182317249349898,0.031493787922565734,0.041317538283733024,0.059520369835307715,0.033516324761629586,0.019069633054030626,0.02542617740537417
B:ACCGT,0.020335256938719428,0.03764770541357516,0.04506732618851333,0.06485298158834844,0.04396812311074471,0.04534212695795548,0.04231931849409178,0.13162956856279198,0.14564440780434185,0.06100577081615829,0.05578455619675735,0.04781533388293487,0.023907666941467436,0.0277548777136576,0.035724100027480075,0.035724100027480075,0.07007419620774938,0.0277548777136576,0.02115965924704589,0.016488046166529265
B:ACCTA,0.03479587389219817,0.04009879413046637,0.047726282144413774,0.06341711463024843,0.04576492808368444,0.03370623274734854,0.0479442103733837,0.14746476826964985,0.10547726282144414,0.05310184512567195,0.06181897428446898,0.06465204126107801,0.017434258317594074,0.026950457649280838,0.044457358709864885,0.04009879413046637,0.07039081795728606,0.023681534214731948,0.019250326892343454,0.011768124364376
B:ACCTC,0.025923258923979016,0.039759284024277336,0.04742310461886637,0.05498405513836025,0.041045159962966773,0.0373418372595412,0.0425882110893941,0.15085896512704455,0.14103487295545725,0.05822446250385763,0.05837876761650036,0.06089908445633165,0.016767822240510235,0.026334739224359634,0.04284538627713198,0.03909062853615883,0.06413949182182903,0.02422590268490896,0.015430511264273222,0.01270445427425162
B:ACCTG,0.028178059647573556,0.03797214305784129,0.04876971862080039,0.05591458274796291,0.041223457632561314,0.03809256211616425,0.04331072131015935,0.14851683859832215,0.14048890137679124,0.05667723678400835,0.05912575763657528,0.05816240516999157,0.019066350901135953,0.026171075342190823,0.039417171757716855,0.036727812788504,0.0631798659334484,0.026331634086621442,0.01750090314293742,0.015172801348693454
B:ACCTT,0.030541097908278504,0.04149071982716292,0.05018167534125503,0.05995286261416086,0.04713738583914367,0.03569674948443484,0.047284690169890994,0.15250908376706276,0.11082195816557007,0.057792399096533435,0.057006775999214374,0.061475007365216536,0.019591475989394088,0.02936266326229991,0.04350387901404301,0.03746440145340273,0.06623784739271335,0.021801040950603947,0.01743101247176667,0.012717273887852303
B:ACTAA,0.037226646441663507,0.04297813171533308,0.05258500821640753,0.07900391859436227,0.051131336114271266,0.033055239539881175,0.04677031980786247,0.12962962962962962,0.08153204398938187,0.059726962457337884,0.0658576665402604,0.05144735178864872,0.020604221969409683,0.031601567437744914,0.05163696119327519,0.040197193780811526,0.07792946530147896,0.019719378081152827,0.01820250284414107,0.009164454556946025
B:ACTAC,0.03427524856096285,0.041601255886970175,0.052939124367695795,0.06968428396999826,0.04622361765218908,0.03349031920460492,0.045351473922902494,0.14582243153671726,0.09654631083202511,0.05956741671027385,0.05791034362462934,0.05485784057212629,0.021018663875806733,0.03096110238967382,0.04910169195883481,0.039595325309611025,0.07456828885400314,0.023024594453165882,0.014303157160300017,0.009157509157509158
B:ACTAG,0.03545930509281295,0.04236078058067587,0.04854831032841504,0.07171188323020784,0.04275741710296684,0.03514199587498017,0.05029351102649532,0.13779152784388388,0.09915913057274314,0.05838489608123116,0.06330318895763921,0.0563223861653181,0.018721243852133904,0.027923211169284468,0.050055529113120736,0.040377597969221,0.07028399174996033,0.0230842455973346,0.017689988894177375,0.010629858797398065
B:ACTAT,0.037358516769668774,0.045760711061731824,0.05291299215332269,0.06777307131449205,0.051801958197347404,0.031317269634053194,0.046385667661967916,0.1420040274980904,0.07888341087424484,0.055135060065273245,0.06298173737934866,0.05749600722172071,0.019373654607318935,0.031664467745295466,0.052149156308589684,0.04166377334907298,0.0769391014512881,0.02180404138601486,0.0181931810290952,0.00840219429206305
B:ACTCA,0.028087224460772695,0.04151852729714783,0.048471201706565534,0.06178399304732559,0.04562692581180375,0.03448684522398673,0.04242711543019673,0.15086513391799006,0.12688630797187328,0.05767559453266967,0.060440862763688076,0.05652998340839061,0.01955439677648732,0.02745516315082563,0.04203207711147981,0.038318716915540806,0.06458876511021569,0.02239867267124911,0.019870427431460853,0.010982065260330251
B:ACTCC,0.028222996515679444,0.03908246225319396,0.04825783972125436,0.0610917537746806,0.04262485481997677,0.038385598141695704,0.04529616724738676,0.15423925667828106,0.12473867595818815,0.057955865272938445,0.059639953542392564,0.05975609756097561,0.020209059233449476,0.024912891986062717,0.04169570267131243,0.03734030197444831,0.06248548199767712,0.02456445993031359,0.01527293844367015,0.014227642276422764
B:ACTCG,0.019190325972660356,0.038643533123028394,0.04968454258675079,0.07176656151419558,0.040746582544689804,0.04390115667718191,0.04153522607781283,0.13643533123028392,0.15562565720294427,0.058096740273396424,0.04153522607781283,0.05021030494216614,0.02260778128286015,0.02392218717139853,0.04100946372239748,0.03286014721345951,0.06992639327024185,0.031808622502628815,0.015772870662460567,0.014721345951629864
B:ACTCT,0.027109600240974224,0.040922587030422994,0.049184560437196094,0.06644003614613365,0.04427901372692457,0.03356426696501571,0.048883342656740825,0.1463488101897672,0.11028873875812212,0.055725289384224795,0.06265329833469599,0.06032961831404105,0.019450062395111666,0.027152631352467833,0.045311760402771205,0.03950256035113387,0.07168983174835405,0.02229011575368992,0.01777184904686088,0.01110202676535135
B:ACTGA,0.030231273186518273,0.04171599968426869,0.04909621911753098,0.06705343752466651,0.045386376193859025,0.03536190701712842,0.04779382745283763,0.14630199700055252,0.10944036624832268,0.05671323703528298,0.05754203173099692,0.05608177440997711,0.02190385981529718,0.028021153997947745,0.046412502959981054,0.037769358276107036,0.07321019812139869,0.02135133001815455,0.01768095350856421,0.010932196700607784
B:ACTGC,0.025703978354544542,0.03677723218759395,0.051157430604268965,0.06553762902094398,0.04128670207435615,0.04023449243411163,0.047800380799679326,0.1369375688946788,0.13002304840164344,0.05867321374887263,0.05361258643150616,0.05581721615392324,0.020092193606573806,0.02815913418178174,0.044493436216053714,0.03437218158132077,0.06934562581420985,0.028109028960817718,0.018288405651868924,0.013578514881250626
B:ACTGG,0.025747007663825025,0.0405149401532765,0.0486523723413416,0.0594161715319039,0.040644105743563246,0.03732885559287006,0.0458537845517954,0.14905709119090674,0.1292517006802721,0.056100921381210714,0.06290364246964608,0.06010505468009989,0.01894428657538965,0.026177559631447515,0.039783001808318265,0.03646775165762507,0.06875914922931198,0.02221648152932059,0.017609575475759923,0.014466546112115732
B:ACTGT,0.026518785738956902,0.04171623747937214,0.04919983113942511,0.06938634531987566,0.0442107686993898,0.03634340100548797,0.04824039605480293,0.1403077867751468,0.12058180143531488,0.05603100894193499,0.057719614690870016,0.05345972291514756,0.019610853129677246,0.029166826572514102,0.04635990328894347,0.03872280001535096,0.07138197029588977,0.02225889396323445,0.018497908431515525,0.01028514410714971
B:ACTTA,0.0319414600150996,0.044892270166676344,0.04640223009466287,0.0764272025088565,0.049828677623555376,0.0351936813984552,0.05023520529647482,0.13154073988036472,0.0857192636041582,0.06004994482838725,0.06574133224925954,0.054358557407514954,0.019397177536442302,0.030896103141878156,0.04820256693187758,0.040072013473488585,0.07712410709100412,0.022707474301643535,0.019106800627214125,0.010163191822986237
B:ACTTC,0.03226446937357292,0.04119924550779311,0.05211952744961779,0.06616698103841953,0.04601409709123399,0.03286012111585426,0.04958800754492207,0.13968033356497567,0.10428869254442569,0.058175320162811475,0.059763724808895066,0.05862205896952249,0.020351434527945994,0.02754889308051226,0.0480988781892187,0.041993447830834904,0.07033654323438895,0.022684403851881266,0.017422813461729376,0.010821006651444455
B:ACTTG,0.03147124430220153,0.04102414896712249,0.05334109203762972,0.06604597032295606,0.04538842013383765,0.03719328872078363,0.045824847250509164,0.14533022985161478,0.11240422849384153,0.06105130443215983,0.05823877412472117,0.05605663854136359,0.01925128503539909,0.02807681117253419,0.04349723596159441,0.039326932402288815,0.06740374357482301,0.021287944913199495,0.01789351178353215,0.009892347977887692
B:ACTTT,0.033974481051228335,0.04486764425823653,0.05450390401828223,0.07309083984003047,0.04882879451533041,0.0334793372690916,0.04768615501809179,0.13235574176347362,0.08284136354980004,0.06132165301847267,0.06250238049895258,0.05545610359931442,0.01988192725195201,0.0337840411350219,0.0527899447724243,0.04014473433631689,0.07457627118644068,0.020567510950295183,0.018244143972576652,0.009103027994667683
B:AGCAA,0.029637470230219634,0.04313310399576607,0.04865232676823045,0.06698673118360866,0.04283068083015159,0.03474086114996409,0.047480437001474314,0.14206328204740484,0.10951498884814577,0.056553131969908896,0.06418931690167466,0.05795183911087589,0.02041356367897781,0.029032623898990664,0.04456961403243488,0.040146675235323025,0.07174989604203683,0.02150984765433032,0.018334404415378217,0.01050920500510339
B:AGCAC,0.02324408389727208,0.04207473414316338,0.04661426589886932,0.061704005716447394,0.043629944096507084,0.03980496826531041,0.04543735025850111,0.14425623134798873,0.14122987684418478,0.05447438106847127,0.053675759741078556,0.05502080618721365,0.018872682947333026,0.026270438401076037,0.04371400949939053,0.03408852086923626,0.06796687823126392,0.027825648354419738,0.01769576730696482,0.01239964692530789
B:AGCAG,0.023906494086141487,0.040532247266235215,0.04926355724168712,0.06005913858513725,0.03994644052666815,0.03696161571077884,0.044939745592501676,0.13878040615933943,0.14399687569738898,0.054396340102655656,0.06892992635572417,0.05632113367551886,0.018690024548091943,0.02546864539165365,0.03855166257531801,0.03687792903369783,0.06644722160232092,0.02452019638473555,0.016514170943985718,0.014896228520419549
B:AGCAT,0.030958145970252506,0.04051366309235559,0.048815288827395366,0.06598062953995157,0.042416118989968866,0.03424420615703909,0.04959356624005534,0.1399169837426496,0.10748875821515047,0.057030439294361815,0.06438083708059494,0.059235558630231756,0.020927014873746107,0.030482531995849188,0.04630750605326876,0.04207021791767555,0.07090971982013144,0.020754064337599448,0.01686267727429955,0.011112071947423037
B:AGCCA,0.025400739827373613,0.038563501849568436,0.04830456226880395,0.055456226880394574,0.04235511713933415,0.03837854500616523,0.04401972872996301,0.14534525277435265,0.14007398273736127,0.057614056720098644,0.05869297163995068,0.05776818742293465,0.01938964241676942,0.02435265104808878,0.04087546239210851,0.03834771886559803,0.06649198520345252,0.023951911220715168,0.0187422934648582,0.01587546239210851
B:AGCCC,0.02472214004986688,0.03735790051979884,0.050669822085111775,0.053712547014326165,0.04099226640747158,0.04196424798208173,0.04006254490132274,0.14507881502768036,0.15741875501838312,0.058023073997379875,0.05912183577737396,0.058783755229683474,0.018129569369902378,0.021552634915268563,0.03668173942441787,0.0352448970967333,0.060009297215061486,0.02746904449985209,0.016354646494527322,0.016650466973756498
B:AGCCG,0.017550208069477113,0.03980459562149448,0.05120318436764972,0.06242084313370726,0.04251854532296002,0.04396598516374163,0.04034738556178759,0.1242988963271214,0.16862674145105844,0.054640853989506064,0.05138411434774742,0.06097340329292564,0.027320426994753032,0.019540437850551838,0.03057716663651167,0.03690971593993125,0.058078523611362405,0.031662746517097884,0.017731138049574813,0.02044508775104035
B:AGCCT,0.024861310869118552,0.038079583590165056,0.048181631395109926,0.05568111773166221,0.04143551811519759,0.03770289706184508,0.043250462297102936,0.1484829806177659,0.14225053078556263,0.059824669543181976,0.05753030614341483,0.059858913773029244,0.01962194370248613,0.023902472433394974,0.040271214300390386,0.03670981439627423,0.06657078282309431,0.024929799328813094,0.01671118416546812,0.014142866926922813
B:AGCGA,0.025589054978464656,0.042310615657461366,0.05751203445654928,0.06384595895616925,0.036990119077780596,0.04281732961743096,0.037243476057765394,0.13377248543197365,0.13250570053204966,0.05193818089688371,0.06511274385609324,0.06080567519635166,0.027869267798327844,0.029136052698251837,0.03242969343805422,0.0354699771978718,0.06232581707626045,0.031162908538130224,0.01418799087914872,0.016974917658981504
B:AGCGC,0.015980193562907946,0.040738239927976594,0.05311726311051092,0.05356740940805762,0.03848750844024308,0.04613999549853703,0.042988971415710106,0.12761647535449022,0.17128066621652036,0.05581814089579113,0.05176682421787081,0.061219896466351564,0.02363268062120189,0.025658338960162053,0.03015980193562908,0.03488633805986946,0.056043214044564485,0.03308575286968265,0.015304974116587891,0.022507314877335136
B:AGCGG,0.019937694704049845,0.041744548286604365,0.05379023883696781,0.059813084112149535,0.039044652128764276,0.04714434060228453,0.03655244029075805,0.11983385254413292,0.16448598130841122,0.05711318795430945,0.0573208722741433,0.054413291796469365,0.023260643821391484,0.023260643821391484,0.031568016614745585,0.03592938733125649,0.06209761163032191,0.034683281412253374,0.013707165109034268,0.024299065420560748
B:AGCGT,0.02019691996970462,0.04140368593789447,0.048472607927291085,0.06437768240343347,0.040898762938651856,0.04115122443827316,0.039636455440545316,0.12799798030800302,0.14743751577884373,0.06160060590759909,0.06059075990911386,0.056803837414794243,0.02120676596818985,0.023983842464024237,0.03711184044433224,0.033072456450391315,0.06942691239585963,0.03206261045190609,0.018429689472355466,0.014137843978793235
B:AGCTA,0.03220784797895754,0.04025980997369692,0.0510494390466477,0.06334210102528316,0.04374899350475066,0.03612646948306404,0.047291856782435984,0.14337860325299265,0.10623221858392828,0.05673949218959687,0.0679585592356004,0.05716893016264963,0.020076225240216867,0.02673251382253476,0.04305115679853991,0.043480594771592676,0.06978367062107467,0.021901336625691128,0.019432068280637715,0.010038112620108433
B:AGCTC,0.026248800233693612,0.03935233484955974,0.048032383257522016,0.060718607853774566,0.04193965697116388,0.04022868589074824,0.04494428911238159,0.14555773484121354,0.13249593122730877,0.056003004632141216,0.058798981763552145,0.058632057755706714,0.020740307974794474,0.02224262404540333,0.04077118891624588,0.0391019488377916,0.06493343905187164,0.02712515127488211,0.017443558819847264,0.014689312690397697
B:AGCTG,0.02258142632279937,0.03986560116236833,0.051065504298341204,0.0573616660612665,0.04019857125559995,0.04010776123017314,0.04543528272187916,0.14160309964886791,0.14293498002179442,0.057240586027364086,0.06359728780724058,0.05536384550187674,0.01937280542438552,0.024185736772006295,0.03989587117084393,0.03711103039108851,0.06353674779028938,0.027000847560237316,0.01734471485652016,0.014196633975057512
B:AGCTT,0.02994338435730761,0.043069825959320615,0.0472635772698679,0.06311595722373663,0.04202138813168379,0.03539526106101908,0.04902495282029776,0.1369679178024743,0.11797022436569511,0.05711889284965402,0.06475152023485008,0.05858670580834557,0.02059131893478717,0.027678758649612077,0.045502201719438036,0.03786957433424198,0.06831620884881527,0.02390438247011952,0.019081568462990146,0.011826378695743342
B:AGTAA,0.036779061790934514,0.04432483773943328,0.047701968233866285,0.08094559653844124,0.05144847237612791,0.03282148699277083,0.050076513112764495,0.12806712046857685,0.08273969711360878,0.05883594533270012,0.06617065062529681,0.052556593319613744,0.02047385362250013,0.032715951664819796,0.04986544245686243,0.03978681863753892,0.07529945649306105,0.021159833254181838,0.019049126695161206,0.00918157353173975
B:AGTAC,0.036031211750306,0.04016217870257038,0.05247858017135863,0.06334149326805386,0.048806609547123625,0.03557221542227662,0.04528763769889841,0.13593941248470012,0.10641064871481028,0.05966952264381885,0.0567625458996328,0.055232558139534885,0.020578335373317012,0.029987760097919217,0.04888310893512852,0.043834149326805384,0.06892594859241126,0.01966034271725826,0.02027233782129743,0.012163402692778458
B:AGTAG,0.03535736875395319,0.042188488298545226,0.05388994307400379,0.07096774193548387,0.04383301707779886,0.03282732447817837,0.05028462998102467,0.13801391524351675,0.09437065148640102,0.05534471853257432,0.062428842504743835,0.05736875395319418,0.020050600885515496,0.030550284629981026,0.048450347881087916,0.040607210626185955,0.07280202403542062,0.02321315623023403,0.018216318785578747,0.009234661606578116
B:AGTAT,0.036251105216622455,0.04730327144120248,0.05481874447391689,0.0755336617405583,0.04528230390299356,0.03176708349122142,0.04806113426803082,0.13357332322849563,0.07698623215864595,0.05930276619931792,0.062144751799924215,0.05570291777188329,0.021535935329038778,0.03296703296703297,0.05311355311355311,0.03915624605279778,0.07982821775925224,0.020588606795503346,0.0171782240747758,0.008904888215233043
B:AGTCA,0.028034097899639687,0.041304156780033394,0.046620968450654714,0.06569118551718077,0.043413305211354246,0.03532823622462431,0.048598295105018015,0.14979347921609984,0.11121363915985588,0.058177344230600225,0.059627383777133315,0.0571227700149398,0.020036910097548113,0.02737498901485192,0.04640126548905879,0.039414711310308465,0.06982160119518412,0.02214605852886897,0.018147464627823184,0.011732138149222252
B:AGTCC,0.026131068247507817,0.04146758685778328,0.05208517666489707,0.05621423936766354,0.04300123871881083,0.038223323305609624,0.044475903969798856,0.15248038695216187,0.12805993039580016,0.05739397156845396,0.057629918008612044,0.05934052969975816,0.01881672860260721,0.02530525570695452,0.043827051259364126,0.0378694036453725,0.06659588273461924,0.02294579130537368,0.01604435793074972,0.012092255058101811
B:AGTCG,0.02378656380585021,0.0392156862745098,0.05785920925747348,0.06428801028608165,0.04403728704596593,0.04243008678881389,0.04339440694310511,0.13404050144648022,0.13918354226936677,0.05657344905175185,0.05400192864030858,0.0585020893603343,0.01992928318868531,0.024108003857280617,0.03664416586306654,0.030215364834458372,0.06685953069752491,0.026679524268723883,0.019286403085824494,0.018964963034394086
B:AGTCT,0.029125784495712896,0.04004242906390878,0.05029611950853001,0.06430654998674092,0.04437372933792982,0.03531335631574295,0.04645098559179705,0.1445239989392734,0.11433748784584107,0.05922390170600195,0.06426235304516928,0.05780959957570936,0.01882789710952002,0.02687174047555909,0.04105895872005657,0.039335277998762484,0.07106868204720233,0.02302660655882613,0.017899761336515514,0.011844780341200388
B:AGTGA,0.030346407099914114,0.04224776082777801,0.0468692487014846,0.06629585702016277,0.04228865895055417,0.03472250623696373,0.046991943069813094,0.14690605701198314,0.11296061510776656,0.05701198314997342,0.058279824956034516,0.058279824956034516,0.02048995951085845,0.030182814608809456,0.04650116559649912,0.04020285468896977,0.06854525377285182,0.021062533229724754,0.018813136477035704,0.01100159502678827
B:AGTGC,0.02414649956784788,0.04251296456352636,0.04829299913569576,0.06320224719101124,0.044133535004321524,0.03705704407951599,0.047752808988764044,0.13569576490924806,0.13920700086430424,0.0601771823681936,0.05337078651685393,0.056395851339671565,0.0202571305099395,0.025172860847018152,0.04294511668107174,0.033167675021607605,0.06817199654278305,0.028359982713915297,0.0175561797752809,0.01242437337942956
B:AGTGG,0.02640150865763758,0.03673067032401851,0.05177438710783473,0.060174867135264876,0.04011657809017658,0.0370306874678553,0.04423109891993828,0.15099434253385907,0.12952168695354022,0.05798902794445397,0.060817761014915137,0.05751757243271044,0.01830104577404423,0.025801474369963998,0.04264529401680096,0.04058803360192011,0.06454654551688668,0.02485856334647694,0.0164580833190468,0.01350077147265558
B:AGTGT,0.02564422277639235,0.040191188694929346,0.048462177888611804,0.06666666666666667,0.044970906068162925,0.037863674147963426,0.04659185369908562,0.14833748960931006,0.12165419783873649,0.056192851205320034,0.05739817123857024,0.055652535328345805,0.018661679135494595,0.027639235245220283,0.04472152950955943,0.03753117206982544,0.07065669160432253,0.022942643391521196,0.01820448877805486,0.0100166251039069
B:AGTTA,0.035466284074605454,0.042582496413199424,0.050329985652797705,0.07862266857962698,0.05216642754662841,0.035982783357245335,0.04820659971305596,0.13434720229555236,0.08505021520803444,0.0593974175035868,0.06197991391678623,0.05428981348637016,0.019971305595408894,0.0321377331420373,0.048493543758967,0.03868005738880918,0.07661406025824964,0.01951219512195122,0.017847919655667146,0.008321377331420373
B:AGTTC,0.029434582211472642,0.04440286587870214,0.04978779719801031,0.06320449048510017,0.04604572628120294,0.03618856386619815,0.04467667594578561,0.1449367955095149,0.1158216583763063,0.06092273992607128,0.05635923880801351,0.05800209921051431,0.01816273444986994,0.0270615616300826,0.04586318623648063,0.03550403869848948,0.07091680737461781,0.0225436955232054,0.017478209282161275,0.012686533108200612
B:AGTTG,0.03126809496236248,0.040127388535031845,0.05222929936305733,0.06832657788071801,0.04499131441806601,0.03398957730167921,0.049739432541980315,0.14719166184134336,0.10260567458019687,0.056745801968731906,0.0629994209612044,0.05512449334105385,0.019861030689056168,0.02715691951360741,0.047075854082223506,0.040127388535031845,0.07081644470179502,0.02113491603937464,0.017544875506658945,0.010943833236826867
B:AGTTT,0.03139788176969879,0.04172613235183655,0.05303087207992188,0.07406294599263877,0.049913618267858485,0.033463531886126344,0.047021708104859915,0.13426725756779087,0.09043791782468263,0.05603545406745287,0.06429805453316308,0.05524675129572598,0.022985052204612035,0.03192368361751671,0.05013896191692331,0.039547810410876585,0.07443851874108015,0.023210395853676857,0.017689476451588672,0.009163975061969504
