 ,X,Y,1,2,3,4,5,6,7,8,9,10,11,12,13,14,15,16,17,18,19,20
B:ACA,0.03194424635560556,0.00041554636423343143,0.1176383584509981,0.07520860955721421,0.0644871612020559,0.059384392712443675,0.05053114220665684,0.043963396704153876,0.05779616042202607,0.044378943068387314,0.0612473081927783,0.0766401315662048,0.03926913142005927,0.028427949366731993,0.03370503603456078,0.023974912268654246,0.034571344556606744,0.03923391562648016,0.03548167282062659,0.012339614070118167,0.024784875520973648,0.044576151512430294
B:ACC,0.030990827124728216,0.00043364873248089237,0.1272728915336108,0.0626532074948956,0.06430950473701011,0.05804267826275499,0.04960158522703318,0.04287400697451711,0.06227376485397481,0.04556323140580487,0.060551215722175714,0.08786807441894082,0.03339697530009095,0.03352044473086675,0.03231586491841983,0.022980371371956177,0.032490528991224635,0.036348195840585906,0.03323736847494173,0.01250654990273018,0.028238362253287,0.042530701727969744
B:ACG,0.02615141263811756,0.0005195644894990244,0.10681091316345499,0.0669545438801076,0.06705845677800741,0.058329773354423804,0.04746510258512198,0.047141818013878144,0.06510720347299996,0.04378196764845112,0.054080890418076226,0.08890325709205528,0.03403724700095831,0.03903661197769336,0.03415270577640254,0.02435025574118761,0.035780674510166144,0.038632506263638566,0.032663287573172,0.014316888155084227,0.027617739086259252,0.047107180381244874
B:ACT,0.034362047380000246,0.0005080769651517545,0.11822634950347023,0.07327004655346356,0.0668230603736432,0.059554399484630066,0.05063995818696746,0.044552758566201944,0.059206767876894655,0.04460137837147962,0.06231843541466616,0.07415492700951733,0.040198855003585714,0.026242539898627706,0.03374457585297371,0.025418434199171034,0.033761592784820896,0.037570954528327115,0.03672983189702325,0.01269949313852998,0.024499519879422883,0.040915997131431486
B:ATA,0.039672145545472624,0.0007077853808737792,0.11186108807794938,0.09245123642873196,0.06361544005393635,0.06339845475469037,0.05823730442262537,0.04275385342643036,0.05541649553242768,0.04126853738992516,0.06417340225199743,0.05729186847591076,0.04399376942212165,0.017844457704657177,0.0332788286926894,0.02658069915763207,0.029920722871025488,0.042234638603234634,0.04014744667715429,0.011686208259390426,0.020363037070905112,0.04310257980021853
B:ATC,0.03618692532502209,0.0007799882839934105,0.12094025807579156,0.07418303509299985,0.0640464238669942,0.06247997436719,0.05290974467520446,0.04334922438094498,0.05773531534505581,0.04364697924454413,0.06196537628770887,0.07364578175215791,0.038290628165668215,0.024898132235524097,0.03318672142766984,0.02390453720155739,0.03279834551862748,0.03806731201796886,0.03681803617721593,0.012631926441602827,0.02421200146288259,0.043323332653675495
B:ATG,0.035349745334942145,0.0006044446066434165,0.1202000825694142,0.075703835828283,0.06471662952563643,0.060341819127364464,0.05200276447872925,0.043725294752280354,0.056820073947525085,0.043510887986150236,0.06242658278952327,0.07216612418713605,0.040673419719492086,0.025427730093814365,0.03295249521576391,0.023712475964773425,0.03300267552273054,0.039877377577157924,0.03678216500653485,0.0122211856694167,0.02384933134740967,0.04393285874927866
B:ATT,0.04040852775760746,0.0007171109898386726,0.11135290429950885,0.08746273503425445,0.06473392476197778,0.06426712609878091,0.056342824154463005,0.0431461778886268,0.05450043522773912,0.04130378896190291,0.06503610360675256,0.05847611659593276,0.04449019722807287,0.018520857105487478,0.03396354911308254,0.026544381954059795,0.03177388002146823,0.04111661848342301,0.04064079955620301,0.012057837932916296,0.021511074629154397,0.04163302859874708
B:CCA,0.032009857226991595,0.0005185898376492202,0.12914092980343836,0.061583548239910114,0.06500463313789062,0.05799965025336531,0.04903086011541639,0.04271532030962628,0.06251821597055696,0.045758518039087204,0.058467989137753945,0.0890446891777537,0.03340482368950539,0.03388120272641572,0.03169830131677598,0.022054138367004823,0.03208422863781726,0.03618269638575044,0.033041006787898765,0.012633089649710655,0.028124453520883292,0.043103257668797974
B:CCC,0.027433158382216733,0.00044952145723988884,0.1336980549552331,0.05571596171657919,0.06571410929299167,0.054866316764433466,0.047276319851806116,0.040234640321086756,0.06671194813213954,0.04425316455696202,0.05941339919728311,0.09992960790367397,0.028512503859215808,0.039108366779870334,0.03114294535350417,0.02036924976844705,0.031049089225069465,0.03468477925285582,0.029265822784810127,0.012507564062982403,0.03092559431923433,0.04673788206236493
B:CCG,0.02254954366375641,0.00024747084793411335,0.12063708895092158,0.0567995090178377,0.06957890360515531,0.05444358654550494,0.048019243333135356,0.04479222347607452,0.06867810971867513,0.0425352893429154,0.05365167983211578,0.10552156955910594,0.026667458573380057,0.043208410049296195,0.030161746946209735,0.02541030666587476,0.0313991011858803,0.03298291461265863,0.02914216705272119,0.014373106848013304,0.031587179030310227,0.04761339114252341
B:CCT,0.03122741919734401,0.0005019041109266673,0.13013963480128893,0.06158773557269798,0.06415193828727664,0.05707255150864173,0.047854701689288154,0.04287667219998047,0.06263450834879407,0.044966311883605115,0.0602070110340787,0.09124108973733033,0.03292451908993262,0.03404550336881164,0.03168635875402793,0.021486182989942388,0.032569085050288056,0.03488331217654526,0.032229274484913584,0.012344497607655502,0.028456205448686652,0.04491358265794356
B:CTA,0.03657703785240089,0.0005831121976469707,0.11907649995478542,0.07460406058130362,0.0644978219044382,0.06040668177977068,0.051943759296274004,0.04291331585036156,0.05783100971957604,0.04500877786543517,0.06443233871646716,0.0728859064588251,0.03980130529821355,0.02480253700579682,0.03357416594687131,0.025354466732981387,0.03180923811869919,0.037949066552746706,0.03756240391901289,0.01233266706788112,0.02376416073939874,0.04228966644111346
B:CTC,0.02965235596040847,0.000408798668720295,0.12729123395258762,0.0627712420459754,0.0649804065688578,0.05841485219244094,0.048450900802319,0.04380339674530191,0.06144161405276393,0.04559756868024099,0.05956072724870237,0.09058400399714255,0.034378316327584,0.03364123994004286,0.03292274531017083,0.021106812072361494,0.03309823968815681,0.03498738505118242,0.03213818220858643,0.01235480421021336,0.02724292138264794,0.0451722528935926
B:CTG,0.029415821723501247,0.00043542063794109194,0.12751841812679382,0.06220698434646187,0.06647643327344914,0.0568223932513125,0.04859094890122766,0.04449766252241502,0.06257094281863401,0.04543331832073882,0.057738106119654256,0.08951217931353112,0.03334291701913025,0.03383982835784929,0.03207321714360738,0.021845817884487227,0.03375507090542564,0.03525411447574192,0.03213470784438532,0.012786741940147943,0.02914160643624827,0.04460734863731621
B:CTT,0.03618084138303908,0.0005368585777435948,0.11940534345622698,0.07194285692528528,0.06495988790697498,0.060533660271322995,0.05066650421300721,0.04421658626479693,0.05826057820811075,0.045010451608481605,0.06246787415425736,0.07578082463000545,0.03944577918740172,0.02538084595204825,0.03326619428188502,0.024446102825551423,0.03348893347903396,0.03776857207040843,0.037037530602842685,0.012795129436222344,0.024682168299452863,0.041726476265901105
B:GCA,0.031338239941283805,0.00048420473195445415,0.12438455030122632,0.06541096239513144,0.0675949805808418,0.05781659344131948,0.04838224650608059,0.04498516804452645,0.06173610332419291,0.045150817031774024,0.05774268850854749,0.08449372572605225,0.03551514286588039,0.03163640811832944,0.03212570974219921,0.022538456049501013,0.03401155975086392,0.03555846644716052,0.03351970968103651,0.012326833097177341,0.02826991100826716,0.044977522706653485
B:GCC,0.027961695338144518,0.00044533445797487843,0.1324265419336953,0.055657959542396725,0.06652588985787637,0.054932447776424406,0.046771915026646335,0.04386986796275706,0.06571190104727329,0.04564825655983555,0.05726529251985572,0.09925059943197738,0.029831510214674804,0.03834300190815493,0.030503935753868658,0.02191871318986289,0.031073138074326614,0.03356524149809332,0.030238504619976347,0.013082805666069938,0.030984661029695847,0.04399078659041911
B:GCG,0.02226604894329626,0.00023339673944754993,0.11806374064954313,0.05774235333932385,0.07043913596527057,0.05406635469302494,0.05005193077452708,0.04541900549649321,0.0662730041661318,0.041497940273774375,0.05277100278909103,0.10354646345590553,0.026583888623075935,0.042489876416426466,0.029711404931673104,0.028217665799208785,0.03133351227083358,0.033118997327607334,0.031846985097618186,0.015252476922897388,0.03160191852119826,0.047472896803631655
B:GCT,0.030142166048414853,0.00040871543844888904,0.12424949328846227,0.06219406095835405,0.06721098321159509,0.05735879001109029,0.04804916057975448,0.04520966384947799,0.06242829553711423,0.04585739416421278,0.05850128111973689,0.08903782171402348,0.033949673027649244,0.03318482542353436,0.03196106925695055,0.022574955065203257,0.03306770813415427,0.035594095376496236,0.03267333358828253,0.013191231022218823,0.028700906344410877,0.04445437684041455
B:GTA,0.03493286219081272,0.0005689045936395759,0.11559363957597173,0.0785017667844523,0.0651095406360424,0.05960070671378092,0.05274911660777385,0.04360070671378092,0.0572226148409894,0.04436395759717315,0.06583745583038869,0.06977738515901061,0.040017667844522965,0.024498233215547702,0.033773851590106006,0.0261660777385159,0.03337809187279152,0.039303886925795055,0.03775265017667845,0.012537102473498233,0.023229681978798586,0.041484098939929326
B:GTC,0.03037995248055561,0.0004603023103114487,0.12373670707850185,0.06637491623174868,0.06606691983293733,0.05767317182137563,0.04912034874669158,0.04441578836924368,0.0610780550873559,0.044811783739143976,0.05815378158655376,0.08585653460051852,0.03578512005090402,0.03258669590940168,0.032613772515890586,0.02243635305187201,0.033774682019102546,0.03658049536651571,0.03389991132411375,0.012756466232087132,0.027039376154986496,0.044398865490188115
B:GTG,0.028988681031603302,0.0003251687227505292,0.12209090124824973,0.06609994403558718,0.06563320525667314,0.058220685597237615,0.04761177951348566,0.044395484800021236,0.061788693418983215,0.04512545540211426,0.057791551364492016,0.08660990592227362,0.035812800145109305,0.03463157498899514,0.03328887148756948,0.022626876632756213,0.034857202266005714,0.03724177289950959,0.032483691793139605,0.012444892749622296,0.027265508004238253,0.0446653527195829
B:GTT,0.035008964449631766,0.0005141975661315203,0.11566996678120485,0.07550542356004276,0.064383520648161,0.06076237270889616,0.05208630901369289,0.04379657364859901,0.05805807439813039,0.04429988872655844,0.06331703680729563,0.07251545993475948,0.04023800001632373,0.02513582705549797,0.033928877498551266,0.026006426109265623,0.03327048696413948,0.039149751199114166,0.03738950873727769,0.0127515555156531,0.024578099536678066,0.041633679124395
B:TCA,0.03408585610368942,0.0005574242743378459,0.12102063959116546,0.07240558360406707,0.0651739610526383,0.060391175675876936,0.05160216927400807,0.04466202430114527,0.05810190651867265,0.043370587146477055,0.06238045696025054,0.07520972556428569,0.03957925105155324,0.02672019641759163,0.033385884400417856,0.023818186073328952,0.0333475880762267,0.03839419257519377,0.035981524151151335,0.012720762352160232,0.025267063671894116,0.04182384116386784
B:TCC,0.03281341396521783,0.0005553494490887945,0.12720461213165424,0.06424528237471067,0.06441143200497083,0.05843687338260163,0.04872281006821239,0.04238636389500254,0.06178035018879605,0.04433008696681332,0.058776000710118965,0.08840525943240556,0.034065226247999944,0.03305239631011259,0.03176871971467784,0.021563035576505078,0.03295225132749002,0.03585417980121221,0.033211717873375776,0.012443014090854259,0.027005004973108798,0.04601661951507068
B:TCG,0.029365338203639683,0.0004957276107233709,0.11489139651686125,0.06259213358554562,0.06888004696366838,0.05827408518687626,0.04790294175200574,0.04662448633487705,0.06616659056812993,0.04218902876524688,0.05664340225686518,0.09079642554301741,0.032587567673341596,0.0368534342182506,0.033200704455025765,0.023990607266323138,0.031804839866936274,0.0365142521688083,0.03213097645293849,0.013332463635770661,0.028556519470354185,0.04620703150479421
B:TCT,0.03397300663396284,0.0004947936524074592,0.12205305475772903,0.07090630268832236,0.06407408348795635,0.0608850367282617,0.0517194926670564,0.04369095730710249,0.057606181531657474,0.04565318692863618,0.06122563098899423,0.07869083021969177,0.038293978598480036,0.026818832659770055,0.03389336518991096,0.022765591507171966,0.033423989019647715,0.0372094993603267,0.035770869870963916,0.012352896322090334,0.024822713062044074,0.04367570681781596
B:TTA,0.03744428940730942,0.0006190737592528554,0.10764144989009022,0.08665581675416727,0.06578384169123212,0.06320839812246537,0.054330977145054304,0.04442096048326445,0.05630669300954486,0.04294824204816684,0.06499307169406149,0.06079739602100014,0.044142860942975086,0.019029263326409057,0.03443839611531216,0.02810014485358664,0.03306240795509781,0.04033410636944677,0.04015999187465691,0.012642646927241905,0.021566014785222517,0.0413739568244418
B:TTC,0.03738544065076688,0.0005335500367328679,0.11905963858141358,0.0738063870043628,0.0640978284513505,0.061181772289052784,0.05237204033638278,0.043582829538971725,0.057188355475659855,0.04357872530791993,0.062464344492737564,0.07303068733557425,0.04023788123176182,0.02486137959622575,0.03356645365707508,0.024011803768504952,0.03317039536057722,0.039080488075156676,0.037153551596340664,0.012515852592437544,0.024438643797891246,0.04268195082310354
B:TTG,0.03693307014322438,0.0006289019463826662,0.11958777084098421,0.07470391112743298,0.06443490635328682,0.061251377157546825,0.05227919573999266,0.043267994858611825,0.05731041131105399,0.0442159383033419,0.06339974293059127,0.0727299853103195,0.03989166360631656,0.024818674256334924,0.033095391112743296,0.024926551597502754,0.032303525523319866,0.038445648182152035,0.03789248990084466,0.012460980536173338,0.024607510099155343,0.04081435916268821
B:TTT,0.0381531705209504,0.0005127195465098155,0.11071460799514352,0.08152787690355677,0.06639923215120715,0.06245607702551566,0.05479946513096908,0.043607139243690814,0.05594385515877899,0.04283464179361603,0.06565681424786093,0.06537242580606349,0.04223578536329256,0.02074121472147707,0.03446158978607973,0.027238396814849453,0.032088040098770296,0.040562268763484524,0.040385893239485146,0.012734586283179791,0.02228210786525457,0.03929209154026421
N:ACA,0.06468673831050971,0.007075800568074163,0.09256792373661223,0.10504871118482036,0.061458941058023256,0.06582463829568563,0.06362163038552286,0.055777632141387444,0.05165734694926276,0.043884106849169734,0.04380158796550356,0.033178983541688904,0.033844821274530444,0.014315103089247438,0.04283601740622671,0.043098973708050235,0.04040487881969106,0.03057819974512125,0.03230873031802174,0.033741160731869994,0.021253469037694497,0.019034604883286003
N:ACC,0.0646456155452366,0.006517324976546975,0.09477846558373655,0.10203041664004735,0.06220459107675444,0.06532907872482793,0.06467221917734522,0.055550697202112954,0.05239393012175399,0.044622172607539264,0.04329309388271134,0.03556765735382629,0.03267676519739209,0.01566111976005622,0.041724690067013445,0.04221208259499736,0.03911912119245603,0.030156629220283587,0.03240045325702834,0.03299794554863266,0.021898393761999712,0.01954753650770167
N:ACG,0.04877917781566775,0.005901616697080196,0.09307052156839263,0.09770096829534006,0.0639783260267324,0.06255456313249898,0.06227721695719729,0.054861358428959985,0.05380949154251748,0.04577656403807627,0.04489370497720824,0.03966706902873159,0.0330702484244321,0.01947253800115351,0.041003767285547846,0.04349213502976744,0.0402200542295817,0.030907946283088503,0.03656176362751989,0.03450018332161966,0.024814866175217647,0.022685919113668858
N:ACT,0.06737819793180476,0.007142897859386511,0.09228477038993262,0.10699982806073818,0.061385368765246064,0.06629649258055605,0.06415260848597272,0.05597378971314847,0.051776377566814046,0.043469099587681324,0.04355161264514021,0.03192802532750629,0.03427851548781408,0.012471256368231235,0.0421857607851459,0.04357997271853923,0.04065047618443128,0.03047561763408746,0.03151960388557667,0.03367319064247755,0.020417635736910533,0.018408901642858827
N:ATA,0.0773305357725066,0.009130358275930367,0.08746882014572446,0.11286271614577725,0.05919563102970796,0.06684181454832051,0.06358178704369605,0.055827655903628495,0.051176073541196125,0.0403475592851387,0.04355408759377609,0.02640964935027265,0.03663574523103997,0.009570318359741417,0.04371601680652811,0.04510614003954521,0.042772327091158774,0.030644675581995937,0.028562517374011727,0.033286692450021665,0.01823760826040035,0.017741270169881578
N:ATC,0.070245489645054,0.007919982601505178,0.0922383386621123,0.10775924436183176,0.06062060572872784,0.06641866532622481,0.06416441521614275,0.05569275083090551,0.05181273437493803,0.042778423160155135,0.04324215127853134,0.030734346848848803,0.03432964539181818,0.012384482659106664,0.042764705187945784,0.04337515495126177,0.040531055366062455,0.030375509892127745,0.030958990308719233,0.0333776927761205,0.019958879678405938,0.018316735753454258
N:ATG,0.06847163445344637,0.007612011048941833,0.09195231103919865,0.10734747322006276,0.06086595189877333,0.06608870254462663,0.06365375515082748,0.05602111727163518,0.051764223451619656,0.04291837599466078,0.0437348025186595,0.031090893997281047,0.03462916529563392,0.012585039987792436,0.042482268286666444,0.043640602712257275,0.04092271747709804,0.030714568562686933,0.031266518173794194,0.03364024500004112,0.020354704996901236,0.01824291691739518
N:ATT,0.07527331284944444,0.008575209978017636,0.0881611922392717,0.1133672070425723,0.05964814883847181,0.06685609242499525,0.06373021704967431,0.056003665448425076,0.05105986053684221,0.040886541826266186,0.04357778280484707,0.026760704068856552,0.0364474438912966,0.009400293328925852,0.04326949182287036,0.045168969387814735,0.04263922159179596,0.030586071171159055,0.02910490137553893,0.03352303427547761,0.01833844806427477,0.017622189983161587
N:CCA,0.06505879793076592,0.0065866792690381995,0.09536330020075133,0.10176315152301064,0.062382184891583974,0.06534787570543732,0.0648329887974204,0.0555124372988684,0.05225060715962068,0.044795749460032105,0.04314113539820923,0.03561027686735487,0.03252225716976542,0.015650518433732358,0.04157004735554377,0.042045097131451874,0.03894175957509722,0.030094207149591854,0.03237574782446283,0.03291288931657634,0.02186732223535742,0.019374969306327823
N:CCC,0.06129505131480346,0.005602595336482836,0.09626862897840924,0.09737249266205886,0.06339833544566206,0.06405984987161617,0.06525782938213301,0.055485030931322385,0.053071534799692344,0.045657745652172746,0.04307401776226761,0.0392740668954058,0.031704124392284316,0.018758692134903054,0.040849094283744704,0.04131923499031586,0.038186351967763675,0.029912952115845087,0.03315130137295603,0.032488398592413044,0.023168910093420675,0.02064376102432704
N:CCG,0.0507022725654217,0.005300714745755171,0.09490711489222098,0.09333385832076893,0.06486769392682878,0.06163916334249645,0.06511502555262627,0.05475012469636134,0.05430890781907663,0.04623324594756371,0.04319419413173024,0.04347350829534637,0.031364635187984116,0.02246908319141378,0.040699556181876304,0.042139196817552696,0.03771736221105376,0.03001426136897486,0.03553259951650931,0.03283270474616597,0.025492072666031658,0.02391270387624094
N:CCT,0.06333407195949822,0.006435748109028474,0.09529927514246507,0.10070209496343928,0.06239796709965294,0.06518234779805845,0.06480810892947539,0.0557948812717217,0.05250244955114091,0.045131575695586124,0.04331053371267568,0.03648502597578569,0.03241256731109427,0.0159823024179693,0.04159249807726622,0.04196169632542942,0.03893600045735471,0.03019068721443548,0.03261558827095496,0.03307903524193283,0.022253305645217453,0.01959223882981743
N:CTA,0.0706164719783904,0.0072937064564089224,0.09138151566215247,0.10771026696183306,0.060799497138986296,0.06634714516526445,0.06430343794602025,0.05597942709545129,0.05181389355701698,0.04293584974891277,0.04351515162495356,0.030927463710018848,0.034510620192707446,0.0118245427374649,0.04238851543864173,0.04370702853537915,0.0407036030235739,0.030474530265108143,0.030915901987872446,0.03359111762233399,0.020005736521272806,0.018254576630236198
N:CTC,0.06134723773403697,0.006196300738529247,0.09487383788841702,0.10086466095446968,0.06237158566812122,0.06503739634673192,0.06471717475294678,0.055727107371527626,0.05249708533487185,0.045406290590869466,0.04350974512550243,0.036857619691066684,0.0324906248854081,0.01640447425743067,0.04164859761626736,0.04213508457089514,0.039157749766117356,0.030263686211583957,0.03291307857738176,0.03341732900400913,0.022438563539515524,0.019724769374300125
N:CTG,0.06183978595896797,0.006387111114768965,0.09571280740653676,0.10106913780984345,0.0626922195048369,0.06542098739935079,0.06482510371944582,0.05582754949483467,0.05230379850689264,0.045335447630006485,0.043120743940600795,0.03658206586554524,0.032414223613235454,0.016041584097046063,0.04154527700055528,0.04209539642805429,0.03892380674735149,0.03021710548481752,0.032703967431155265,0.03321417374354221,0.02224796901237689,0.019479738090235083
N:CTT,0.06792530337560351,0.0071179903042434085,0.09237152265573836,0.10690787051822305,0.06117302215955683,0.06627345697921397,0.06429606311149154,0.055774151223001195,0.051853746780130626,0.04344246792562322,0.04350195600048954,0.031882198464408054,0.03409261117978717,0.012391805026605035,0.042417607432174244,0.043270310070614444,0.040462044465880066,0.030518136756853182,0.03158264590887398,0.03370238570263337,0.020494328250339096,0.0185483757085161
N:GCA,0.06277928788930431,0.006297679468600248,0.09472940372566485,0.10260704186498096,0.0623502519258408,0.06547456779986041,0.06414013484055782,0.05597462247012455,0.052122175240088595,0.04480758100709565,0.04354291543957644,0.035554788337552636,0.032964972989061404,0.015121699357570564,0.041571603810218336,0.04248247979532984,0.0394938705901015,0.03050796929756247,0.032690808193983976,0.03348841983317554,0.021982183475320504,0.01931554264842857
N:GCC,0.05875512934223249,0.005490616391216314,0.09706374852764418,0.09629546378826755,0.06395885820304766,0.06413476493976283,0.06535320735331723,0.055741955543259364,0.05300923366236854,0.04657573302881267,0.04304663764227857,0.04022726962678242,0.031399821767057585,0.01852675359458277,0.04069106945832356,0.04127650906645376,0.03773635247124664,0.02997305992349465,0.03356513716183664,0.03287371106333042,0.023788738154409177,0.020516229290274975
N:GCG,0.04771794790530048,0.004971679789194402,0.09588068837807369,0.09137499037882527,0.06537816876219625,0.06155251803121335,0.06438825175331761,0.0539845246234159,0.05434329256973654,0.046769866027971584,0.04310865815173838,0.045298573349572366,0.030962524958459164,0.024347322144095768,0.04036383887135697,0.0418066981486596,0.0377763993715675,0.029982206486256435,0.036288988395731366,0.033056092580602804,0.02601275880960035,0.024634010513114226
N:GCT,0.06136555730905326,0.005763843148432002,0.09496668824976136,0.10104166493117248,0.06275116805310263,0.0651023510586366,0.06477260911690476,0.055749666262999514,0.05239442702327668,0.04551544036822779,0.04343556937025883,0.03684453200121844,0.03257978038463933,0.01615390566681895,0.04127614918480973,0.04230024524380922,0.039123815682139094,0.03030821696409654,0.032979215862305095,0.033487720550415614,0.022425854584132217,0.01966157898378987
N:GTA,0.07034283827432974,0.007841534489365297,0.09071805503729523,0.10815988112827737,0.06066691320055085,0.06635088576501082,0.06366221622806503,0.05579028332990305,0.05164527901556008,0.04246905916088121,0.04360833016799444,0.030481293265441696,0.034938397206246787,0.011987291791816079,0.04283038189883521,0.043989091154509254,0.04127409492223864,0.03054183908699913,0.03083684309456917,0.03360022578487855,0.01987378246006235,0.018391483537170003
N:GTC,0.06208515852616045,0.006763935554366378,0.09465303181830144,0.1021735146731857,0.06241687331066098,0.06533395302163231,0.06443195686014198,0.05587009062118939,0.052439264210917234,0.04476401158376051,0.04355905534452525,0.035268927176511984,0.03294247645281938,0.015189734764635414,0.04180279461633911,0.0426729291006405,0.03951853167745212,0.03046183470624874,0.03269404066013009,0.033446506254392404,0.022043224172668602,0.019468154893320037
N:GTG,0.058271235002282054,0.0060227376749894925,0.09485413969892395,0.09997566053779051,0.06287484222258896,0.06482056888829295,0.06377072057378762,0.055834327433092065,0.05217794874538755,0.04568252348449881,0.0439149209082306,0.03741228365638755,0.03245939850544985,0.01746226476822353,0.042075561036489614,0.042055617262621546,0.0391817597386858,0.03044830058095609,0.034024944463640606,0.03361599637321465,0.023110361672885365,0.019953886771580855
N:GTT,0.06907510613385356,0.007255827418201018,0.09166287602990489,0.10843086638782765,0.06083474685761588,0.06638679463223017,0.06402877621733787,0.05552753041520577,0.05162717624883426,0.042927646730313136,0.04351801736031084,0.0309862126750195,0.03449458364350384,0.012170666542982211,0.042513468368022125,0.04367340425428199,0.040853104125460844,0.030439962712953527,0.03130704688794858,0.033652909820279533,0.020031716682501637,0.01860155985541116
N:TCA,0.06761446339256486,0.007522859991313129,0.09239596679574809,0.10712703120818659,0.061090577056194084,0.06618893828838265,0.06412437842730656,0.056020577747908064,0.051804737894056166,0.04327785258964341,0.04343755762563482,0.03154902493917787,0.03433947175834188,0.012718127214949871,0.04245226967204008,0.04356609426096965,0.04060547589839035,0.030481853899112444,0.03139892795889733,0.033609688750171895,0.020382714282341795,0.018291410348668418
N:TCC,0.0652016335453315,0.006936076664978462,0.0946640733126835,0.10245420244834358,0.061951376154109734,0.06538102846178878,0.06465958580591523,0.0555501675298791,0.0522588024617704,0.04444457841345945,0.043275458133547974,0.03497350232705155,0.032786776821193485,0.015261854243415548,0.041874519430869186,0.04229445376276984,0.0393404174717733,0.0302121329766818,0.03235683383326863,0.03304202681488686,0.021639006975096766,0.019441492411185323
N:TCG,0.054558958496458906,0.006517454222904552,0.0935807690420192,0.09906193485915106,0.06314752460525747,0.0630282796572367,0.06306548876878126,0.054553245286418604,0.05335083431178159,0.045014674892712506,0.043938833494353076,0.038650305400375166,0.032979871189087476,0.01859166442655119,0.04146852936846323,0.04302179003660117,0.03979602375230451,0.03046137100926785,0.03518722116055805,0.033789389104029496,0.02385133348519729,0.022384503430489644
N:TCT,0.06711426002850661,0.007195154743321222,0.09281580139505409,0.10600631821190039,0.061155168865484125,0.06616938344821789,0.0644848513574201,0.055766098940435056,0.05193458710383001,0.04370373651819292,0.04334934003464866,0.03258987776728976,0.03375847229093473,0.013148940801640302,0.04252597745844231,0.04303531914115854,0.0401464121125118,0.03045029418935367,0.03159040120428717,0.03363051729598374,0.020733988471168474,0.018695098620218422
N:TTA,0.07198823653226667,0.007744651008441194,0.08790740081539186,0.1124711137333144,0.06014845346968339,0.06665757860504318,0.06359952885700063,0.05609483248344884,0.05140870544169622,0.04153203514624073,0.04406004393906737,0.028026406662067422,0.03647534010537883,0.009927022153835377,0.04283451053031295,0.04518699067858893,0.04284255531091519,0.030759244037217085,0.029557184451440975,0.0338612775646786,0.018956348410742584,0.017960540063227573
N:TTC,0.06999230124751044,0.007788176565412124,0.09171750038232306,0.10854666713355998,0.060640646653497034,0.06643430512483077,0.06418670344544752,0.055734004889956924,0.05158006992004563,0.0426998979852198,0.04326772650946881,0.030481761213899262,0.03453183911954358,0.01176574192822277,0.04276864737191225,0.0436437247489767,0.04077955487243105,0.030491750957711904,0.03115621249548289,0.03360188616035552,0.0198895345917398,0.018301346682452174
N:TTG,0.07121743530054006,0.007586950893473433,0.09196665868351947,0.10844611954471838,0.060702382450834216,0.06649456393179301,0.06422264589335332,0.05557265831641515,0.05147691234350472,0.042721614809333605,0.04331250488072756,0.030477454434665034,0.0343542828380202,0.011813669329477867,0.042699766548150726,0.043528059892474436,0.0406429351054448,0.03032623970814738,0.030910555226214487,0.03340567349490072,0.019768025668662186,0.018352890705629243
N:TTT,0.0734502128052183,0.008007636051814239,0.08911292611808216,0.11152818401806701,0.0602515129924928,0.06678728509093339,0.0641734580525033,0.055621728365292826,0.051123955300480944,0.041634771855017294,0.043395232678274366,0.028670276620322663,0.03560880775377817,0.010558297848092979,0.04307014981941854,0.04444629851396465,0.041949052129667354,0.030295368449401616,0.029807127683529316,0.03343953693086765,0.018921717342673543,0.01814646358010691
T:ACA,0.038664462311682204,0.0006359738885547257,0.10198467971347151,0.07267824353226104,0.0671506006025405,0.0766771645908649,0.0617970206810533,0.04511787949879657,0.05591863455836995,0.05829453230702904,0.04495092025533839,0.057262284662976004,0.03654413392499247,0.025515850680193786,0.04233831343247558,0.036496692408189965,0.03653565925824316,0.030158887954229156,0.032962756373728315,0.03036323543334606,0.021289858403689337,0.02666221552797402
T:ACC,0.03640228650582507,0.0006050863757291571,0.105550914844115,0.068324141604875,0.06767873173646062,0.0750895189337127,0.06336879772815726,0.045496287040871795,0.05753078273592948,0.0579537504357979,0.04413059195979194,0.06257792690450507,0.03445490359409452,0.027687342401049503,0.04061207474119259,0.0359489786925049,0.035104291215172244,0.029732063260306474,0.0320893106866615,0.029343491421703397,0.022920824783114985,0.027397902398428865
T:ACG,0.026731779659430088,0.0003401704472398757,0.10001635314810585,0.06959388017761267,0.06571406458120337,0.07295282928187209,0.06235854838971425,0.04530851899149761,0.058354211684636406,0.05787547639466763,0.045919577464612914,0.061587079265331704,0.035376790264009715,0.03206434152363904,0.04019566354458854,0.038677067768194746,0.03586738470718502,0.031056313501084176,0.03409381713685088,0.030207759880859202,0.02397296612401678,0.03173540606364745
T:ACT,0.041225295015793785,0.0007000837998206032,0.10211864999816495,0.07381664363788411,0.06814185025270593,0.07718521502303549,0.06200628099207311,0.0455748246621953,0.0562180806387215,0.05762972108313025,0.04506185034641084,0.05633142753964483,0.03690730067569049,0.023019992723453325,0.042005928997987566,0.03687978987514842,0.03716342743008217,0.02940027596096037,0.03232801379768761,0.030246082909503823,0.02079354003154852,0.025245724608357025
T:ATA,0.05239866188311487,0.0010235410495819089,0.09899714508760607,0.07960499060105347,0.06761063842379526,0.07858235139941436,0.06046918639224185,0.044593957055128274,0.05544786614321909,0.054796619197524425,0.04636862471006998,0.04768650638198333,0.03995507669934926,0.018219244871444395,0.04350818849749315,0.03674658354634794,0.03873910384497234,0.03010052786287402,0.03110107178991452,0.030925887827025565,0.017649333337091032,0.025474893398754885
T:ATC,0.04343915240738626,0.0007626823016538505,0.10339460173219266,0.07379384610717853,0.06710869120436017,0.07753142272749924,0.06205731384160042,0.04489425366553348,0.055987427504168595,0.056847611804613424,0.0452920772971084,0.05538585564813602,0.03678549219782815,0.022778633628656054,0.04188415029174765,0.03619986114477251,0.03722966797009815,0.02987546363748076,0.03221543422592544,0.030404528054729884,0.020289933800785774,0.025841898806544583
T:ATG,0.04299028376652201,0.0007020530728198609,0.10232031531122306,0.07389295837912116,0.0673237051461153,0.07786468529173757,0.061343079418480856,0.0446918828137688,0.05596541430830395,0.05736391653042128,0.04535734873205303,0.055232593539990944,0.03732310056898144,0.02308767995734121,0.042151527290083764,0.036319028348632584,0.03710821165544966,0.03014986292479761,0.03238771434603344,0.030477261379817447,0.02031675531103769,0.02563062190726735
T:ATT,0.050817737713786074,0.0009921294860106564,0.09910043127271623,0.07996088572874287,0.0678995425522531,0.07894575852792839,0.060865419138143494,0.04476676660754001,0.055081090396300554,0.05533209834932389,0.04647419563096878,0.047948520624083335,0.03963449368740467,0.01813359725564638,0.04300754229221754,0.03690235508199316,0.03928171075965739,0.029771701786009592,0.031443726432700894,0.031071072672425745,0.01780608155403225,0.024763142450115006
T:CCA,0.03672182700103643,0.0005837691491794481,0.1062481789860448,0.06774500988636246,0.0680594073907389,0.07518028364620037,0.06347418696721793,0.045360680640562326,0.05746051853702103,0.05816547097414753,0.04397898222126251,0.06306931987028791,0.03418303711854557,0.027693097473046383,0.04038161453121342,0.035646011915451255,0.03498733895811833,0.029733730020558326,0.03195958495559625,0.029371903884519848,0.02296627019882521,0.02702977567406376
T:CCC,0.033153016013266486,0.0004831405039814406,0.10755251851994135,0.06375927330972854,0.06789958200743146,0.07311708593978432,0.06479938597670681,0.04504591568864729,0.05899669778400978,0.05842945455011109,0.043660521631675664,0.06744271943809506,0.032774587076271636,0.031519982435134854,0.03947232573327443,0.035112389525962066,0.03355071988201874,0.029576482395651256,0.03137358632715041,0.028718981365876355,0.0241730987580808,0.029388535137200165
T:CCG,0.024646664257860003,0.000307027598193268,0.10395662369973653,0.06412558730537721,0.06748892065352745,0.06863828973880111,0.0667808838965771,0.04513019938696082,0.06127534247706183,0.057498934769811855,0.043832237834309236,0.06917519115404912,0.0319470629809808,0.036234336671160425,0.03822668225405883,0.03715351443410718,0.03326978994486204,0.03038493704187958,0.03237537759314493,0.028212565969657925,0.02582746636507899,0.03351236397280377
T:CCT,0.03577008241874884,0.0005333455601192399,0.10597544410424418,0.06716334900301492,0.06792132063269093,0.07502042966392342,0.06359852813896427,0.04535344269521676,0.057700474654931694,0.0586474508744842,0.043996947963957436,0.06386643456334183,0.03428508307103828,0.027769590605880762,0.040380365440400225,0.03569868525384853,0.03485471833484335,0.029642776698967244,0.03184976638374747,0.02948954779431078,0.02312322348792987,0.02735899265539575
T:CTA,0.04480346438206551,0.0007627247601820945,0.1023998656704894,0.07413789613900106,0.06766586733611538,0.0771535636674655,0.06175304508958924,0.045421814902629844,0.056028224189356636,0.05714288926885617,0.045102482472322646,0.05536714609008923,0.037112500215511914,0.021942335759310302,0.04215338001383774,0.03656483760146863,0.03718408765000566,0.029435703614528276,0.031938415316562635,0.03045449400427126,0.020302421304420504,0.02517284055192038
T:CTC,0.034990531780273844,0.0004994016592784059,0.10490052420252524,0.06793570600239125,0.06730172395102649,0.07545142599691285,0.06360047232693992,0.04503207984080911,0.05713828677310063,0.05907846539221591,0.04403301212069614,0.06344204291448778,0.034791120126616615,0.028094198871216877,0.04103639064378077,0.03580134559239962,0.03480169618886309,0.029704721630109628,0.03225133165843761,0.029718100348851414,0.022779463190808556,0.027617958788258245
T:CTG,0.033958826625673004,0.0005221813238650559,0.1054827409803623,0.06776728229080978,0.06842807789981921,0.07492850664419483,0.06378612854969036,0.045661826409649595,0.05747402677404489,0.05898610255290702,0.04395794509518108,0.06374557462446229,0.03441231726185533,0.028129981450872376,0.0402814521669314,0.035967412785503375,0.03499143259801126,0.02967455320890749,0.03202311424027527,0.02944527602252033,0.023368175657235583,0.02700706483722817
T:CTT,0.041926352227900025,0.0007051571099893551,0.10269095553667734,0.07344664046122061,0.06771023663392996,0.07739767844263401,0.06213780646594821,0.045305851692088527,0.05609860263946452,0.057451772391048886,0.04499080644966813,0.056525637903278435,0.036724751188152195,0.022762734243644403,0.04205204190838315,0.036546092620298606,0.03692522599393959,0.029558234318499903,0.03245031680227062,0.030357037043362095,0.020724722287501513,0.025511345640099915
T:GCA,0.035809992095311924,0.0005176626893755627,0.10389051725536778,0.06949277202872975,0.06798601330517626,0.07583228550130525,0.06284097867125074,0.0453272762736499,0.057146026776592716,0.05865285173129889,0.04446150264576897,0.06170723379961169,0.0352633863922136,0.027249814304405665,0.04073447699080082,0.03630454011240089,0.035566460146894074,0.029828126847228242,0.032385841501566204,0.029929924128903045,0.02262714477169625,0.02644517203045176
T:GCC,0.03159061624709029,0.00041756264073305815,0.10727211278077961,0.0636708673592247,0.06938485131407182,0.07252096473699553,0.0650028093803732,0.04543439779981158,0.058957191802523796,0.059070411943879984,0.04323910995450071,0.06843667487653513,0.03273718140992873,0.031157929423295466,0.03892440865711618,0.03560908633880705,0.033665671061692305,0.029615685214209972,0.03135276945759948,0.028791797454236673,0.024801040949359334,0.0283468591972354
T:GCG,0.024846955076266445,0.0002972490843769333,0.1035642658273631,0.06462540286839613,0.06780155727836437,0.0681574890852054,0.06521223009303705,0.045227886489971586,0.06125402293075324,0.05738863419223616,0.04393418176532204,0.06851303734484077,0.032103668207120094,0.037036468818954595,0.03855032963964589,0.037312239259815264,0.033660102767638284,0.03054454881616237,0.03253439171906241,0.028468407791991612,0.026134523045625625,0.03283240789785064
T:GCT,0.03495760420841046,0.000509385594972298,0.10462568936892926,0.06840015520739907,0.06839780165257714,0.07484978595373039,0.06352149049990777,0.045645541921900144,0.05731739277013403,0.058940391453415515,0.04398361416967222,0.06348841351322125,0.03450012403870007,0.027850822790043826,0.040346990312259474,0.03622101788065569,0.035088258305822184,0.029594043598012838,0.032163425758067285,0.029593025844576328,0.023154081509328347,0.026850943648264413
T:GTA,0.044367294817785376,0.0008012811594475878,0.10120115119419489,0.07508318675142091,0.06767824952729207,0.07696665552230321,0.06149582471642875,0.04528184608877791,0.055961599463015765,0.05705671510683392,0.04547268439462348,0.05411751410204327,0.03762870776610878,0.022179965916227205,0.042340162216840775,0.03685653608355105,0.037691806838072967,0.029592694206229515,0.032208351937000244,0.03031683525191898,0.020085196589567936,0.02561574035031543
T:GTC,0.035123326200364006,0.0005331474473414769,0.10422537169955308,0.06917688083537443,0.06781924093849248,0.07545939857074069,0.06299727255185888,0.04543791274599618,0.057384013920589366,0.05829803063989862,0.04456222632083064,0.06135611016178687,0.03519590170061346,0.027183740306607588,0.04090824544599601,0.03630852323198259,0.03537660165871958,0.030157597481499765,0.032473147064907705,0.029909015528549552,0.022747160863813596,0.027367134684483443
T:GTG,0.032881996168816104,0.00045522913309023835,0.10342802624061417,0.0687444093948623,0.06729530705117567,0.07531035716245754,0.06266397377425402,0.045153121632107954,0.05691151303339374,0.05916136604598514,0.044244357902806175,0.06242176432556011,0.034930253955322385,0.029448919115053807,0.04147138495701671,0.036322999282172315,0.03513895530380204,0.03025059904611786,0.033003401536802826,0.02991256627005758,0.023133817467985825,0.02771568120054549
T:GTT,0.04228862466945279,0.0007854794765321632,0.10189493648698889,0.07512811201702378,0.06729368784186239,0.07744950779152149,0.06175105331016195,0.04556390116582656,0.05578489390394042,0.05710112222956699,0.045325611111154775,0.05475830786027059,0.03705973652639387,0.02257441291435156,0.04219063623575598,0.036986048700251545,0.03753985365139226,0.029485676003601993,0.03267108610222709,0.030263950448244682,0.020296640332930115,0.025806721220548123
