,X,Y,1,2,3,4,5,6,7,8,9,10,11,12,13,14,15,16,17,18,19
ACA, 0.03720463010859703, 0.0009646514773205848, 0.06409251477429832, 0.08650891756381257, 0.04617763680052526, 0.059782718536439086, 0.06283071131302394, 0.051732303206455624, 0.08076798493264646, 0.04681673206013176, 0.058632893304411994, 0.047033041224921655, 0.07322283722243737, 0.034867289411284016, 0.0363716213300501, 0.03691894906520028, 0.0385991687391743, 0.031139779965510705, 0.04755414966737004, 0.02727298052725905, 0.031508488769129844
ACC, 0.033833077815670874, 0.0006488833628754375, 0.060382881994370904, 0.08409433158892082, 0.04303375417795184, 0.06301242400786822, 0.06341100435445628, 0.04944028708667694, 0.08512139016118697, 0.05009869284691114, 0.05808118251851086, 0.0463965207880736, 0.08202661101959029, 0.0325115050965231, 0.032180261702686265, 0.03532129248859693, 0.04148092323723421, 0.029305177871580948, 0.050812872648818064, 0.02563497386101925, 0.03317195137047703
ACG, 0.026427626961569334, 0.0004788807761358393, 0.05954213569193425, 0.08058380801340091, 0.044704586785992644, 0.06296409751330978, 0.06847219583315561, 0.04751001384295037, 0.07561857049241352, 0.05483863462753933, 0.0572020178911409, 0.05212820821038183, 0.07932359544462238, 0.036307693500792965, 0.034489109824617184, 0.03460931471579298, 0.04325437293761366, 0.029667342657613817, 0.04972023280973117, 0.028825908419383234, 0.033331653049908296
ACT, 0.03999595528497806, 0.0010634811049045657, 0.06440511307767945, 0.08591183915981505, 0.04745148085385329, 0.06027253010871915, 0.06182904802750406, 0.05196831174989714, 0.07839564286561086, 0.04637544718508756, 0.05839940863476921, 0.046518406940173083, 0.07352176126418265, 0.035414269475651516, 0.035896845819647555, 0.03713187863065476, 0.03856287091082798, 0.03157039547549809, 0.045976554600165975, 0.027518706806976437, 0.03182005202340356
ATA, 0.05234698523978899, 0.0017795161262608038, 0.06882764575493582, 0.08926791759025379, 0.05164892520233002, 0.05527883739711669, 0.05880565149406327, 0.05399762874374968, 0.07239526951561077, 0.0413401893568397, 0.05988173789026926, 0.04715556643813255, 0.06392404247641631, 0.035953313744694744, 0.03980016152035328, 0.03836752753578363, 0.034184537003625615, 0.032702501847174256, 0.042671873120607585, 0.028639792429163015, 0.031030379572830214
ATC, 0.04167086808506552, 0.0010427520330863699, 0.06435532635817852, 0.08559849805294267, 0.04711270524929216, 0.05957291181502875, 0.06107501892638955, 0.05238328459687991, 0.08005502657697239, 0.04551376544721498, 0.0591767780802799, 0.04678539474926735, 0.07380731735033748, 0.03442842303561682, 0.035778478814447755, 0.03713253594413474, 0.03829212742221774, 0.03088082536664378, 0.04571223244967501, 0.02751648956687778, 0.032109240079450825
ATG, 0.04123992064330053, 0.0009996770654075306, 0.06419544520207493, 0.08701821462245365, 0.04615309569546095, 0.059114936928959944, 0.06103525544249758, 0.05217091699222549, 0.08189757107493997, 0.04549858198988221, 0.059344634191672484, 0.04642663302713206, 0.0730573137893071, 0.03403841748465443, 0.03664968018360962, 0.03678675758232517, 0.038039595609324475, 0.03083994484795832, 0.04694345186823528, 0.026862230422167514, 0.03168772533641078
ATT, 0.05120824763910346, 0.0016810829782558066, 0.06946070858057554, 0.08730560940488022, 0.052864729403043334, 0.05621213463096538, 0.059492296539757204, 0.05391684133528831, 0.07052020087711529, 0.040728130340513605, 0.059098677110702186, 0.0479067646779045, 0.06339404913026507, 0.03667385022124692, 0.04075765179769274, 0.0385665036426198, 0.034530264413851465, 0.032494103908968945, 0.042096777896957, 0.03020701101806385, 0.030884364452229363
CCA, 0.03441788486929325, 0.000640513422550499, 0.059863161398993336, 0.08466702110216189, 0.0427581104221652, 0.06299571470321598, 0.06251239357336476, 0.050261783888603064, 0.08781538397605257, 0.049619915360081014, 0.057596972512578774, 0.04575018440733763, 0.08170204923642037, 0.0322592010566213, 0.03197056348468211, 0.03514783528596575, 0.041343831489862225, 0.029367404913343234, 0.05072432672689059, 0.025524776080030752, 0.03306097208978571
CCC, 0.028532307993608418, 0.00032376765934661196, 0.05578256397948942, 0.08200604630443556, 0.04061359631719948, 0.06595973620860146, 0.06428769133847928, 0.04825949411869254, 0.09271641632219184, 0.05249281286738714, 0.05689763791115521, 0.04653254459305179, 0.08852045538034492, 0.029906622463702074, 0.02815137156923732, 0.0345401225675681, 0.04336901758590456, 0.027438743102248888, 0.055118047839501805, 0.02359654927070202, 0.03495445460715153
CCG, 0.02399216840044316, 0.00021973742036163253, 0.05616067410703712, 0.08081337056150148, 0.0416922149795131, 0.06665675435987989, 0.06944360379895735, 0.045279066523859275, 0.08196863675957042, 0.05616067410703712, 0.0557948836707465, 0.050227763757273045, 0.08619101629214813, 0.03371982557848836, 0.03123034534301406, 0.033738246679596524, 0.044654064879118105, 0.027906652385927332, 0.05214355827252177, 0.02672770191500504, 0.035279040208000545
CCT, 0.032930601371549954, 0.000583833592738432, 0.060162858361144225, 0.08359147621314149, 0.04242065118559069, 0.06384486550025405, 0.0635827829676647, 0.04956343292316576, 0.08661667056042058, 0.049657066612567205, 0.05766779593179979, 0.045540397199618304, 0.08353272566292881, 0.03239633855555347, 0.031426036499697295, 0.0359199946022932, 0.04186297994724384, 0.029254561085196102, 0.05124333146830937, 0.024562778864305967, 0.033638820894816776
CTA, 0.043363700417125325, 0.0011390470273348777, 0.06514065880138938, 0.08639986853686484, 0.047521447175005796, 0.05993953596214583, 0.05992152731349231, 0.05096447568944986, 0.07949130069715982, 0.044750366363446044, 0.05899520744837707, 0.04619893703951323, 0.07394013474971355, 0.034625003658006755, 0.03537236257712766, 0.03728353041548203, 0.03818396284815783, 0.031498252035540075, 0.04521859122843746, 0.027644401223687675, 0.03240768879254262
CTC, 0.03234980987104893, 0.0005352575205149431, 0.06112161403137959, 0.08357209537173488, 0.04330840031391337, 0.06329542496707236, 0.0639931189563359, 0.050234456493446766, 0.08481238587859538, 0.049181555045413716, 0.05724173090735446, 0.04608988020799696, 0.0828068826093168, 0.03323782851797272, 0.032383079991154064, 0.035542762868197485, 0.041114040186390956, 0.029657865741365915, 0.050501595987232105, 0.025729545236599476, 0.03329066929696322
CTG, 0.032077807874312164, 0.0006212924647885252, 0.06025544311019743, 0.08454908136946093, 0.042993438563365946, 0.06318544366899302, 0.06372990174020711, 0.05013021407753142, 0.08499170629703809, 0.0498960346100342, 0.05788276762632456, 0.04623151195381407, 0.08161319875182711, 0.03344869521229821, 0.0320910425066982, 0.035816959152042395, 0.04165857883576409, 0.029988574100706728, 0.050131316963563585, 0.02576194719675781, 0.03294504392427437
CTT, 0.040503022617352565, 0.0009826687966973547, 0.06509669231387309, 0.08554658394082627, 0.04739967071362516, 0.06057461919712616, 0.06209279008567535, 0.05130139984139556, 0.0766242107832055, 0.045733276040099274, 0.058318323803592004, 0.04686017606190863, 0.07467933505911734, 0.035203897536939914, 0.03682837033188653, 0.037835493557755125, 0.0386694394994927, 0.03151527129194746, 0.04533701447352858, 0.02686343997959802, 0.032034304074357436
GCA, 0.03362849071616378, 0.0006404018493167435, 0.0606226230200009, 0.08536511152148901, 0.04342106535340684, 0.06238685617859818, 0.063592586125802, 0.04992688840343724, 0.08279724797826957, 0.05004348021436968, 0.05779768875218895, 0.04696204396250635, 0.07948319684508247, 0.033992484662489456, 0.03320876019680698, 0.03607635000520397, 0.04158573962716783, 0.03027235278293278, 0.049146007640460426, 0.02624396353008154, 0.032806660634225326
GCC, 0.02938587887699003, 0.0004102589028785824, 0.056298052803619075, 0.08416209682225836, 0.04002252084132586, 0.06575888928043828, 0.06468492521310028, 0.04772254230903432, 0.08948331102659045, 0.05270640680902477, 0.05702251563352597, 0.04636330653630965, 0.08603401156247306, 0.03201755375751442, 0.030128279684314745, 0.03458094859496452, 0.04367550314580046, 0.028276038854816377, 0.05228573230635519, 0.024454671020387377, 0.03452655601827822
GCG, 0.02355757197486939, 0.00022336209054243722, 0.05431342295275179, 0.08038342241414817, 0.04035883674290548, 0.06548311160817537, 0.06880186040027754, 0.045592796651786414, 0.08281664348558919, 0.05909115391073755, 0.05522904911114561, 0.05087428040971895, 0.08400315558357703, 0.035623877249066155, 0.03231938561167946, 0.03296254170217754, 0.04463439902924618, 0.02791709306120121, 0.05164258263605286, 0.028728166751681553, 0.03544328662267014
GCT, 0.03233883615242605, 0.0005792253662237872, 0.060234094679836384, 0.08451560675727304, 0.04320412083581579, 0.06309548936261164, 0.0643827162143027, 0.04886866706029768, 0.08268923009513937, 0.04985933479920811, 0.057560253598116985, 0.046975497805195394, 0.08266037569497693, 0.0341758996294347, 0.032521046346044406, 0.03558335314846925, 0.042083073955430636, 0.030197198451480525, 0.049053014616891044, 0.026127659347089043, 0.033295306083736535
GTA, 0.04210286941165384, 0.0012476593582646676, 0.06560967315012477, 0.0868741728366734, 0.04769684950646775, 0.05939083902530966, 0.06150509921862516, 0.0513916830904256, 0.07595254387294771, 0.04544635064759462, 0.05931196400840787, 0.04687532010964652, 0.07218703007903891, 0.03537288420328038, 0.036819267630102806, 0.03755987330828454, 0.03841725498551568, 0.03150903272596156, 0.04513802103606944, 0.02768820398513462, 0.0319034078104705
GTC, 0.03219785705467325, 0.00061268636515954, 0.06099564985012572, 0.08402698273819428, 0.044220772598273284, 0.06274782550017521, 0.0643236333605042, 0.050011003816445604, 0.08276940371583928, 0.05037907572542756, 0.057636226864188365, 0.04729877393713485, 0.07968526784516135, 0.03414250364046122, 0.03336418491625981, 0.035619392175251306, 0.041104430435559426, 0.029892806724673777, 0.05004167647552744, 0.026524181941011877, 0.03240566431995264
GTG, 0.032039983705771484, 0.0006473127949115387, 0.05975616932514356, 0.08461058107892702, 0.04252096625003642, 0.06241340834467892, 0.0641216742376935, 0.05031671478187044, 0.0865393789567923, 0.05054353135696301, 0.05781708757233706, 0.04685847616969079, 0.0795114930872364, 0.03327119206679034, 0.03300495397108974, 0.03522341432646618, 0.041146926292611664, 0.029637556254224245, 0.05125426138067877, 0.02609361868420105, 0.03267129936188556
GTT, 0.0407215517007758, 0.001094678613691777, 0.06637135801739168, 0.08544323808069088, 0.04943299261153527, 0.05892458707293779, 0.062265286698217716, 0.051618243767599645, 0.0744800276584964, 0.04556753707166491, 0.058688898579217205, 0.04791456743770474, 0.07177412665916078, 0.03588459968678888, 0.03772740449483415, 0.03754509492826283, 0.03784812299161787, 0.03203803207498672, 0.044499958528679676, 0.02842715295690514, 0.03173254036884018
TCA, 0.0398620486169466, 0.0009700044366219637, 0.06360743298998597, 0.08590078286653334, 0.0462024731600583, 0.060216470405137626, 0.06202948705408842, 0.051925769532349786, 0.08020234454665667, 0.046143029991240245, 0.05901139525546242, 0.04654670314675924, 0.07482543973084133, 0.03469427567688207, 0.035811807250661576, 0.03691366744357087, 0.03850025965856924, 0.030923417204041924, 0.046872019397927164, 0.026822919340483448, 0.03201825229518181
TCC, 0.03361310895851714, 0.0006092343920256505, 0.061563468930329136, 0.08291233543100895, 0.04424468536662104, 0.06290152626816475, 0.06377303426956286, 0.05041453088181931, 0.08473593256232077, 0.04912728584795214, 0.05708480060276737, 0.04623817010008997, 0.08132124308452242, 0.03300490107768277, 0.03257427963294013, 0.03590171565947955, 0.040991671401449534, 0.029719038754390262, 0.05037962950131574, 0.02576543090116904, 0.033123976375871444
TCG, 0.029955075031004152, 0.00043377149987483684, 0.05953370519207287, 0.08092227082246516, 0.04546001754194876, 0.06231404674413405, 0.06795689801783622, 0.047636518591981536, 0.07665525866730873, 0.05351058727310598, 0.056982670159769315, 0.05063087956248316, 0.08044837068163274, 0.035603658967700264, 0.03335645507407556, 0.03453738365082732, 0.043522377449996846, 0.029152502211852473, 0.048997070609210096, 0.02856012703581195, 0.03383035521490798
TCT, 0.038401702763159656, 0.0008694725153922942, 0.06491369193075049, 0.08547136347966224, 0.04660861876168469, 0.060861691567085756, 0.06178146795943015, 0.052079742259548624, 0.07958442536589148, 0.0458185248411159, 0.058315115484317885, 0.04650339597319773, 0.07569210519879031, 0.034495998995768475, 0.03585604968730833, 0.037241021565595105, 0.038453391150486585, 0.031222093462757363, 0.04660908026514297, 0.027265162811497528, 0.031955883961416465
TTA, 0.048743511510082285, 0.0018318672713399503, 0.07068180154670961, 0.08657703518247985, 0.05417193483084556, 0.05640486773356809, 0.06057595029994696, 0.0525014964761371, 0.06534061000077206, 0.041019990113732197, 0.059733712474043535, 0.0489550736306366, 0.06418052766199792, 0.03822055200668175, 0.04179705477453594, 0.03910991504427263, 0.034906747227383156, 0.03328844740475443, 0.0406580283814094, 0.030307527099503382, 0.0309933493291676
TTC, 0.04123252175121037, 0.0009994766665942024, 0.06584615906684405, 0.08494491213354069, 0.048328010744506725, 0.05965947803457818, 0.06209745878418039, 0.052172151769869037, 0.07655089881319437, 0.045141350391068445, 0.05841715770045075, 0.047123866707458745, 0.07272054367288852, 0.03508348678967564, 0.03728763771966615, 0.037850207875239864, 0.0379228488849605, 0.0316799638597721, 0.04540540311253471, 0.027671452666428772, 0.03186501285533781
TTG, 0.04287001273012205, 0.001064573240401098, 0.06506556556332549, 0.08686278258345391, 0.047884696168239656, 0.059620577145754465, 0.06117172109843498, 0.05179644336630207, 0.0773845641355825, 0.045460154590100936, 0.058165980075536736, 0.046806056494632056, 0.07269149051123172, 0.035111096050081614, 0.0368802697174629, 0.037390497612862346, 0.03810149187311822, 0.03135919468391127, 0.045026013310682116, 0.02751522211857108, 0.03177159693019277
TTT, 0.048434805991869535, 0.0015083256411787187, 0.07045197212557067, 0.08693537926787016, 0.05314143512388324, 0.05655098584592525, 0.06161836809983116, 0.05290569546007249, 0.06675514557944759, 0.04168867158658406, 0.05875377400322178, 0.04900884738101908, 0.06439876945936526, 0.03764997150203415, 0.04165805604582942, 0.038722535946471785, 0.03509408410803408, 0.03315152804715202, 0.04103451953245987, 0.029890462697770015, 0.030646666554409684
