,X,1,2,3,4,5,6,7,8,9,10,11,12,13,14,15,16,17,18,19
ACA,0.037240554,0.064154401,0.086592449,0.046222225,0.059840444,0.06289138,0.051782255,0.080845973,0.046861937,0.058689508,0.047078456,0.07329354,0.034900957,0.036406741,0.036954597,0.038636439,0.031169848,0.047600067,0.027299315,0.031538913
ACC,0.033855046,0.060422089,0.084148934,0.043061696,0.063053338,0.063452177,0.049472389,0.08517666,0.050131222,0.058118895,0.046426646,0.082079871,0.032532615,0.032201156,0.035344227,0.041507857,0.029324206,0.050845866,0.025651619,0.03319349
ACG,0.026440289,0.059570663,0.080622417,0.044726005,0.062994264,0.068505002,0.047532776,0.0756548,0.054864908,0.057229424,0.052153183,0.0793616,0.036325089,0.034505634,0.034625896,0.043275097,0.029681557,0.049744054,0.028839719,0.033347623
ACT,0.040038536,0.06447368,0.086003302,0.047501998,0.060336697,0.061894872,0.052023638,0.078479104,0.046424819,0.058461581,0.046567931,0.073600034,0.035451972,0.035935062,0.03717141,0.038603925,0.031604006,0.046025502,0.027548004,0.031853928
ATA,0.052440304,0.068950344,0.089427054,0.051740999,0.055377382,0.058910484,0.05409389,0.072524328,0.041413886,0.059988488,0.04723963,0.064037999,0.036017407,0.039871113,0.038435925,0.034245477,0.0327608,0.042747944,0.028690848,0.031085697
ATC,0.041714366,0.064422503,0.085687849,0.047161883,0.059635096,0.061138772,0.052437964,0.080138591,0.045561275,0.059238549,0.046834231,0.07388436,0.034464361,0.035815826,0.037171296,0.038332098,0.03091306,0.045759949,0.027545212,0.032142757
ATG,0.041281189,0.064259684,0.087105292,0.04619928,0.059174092,0.061096332,0.052223123,0.081979524,0.045544111,0.059404019,0.046473091,0.073130421,0.034072479,0.036686355,0.036823569,0.038077661,0.030870806,0.046990427,0.026889111,0.031719435
ATT,0.051294478,0.069577674,0.087452625,0.052953749,0.056306791,0.059592476,0.054007633,0.070638951,0.040796713,0.059198194,0.047987436,0.063500799,0.036735606,0.040826284,0.038631446,0.03458841,0.032548821,0.042167665,0.030257877,0.030936371
CCA,0.034439944,0.059901529,0.084721286,0.042785515,0.06303609,0.062552459,0.050293998,0.087871667,0.049651718,0.057633888,0.045779507,0.081754414,0.032279877,0.031991054,0.035170362,0.04137033,0.029386227,0.050756837,0.025541136,0.033082162
CCC,0.028541549,0.05580063,0.082032606,0.04062675,0.065981099,0.064308512,0.048275124,0.092746445,0.052509814,0.056916065,0.046547615,0.088549125,0.029916308,0.028160489,0.034551309,0.043383064,0.02744763,0.055135899,0.023604192,0.034965775
CCG,0.023997442,0.056173017,0.080831132,0.041701378,0.066671405,0.069458867,0.045289018,0.081986652,0.056173017,0.055807147,0.050238803,0.08620996,0.033727237,0.031237209,0.033745662,0.044663879,0.027912786,0.052155019,0.026733576,0.035286794
CCT,0.032949839,0.060198004,0.083640308,0.042445432,0.063882162,0.063619926,0.049592387,0.08666727,0.049686075,0.057701484,0.045567001,0.083581523,0.032415264,0.031444395,0.035940978,0.041887435,0.029271651,0.051273267,0.024577128,0.033658472
CTA,0.04341315,0.065214942,0.086498394,0.047575638,0.060007888,0.059989859,0.051022593,0.079581948,0.044801397,0.059062482,0.04625162,0.074024452,0.034664488,0.035412699,0.037326047,0.038227506,0.031534171,0.045270156,0.027675925,0.032444645
CTC,0.032367135,0.061154347,0.083616852,0.043331594,0.063329322,0.06402739,0.050261359,0.084857807,0.049207894,0.057272386,0.046114563,0.082851229,0.033255629,0.032400423,0.035561798,0.041136059,0.029673749,0.050528642,0.025743325,0.033308498
CTG,0.03209775,0.060292903,0.084601644,0.043020167,0.063224725,0.063769521,0.050161379,0.085044544,0.049927054,0.057918752,0.046260253,0.081663936,0.03346949,0.032110993,0.035839226,0.041684477,0.030007217,0.050162483,0.025777963,0.032965525
CTT,0.040542863,0.065160724,0.085630731,0.047446295,0.060634203,0.062153867,0.051351862,0.076699581,0.045778261,0.058375688,0.046906269,0.074752792,0.035238525,0.036864596,0.03787271,0.038707476,0.031546271,0.04538161,0.026889864,0.032065814
GCA,0.03365004,0.060661471,0.085419815,0.04344889,0.062426834,0.063633337,0.049958882,0.082850305,0.050075549,0.057834726,0.046992138,0.079534131,0.034014267,0.033230041,0.036099468,0.041612388,0.030291752,0.049177501,0.026260781,0.032827684
GCC,0.02939794,0.056321159,0.084196639,0.040038947,0.065785879,0.064711474,0.047742129,0.089520037,0.052728039,0.057045919,0.046382335,0.086069322,0.032030695,0.030140645,0.034595142,0.043693429,0.028287644,0.052307192,0.024464708,0.034540727
GCG,0.023562835,0.054325557,0.080401381,0.040367853,0.065497741,0.068817232,0.045602983,0.082835146,0.059104356,0.055241388,0.050885646,0.084021923,0.035631836,0.032326606,0.032969906,0.044644371,0.02792333,0.05165412,0.028734585,0.035451205
GCT,0.032357578,0.060269004,0.084564589,0.04322916,0.063132057,0.06442003,0.048896989,0.082737154,0.049888231,0.057593613,0.047002723,0.082708282,0.034195707,0.032539894,0.035603976,0.042107464,0.0302147,0.049081444,0.026142802,0.033314603
GTA,0.042155465,0.065691634,0.086982698,0.047756433,0.059465031,0.061581932,0.051455883,0.076047425,0.045503123,0.059386058,0.046933878,0.072277207,0.035417073,0.036865263,0.037606794,0.038465247,0.031548394,0.045194408,0.027722793,0.031943262
GTC,0.032217596,0.061033044,0.084078496,0.044247883,0.062786294,0.064363068,0.050041664,0.082820146,0.050409961,0.057671561,0.047327771,0.07973412,0.034163435,0.033384639,0.035641229,0.04112963,0.029911133,0.050072355,0.026540443,0.032425531
GTG,0.032060737,0.059794875,0.084665386,0.042548508,0.062453836,0.064163208,0.050349307,0.086595433,0.05057627,0.057854538,0.046888828,0.079562995,0.033292743,0.033026332,0.03524623,0.041173578,0.029656753,0.05128746,0.02611052,0.032692462
GTT,0.040766178,0.066444093,0.085536873,0.049487165,0.058989161,0.062333522,0.051674811,0.074561649,0.045617474,0.058753214,0.047967076,0.071852782,0.035923925,0.037768749,0.03758624,0.0378896,0.032073142,0.044548725,0.028458306,0.031767315
TCA,0.039900753,0.063669192,0.085984188,0.046247333,0.060274937,0.062089714,0.051976187,0.080280217,0.046187832,0.059068692,0.046591897,0.074898091,0.034727962,0.035846579,0.036949509,0.038537641,0.030953442,0.04691753,0.026848963,0.03204934
TCC,0.0336336,0.061600998,0.082962879,0.044271657,0.062939871,0.063811911,0.050445264,0.084787588,0.049157234,0.0571196,0.046266357,0.081370817,0.033025021,0.032594137,0.035923602,0.04101666,0.029737156,0.050410341,0.025781138,0.033144169
TCG,0.029968074,0.05955954,0.080957388,0.045479745,0.062341089,0.067986389,0.047657191,0.076688524,0.053533809,0.057007398,0.050652851,0.080483282,0.03561911,0.03337093,0.034552371,0.043541264,0.029165153,0.049018333,0.028572521,0.033845036
TCT,0.038435121,0.064970182,0.085545743,0.046649179,0.060914655,0.061835232,0.052125064,0.079653682,0.045858397,0.058365863,0.046543865,0.075757975,0.034526018,0.035887253,0.03727343,0.038486854,0.031249264,0.046649641,0.02728889,0.031983693
TTA,0.048832967,0.070811519,0.086735924,0.054271353,0.056508384,0.060687121,0.052597849,0.065460525,0.041095271,0.059843338,0.049044917,0.064298314,0.038290695,0.041873762,0.039181691,0.034970809,0.033349539,0.040732645,0.030363148,0.031050229
TTC,0.041273774,0.065912037,0.085029898,0.048376362,0.059719166,0.062159586,0.052224349,0.076627486,0.045186513,0.058475603,0.047171013,0.072793299,0.035118587,0.037324943,0.037888076,0.03796079,0.031711659,0.04545083,0.027699137,0.031896893
TTG,0.0429157,0.065134906,0.086955353,0.047935727,0.059684115,0.061236912,0.051851643,0.077467033,0.045508602,0.058227968,0.046855938,0.072768958,0.035148514,0.036919573,0.037430345,0.038142097,0.031392614,0.045073998,0.027544545,0.031805456
TTT,0.048507972,0.070558397,0.087066704,0.053221711,0.056636412,0.061711449,0.052985615,0.066855986,0.041751647,0.058842528,0.04908288,0.064496051,0.037706846,0.041720985,0.03878103,0.035147097,0.033201607,0.041096506,0.029935615,0.030692962