 ,X,Y,1,2,3,4,5,6,7,8,9,10,11,12,13,14,15,16,17,18,19
B:AA,0.03341846266753339,0.00023076825031378444,0.0432509343095367,0.051341239829258326,0.06984429180645252,0.048166163873632914,0.03396586642409167,0.048117863542171894,0.13918075929462734,0.09517781565775996,0.05808651528537781,0.06416095280453862,0.05603173868447339,0.02006073766681224,0.03057142646308077,0.04769053977632921,0.038973671623488186,0.07239146345308461,0.02123067902886817,0.018174341388084443,0.00993376817048407
B:AG,0.028549585427048364,0.00024464321705830434,0.040525287907535984,0.04944503520221291,0.061634105488487176,0.043677849363719136,0.03651647519164877,0.04560927976202887,0.1452374498724658,0.12135693584370634,0.057302113522792825,0.061860678467921856,0.05867892662788516,0.01924202303260288,0.026274125504750386,0.0431190620156655,0.03891078167677905,0.06783219699339046,0.023680351396620867,0.017661572249675083,0.012641521236004254
B:CC,0.0265541505740437,0.0002442551540482867,0.03843094721619667,0.05039151367652505,0.05585242403400173,0.041833765409237604,0.03901380879318555,0.04257270338430066,0.1500581979789429,0.1367114614747015,0.056638978537290795,0.061184593407756206,0.059606193675819624,0.018904643493289595,0.023937886884291836,0.03953494524099254,0.037593249034442625,0.06279473749184347,0.02565384547554803,0.017195739202511332,0.01529195986103028
B:GA,0.029298499618901113,0.00029757036407995074,0.04075669881354693,0.049760377548925094,0.061908557149171504,0.04404737459410358,0.03630793486167329,0.045448217536117386,0.14737824847647454,0.11583578988399976,0.056928168950359695,0.0624436617512451,0.059264357335022465,0.019288128160597506,0.02645330929568053,0.04390206976719904,0.03973086413737658,0.06779557786076491,0.023109558099308453,0.017708046929108646,0.012336988866343922
N:AA,0.07820644063792091,0.056643365981081994,0.07156254387882266,0.05870812193377055,0.06632864041960972,0.05659363460223682,0.04988914859938356,0.052194578492543414,0.04767027383319193,0.0444181533782914,0.03888874965470778,0.045791211600920076,0.03600870426175978,0.04625846324892033,0.04607911856350368,0.04731171216342362,0.0377463555736875,0.035811324256704,0.03203916904694357,0.03377801550986408,0.01807227436271258
N:AG,0.07160443314089283,0.05049588613649219,0.0708145685026816,0.0605809727286225,0.0632553359994207,0.057691888768155154,0.051373775970787655,0.05231816940374059,0.050637808456580675,0.04515867390351123,0.04138355542868368,0.04525251551872693,0.03958726401985392,0.047474269097299966,0.047205600485206195,0.04635033711398037,0.03816281704807518,0.03454684155783888,0.03318136308569721,0.0338698129108571,0.019054110722895472
N:CC,0.07034168091209832,0.04869247364762321,0.06965346312330242,0.06139645939652116,0.060992632824765414,0.058372323052083105,0.052593808691733655,0.052054697495197456,0.052611431095104744,0.045192538463815275,0.042269488872780606,0.04477608209953362,0.041481794069350805,0.047738757891555204,0.047389111737856246,0.04548888774028581,0.03828778187153712,0.033653307644323234,0.03411715447591224,0.03337833884556907,0.019517786049051293
N:GA,0.0729024609112591,0.05288057160963945,0.07080734050075468,0.05998813877937076,0.06372419426998172,0.05737531407816181,0.05110559107442731,0.05227428011767342,0.05036451365310212,0.045041729720787314,0.04076189641890125,0.045308334778688404,0.038599996019092725,0.04715206663201214,0.04698894652889772,0.046466279589553454,0.03808434642184672,0.03469427384835744,0.032921642234784054,0.03376671460640829,0.01879136820630013
Q:AC,0.05971295108863375,0.03263087628483011,0.07234022954558443,0.06755465938582604,0.05869668019118108,0.05759963102994206,0.056473744127715296,0.05523454307532797,0.053623118730594166,0.04783553891220102,0.04621257734570121,0.048156175910234196,0.045377752905270456,0.04418474324736541,0.04453076425865472,0.0456400768100546,0.038089494735785684,0.035754487864142724,0.03497157560823174,0.03320770903485185,0.022172669907871475
Q:AT,0.06909326189980179,0.03708289529903883,0.07393757658076063,0.06584595936472731,0.06196741067819382,0.05611085029866407,0.054082798492752104,0.05574580608912976,0.05069523836046614,0.046298972476260004,0.04335819248932588,0.048565796753083174,0.040402823011282014,0.043990267356619324,0.04405871826143685,0.04675540562642395,0.03785639410434776,0.03697886076863946,0.03321351364198244,0.03319096950196818,0.02076828894509651
Q:CA,0.05968752131940451,0.032186111272377235,0.07218415535103657,0.06770863594487121,0.05832097370096414,0.057797903857333674,0.05655970185725891,0.05522014102728041,0.0543528692671506,0.04796315795060423,0.046355274958163065,0.04777291502878716,0.04568465959981248,0.04423591250429093,0.04438143844432522,0.04562256718061346,0.038150455055408095,0.03560268430312334,0.03503374452101994,0.03307855803188438,0.022100618824290433
Q:CG,0.04464791548752836,0.023589329523360337,0.06751606806985667,0.06951691606722012,0.054459869034157865,0.061166275507591204,0.061824407714135436,0.05328445021268233,0.05591218215688737,0.05183496953454575,0.04893285594154821,0.050589561920870725,0.05320482197194884,0.0436906405842986,0.04497995108916403,0.04286708447660924,0.039932626193744054,0.03443658725329579,0.03909472512472921,0.033011821938462034,0.025506940197363825
Q:GC,0.05401964252030547,0.026513945948708827,0.07076111070126355,0.06934233544316916,0.05588892816491533,0.059513868907272345,0.05839706524874763,0.05471413912435313,0.05642178262294368,0.04917565291503028,0.048277028078669036,0.047544558664379344,0.049868905117861885,0.04450224842869273,0.04422422690924392,0.044681990111802204,0.038763339330975734,0.03486908787768227,0.0364037781803942,0.03288175127591986,0.02323461442766942
Q:TA,0.06894921887853409,0.0360937274137001,0.07417166492669382,0.06610305764114445,0.062118205796084534,0.05617179063826002,0.054039044610801446,0.05578075178345959,0.05001787859026962,0.046095444508918136,0.04353987362465683,0.04882032172749451,0.040752868682241324,0.04410659377171581,0.04407979172012057,0.04672013711475003,0.03786809662714945,0.03713224772120558,0.03317077664111942,0.03330766954024555,0.020960838041435108
T:AA,0.0497170026383706,0.004372670610394265,0.0772592888739194,0.07937022684578704,0.053421511417639844,0.05625968209336597,0.06126021102488984,0.06136501888701378,0.05510095618099761,0.04794958130825631,0.05282213202299461,0.05253792566015499,0.05116590965912026,0.040272793141600004,0.04167380851733702,0.045142179531173374,0.037244023919508644,0.037449049290474504,0.03598521581483501,0.03263782819373543,0.026992984368431457
T:AG,0.04137684048494401,0.0028275851478106236,0.07437375740760503,0.07930379123067602,0.049753524227405026,0.05901552113441384,0.0641007682455151,0.059735927470024056,0.06013509919064765,0.05087975039391349,0.05481846414786227,0.05114459918471878,0.056836262810814546,0.0395301302271496,0.039940706113546484,0.04402344929750015,0.03831423880724867,0.03632701108413637,0.03814903391488747,0.031790408020964486,0.027623131458216335
T:CC,0.03719147378549593,0.0025554300770303465,0.07192639638725495,0.0788264876599411,0.04723404245364834,0.061313461153002034,0.06613310092324814,0.057794164302675366,0.06346209320624988,0.053001875927844354,0.05539190203996964,0.05052297577495905,0.06090306426140175,0.039029019704575056,0.03842226858483682,0.04315418595202461,0.03916063030067119,0.03510000974753348,0.039591306812424655,0.03105265102230429,0.028233459922909012
T:GA,0.04288393292784083,0.003047837496373714,0.07498778234294193,0.0789438364491347,0.05049890835106118,0.058313133447393695,0.06364784208316708,0.06020478377328064,0.05957902536630707,0.050846511629373224,0.054293258288560214,0.05175824320455136,0.05527284603356256,0.03928025803943901,0.04018962528814244,0.04427393622450005,0.03813633384226774,0.036638469971832205,0.037904535274687054,0.03189148561114254,0.027407414354440753
U:AA,0.04919935926166622,0.003717393686622544,0.07752402970308021,0.08019509166255646,0.054064346585632334,0.05627820432269531,0.06094416560415462,0.062007899396465865,0.054620679321800716,0.04898072333674615,0.05259415115721563,0.05317587379173945,0.051085691030984294,0.03972568987001972,0.041149607960495944,0.04486989165508958,0.03721108525194823,0.03794514727660471,0.03544137088582403,0.032627272136980426,0.02664232610167755
U:AG,0.04090438210975888,0.002750837780911398,0.07458300804688385,0.07940332837670956,0.04988546690941043,0.05933515046959154,0.06402825155417037,0.059754454303474765,0.05983757537639046,0.051167000021583406,0.05490208957171631,0.051100832515991866,0.05704398922946347,0.03954230605473305,0.039763269348599535,0.044058123577818756,0.03819564478783157,0.03649098788990218,0.037881099422103374,0.031868414185314345,0.027503788467640886
U:CC,0.03773215881981068,0.0024084666922242932,0.07176370478513641,0.07887646855958108,0.04719220480968675,0.060955176255946715,0.06632770916096563,0.05796262290069535,0.06335999776039664,0.053314370580506,0.05530320325614417,0.05089234378976103,0.060882163144825974,0.03878682099857076,0.03844397286245187,0.042828842140003716,0.03904714208347779,0.03512697956934221,0.03968253476442919,0.031068409275413583,0.028044707790630185
U:GA,0.042141649061522034,0.0030450223823814356,0.07504024763133718,0.0792234860945237,0.050525395473259044,0.058871610190952266,0.06352889275664307,0.060141097255674354,0.05940994060687098,0.05098424700767326,0.05439539556271367,0.05151417163242051,0.055757182793528634,0.039326461288330755,0.03994968365360951,0.044338831293138245,0.03808158651098814,0.03667005138767592,0.03764984937688966,0.03195544917596181,0.027449748863905808
