 ,X,Y,1,2,3,4,5,6,7,8,9,10,11,12,13,14,15,16,17,18,19,20
B:AACAA,0.037464236635202416,0.0004505620761900471,0.10896843812656289,0.08384960237896777,0.060803352181846855,0.06055554303994233,0.055824641239946834,0.04269075671900696,0.055081213814233254,0.0440424429475771,0.06528644483993783,0.06654801865326995,0.042330307058054926,0.019689562729505058,0.034287773998062585,0.029218950640924553,0.03363445898758702,0.04064069927234225,0.04246547568091194,0.012570681925702314,0.024150127283786522,0.03944670977043862
B:AACAC,0.03284000935422444,0.00043430327731934656,0.11729529282063275,0.07473357164333679,0.06674907292954264,0.06170447332375639,0.05024554839140748,0.043664183342798916,0.05823004710520162,0.044131894564527444,0.060334747602979986,0.06942170848227709,0.04082450806801857,0.027127250860254568,0.03451040657468346,0.024354391474292587,0.03397587946413657,0.03945478234724217,0.03714963418300872,0.01399792870744663,0.02512277419570374,0.0436975912872081
B:AACAG,0.034362509723973284,0.0006169693393063119,0.11792161806915422,0.07095147402022586,0.0658279460285952,0.057995117894793315,0.05005499074545991,0.04477051423053194,0.05700260200112664,0.04511923603100942,0.06142868639180236,0.07384854743957724,0.03991523377773009,0.027253949945009254,0.03527455135599131,0.025644464712036266,0.03476488103221653,0.03916414066900936,0.03664261380401835,0.012688108586603719,0.025885887496982216,0.04286595670484723
B:AACAT,0.03761677133127128,0.0005623769800356172,0.11231918017933577,0.09032399162683163,0.06445465054519324,0.06492329802855626,0.05242603180554254,0.04311556846939732,0.053863217421189116,0.04083481738369732,0.06601680882306996,0.05848720592370419,0.046489830349611024,0.018777142500078108,0.03486737276220827,0.02621301590277127,0.03183678570312744,0.040897303714812386,0.0390852001124754,0.012466023057456182,0.021432811572468524,0.04299059580716718
B:AACCA,0.03358866800413399,0.0003647638154295094,0.1223782600766004,0.06900115508541553,0.06292175816159037,0.06058119034591768,0.05395464769894826,0.043923642774636756,0.058787768253389265,0.04559547692868868,0.060429205422822055,0.07878898413277403,0.035990029789044926,0.02681014043406894,0.033740652927229615,0.026262994710924675,0.03216000972703508,0.040032828743388656,0.03577725089671105,0.012949115447747583,0.026141406772448174,0.03982004985105478
B:AACCC,0.032996444693005236,0.0005592617744577159,0.12331722126792634,0.06004074621499621,0.06679183477809292,0.05576638836735509,0.0502936124315903,0.04218431670195342,0.06243758239124356,0.044980625574242,0.06060000798945392,0.09251787640314785,0.0315183957176527,0.03283665561458874,0.032557024727359885,0.021491631047017935,0.03323612831062997,0.03735069707985459,0.032996444693005236,0.012383653577277992,0.027683457835656934,0.04545999280949147
B:AACCG,0.026493908334944884,0.00038677238445175013,0.11158383291432991,0.06536453297234578,0.06787855347128215,0.05472829239992265,0.05221427190098627,0.044092051827499514,0.06633146393347515,0.04235157609746664,0.05724231289885902,0.09127828273061303,0.03364919744730226,0.037516921291819764,0.033842583639528134,0.028040997872751886,0.030748404563914138,0.034809514600657517,0.03306903887062464,0.015664281570295882,0.02630052214271901,0.04641268613421002
B:AACCT,0.034641242830554184,0.0005697572833972727,0.12291563793823831,0.06878869601549739,0.061647738063584916,0.060622174953469825,0.05150605841911346,0.04447905192388043,0.05872298400881225,0.04607437231739279,0.06867474455881795,0.07684126562084552,0.03604664412960079,0.029095605272154063,0.03338777680708018,0.02275230751699776,0.03198237550803358,0.03612261176738709,0.03657841759410491,0.012572644053633153,0.026664640862992365,0.03931325255441182
B:AACGA,0.034697998898476225,0.0007343491830365339,0.10721498072333395,0.07637231503579953,0.06517348999449238,0.06645860106480632,0.042592252616118965,0.0455296493482651,0.060216633008995775,0.04369377639067377,0.06370479162841931,0.07343491830365338,0.03781898292638149,0.025151459519001284,0.035615935377271896,0.025518634110519554,0.03690104644758583,0.042592252616118965,0.03745180833486323,0.013034697998898476,0.02441711033596475,0.041674316137323295
B:AACGC,0.025371428571428573,0.00045714285714285713,0.11131428571428571,0.07314285714285715,0.07062857142857143,0.052571428571428575,0.05051428571428571,0.04525714285714286,0.060571428571428575,0.04525714285714286,0.05165714285714286,0.08822857142857143,0.032,0.03862857142857143,0.03565714285714286,0.021714285714285714,0.03565714285714286,0.03748571428571429,0.032914285714285715,0.017142857142857144,0.02697142857142857,0.046857142857142854
B:AACGG,0.02630052214271901,0.0005801585766776252,0.10075420614968092,0.07077934635467027,0.0651711467801199,0.055695223361052024,0.051634113324308645,0.04389866563527364,0.06633146393347515,0.05066718236317927,0.05105395474763102,0.09263198607619416,0.03674337652291627,0.03732353509959389,0.033842583639528134,0.022819570682653258,0.03287565267839876,0.03654999033069039,0.027654225488300134,0.016244440146973505,0.03016824598723651,0.05028040997872752
B:AACGT,0.029281131765092942,0.0004935022207599934,0.10018095081427866,0.07534133903602566,0.06481329165981246,0.06514229314031914,0.04737621319295937,0.04852771837473269,0.059220266491199214,0.039480177660799476,0.05510774798486593,0.07616384273729232,0.03849317321927949,0.03257114657015957,0.03898667544003948,0.02878762954433295,0.038164171738772824,0.048692219114986016,0.03553215989471953,0.01316005922026649,0.020562592531666393,0.04392169764763942
B:AACTA,0.03949135846691144,0.0004925226112653353,0.10942956926658906,0.08843019611354885,0.06340109250470136,0.06255037163069758,0.05449091071908301,0.04146144891197278,0.05695352377540969,0.04307334109429569,0.07078893167368139,0.05820721769499418,0.046520999373153044,0.01728306617712904,0.0319691949494045,0.027626041013701082,0.03152144712098146,0.03998388107817677,0.03998388107817677,0.011820542670368049,0.02019342706187875,0.04432703501388018
B:AACTC,0.03323284785530091,0.0005084807322122544,0.12359713797987869,0.06969818036537972,0.06573929466458432,0.06098136781316965,0.05233719536556133,0.043729342970253875,0.059492245668833765,0.04616278647441252,0.06228888969600116,0.08190171793847383,0.0372280536083972,0.02713107906875386,0.03232484654777903,0.025605636872117095,0.03323284785530091,0.03617477209167181,0.03363236843061054,0.011876657102386227,0.024588675407692585,0.038535575491228706
B:AACTG,0.0358982266769468,0.0006476484194294526,0.11734772552043177,0.07139552814186584,0.06365458750963762,0.06131071703932151,0.05144178874325366,0.04484194294525829,0.058966846569005395,0.043824209714726295,0.06319198149575944,0.0717964533538936,0.0430840400925212,0.02479568234387047,0.03340015420200462,0.025659213569776407,0.03423284502698535,0.03987663839629915,0.03626831148804934,0.012490362374710871,0.02572089437162683,0.04015420200462606
B:AACTT,0.03802024746906637,0.0004499437570303712,0.1089506668809256,0.08237184637634581,0.06578820504579784,0.06247790454764583,0.052161336975735176,0.044672987305158285,0.05765707857946328,0.043773099791097544,0.06565964968664631,0.06360276394022175,0.044576570785794634,0.020440302105094007,0.03390647597621726,0.02918206652739836,0.03297444962236863,0.03821308050779367,0.04139482564679415,0.012373453318335208,0.021661578017033584,0.03969146713803632
B:AATAA,0.039220653600792243,0.00039151562607954676,0.10386679256580918,0.09373344694963266,0.06865341654959582,0.0651758365767716,0.05741461504801824,0.043181870523479424,0.05458188434167799,0.04080974643605629,0.0661200801455517,0.05741461504801824,0.04550793394901085,0.017088505561824924,0.03327882821676147,0.027567306142189264,0.030883673798392484,0.04154671702632367,0.040763685774164574,0.011768499113332258,0.021095783146403813,0.03993459386011377
B:AATAC,0.038746569075937785,0.000777676120768527,0.1070448307410796,0.09258920402561757,0.0640896614821592,0.06312900274473925,0.05681610247026533,0.0429551692589204,0.05420860018298262,0.04213174748398902,0.0711344922232388,0.05265324794144556,0.04162854528819762,0.017063129002744738,0.03636779505946935,0.028225068618481244,0.03417200365965233,0.040988106129917656,0.04139981701738335,0.012671546203110704,0.019441903019213176,0.04176578225068618
B:AATAG,0.04345065312046444,0.00068033381712627,0.1128900580551524,0.08676523947750363,0.06172895500725689,0.06204644412191582,0.058508708272859214,0.0438588534107402,0.055288461538461536,0.04354136429608128,0.06005079825834543,0.05483490566037736,0.04549165457184325,0.016464078374455734,0.03505986937590711,0.027530841799709726,0.03170355587808418,0.04009433962264151,0.04195391872278665,0.011883164005805516,0.020908925979680696,0.04526487663280116
B:AATAT,0.0429882892955923,0.0007061731301123992,0.10822103218972517,0.10666156652739363,0.06034837874418878,0.06623315482845878,0.06134879067851468,0.042340963926322604,0.05405166833401989,0.03754487141764256,0.06487965632907668,0.0462249161419408,0.051403519096098395,0.012475725298652386,0.031336432648737714,0.02618725357500147,0.02736420879185547,0.0438710057082328,0.043429647501912555,0.011239922320955687,0.01980227152356853,0.0413405519919967
B:AATCA,0.0418217648346836,0.0008393547916210496,0.11185314940515291,0.08769432888110357,0.06503174950733523,0.06415590102912196,0.05218597182687395,0.0418217648346836,0.05634625209838698,0.04109189110283921,0.06660097803080067,0.0597401649514634,0.04448580395591563,0.0179184001167798,0.034158090650317496,0.025290124808408147,0.033939128530764175,0.04211371432742136,0.03784395299613167,0.012991752426830159,0.020947376103934018,0.04112838478943143
B:AATCC,0.040340934445981524,0.0006247489847828997,0.11727430942924717,0.07215850774242492,0.06742826542906868,0.060199027176580835,0.0542192868936588,0.0429738051675666,0.05430853674862778,0.04493730197688429,0.06568789325717346,0.07818287295283145,0.03462894372796644,0.02780132982283904,0.031639073586505424,0.021910839394885983,0.031683698513989916,0.03686019010219108,0.037172564594582534,0.013253603462894373,0.025346958811191932,0.04136730777812486
B:AATCG,0.03819628647214854,0.0002652519893899204,0.1013262599469496,0.08169761273209548,0.07374005305039788,0.06153846153846154,0.04297082228116711,0.04562334217506631,0.05649867374005305,0.04562334217506631,0.06816976127320955,0.07188328912466843,0.038461538461538464,0.0246684350132626,0.039522546419098144,0.022811671087533156,0.03368700265251989,0.03872679045092838,0.04005305039787799,0.010079575596816976,0.023607427055702918,0.04084880636604774
B:AATCT,0.0389567754878716,0.0010213386832026263,0.11307678278314791,0.07897136604048878,0.06562101039576874,0.0620828013861025,0.05507933612985592,0.04399051614079883,0.05398504468356739,0.04296917745759621,0.06759073499908809,0.06438081342330841,0.04318803574685391,0.02009848623016597,0.03436075141345978,0.02681014043406894,0.03144264089002371,0.040890023709648005,0.04019697246033194,0.01243844610614627,0.021849352544227613,0.040999452854276856
B:AATGA,0.03892675852066715,0.000580130529369108,0.11445975344452501,0.08829586656997825,0.06430746918056562,0.06436548223350254,0.05343002175489485,0.04287164612037708,0.054213197969543145,0.04005801305293691,0.06221899927483684,0.06178390137781001,0.045134155184916605,0.019086294416243654,0.034488759970993474,0.025583756345177663,0.03269035532994924,0.040522117476432196,0.03985496736765772,0.012095721537345902,0.022160986221899926,0.04287164612037708
B:AATGC,0.03695179644546733,0.0006393044367727912,0.11618292630950859,0.07710011507479862,0.06491071048033073,0.06167156800068192,0.05625879043600562,0.04377104377104377,0.05480970037932063,0.0395942547841282,0.061969910071175895,0.06729744704428249,0.043430081404764946,0.021182287005071816,0.03473554106465499,0.0264245833866087,0.03341431189532455,0.040446660699825256,0.03865660827686144,0.013297532284874057,0.024719771555214595,0.042535055193283045
B:AATGG,0.039142558382711745,0.001010805158591844,0.12157546183339142,0.07110491460439178,0.0612757058208435,0.06458696409898919,0.05580341582432904,0.04074590449634019,0.056500522830254446,0.04402230742418961,0.0628093412338794,0.06991983269431858,0.041373300801673056,0.021575461833391426,0.034367375392122694,0.022446845590798188,0.0335308469850122,0.04186127570582084,0.03792262112234228,0.01240850470547229,0.02335308469850122,0.042662948762635065
B:AATGT,0.037692484486324986,0.0004883934727648817,0.11543323373937026,0.08730751551367502,0.06418064812686738,0.06145139048494599,0.05401057228223397,0.04384049643760055,0.05139623075155137,0.04062284532291427,0.07343139508159044,0.05809009423121122,0.04415651574350724,0.019650655021834062,0.033354401287060444,0.026401976557113307,0.0318892208687658,0.03933003907147782,0.03935876809928752,0.013416455987129396,0.020857274189841415,0.04363939324293266
B:AATTA,0.040935285155991256,0.0007948599059415778,0.1048883884215407,0.09587997615420282,0.06769556865602437,0.06524475061270452,0.05537524011392992,0.04603563621911638,0.055441478439425054,0.04073657017950586,0.06150228522222958,0.05212956216466848,0.04716168775253361,0.01579784063058886,0.035404384977147776,0.028018811684440616,0.03162880042392528,0.03980923362257402,0.04226005166589389,0.011061800357686958,0.019573425183811353,0.04262436245611711
B:AATTC,0.041291072986333235,0.0006906077348066298,0.11300523407967432,0.07800232625763304,0.0665164291945333,0.06669816807211398,0.06110061064262867,0.0412547252108171,0.05292236115149753,0.04303576621110788,0.06524425705146845,0.05768391974411166,0.04292672288455947,0.02017301541145682,0.03274934574004071,0.02751526606571678,0.030822913637685374,0.042708636231462635,0.038964815353300375,0.012031113695841814,0.023153533003780168,0.04150915963943007
B:AATTG,0.043984596111910176,0.0010671368254999303,0.11339488702268825,0.08383983668166844,0.061337168839604696,0.06769359253932167,0.056001484712105046,0.04412378787175799,0.054470375353779056,0.03739618614578017,0.06537372987519138,0.05442397810049645,0.04588688349649701,0.020461188697629102,0.03280285807080221,0.029044680554911148,0.03127174871247622,0.03994803507632348,0.042639075766714614,0.011320929800955783,0.022363476082215932,0.04115436366167123
B:AATTT,0.04271034039820167,0.0007904747789140852,0.10622004841658021,0.09579566226965071,0.0646707178499086,0.06691863050244554,0.05832221728175485,0.043204387135022976,0.05525912751346277,0.04199397262981078,0.060866557976384565,0.04962699471369992,0.04639098858752038,0.015414258188824663,0.0351020206511536,0.028728817746158788,0.031915419198656196,0.04342670816659256,0.04483474136653327,0.010399683810088434,0.019341929746554024,0.03806630107208142
B:ACCAA,0.037013356067064504,0.0004617789144643365,0.12219380505825518,0.07100738846263142,0.062162546177891444,0.05999573742540495,0.0559462915601023,0.043868996874111964,0.05825518613242398,0.045076726342710996,0.059285308326229046,0.07590934924694516,0.040068201193520885,0.02639244103438477,0.03299943165672066,0.02564649048025007,0.030619494174481388,0.04056550156294402,0.03815004262574595,0.011579994316567206,0.025042625745950554,0.0377593066211992
B:ACCAC,0.032549046508437374,0.00017149128824255728,0.12333653450404719,0.06424063657566195,0.06280010975442447,0.06201124982850871,0.04698861297846069,0.04338729592536699,0.057895458910687335,0.04678282343256963,0.058581424063657565,0.08794073261078338,0.03467553848264508,0.03604746878858554,0.0332350116614076,0.023288516943339277,0.03347509946494718,0.036630539168610234,0.03440115242145699,0.013753601317053095,0.0278501852105913,0.039957470160515846
B:ACCAG,0.03002076908553087,0.0003776197369249166,0.1301529359934546,0.059569513499905594,0.06419535527723583,0.057083516898483226,0.04924790735729121,0.042608093649694756,0.0651079363081377,0.0462898860847127,0.05916042545157027,0.08836301844043049,0.03105922336207439,0.03474101579709233,0.03093335011643275,0.02334948706652401,0.03404871294606331,0.03477248410850274,0.032821448801057335,0.012807602744036755,0.03115362829630562,0.04213606897853861
B:ACCAT,0.03532226822135288,0.0004937521364275134,0.12450150024687606,0.06840366136199628,0.06373200653272057,0.06365604466557788,0.05260359299631585,0.045349234684188534,0.0573132287591629,0.04542519655133123,0.06012381784344259,0.07584792434198033,0.0377530479699191,0.026662615367085724,0.03422082114778381,0.023814045349234685,0.032131869801359715,0.041057389190626306,0.0357400584906377,0.011774089407117628,0.02347221694709256,0.040601617987770136
B:ACCCA,0.030062376388254982,0.0005172676099193671,0.12727825954663016,0.05915107256960292,0.06350220599421877,0.05762969724631067,0.04904914042294234,0.04043815609310817,0.06627110908261068,0.04497185455651909,0.05875551498554694,0.09353415487600791,0.03124904914042294,0.03331811958010041,0.031705461737410616,0.02269891982352046,0.03298341700897611,0.03699984786246767,0.03261828693138597,0.012657842689791572,0.0293321162330747,0.045276129621177545
B:ACCCC,0.026150353619139092,0.00034925347070636516,0.13280363223609534,0.05221339387060159,0.06426263860997118,0.055705928577665244,0.04754212869990396,0.038898105299921416,0.06854099362612416,0.04549026455950406,0.06373875840391163,0.10089059635030123,0.026324980354492274,0.04147384964638086,0.031345498995896275,0.01933991094036497,0.030123111848423995,0.036147734218108796,0.028289531127215578,0.01121976774644198,0.032698856194883434,0.046450711603946565
B:ACCCG,0.020932277924362357,0.0005277044854881266,0.11556728232189974,0.058927000879507474,0.07510993843447669,0.04925241864555849,0.04520668425681618,0.04204045734388742,0.07053649956024627,0.04309586631486367,0.05681618293755497,0.10800351802990325,0.028144239226033423,0.046262093227792435,0.03218997361477573,0.02339489885664028,0.03025505716798593,0.03007915567282322,0.027264731750219876,0.009674582233948988,0.03465259454705365,0.05206684256816183
B:ACCCT,0.02938802465512181,0.0005503375403580863,0.135162899911946,0.055950983269738776,0.06912239506897563,0.05492368652773701,0.04681538009979454,0.04083504549457,0.06449955972996771,0.04457734076900499,0.06105077781039037,0.09451130026416202,0.031479307308482536,0.03514822424420311,0.030745523921338423,0.020435867331963606,0.03386410331670091,0.03533167009098914,0.03144261813912533,0.011703845024948634,0.02788376871147637,0.04457734076900499
B:ACCGA,0.026983094928478543,0.00048764629388816646,0.11085825747724318,0.06664499349804942,0.06957087126137841,0.05266579973992198,0.05185305591677503,0.046163849154746424,0.06648244473342002,0.04632639791937581,0.05510403120936281,0.09232769830949285,0.03137191157347204,0.03836150845253576,0.03397269180754226,0.024057217165149546,0.03234720416124837,0.03576072821846554,0.03446033810143043,0.011053315994798439,0.031209362808842653,0.04193758127438232
B:ACCGC,0.028031809145129226,0,0.12524850894632206,0.055666003976143144,0.06421471172962227,0.04970178926441352,0.05208747514910537,0.04413518886679921,0.06520874751491054,0.044532803180914515,0.05427435387673956,0.10159045725646124,0.027634194831013918,0.044532803180914515,0.029622266401590457,0.026043737574552684,0.030019880715705764,0.03121272365805169,0.03359840954274354,0.017693836978131212,0.028628230616302187,0.0463220675944334
B:ACCGG,0.022139498432601882,0.00019592476489028212,0.11990595611285267,0.054858934169279,0.06837774294670847,0.05877742946708464,0.041536050156739814,0.04584639498432602,0.07249216300940439,0.04898119122257053,0.054858934169279,0.10109717868338558,0.026841692789968653,0.05054858934169279,0.029780564263322883,0.026841692789968653,0.031739811912225704,0.032915360501567396,0.02938871473354232,0.015086206896551725,0.02311912225705329,0.04467084639498432
B:ACCGT,0.023938657190948197,0.0001870207593042828,0.11127735178604825,0.06844959790536749,0.07181597157284458,0.05591920703198055,0.05049560501215635,0.04750327286328782,0.061529829811109035,0.044136899195810736,0.0553581447540677,0.09407144193005423,0.03515990274920516,0.03890031793529082,0.034224798952683745,0.021881428838601086,0.036095006545726574,0.03403777819337946,0.028614176173555265,0.013652515429212643,0.02749205161772957,0.04525902375163643
B:ACCTA,0.037276368491321765,0.0004806408544726302,0.11887850467289719,0.07556742323097464,0.06216288384512684,0.06077436582109479,0.052443257676902534,0.04117489986648865,0.05586114819759679,0.04469959946595461,0.06835781041388518,0.07433911882510014,0.03919893190921228,0.025046728971962615,0.03225634178905207,0.02590120160213618,0.03161548731642189,0.03914552736982643,0.037543391188251,0.012496662216288385,0.025367156208277702,0.039412550066755675
B:ACCTC,0.028077036599763874,0.00040584415584415587,0.1382452774498229,0.05914256198347107,0.06301652892561983,0.05578512396694215,0.048000295159386065,0.043167060212514756,0.06283205430932703,0.045454545454545456,0.0603969893742621,0.0929383116883117,0.03113931523022432,0.03338990554899646,0.03224616292798111,0.022284533648170013,0.032283057851239666,0.033685064935064936,0.031582054309327035,0.013208382526564345,0.030659681227863046,0.04206021251475797
B:ACCTG,0.028473350292702364,0.0004597419315291017,0.13375425261286664,0.06016489410610844,0.06390412848254513,0.056824102736996965,0.048119655500045974,0.043583535108958835,0.06304594354369081,0.04441107058571122,0.06178931559751127,0.09154994329849511,0.030710761026143993,0.035553376038250525,0.032059337358629356,0.02206761271339688,0.032273883593342934,0.03417415024366322,0.030864008336653693,0.012137186992368284,0.029270236307352804,0.04480951359303644
B:ACCTT,0.03492462311557789,0.0006460875807609476,0.12142857142857143,0.06909547738693467,0.06259870782483848,0.05972720746590093,0.051148600143575015,0.045190236898779615,0.05847092605886576,0.04806173725771716,0.06342426417803303,0.07555635319454415,0.03905240488155061,0.028786791098348887,0.03424264178033022,0.023007896625987078,0.03334529791816224,0.03603732950466619,0.03571428571428571,0.013280689160086146,0.025879396984924623,0.04038047379755923
B:ACTAA,0.039391268036932214,0.0006959587992390851,0.10991509302649283,0.08059202895188605,0.06370342875701758,0.06597689416786526,0.05377441655453997,0.04203591147404074,0.055676703939126805,0.04370621259221454,0.0688071266181042,0.0605484155338004,0.04542291096367095,0.018048531526933604,0.03609706305386721,0.028534310768802487,0.03178211849858489,0.040412007609149536,0.03878810374425834,0.01317681993226001,0.021992298055955088,0.040922377395258204
B:ACTAC,0.03699714919227114,0.0005068102629078239,0.11542603737725689,0.07760532150776053,0.06455495723788407,0.060057016154577134,0.05156794425087108,0.03984795692112765,0.058409882800126704,0.04434589800443459,0.06601203674374406,0.06955970858409882,0.0391510928096294,0.025403864428254673,0.031675641431738996,0.026544187519797275,0.03306936965473551,0.04092492872980678,0.0391510928096294,0.011783338612606905,0.022743110547988596,0.04466265441875198
B:ACTAG,0.038384935723338766,0.0005431830526887561,0.11618081960287284,0.0748385539260064,0.06699257649827992,0.057758464602571065,0.04828293801677832,0.04429959563039411,0.058844830707948576,0.045808437443418434,0.0683807109662623,0.06958778441668176,0.04375641257770535,0.024503591043515,0.03234956847124147,0.026434908564186132,0.033134166214014125,0.03753998430804514,0.03826422837829682,0.011346490433942905,0.02178767578007122,0.0409801436417406
B:ACTAT,0.042555378527008275,0.0005139538469445444,0.11420054479107776,0.08819448013568382,0.0613660893251786,0.0619314385568176,0.05632934162512206,0.044559798530091996,0.05710027239553888,0.04157886621781364,0.0632677185588734,0.05566120162409416,0.04389165852906409,0.018707920028781414,0.035051652361617926,0.027959089273783214,0.030528858508505938,0.03854653852084083,0.041990029295369276,0.012900241558308065,0.019376060029809322,0.04378886775967518
B:ACTCA,0.031947457576748196,0.0005349341733781093,0.1217569615738952,0.06820410710570894,0.06618324467294719,0.0572379565514577,0.05230467473030402,0.044875033433385836,0.06154714850367024,0.044488692085946094,0.06208208267704835,0.08199352135278909,0.038396386222473176,0.02885672679723023,0.033165918749442774,0.023566822193824482,0.03325507444500579,0.03973372165591845,0.034206068531011324,0.012333204552884187,0.02508246901839579,0.038247793396534814
B:ACTCC,0.028758113742853458,0.0004728538881485621,0.12758457636590292,0.06443708893951769,0.06869277393285475,0.05867686884752611,0.04767226926879594,0.043717491295189786,0.06349138116322056,0.047586295834587115,0.05768817435412458,0.08717706228775308,0.03361561277565232,0.03168121050595366,0.03340067919013025,0.022568026479817736,0.03284185186777286,0.036237802519021624,0.03211107767699781,0.012036280789236126,0.02574904354554443,0.04380346472939862
B:ACTCG,0.027249910362136965,0.0005378271782000717,0.11079239870921477,0.0607744711366081,0.0720688418788096,0.055934026532807456,0.045536034420939404,0.04535675869487271,0.0666905700968089,0.041233416995338834,0.05969881678020796,0.09627106489781284,0.03209035496593761,0.039082108282538545,0.035317318035138046,0.0247400501972033,0.03513804230907135,0.0360344209394048,0.03155252778773754,0.014700609537468627,0.026532807457870206,0.04266762280387235
B:ACTCT,0.03185545790178717,0.0002940503806318816,0.125036756297579,0.07040873002907831,0.06505047864867514,0.06011696670696246,0.04894305224295096,0.043519456333518475,0.05714379063612899,0.04753814486882086,0.05835266442317117,0.08132126637697258,0.04064429705622897,0.028522886921292515,0.03424053321135688,0.02381808083118241,0.03388113830169569,0.03607018002417747,0.03476328944359133,0.011827359754304571,0.024438853856960825,0.042212565752932335
B:ACTGA,0.03317574399475309,0.0005192249883857568,0.11865657366162927,0.07020468395594785,0.06514907222692864,0.058918372366299564,0.05134861858825458,0.04621102396633236,0.05935561446178231,0.042822397726341103,0.0649031235482196,0.07367529308884213,0.04090946355860411,0.027710217801218812,0.03467876369797502,0.023474435001229744,0.03413221107862159,0.038176700461836965,0.03538928210313448,0.013281228650288307,0.027136337550897713,0.04017161752247698
B:ACTGC,0.03015075376884422,0.0005583472920156337,0.12265028847943421,0.06592220361064582,0.06789503070910106,0.05669086171598734,0.050437372045412245,0.0480178671133445,0.06324213660897078,0.04500279173646008,0.05643029964638005,0.08278429182951796,0.035064209938581795,0.030187976921645262,0.03283082077051926,0.02464172715428997,0.036776474967429744,0.0357714498418016,0.03446863949376512,0.013623673925181462,0.026949562627954587,0.03990321980271729
B:ACTGG,0.03287591991515892,0.0005141883857698364,0.12546196612784008,0.06298807725680496,0.06665166950541504,0.057074910820451845,0.04736960503904618,0.04232413150367966,0.06134910177716361,0.045666356011183594,0.06398431725423402,0.08664074300221744,0.033615065719703054,0.03178326959539801,0.03268309927049523,0.023491981874859402,0.03223318443294662,0.035350451521676256,0.032618825722273995,0.012019153517369926,0.028762412829000224,0.04454156891731208
B:ACTGT,0.030308999831147633,0.0004502729779929082,0.11681769572803512,0.0715934035008724,0.06891990769403951,0.057578657060843134,0.05034614735183205,0.046546969100016884,0.05788821973321326,0.04373276298756121,0.06194067653514943,0.0743231834299544,0.04142511397534755,0.028113919063432205,0.033432768615973434,0.025355997073225642,0.036922384195418476,0.036443969156301007,0.03675353182867113,0.013677041706534587,0.02608769066246412,0.04134068779197388
B:ACTTA,0.03687334806534079,0.0003899649031587157,0.10927683175180901,0.0870488322717622,0.07071363577278045,0.060227912821179425,0.051432037783266174,0.04649248234325577,0.05866805320854456,0.042809480480090124,0.06404090298539798,0.06252437280644742,0.043849386888513364,0.019194939122145673,0.03540014732007453,0.030677239048485638,0.03371029940638676,0.03760994843797392,0.03934312578534598,0.012868841804237618,0.01954157459162009,0.0373066424021838
B:ACTTC,0.03601078167115903,0.0008984725965858042,0.12061096136567835,0.07353099730458221,0.06566037735849056,0.06088050314465409,0.04981132075471698,0.044204851752021566,0.057969451931716084,0.04427672955974843,0.05401617250673854,0.07622641509433963,0.04244384546271339,0.02519317160826595,0.033423180592991916,0.02609164420485175,0.03407008086253369,0.03834681042228212,0.037268643306379155,0.013261455525606468,0.025516621743036837,0.04028751123090746
B:ACTTG,0.038903719523046804,0.0005339028296849973,0.11674675209111941,0.07111585691404164,0.06769887880405766,0.060402206798362695,0.04822922228154476,0.045310553479266776,0.060758142018152696,0.04762413240790176,0.06627513792489767,0.07424808684819363,0.0395799964406478,0.02626801922050187,0.03271044669870084,0.024915465385299877,0.03327994305036484,0.03406300053390283,0.036518953550453814,0.012422139170670938,0.023456130984160883,0.038939313045025806
B:ACTTT,0.03630777824326212,0.00030721966205837174,0.11004049713727133,0.08496020108923334,0.06957128892612764,0.0625331657589722,0.05337243401759531,0.04337383047060466,0.054964390448261416,0.04298282362798492,0.0632034632034632,0.05996369222175674,0.044742354419773776,0.02072336265884653,0.03424102778941489,0.027174975562072337,0.033766233766233764,0.039994414187962575,0.04340175953079179,0.012540148024018993,0.02262253875157101,0.03921240050272309
B:AGCAA,0.03583162505967257,0.0003931369520653731,0.11516104574429249,0.07054000168487265,0.06540114009716098,0.05970065429221308,0.050433854707815,0.04380668894442728,0.05913903007497683,0.04653056639802308,0.061890988739434445,0.07736373592429306,0.04237454719047486,0.02485187161270394,0.03375361545589846,0.022942349274100698,0.03538232568588358,0.03720760439190138,0.03779730981999944,0.011709864929375754,0.025722389149420124,0.04206565387099492
B:AGCAC,0.028065412299532768,0.00015784821315822706,0.12245864376815255,0.06108725849223387,0.07172622805909837,0.05764616744538452,0.048269983583785835,0.045839121101149134,0.06162394241697184,0.04533400681904281,0.0567306478090668,0.08807930294229069,0.03359009976007071,0.035863114029549184,0.033305972976385906,0.02269857305215305,0.03662078545270867,0.034095214042177045,0.032453592625331484,0.013385528475817653,0.028096981942164416,0.042871574693774464
B:AGCAG,0.028067673559344006,0.0005401784749681295,0.12923229835137529,0.060046239277457274,0.06728463084203021,0.05719409692962555,0.046001598928285904,0.04675784879324129,0.06229338173332469,0.044705170588362396,0.055638382921717335,0.09157105507659731,0.032561958471078845,0.03208660141310689,0.03208660141310689,0.0210237462457596,0.03409606533998833,0.03442017242496921,0.03299410125105335,0.012208033534279726,0.030033923208227998,0.04915624122209978
B:AGCAT,0.03479835390946502,0.0003950617283950617,0.11976954732510288,0.07410699588477367,0.06472427983539095,0.057679012345679015,0.05359670781893004,0.04612345679012346,0.05790946502057613,0.04434567901234568,0.058205761316872426,0.07196707818930041,0.04174485596707819,0.02353909465020576,0.03437037037037037,0.024362139917695473,0.03499588477366255,0.03878189300411523,0.03723456790123457,0.012641975308641975,0.024855967078189302,0.04385185185185185
B:AGCCA,0.03095764585813914,0.00038879304060457316,0.1300998712123053,0.05873204869632834,0.06638641168323087,0.05700677957864554,0.048040240079702576,0.04427380749884577,0.06079751172454013,0.04891502442106286,0.05550020654630282,0.09267854105411513,0.03416518844312687,0.034529681918693655,0.030398755862270064,0.022428498529876315,0.03132213933370593,0.03387359366267344,0.031710932374310496,0.013753553811386775,0.029062279785191845,0.04497849488494156
B:AGCCC,0.026269528010879298,0.00043119174765332183,0.13539420876314306,0.05074795183919865,0.06517629108759826,0.052472718829811936,0.04428007562439882,0.04348402932103884,0.0675644299976782,0.045872168231118775,0.05804504295333179,0.10594049553882384,0.026601213970612624,0.04172609373445222,0.0299512421639192,0.02155958738266609,0.03087996285117251,0.03280374141762579,0.029188364456532556,0.013499618561146306,0.03223987528607914,0.045872168231118775
B:AGCCG,0.01738310200781566,0.00026950545748551406,0.1263980595607061,0.05201455329470422,0.06858913893006334,0.05538337151327315,0.04770246597493599,0.04931949871984908,0.06980191348874815,0.04365988411265328,0.054440102412073844,0.10429861204689395,0.028028567578493466,0.04406414229888155,0.029510847594663794,0.02371648025872524,0.02856757849346449,0.03490095674437407,0.02277321115752594,0.016574585635359115,0.035844225845573376,0.04675919687373669
B:AGCCT,0.030448372494072,0.0003233455486096141,0.13111661996119853,0.05758245311489545,0.06434576417331321,0.054429834015951715,0.045187540418193575,0.04335524897607243,0.06396852769993533,0.04615757706402242,0.062136236257814184,0.09562944600129339,0.031041172666522957,0.03702306531580082,0.032630954947186895,0.0220952791549903,0.03152619098943738,0.03508299202414313,0.03136451821513257,0.012852985557232162,0.028885535675792197,0.04281633972838974
B:AGCGA,0.0247060828079741,0.0003407735559720566,0.11245527347077867,0.059294598739137845,0.06968819219628557,0.0596353722951099,0.04378940194240927,0.04958255239393423,0.0644062020787187,0.04191514738456296,0.05435338217754302,0.09695007667405009,0.033225421707275514,0.036633157266996084,0.03561083659907991,0.02487646958596013,0.032714261373317434,0.035270063043107855,0.03101039359345715,0.017379451354574884,0.030328846481513034,0.04583404327824161
B:AGCGC,0.023587164750957856,0.00023946360153256704,0.1119492337164751,0.05795019157088123,0.07100095785440613,0.05411877394636015,0.05399904214559387,0.045617816091954026,0.06453544061302682,0.04394157088122606,0.053520114942528736,0.11506226053639847,0.022030651340996167,0.04382183908045977,0.0305316091954023,0.02622126436781609,0.025742337164750956,0.03364463601532567,0.03388409961685824,0.015684865900383142,0.03292624521072797,0.039990421455938695
B:AGCGG,0.02422145328719723,0,0.12226066897347174,0.0530565167243368,0.07064590542099193,0.052768166089965395,0.048298731257208766,0.0461361014994233,0.06675317185697809,0.039071510957324106,0.05118223760092272,0.10755478662053057,0.02955594002306805,0.04382929642445214,0.02710495963091119,0.025086505190311418,0.03200692041522491,0.031718569780853516,0.027393310265282585,0.01903114186851211,0.03157439446366782,0.05074971164936563
B:AGCGT,0.023527391379014252,0.0003434655675768504,0.1008071440838056,0.06525845783960157,0.06354113000171732,0.050832904001373864,0.05375236132577709,0.049287308947278036,0.06680405289369741,0.044650523784990556,0.050832904001373864,0.09651382448909497,0.03434655675768504,0.04413532543362528,0.03434655675768504,0.02215352910870685,0.037781212433453545,0.034518289541473464,0.03297269448737764,0.01579941610853512,0.027133779838571185,0.050661171217585434
B:AGCTA,0.0354337219879269,0.000537501033655834,0.116058877036302,0.0733895642107004,0.0678491689407095,0.05780203423468122,0.052633755064913586,0.044819316960224925,0.05908376746878359,0.04738278342842967,0.06156454147027206,0.07715207144629124,0.03671545522202927,0.026792359216075416,0.03258083188621517,0.02542793351525676,0.03266352435293145,0.03671545522202927,0.036343339121806005,0.011990407673860911,0.02422889274787067,0.04283469775903415
B:AGCTC,0.028295859068366448,0.0005172361335077738,0.1241366720418657,0.05790002129795844,0.06778835914443058,0.058265129156905106,0.046672954635348526,0.04536465147412298,0.06428940882952505,0.04858977089481851,0.06024279672619953,0.09191590348982262,0.03219034289713086,0.0355675905923875,0.030121398363099766,0.021358809748379833,0.03185566069309642,0.037119298992910825,0.031095019320290868,0.013539416435938784,0.030516931876958652,0.04265676818693522
B:AGCTG,0.028701435071753587,0.00039668650099171626,0.12868976782172442,0.059222961148057404,0.0690701201726753,0.058406253646015635,0.045875627114689066,0.04491891261229728,0.06514992416287481,0.04447555711118889,0.056212810640532025,0.08937113522342784,0.031268230078170575,0.03518842608797106,0.03124489557811224,0.02076770505191926,0.03327499708318749,0.03665849959164625,0.031058219577645547,0.013090654532726636,0.03080154007700385,0.046155641115389105
B:AGCTT,0.03470031545741325,0.0005993690851735016,0.11694006309148265,0.07189274447949527,0.06785488958990536,0.06334384858044163,0.0489589905362776,0.04580441640378549,0.05927444794952681,0.04564668769716088,0.06605678233438486,0.07548895899053627,0.03839116719242902,0.02577287066246057,0.032649842271293375,0.023690851735015773,0.033470031545741324,0.03728706624605678,0.03287066246056782,0.012681388012618297,0.025615141955835963,0.04100946372239748
B:AGTAA,0.03788918989126804,0.0006308680001484396,0.10772998849593647,0.08598359743199614,0.06750287601588303,0.06308680001484396,0.051026088247300254,0.044940067539985896,0.057000779307529593,0.04223104612758378,0.06442275577986417,0.05703788918989127,0.04601625412847441,0.01963112776932497,0.03614502542026942,0.028351950124318105,0.03376999294912235,0.039039596244479904,0.04163728800979701,0.012394700708798754,0.02152373176977029,0.042008386833413736
B:AGTAC,0.03778264882325796,0.0006345177664974619,0.11778957083525611,0.07227734194739271,0.06766266728195662,0.05572219658514075,0.05197277341947393,0.043435625288417164,0.06022150438394093,0.046608214120904476,0.06743193354868482,0.07256575911398247,0.04107060452238117,0.02716889709275496,0.03247577295800646,0.029072450392247345,0.03368712505768343,0.03426395939086294,0.03720581449007845,0.012863405629903091,0.02607291185971389,0.03201430549146285
B:AGTAG,0.03672787979966611,0.0003246150992394732,0.11815989612316824,0.07401224262659989,0.06496939343350028,0.05843071786310518,0.05328324986087924,0.040901502504173626,0.05717863105175292,0.045585234650343164,0.06176961602671119,0.06983861992209238,0.04224633648673715,0.0238823965869041,0.03440920051938416,0.02448525319977741,0.033991838248933405,0.03913930625115934,0.040020404377666484,0.01293823038397329,0.024160638100537934,0.043544796883695044
B:AGTAT,0.03979729415593473,0.0010693198196103956,0.10725742712352969,0.09191501232042401,0.0640662048444837,0.06429866567483379,0.053884420475149936,0.043609651773676136,0.05183876516806918,0.040448184480914966,0.06908735878004556,0.061555627876702775,0.04309823794690595,0.017713515272676554,0.03556650704356316,0.029290064624110837,0.03138221209726161,0.04091310614161514,0.03923938816309452,0.012413408340694593,0.020224092240457483,0.041331535636245295
B:AGTCA,0.0322106474084489,0.0004473701028951237,0.11679555186297692,0.07205854157346456,0.06745702051511472,0.059052853582156326,0.05064868664919793,0.045823480539400524,0.056688183038282096,0.04563175049530262,0.06215248929507254,0.07499840224963251,0.04007157921646322,0.026235061034064037,0.03463922796702243,0.024509490637182847,0.0349907330478686,0.03834600881958203,0.03700389851089666,0.01399629321914744,0.024317760593084936,0.04192496964274302
B:AGTCC,0.030204962243797196,0.0007335490830636461,0.12923408845738943,0.06261057173678533,0.06446601941747573,0.05613807982740022,0.04832793959007551,0.041639697950377565,0.0664940668824164,0.043581445523193096,0.06006472491909385,0.08944983818770226,0.03374325782092773,0.03378640776699029,0.03223300970873787,0.022524271844660194,0.03516720604099245,0.03503775620280475,0.03313915857605178,0.011823085221143474,0.027184466019417475,0.04241639697950378
B:AGTCG,0.02696629213483146,0.00022471910112359551,0.11752808988764045,0.06696629213483146,0.0750561797752809,0.05101123595505618,0.05370786516853933,0.045168539325842694,0.06741573033707865,0.03797752808988764,0.054831460674157305,0.08831460674157303,0.035280898876404496,0.04067415730337079,0.03393258426966292,0.022247191011235956,0.03438202247191011,0.03438202247191011,0.027640449438202246,0.009887640449438202,0.030337078651685393,0.046067415730337076
