 ,I,II,III,IV,V,VI,VII,VIII,IX,X,XI,XII,XIII,XIV,XV,XVI
B:ACA,0.033413937129039346,0.06550890305561662,0.03737085073642559,0.1303583205100022,0.07825895801275005,0.024181138711804794,0.08793141349747197,0.04440536381622335,0.04814244888986591,0.06616838865684765,0.05122004836227742,0.08969004176742142,0.046603649153660144,0.06682787425807869,0.08661244229500989,0.043306221147504945
B:ACC,0.04287769784172662,0.04316546762589928,0.037697841726618705,0.1269064748201439,0.08086330935251798,0.023597122302158272,0.09438848920863309,0.057841726618705035,0.04057553956834532,0.06129496402877698,0.051798561151079135,0.09064748201438849,0.04345323741007194,0.06705035971223021,0.0897841726618705,0.04805755395683453
B:ACG,0.035276643148904566,0.038618640920906055,0.04196063869290754,0.1162272558484961,0.08800594132937245,0.030820646119569254,0.09914593390271073,0.05347196435202377,0.043074637950241364,0.06981062012625325,0.05272929818046788,0.09431860378759747,0.044188637207575196,0.057556628295581135,0.09060527292981804,0.044188637207575196
B:ACT,0.029601029601029602,0.051737451737451735,0.036293436293436294,0.12972972972972974,0.08957528957528957,0.021106821106821105,0.09806949806949807,0.0489060489060489,0.04118404118404118,0.07001287001287002,0.039897039897039896,0.09317889317889318,0.05456885456885457,0.06435006435006435,0.08854568854568855,0.043243243243243246
B:ATA,0.025763793889648882,0.05563155494756042,0.02439580483356133,0.12539899680802555,0.07729138166894665,0.01937984496124031,0.09211126310989512,0.045371637026903784,0.052667578659370724,0.06292749658002736,0.0476516187870497,0.09188326493388053,0.061103511171910624,0.08025535795713634,0.09781121751025992,0.04035567715458276
B:ATC,0.034836980794997766,0.049575703439035286,0.02813756141134435,0.13086199196069673,0.08396605627512282,0.022778025904421618,0.098034836980795,0.051362215274676194,0.042652970075926756,0.0658776239392586,0.04533273782938812,0.08128628852166146,0.045779365788298346,0.07213041536400179,0.09781152300133988,0.049575703439035286
B:ATG,0.03275566558750714,0.05199009712435727,0.030279946676823464,0.13083222243382214,0.08207960388497429,0.021710150447533803,0.09998095600837936,0.055037135783660256,0.04189678156541611,0.06570177109122072,0.04760997905160922,0.08836412111978671,0.04665777947057703,0.07027232908017521,0.09064940011426395,0.044182060559893356
B:ATT,0.025653675382338433,0.05804966288439401,0.021213616181549086,0.14816641999671107,0.080414405525407,0.021871402729814176,0.09225456339417859,0.05360960368360467,0.04571616510442361,0.06594310146357507,0.043907252096694625,0.08140108534780464,0.05229403058707449,0.07498766650222002,0.09636572932083538,0.038151619799375106
B:CCA,0.039271255060728746,0.04878542510121457,0.040283400809716596,0.13360323886639677,0.08562753036437247,0.020445344129554656,0.09433198380566801,0.05789473684210526,0.03744939271255061,0.06497975708502024,0.043927125506072875,0.09251012145748988,0.04595141700404858,0.06578947368421052,0.08157894736842106,0.04757085020242915
B:CCC,0.03787528868360277,0.03695150115473441,0.03648960739030023,0.14041570438799075,0.08036951501154735,0.02678983833718245,0.09006928406466513,0.06743648960739031,0.03926096997690531,0.0628175519630485,0.04896073903002309,0.08960739030023095,0.04988452655889145,0.0651270207852194,0.0859122401847575,0.04203233256351039
B:CCG,0.04261954261954262,0.04365904365904366,0.033264033264033266,0.13045738045738045,0.08367983367983368,0.034823284823284825,0.08887733887733888,0.05301455301455302,0.03898128898128898,0.06860706860706861,0.057172557172557176,0.09875259875259876,0.04002079002079002,0.05197505197505198,0.08783783783783784,0.04625779625779626
B:CCT,0.02857142857142857,0.049854227405247815,0.03702623906705539,0.14431486880466474,0.0728862973760933,0.02099125364431487,0.09708454810495627,0.05014577259475218,0.03965014577259475,0.06938775510204082,0.05451895043731778,0.09329446064139942,0.04256559766763848,0.06909620991253644,0.09067055393586006,0.039941690962099125
B:CTA,0.02583144979011947,0.05586051017113335,0.026154342912495965,0.12754278333871488,0.0829835324507588,0.017759121730707136,0.11139812721989022,0.04294478527607362,0.04100742654181466,0.06425573135292219,0.046173716499838556,0.07910881498224087,0.06070390700678076,0.0684533419438166,0.09428479173393607,0.055537617048756864
B:CTC,0.029914529914529916,0.05128205128205128,0.03561253561253561,0.1413105413105413,0.07492877492877494,0.0245014245014245,0.09601139601139601,0.05299145299145299,0.039601139601139604,0.06638176638176638,0.0472934472934473,0.10427350427350428,0.045584045584045586,0.06894586894586895,0.07777777777777778,0.04358974358974359
B:CTG,0.03507462686567164,0.05298507462686567,0.041044776119402986,0.13482587064676618,0.08233830845771144,0.021890547263681594,0.1,0.05447761194029851,0.03805970149253731,0.07064676616915423,0.04402985074626865,0.09303482587064676,0.0445273631840796,0.06517412935323383,0.08308457711442786,0.03880597014925373
B:CTT,0.03051643192488263,0.047104851330203444,0.03536776212832551,0.13928012519561817,0.07668231611893583,0.020500782472613457,0.09420970266040689,0.048669796557120504,0.03740219092331768,0.06604068857589984,0.062128325508607196,0.09311424100156494,0.04507042253521127,0.07010954616588419,0.08982785602503912,0.043974960876369325
B:GCA,0.029227053140096618,0.04903381642512077,0.035507246376811595,0.12681159420289856,0.08671497584541063,0.02077294685990338,0.10096618357487923,0.057004830917874394,0.043478260869565216,0.07294685990338164,0.05144927536231884,0.09613526570048309,0.043478260869565216,0.0644927536231884,0.08429951690821257,0.03768115942028986
B:GCC,0.03767491926803014,0.05238607822030857,0.04090419806243272,0.14495873699318262,0.08144958736993183,0.022246142805884463,0.09221385001794044,0.054180121994976675,0.03911015428776462,0.0739146035163258,0.049874416935773234,0.09616074632221026,0.041621815572299964,0.05597416576964478,0.07032651596698959,0.04700394689630427
B:GCG,0.0296875,0.04791666666666667,0.04010416666666667,0.12916666666666668,0.0703125,0.0390625,0.11302083333333333,0.057291666666666664,0.05416666666666667,0.06822916666666666,0.050520833333333334,0.10416666666666667,0.04635416666666667,0.04114583333333333,0.07083333333333333,0.03802083333333333
B:GCT,0.03426875337290879,0.05099838100377766,0.03669724770642202,0.14166216945493793,0.08526713437668645,0.019697787371829464,0.10793308148947653,0.04937938478143551,0.04128440366972477,0.06260118726389638,0.05126821370750135,0.0898542903399892,0.0434430652995143,0.058823529411764705,0.08283864004317323,0.04398273070696168
B:GTA,0.0338691159586682,0.04822043628013777,0.03501722158438576,0.11940298507462686,0.08524684270952927,0.024110218140068886,0.0947187141216992,0.04707233065442021,0.0505166475315729,0.06142365097588978,0.04879448909299656,0.09328358208955224,0.056544202066590124,0.06285878300803674,0.09213547646383467,0.046785304247990815
B:GTC,0.042407234175241657,0.047708138447146865,0.042719052073589024,0.11817898347365138,0.07826629248518865,0.027751792952915497,0.09697536638603056,0.054879950109136266,0.03648269410664172,0.0689117555347677,0.04801995634549423,0.09853445587776738,0.04334268787028375,0.05737449329591519,0.09167446211412535,0.04677268475210477
B:GTG,0.035580524344569285,0.05305867665418227,0.04369538077403246,0.12203495630461923,0.0914481897627965,0.025593008739076155,0.09612983770287141,0.05337078651685393,0.04556803995006242,0.06960049937578028,0.05118601747815231,0.08957553058676654,0.041510611735330834,0.05930087390761548,0.0780274656679151,0.04431960049937578
B:GTT,0.030592734225621414,0.055449330783938815,0.0331421287444232,0.14106649670703209,0.08073082642872317,0.02188230295304865,0.08986615678776291,0.04801359677076694,0.04227745910346293,0.06670915657531336,0.047376248141066495,0.08667941363926067,0.04865094540046739,0.07435734013171871,0.09156575313363076,0.04164011047376248
B:TCA,0.03347115573931876,0.050797401063201415,0.030124040165386886,0.14038196495373104,0.08367788934829691,0.023823587320338648,0.09962591061232526,0.05375073833431778,0.04311872415829888,0.06694231147863752,0.045481393975191964,0.08663122661941328,0.04213427840126009,0.06674542232722977,0.092537901161646,0.040756054341405785
B:TCC,0.02982107355864811,0.04945328031809145,0.0360337972166998,0.13916500994035785,0.08076540755467197,0.02385685884691849,0.09567594433399602,0.05168986083499006,0.03628230616302187,0.06734592445328032,0.04845924453280318,0.09517892644135188,0.04547713717693837,0.06759443339960239,0.09294234592445327,0.04025844930417495
B:TCG,0.03352329869259135,0.04693261816962789,0.035534696614146835,0.11464968152866242,0.08280254777070063,0.030506201810258128,0.10023466309084814,0.0496144820650352,0.03922225947033188,0.0693932282936641,0.04927924907810929,0.09319477036540395,0.0519611129735166,0.061682869594368084,0.09889373114314448,0.04257458933959102
B:TCT,0.03012863913337847,0.0512863913337847,0.03182125930941097,0.13354773188896413,0.07159783344617468,0.022173324306025727,0.09529451591062965,0.0506093432633717,0.03486797562626946,0.06635071090047394,0.05873392010832769,0.0941096817874069,0.0485781990521327,0.07667569397427218,0.08496953283683141,0.0492552471225457
B:TTA,0.027577937649880094,0.05347721822541966,0.023980815347721823,0.15227817745803357,0.0776978417266187,0.018225419664268584,0.08729016786570744,0.05011990407673861,0.045563549160671464,0.06402877697841726,0.04628297362110312,0.07505995203836931,0.05539568345323741,0.08321342925659472,0.09664268585131894,0.04316546762589928
B:TTC,0.025133057362507392,0.0508574807806032,0.029863985807214666,0.13882318154937906,0.07776463630987582,0.02380248373743347,0.09787108219988172,0.04908338261383797,0.03548196333530455,0.06800709639266705,0.0579538734476641,0.09062684801892372,0.04908338261383797,0.07347723240685984,0.09358367829686576,0.0385866351271437
B:TTG,0.03376664552948637,0.055009511731135066,0.03281547241597971,0.14029803424223208,0.08132530120481928,0.02140139505389981,0.08893468611287254,0.05120481927710843,0.04549778059606849,0.06626506024096386,0.04819277108433735,0.09258084971464807,0.044071020925808495,0.06642358909321497,0.0897273303741281,0.0424857324032974
B:TTT,0.020905095617056658,0.05606366551847013,0.033495664568238506,0.14289107970067705,0.08148236132557311,0.0239933483786673,0.08706497208694619,0.05202518113790237,0.03979094904382943,0.06497208694619314,0.0456111177099418,0.08682741418220691,0.04905570732866136,0.08302648770637842,0.09336025656253712,0.039434612186720515
N:ACA,0.023978964128048633,0.058725142530898444,0.03041195249238093,0.11318038903497134,0.052822875706623564,0.024405149607185646,0.08683730168303058,0.04499875360850441,0.037182672745840674,0.05585442147331516,0.05229215416656615,0.08102348844876527,0.06493297630247911,0.06096060598750392,0.08629853890751775,0.12609461317636841
N:ACC,0.026137554551000298,0.05615429134535671,0.027451471117298336,0.10697470710609876,0.0523376765575386,0.02457336816255025,0.08477890225399258,0.04359387464610283,0.0392610783500962,0.05349517448499163,0.050679638985781546,0.0854045768093726,0.06480424207348548,0.058782124477952793,0.08262032503793151,0.14295099404044986
N:ACG,0.024279210925644917,0.05567357949755522,0.02422862923621649,0.11192041814196595,0.053802056988703426,0.023604788399932557,0.08688248187489463,0.04518630922272804,0.03832406002360479,0.05762940482212106,0.05128983308042489,0.08536503119204182,0.06605968639352554,0.06312594840667678,0.0859045692126117,0.12672399258135222
N:ACT,0.02493412660726423,0.05890896902321164,0.028490824278651433,0.11321843896352989,0.05337839725147342,0.024654804800610785,0.08611491299125723,0.04444009943856317,0.036414252860720836,0.05590160423824288,0.0517303985922181,0.08262339040808916,0.0637133040976509,0.059728312989395085,0.0875580756589667,0.12819008780015456
N:ATA,0.022062021429418665,0.06076501003817582,0.03045279421519916,0.11744885362714218,0.051939322851456964,0.024416709499145546,0.09217988762514771,0.04545953758495108,0.034898585869235735,0.05598973777736776,0.055045226704622835,0.08210656720745417,0.06820248560169749,0.059104427780047535,0.0887225377914256,0.11120629439751176
N:ATC,0.024390709938760496,0.05540216487852414,0.02777273552368851,0.11081388350163847,0.05238318158802342,0.0239034689646607,0.08751230044615987,0.0434313229070134,0.0355494836201049,0.05367293710769936,0.05127494721556114,0.08381500128975553,0.06393365879756571,0.05874597548509138,0.08497100438516876,0.14242722435058422
N:ATG,0.025593981434938507,0.057353976073187894,0.029238296303743173,0.11183438892798499,0.0520592473442579,0.023583324955598003,0.08776515532321302,0.04391608860292886,0.036418015482054894,0.054589323414094705,0.05304782011326698,0.08149023156060453,0.06419020810294561,0.05917194463992494,0.08608960825709594,0.13365838946416006
N:ATT,0.023852376887965265,0.05827179277841689,0.028769436300886925,0.11723939585111515,0.05337792704197128,0.024163172152744276,0.08955542360930716,0.04491223512821464,0.035500241214235354,0.05418042824804245,0.05373974839499759,0.0818412068133744,0.06501651389765094,0.057794003043010356,0.08706442275577986,0.12472167588228746
N:CCA,0.026270136307311027,0.05612006058102712,0.02704116756161366,0.10702189178025609,0.05150764147046675,0.02500344210381385,0.08405617513424204,0.042861076690072976,0.03789067878287209,0.052471430538345035,0.05022717885171417,0.08347790169351507,0.061489742530634724,0.056959933911606773,0.08190830235439901,0.1556932397081096
N:CCC,0.024636691240549263,0.056362908354334974,0.02560237416680406,0.10994653414042443,0.054172456838683845,0.024236286124785077,0.08627552582612996,0.04065289587111666,0.03938102079751278,0.05473773464917446,0.050545257554702405,0.08625197258402618,0.06813952940622277,0.059071531196269164,0.0864403985208564,0.13354688272840756
N:CCG,0.02239782016348774,0.058392370572207086,0.022833787465940055,0.11177111716621253,0.05291553133514986,0.022561307901907357,0.0873841961852861,0.0420708446866485,0.03915531335149864,0.05449591280653951,0.05212534059945504,0.0887465940054496,0.06705722070844687,0.05929155313351499,0.08485013623978202,0.13395095367847412
N:CCT,0.024063548585907004,0.05741286037115661,0.02707662809011847,0.11085393412312539,0.05270149969184414,0.024488118879682257,0.08621516126823256,0.044730534821611996,0.03799219338492091,0.05487913442443334,0.050578648222967884,0.08547558720810793,0.06632883654043689,0.05757721016229542,0.08569472026295967,0.13393138396219956
N:CTA,0.02318261355753202,0.0588832171959288,0.028287137221606733,0.11311748687630072,0.053188515339456004,0.024756422070593594,0.08936540313312143,0.04473964858512544,0.036611755935432436,0.055352502044915666,0.052971081268572494,0.08348432921589133,0.06606889553845995,0.059328439341071224,0.08721177043103716,0.12345078224495501
N:CTC,0.02380238880089045,0.059563052071293004,0.027341353083037232,0.10987913295375087,0.05182870271273028,0.025400630734763188,0.08520627309959045,0.04283859183469612,0.03720193501434137,0.0549823765286756,0.0502019207443241,0.08540605334132455,0.06587039970318365,0.057479629550351755,0.08489233271972259,0.1381052271073248
N:CTG,0.025262476426379937,0.056506319137557354,0.02576913333520984,0.10967714695865116,0.05280490894249444,0.024530638669181187,0.08310580685112731,0.04490950544656177,0.03905480338897177,0.05343823007853182,0.050201255383229657,0.08306358544205815,0.06224843077096293,0.059363301151237086,0.08539983674388493,0.14466462127396065
N:CTT,0.024127166287545,0.05889023232302532,0.02739922536221489,0.11362720385816068,0.05161519492318517,0.02410667322444686,0.08611868215942237,0.04449727100709743,0.03719490952312642,0.05419732087355097,0.05166984309144688,0.08227964833903724,0.0660218182811785,0.05923861439569372,0.08730044879808185,0.13171574755278673
N:GCA,0.024928412936495146,0.057083710379194505,0.026490312503873757,0.11308896629519902,0.05160466586505683,0.024692888398557104,0.08435497266675757,0.0459272848979187,0.03855164805196415,0.05471606897150153,0.0526707242999343,0.08316495394875482,0.06305859602583332,0.05991000483445104,0.08599124840401136,0.13376554152049683
N:GCC,0.023564321871181706,0.059696282073660324,0.02275702565892826,0.10990137894920579,0.05225606563100017,0.024022517018676907,0.08651160761040322,0.043572176645138766,0.0384665735730494,0.05565980101239309,0.0501396404259033,0.08526793506720196,0.0661764705882353,0.056750741839762614,0.08624978181183453,0.1390076802234247
N:GCG,0.02080960516324981,0.05863230827638573,0.02427391799544419,0.1144409643128322,0.052676537585421415,0.023040053151100987,0.08864844343204252,0.043849658314350795,0.03886674259681094,0.055690015186028854,0.05063591495823842,0.08672646165527714,0.0670083523158694,0.06105258162490509,0.0873908504176158,0.12625759301442674
N:GCT,0.02413675213675214,0.0595008547008547,0.02611965811965812,0.11104273504273504,0.051432478632478636,0.024615384615384615,0.08563418803418803,0.044088888888888886,0.039726495726495725,0.05304615384615385,0.052567521367521367,0.0834051282051282,0.0646974358974359,0.05932307692307692,0.08682393162393162,0.13383931623931625
N:GTA,0.02522939914549945,0.059310270231292025,0.02887094157307422,0.11354581673306773,0.053189955111679975,0.024562383948369418,0.08832543130644842,0.04566349984676678,0.03767734491896667,0.057011771916857454,0.052216473472625334,0.08072686629049414,0.06589929873267113,0.06009446377386382,0.08802797858340394,0.1196481044149195
N:GTC,0.024000148607731316,0.057195400590715734,0.02585774524919659,0.10885516318986495,0.051418275035758736,0.023480021548121042,0.08234725911615552,0.042204595694090984,0.03828506678059926,0.055486411680567685,0.05041517284936749,0.08622963609681794,0.06339977337320975,0.06013040328423086,0.08370330466442516,0.146991622239147
N:GTG,0.025032807935992774,0.056909421874779514,0.029689418205935063,0.10947267416427957,0.052972469555646495,0.025738354946590093,0.08427053494574344,0.04439301790678313,0.03880508558285239,0.056754201532448104,0.0527608054524673,0.08400242708171646,0.06378144975799738,0.061326146161118714,0.08484908349443324,0.12924210140121636
N:GTT,0.0243393427371703,0.05721924685491103,0.027960071408815467,0.11308072045795513,0.05373261924517865,0.023802938489519164,0.08730817262159195,0.044781373362500314,0.03623243066556033,0.054009202685373764,0.051067360639662066,0.0830923704877088,0.06483786343483107,0.06075616236286071,0.08571572251137764,0.13206440203498362
N:TCA,0.02564459930313589,0.05624103299856528,0.02776798524287764,0.11020291043246568,0.053273211723713874,0.024119696659151466,0.08603402336544373,0.043713875794220126,0.03605656896905104,0.05343717974994876,0.05161713465874154,0.08342693174830908,0.063365443738471,0.059741750358680054,0.08555851608936257,0.13979913916786227
N:TCC,0.023870124509871363,0.05631148104835936,0.027309623718786546,0.11154983834353718,0.05225287198183944,0.024214074430762882,0.08567104629565936,0.04325514205131733,0.03706404347527,0.053050835798307765,0.05122102221916489,0.08531333837793217,0.06325926945036803,0.05721950883951297,0.08389626470385912,0.1445415147554516
N:TCG,0.02378811123454831,0.05748646599305225,0.02542806256502495,0.11093477225837169,0.05103246398278933,0.024211324481122926,0.08714666102382337,0.04348516108554198,0.03741910455130579,0.05757463541942196,0.05066215239203654,0.08564778077553828,0.06642684582694106,0.05962016611119928,0.0838314905923222,0.1353048017069601
N:TCT,0.023225796654695652,0.05845551109660079,0.027143583864183377,0.11260601182928774,0.05150067953867296,0.02455450355713819,0.0866165048175116,0.04428010660025663,0.03664194006392978,0.054021426347878244,0.05103753027553585,0.08267593977541057,0.06643534512212715,0.058918660359737904,0.08599391072608138,0.1358925493709522
N:TTA,0.023503086749407216,0.05917159763313609,0.029313438574754876,0.11861555550808536,0.053793817956550534,0.023481725161814026,0.08994296456112619,0.044731164420139705,0.03587144596586418,0.055198342340802765,0.05395937026039775,0.08190032683229018,0.06645589900241386,0.05829577254181531,0.08938222288680495,0.11638326960459701
N:TTC,0.024307412729815247,0.057424007114364704,0.027013964518394887,0.11345607330888845,0.05234600042531528,0.024326745242590816,0.08751184116407504,0.04503831059615025,0.03653200497489995,0.05373149717423105,0.051920685144252764,0.08232428356929739,0.06556943916380438,0.05945392095579943,0.08584924506537611,0.13319456885274425
N:TTG,0.02461353200194413,0.057402557834183285,0.027805384074109003,0.11211380403479118,0.05243342449456297,0.024599023583434288,0.08565770288209734,0.044562607452974586,0.03623477522832624,0.053129828583035305,0.051026107899108455,0.08271974813385467,0.06316965419184482,0.05928865224046253,0.08444624993652566,0.14079694742874552
N:TTT,0.024244789587749876,0.061646812549339625,0.02820674300818705,0.11822291605685108,0.052702850536785556,0.02390477119718997,0.08872705984619342,0.04560681455988315,0.0361513466206607,0.054207801500220275,0.053767255933320914,0.08098942394971276,0.067770100261075,0.05974270956220415,0.08954901734685128,0.1145595874837752
T:ACA,0.018163900488482727,0.07929868343625265,0.02767832455387844,0.13376911569738176,0.0465582882544364,0.01817807995802877,0.08332565278732923,0.044885110848003174,0.03896518231252969,0.06523264964657673,0.056505186140986464,0.0970868279817652,0.08518316329786103,0.06178703854688796,0.08603393147062369,0.0573488645789761
T:ACC,0.018816921857239738,0.08171510989273399,0.02867431442407802,0.1304862789298234,0.0470900633280162,0.02023057893077856,0.08365411250035819,0.04512240550944189,0.0393053976865693,0.06396798257763174,0.053718968794475276,0.09379805717669758,0.08551670121211542,0.06435005205696656,0.088238946252376,0.05531410887069814
T:ACG,0.01784911367569114,0.08017113348684479,0.029021841320016895,0.12978076928317414,0.048015478315370674,0.021282683634679056,0.08262368345755045,0.046462196667257094,0.04009919202103743,0.06579646560298666,0.054528361015355686,0.0968757238428733,0.08325044622784189,0.06394342784734239,0.08564849508808742,0.05465098851389097
T:ACT,0.01831882861135815,0.0787781095159446,0.026862850971922245,0.1337742980561555,0.046714204040147374,0.019065239486723416,0.08224018549104307,0.042990090204548345,0.04056822513022488,0.06698640579341889,0.05636196163130479,0.09631876508702833,0.0851702452039131,0.06227766484563588,0.08598018040909669,0.05759274552153475
T:ATA,0.01586335232494027,0.0782140231575078,0.026201525454879616,0.1378710255467745,0.046619417386509834,0.016460668994670098,0.08291789193163021,0.044132512405807754,0.03742418673038044,0.06445276603565521,0.05656703730931814,0.09884442198125344,0.08603083072964529,0.06182227531703731,0.08789170189303437,0.0586863628009557
T:ATC,0.016649002794103477,0.08080418794360407,0.026515078523942578,0.13596043292545845,0.04654912162379163,0.018845746218325465,0.08269261650126859,0.044461573048142085,0.03839804733917847,0.06461123422295019,0.056961171596492916,0.09720910813501622,0.08561518450717795,0.06101422744644635,0.08737514853711019,0.05633811863699136
T:ATG,0.01736330707755994,0.08069657652823294,0.027194848502271027,0.13460076531427076,0.04800781923762433,0.018276829120271884,0.08334131866587452,0.04513948778882948,0.03816350128084734,0.06489200636271297,0.05651060132748168,0.09663530028044488,0.0836160141052914,0.06221532289490664,0.08631825063722953,0.057028050876150684
T:ATT,0.01658891051889642,0.08054054507618984,0.025978384909713364,0.13465378935356112,0.04599919446868497,0.017474155870309458,0.08344800966637578,0.04340639054843257,0.03792290394039068,0.06531516412700544,0.05774233067060482,0.09913908840706183,0.08578069409948312,0.06092250117473317,0.08679180371886958,0.058296133449687856
T:CCA,0.01922031084523571,0.08254143171995305,0.028823310530383263,0.129382889200561,0.047199244354123135,0.02015055671637519,0.08256289893236397,0.04466611328963563,0.04082348226808255,0.06470933394395627,0.0554641211323239,0.09429115264619171,0.08441623493717262,0.06295617826373186,0.0863053496293328,0.05648739159057733
T:CCC,0.01799348511745747,0.0815566777546061,0.029661674221402597,0.12960824529049828,0.04675893211078747,0.02080281277468503,0.08045362885851674,0.045742058909705105,0.041795212078385414,0.061098567759948985,0.05611761258854553,0.09506902673170059,0.08147050205959912,0.0645283604212268,0.08788197376811845,0.05946122955481636
T:CCG,0.01842010628521197,0.08277060774363687,0.02934830383186159,0.1258440883845447,0.05028569145323051,0.02187637351660207,0.08053302433371959,0.04529108562752228,0.03975706237263755,0.06145363007951413,0.05418148399728293,0.09707515882846526,0.0831501977863907,0.06600871059256004,0.08780517041595078,0.05619930475086906
T:CCT,0.016542345359516923,0.0805399096767646,0.027452174354290353,0.13314050844877454,0.04679555487897701,0.01958694879991881,0.08324960673872228,0.04441061551732887,0.04011772466636221,0.06331760288222459,0.056223676866088194,0.094616126249556,0.08396001420814939,0.06438321408636526,0.08697417161414726,0.058689805652813724
T:CTA,0.017179118271988415,0.07835888445304089,0.02661191199870418,0.1353081855687784,0.046687564910007334,0.01792230808075996,0.08379941497622745,0.043514716111021125,0.03875067887530609,0.0656579611826246,0.05736853639248044,0.09576667651234362,0.08423770640191323,0.06393337970329577,0.08722952178594227,0.057673434775566204
T:CTC,0.017747594328976796,0.07895114795133261,0.026723978743921704,0.13490223435031495,0.04800057448860256,0.020086583639385296,0.08008986643139991,0.04429717474712243,0.0409733478323314,0.06579946244280761,0.056525575001538805,0.09618580602802684,0.08167996881347586,0.06359383655799257,0.08494224337799298,0.05950060526477769
T:CTG,0.019121951219512195,0.08170288248337029,0.027521064301552108,0.1306962305986696,0.04695343680709534,0.019733924611973392,0.08299778270509978,0.04452328159645233,0.04337028824833703,0.06469179600886918,0.05615077605321508,0.09554767184035477,0.08357427937915743,0.06216407982261641,0.08495787139689578,0.05629268292682927
T:CTT,0.01604553165873146,0.08064357248399277,0.026470749192798116,0.13279155037487003,0.04620478301318886,0.019126580200295517,0.08463853773326767,0.04238493952826575,0.039435232309965526,0.06540250643025229,0.05744541126251847,0.09667815903245225,0.08456192196136376,0.06275378974443167,0.08739670552180813,0.05802002955179773
T:GCA,0.017853626517886446,0.08265741478737869,0.027830653101411224,0.13042336724647194,0.04786909841061466,0.019897791738946975,0.08332317501992592,0.04428712082141685,0.041914763936424584,0.06440058136809039,0.05713348023817338,0.09484739087627174,0.08186975479394253,0.06300342257020958,0.08578930095175583,0.05689905762107928
T:GCC,0.01894374282433984,0.08330941446613088,0.029463260619977037,0.12571756601607348,0.04954075774971298,0.02057979334098737,0.08187428243398392,0.04427382319173364,0.04064293915040184,0.06305970149253731,0.05467853042479908,0.09557979334098737,0.08336681974741676,0.06506888633754306,0.08596440872560275,0.057936280137772675
T:GCG,0.017115507620370982,0.08138688546284656,0.029841858003043738,0.12988817574273803,0.04958203753942522,0.022960365248461588,0.08039436246939721,0.04519288030172699,0.038862789210172256,0.06285978958512539,0.057522221487020006,0.09905379474624496,0.07977679260680651,0.06263922891991443,0.08533492137012286,0.057588389686583294
T:GCT,0.01778274258800797,0.08267415413723003,0.025974679467826018,0.13154398888955982,0.04802447517259425,0.019070909566652576,0.08318740816778375,0.043525954551858786,0.04250951029527202,0.06472032687237084,0.05794738642996598,0.0967433528571141,0.08224141054284162,0.06223456715576756,0.08427429905601513,0.057544834249139545
T:GTA,0.017795703204464847,0.07962073570904202,0.027737239189464094,0.13145116353119113,0.046850815046744675,0.018308700612943454,0.08340630279229796,0.04498456585383112,0.039766143939996994,0.06538063523230822,0.055465633596023384,0.0970095788998859,0.08567941199883249,0.06351438603939466,0.08682038899355216,0.05620859536002689
T:GTC,0.019392763383175436,0.08015066773199407,0.02884373929916676,0.1320853783814633,0.04620477114484648,0.020545599817372445,0.08213674238100674,0.04545143248487615,0.040155233420842366,0.06485561009017235,0.05563291861659628,0.09646159114256364,0.08328957881520374,0.06374843054445839,0.08596050679146217,0.05508503595479968
T:GTG,0.019412121546351954,0.07923675067556389,0.029460100369492086,0.13291788451993602,0.04807808967076601,0.020515082997849224,0.08185076931561241,0.04561848563392709,0.03922130921524293,0.06571444328020735,0.053868637291126675,0.09570396514641813,0.0833507968896487,0.0623834996966856,0.0865493850989908,0.056118678652181106
T:GTT,0.01742749382234361,0.080244505137209,0.026550916894264535,0.1327870984523345,0.046852646638054364,0.018962153726102222,0.08378852906749902,0.043464689816621147,0.03964754844583171,0.06594485628820393,0.056359734685914945,0.09537000910391469,0.0862400832357914,0.06219924567564052,0.08644166991806476,0.05771881909220965
T:TCA,0.017507046136017147,0.08040189697170858,0.026193061314041078,0.1363265581664857,0.046991117086809524,0.018761567758231745,0.08335536715853666,0.04406014952997631,0.03840636374376255,0.0657920644475323,0.05571651186732449,0.09741388524783834,0.08566188673301192,0.06107213780610609,0.08583065645797353,0.056509729574644035
T:TCC,0.017101299066323527,0.08121140789277213,0.027597473891314086,0.13230450325425336,0.04685070838200806,0.020105225250546768,0.08171206225680934,0.044531888169625215,0.0412556762786449,0.06374120561084225,0.057636735733546475,0.09548444897278022,0.08312619124996706,0.06299461576973413,0.08594566582638712,0.05840089239444537
T:TCG,0.017664252128605923,0.0788028974456729,0.028110306265090864,0.1311094166984369,0.04855763121108146,0.020892108272969882,0.08171305121362307,0.04447833269792858,0.03971279705172195,0.0651544033549371,0.05642394205108654,0.09795399669589529,0.08312364976490025,0.06368026432837717,0.08628796543398144,0.056334985385690685
T:TCT,0.016755048105988633,0.07927268121073935,0.026808076969581814,0.1339137143811284,0.04623472037494458,0.019156029226331337,0.08385009126031356,0.04324644890861877,0.0394520926536887,0.06573621451067775,0.05724929323637285,0.09649410694442045,0.08339522912960116,0.06332371789335499,0.08739686433017232,0.057715670864065316
T:TTA,0.015624906781531707,0.07977711091357081,0.025206273826640497,0.13560677019634046,0.04564572805860981,0.016734579428100967,0.08319561858284064,0.04309825375707715,0.037591652398026455,0.0655840398050317,0.05804900457590817,0.09933956579583217,0.08607122189276745,0.060823186192331326,0.08821897540225633,0.05943311239313435
T:TTC,0.01642696308121345,0.0797500973102942,0.026596504712774503,0.1327952936307333,0.04708832818451017,0.019200922353775886,0.0848250139190674,0.042806675239826765,0.03942668223631374,0.0656536541863135,0.057090348296946675,0.0968816361925315,0.08430766805118275,0.06274666311915214,0.08657413566286787,0.05782941382249617
T:TTG,0.017677850778858712,0.08186302224475074,0.02691887781958552,0.1326691751311095,0.04604916850252471,0.01895970210360088,0.08365176534809818,0.04338311270543739,0.03935722223305324,0.06526719045483789,0.05681087087906732,0.09610960559920458,0.08626420759167917,0.061796931355155675,0.08604487941824421,0.05717641783479227
T:TTT,0.01583747141678055,0.08029347693723193,0.0250585194907113,0.13459821126550936,0.04566888116145967,0.01765732609901633,0.08301311107202294,0.043287509978757084,0.03876155167981382,0.06507164409325233,0.0578361995480807,0.09830259650642023,0.08535389070047492,0.0627004207991124,0.0873022853045043,0.059256903946852124
U:ACA,0.01660164984485404,0.06346880224566039,0.023763820374689534,0.13095557527847151,0.04431464013705133,0.023784460635582434,0.09874300811162254,0.0516969734497444,0.033691785864173325,0.06459025642084117,0.05555670223671627,0.08612492861909775,0.07771746234872409,0.07249547634282097,0.09772475524090625,0.05876970284904401
U:ACC,0.018674223068704417,0.06122543782226971,0.023839829051888327,0.1287034886421703,0.045514934733125845,0.023867701026617737,0.10017187717749802,0.051172945603195984,0.03275886096529939,0.06476517861290472,0.05623635434570539,0.08755516328331862,0.07804152924234682,0.07212337994146885,0.09700376271658848,0.058345333766897385
U:ACG,0.018940787054063993,0.061288288761624544,0.025508327641464823,0.12612304944044553,0.045526191351862554,0.024339305416907476,0.09989229233436663,0.0506226028476856,0.03449272316502916,0.06269374244732832,0.05707192770451321,0.0886223926863868,0.07806178742184627,0.0720196500814375,0.09668733252771503,0.058109599117322545
U:ACT,0.016582910669763178,0.06323254134076911,0.02442775365639588,0.12992924106969483,0.04304566319991922,0.023697639556649865,0.0974779994873667,0.052599283866808545,0.0333600006213737,0.06427334229147087,0.0562653887080864,0.08698455109633622,0.07859600612053097,0.07374929124562125,0.09675565255889458,0.05902273451031869
U:ATA,0.014122435325602142,0.06392172167707404,0.02287578055307761,0.13617863514719,0.04241190900981267,0.0251728367528992,0.0996264495985727,0.04908006244424621,0.032130909901873325,0.06385481712756468,0.05574821587867975,0.08545941123996431,0.07979482604817127,0.07186663693131133,0.0972178858162355,0.060537466547725245
U:ATC,0.01587370699575167,0.06205176371066561,0.02433926938651108,0.1320030602914741,0.04396369946942508,0.024805777233173062,0.10062885257730035,0.04877184034235456,0.03242540539531875,0.06531731863729948,0.05701969907133838,0.08642835372490966,0.07786948976481785,0.0715560835733257,0.09766808277715232,0.05927759704918237
U:ATG,0.016157401978633718,0.06208688460850084,0.02361276545846165,0.13181428245212337,0.043096691373872904,0.024303991211558282,0.10104239312230376,0.05004597885589795,0.03195067610518975,0.0654689534718665,0.05638427214545365,0.08623658435731434,0.08021921731026779,0.07249847251451882,0.0963827909474113,0.058698644086625396
U:ATT,0.014099978686078731,0.06224894660042956,0.02309691276048071,0.13499499942616366,0.04282868525896414,0.024285573754365256,0.10202810158542784,0.04950158214877117,0.03239306149886052,0.06379010706146607,0.05643680422343548,0.08626399750791075,0.07966078074533144,0.07016788811830865,0.09731034708901021,0.06089223353499582
U:CCA,0.018144626425948423,0.06109412306790098,0.02449768916069758,0.1289462293525461,0.04442256942989989,0.024302210307320684,0.10094388360630559,0.05186472863346319,0.03333612588838158,0.06436839386196401,0.05623507728396096,0.08736508468423183,0.07859646183275387,0.07301833312389171,0.09479328111255393,0.058071182228179676
U:CCC,0.017259170494640836,0.06262898608614606,0.025813860595166768,0.119915451700952,0.04467079422142334,0.0247986152719526,0.09951068504094268,0.052726183343319355,0.035217362359363555,0.06381066506890354,0.05608814326609413,0.08887557419612542,0.07870647759802943,0.0740130483989082,0.09686438985420412,0.05910059250382797
U:CCG,0.020505981716627045,0.06062890164473048,0.02537639396223498,0.12419551226300227,0.04845287103071066,0.023772250246419668,0.09804603699194063,0.05090740418623529,0.03405423165381419,0.0644170000579811,0.05527531358110589,0.08861444502425543,0.07668966583560426,0.07524013838155429,0.09821998028642663,0.05560387313735722
U:CCT,0.016566949035404694,0.06180518531682562,0.024356771913196296,0.13107438342910174,0.04425093300159943,0.023942104535671267,0.09732835732480304,0.05018462571332662,0.033252374464387974,0.0644314120411508,0.05660209703216634,0.08844262780640957,0.07847086468021247,0.07043421598246549,0.09821693027664238,0.06064016744663626
U:CTA,0.014693147590361446,0.06267884036144579,0.02242093373493976,0.13313253012048193,0.043599397590361445,0.024256400602409637,0.09734563253012048,0.05125188253012048,0.03276543674698795,0.06442018072289156,0.05653237951807229,0.08851656626506024,0.0782285391566265,0.07240210843373494,0.09691265060240964,0.0608433734939759
U:CTC,0.01692916533418612,0.06260992964502718,0.02440438119603454,0.12991685321394308,0.042862567956507835,0.023934681803645667,0.09816717300927406,0.050547649504317234,0.03429804924848097,0.06293971858010873,0.05565438119603454,0.08841341541413496,0.07899944035817077,0.07265350175887432,0.09819715382155421,0.05947193795970579
U:CTG,0.01781639760503697,0.06156393144504109,0.023743759542966942,0.12884935408052978,0.04490555679459246,0.023306284204566898,0.09871502341779753,0.052334059599581394,0.034234589716756164,0.06435176448386488,0.05622844790612294,0.08716910566316115,0.07716721851464256,0.07247508106160683,0.09762562404570331,0.05951380191802913
U:CTT,0.016169300201649472,0.06254334396705324,0.023963212308086252,0.13285926147214783,0.04374406521066502,0.024523349728466717,0.09975247260661282,0.05027900178177046,0.031901159751192294,0.06391434698646067,0.05696330833164403,0.08760015790540612,0.07866996703191183,0.07072135030460806,0.09604489634790402,0.060350806064421135
U:GCA,0.017458636181014647,0.06158917418459403,0.024480441214069178,0.12811826582417182,0.04533584133825194,0.024206508638007232,0.09969319551481062,0.05180065013331386,0.03390372183060009,0.06381715913656452,0.054768253040651596,0.08652616969209978,0.07786076920267358,0.07222688922166624,0.09828700829102596,0.059927316556484894
U:GCC,0.019000194731131945,0.06038056026928534,0.02484212868945948,0.1285086377166384,0.04648510306840627,0.023270370267338025,0.09722647230645116,0.05075527860461235,0.03411967618994631,0.0638996300108493,0.056638940662642225,0.08828274960358305,0.07804545580994242,0.07330236181044315,0.09679528194286033,0.05844715831641027
U:GCG,0.019894637656330306,0.061482782251156415,0.026490491690937125,0.1231368853863286,0.046749186225800925,0.024156244646222375,0.09563988350179888,0.05146051053623437,0.03432842213465821,0.0650805208154874,0.05492975843755354,0.08743789617954428,0.07989977728285078,0.07508137741990749,0.09829535720404317,0.05593626863114614
U:GCT,0.016926814395168827,0.0631731138060252,0.023487061461745007,0.12943455981430665,0.04523324776489333,0.02449027765483462,0.10041997383769535,0.05111484858320301,0.03252584265242493,0.06323212652326576,0.05621944862451191,0.08730931515741643,0.07887049659201557,0.07150374238981834,0.09616122274350122,0.05989790799917382
U:GTA,0.015908992976257162,0.0637307708880941,0.02374283621321153,0.1306674710216745,0.0442711250915672,0.022432886629034345,0.09946136941440083,0.05137243073210669,0.03356745809454044,0.0633515749558323,0.05512991769724652,0.08674106950489077,0.07867453785495755,0.07360710130564053,0.09814280174085405,0.059197655879691474
U:GTC,0.018962385361747373,0.06202649417394001,0.024533693677728056,0.1273315316113597,0.04463692348588897,0.025231491737184884,0.0978024899206947,0.05180319879491383,0.03366044924903638,0.06559301758894157,0.05734127863187276,0.08712507199503788,0.07687962429666385,0.07278144521731425,0.09578662886004165,0.058504275397634135
U:GTG,0.020055740165076642,0.06149640904705756,0.025672633722799872,0.12820237967627826,0.045578304212670166,0.024043305820559545,0.09770607782184586,0.05266373673491264,0.033754957658913065,0.06543037838996676,0.05433594168721192,0.0862793439811341,0.0781434237324472,0.07438096258977382,0.0961517847572087,0.056104620002143855
U:GTT,0.01623992113843743,0.06250157975886561,0.023645830700401892,0.13017213052599652,0.043790915754619214,0.024043929934534792,0.09988499355458383,0.051165230139271545,0.03323180749690367,0.06339256375906782,0.05733260875060031,0.08790410231782221,0.07831812552132042,0.07093749210120567,0.09766069307180952,0.059778075474559565
U:TCA,0.016350987383732977,0.06219808738700426,0.023945827472275836,0.13251442092751917,0.04292474947386786,0.024093035428048023,0.10068478960166617,0.04956546392314654,0.03167697122357072,0.06444982389566772,0.05770006651618742,0.08651466082196561,0.07931782742865866,0.07169027446105532,0.09690645207018003,0.05946656198545367
