,X,1,2,3,4,5,6,7,8,9,10,11,12,13,14,15,16,17,18,19,20,21,22
ACA,0.038605675,0.103713636,0.073493502,0.061098517,0.041231118,0.047301172,0.052599577,0.046075389,0.033034034,0.040944382,0.041117179,0.05733153,0.054261134,0.018996932,0.032938455,0.034876488,0.038991769,0.054825966,0.015983234,0.058035681,0.024483254,0.010379193,0.019682182
ACC,0.036485108,0.105290326,0.065374793,0.057397341,0.03248796,0.041967049,0.049545027,0.044513096,0.030589255,0.0417998,0.038032469,0.061185127,0.052701715,0.015086768,0.031693825,0.033249608,0.04743034,0.064539146,0.012957041,0.074951344,0.02773518,0.010139064,0.024848618
ACG,0.034161833,0.095943416,0.061354211,0.051258365,0.031285289,0.04272407,0.04567787,0.046064149,0.032189346,0.041979457,0.038353368,0.05810947,0.048020198,0.016138232,0.031513769,0.031339532,0.054718436,0.065877781,0.013383325,0.087688557,0.030571906,0.013031565,0.028615856
ACT,0.040463623,0.105673182,0.074845025,0.061124494,0.04136111,0.047127043,0.053960617,0.045737107,0.032487672,0.039962499,0.040737207,0.056767181,0.055332537,0.018990011,0.033918979,0.035164117,0.037951996,0.054955526,0.015765733,0.054661257,0.023927187,0.010053182,0.019032717
ATA,0.045198893,0.102191953,0.087815428,0.064957555,0.054339181,0.054182791,0.059141528,0.047457979,0.03764254,0.037346923,0.044001167,0.051466928,0.057450789,0.024958661,0.035536984,0.036310356,0.025350592,0.042466819,0.019107351,0.034036012,0.018073645,0.009663817,0.011302107
ATC,0.041826842,0.104986848,0.074095152,0.06062628,0.041211944,0.047975817,0.053664709,0.045003812,0.032859223,0.039877486,0.04104332,0.057403519,0.055430178,0.019153404,0.033544623,0.035093496,0.037800935,0.056178812,0.015948814,0.05323588,0.02418815,0.009877609,0.01897315
ATG,0.041312262,0.104276843,0.07380416,0.061840193,0.040911959,0.047036989,0.052947307,0.044615187,0.032773995,0.040424858,0.040562479,0.058300855,0.054767799,0.018758833,0.033069225,0.034841178,0.037832313,0.054885434,0.015840793,0.057580196,0.02432995,0.0096598,0.019627393
ATT,0.044246562,0.10106935,0.087288724,0.06402929,0.053861175,0.05458203,0.058664366,0.047406393,0.037522231,0.038002344,0.044749995,0.0504606,0.058045705,0.024769734,0.034622346,0.035491351,0.027034498,0.043171793,0.019302615,0.03511069,0.019027578,0.009825863,0.011714766
CCA,0.036660471,0.106857563,0.064543581,0.057716485,0.031550169,0.041569209,0.049046133,0.044042839,0.030287477,0.04175404,0.037559725,0.062689428,0.052969232,0.014264719,0.031759904,0.033886829,0.047613785,0.065305865,0.012599289,0.073762591,0.028302191,0.009968454,0.02529002
CCC,0.032352189,0.106789224,0.055770764,0.052285392,0.024145968,0.036007069,0.04627533,0.043637928,0.028536978,0.042564968,0.034948089,0.065625307,0.051049041,0.01139321,0.030112779,0.03169688,0.055812267,0.073527902,0.010062932,0.097409999,0.030939342,0.009847116,0.029209325
CCG,0.030845506,0.098147561,0.055134157,0.0473722,0.026412066,0.038447373,0.04379618,0.045450126,0.031569353,0.043776537,0.035963507,0.061767621,0.046673889,0.013753093,0.030103981,0.030260143,0.059180629,0.072117552,0.011942002,0.101984834,0.032783295,0.011628695,0.030889703
CCT,0.035972831,0.107434149,0.063055815,0.056385343,0.029978288,0.040625472,0.048984373,0.043787244,0.030138408,0.042170112,0.037604302,0.062322927,0.05268426,0.01406706,0.031926813,0.033835109,0.048969636,0.067072755,0.012064365,0.076436589,0.028846694,0.010043746,0.025593709
CTA,0.042388387,0.107238392,0.077662153,0.062268069,0.043119357,0.049389775,0.055181476,0.045200153,0.033308444,0.038976822,0.04173029,0.057122132,0.056761132,0.020306828,0.034860073,0.035524897,0.034240094,0.052954933,0.016058908,0.046891922,0.022276634,0.009604626,0.016934502
CTC,0.036173297,0.107044804,0.063521605,0.055631146,0.030762445,0.041468378,0.049836006,0.044093249,0.029923437,0.041435804,0.037780882,0.061328564,0.053682412,0.014249046,0.032440461,0.034004906,0.048001282,0.066587109,0.012509404,0.075799467,0.028321575,0.010281147,0.025123573
CTG,0.035117045,0.106920957,0.064451505,0.057414358,0.031525083,0.041556072,0.048879318,0.04420614,0.030683633,0.042361234,0.037769705,0.062147154,0.052330012,0.0146115,0.032124176,0.034383165,0.048507032,0.065848631,0.012797375,0.07169699,0.028462228,0.01069391,0.025512776
CTT,0.040413373,0.104910022,0.0745499,0.060376091,0.041050195,0.046976859,0.054206387,0.04546203,0.033375865,0.040476916,0.041880893,0.055839953,0.055514817,0.01911857,0.033886065,0.035171768,0.038124896,0.055875667,0.015740585,0.053686911,0.024359711,0.010075978,0.018926549
GCA,0.036130238,0.104154933,0.065738184,0.058500862,0.033350228,0.041770365,0.048771322,0.044373348,0.031928576,0.042295511,0.038441968,0.061464326,0.052079939,0.015644107,0.032291036,0.034165144,0.0480197,0.063772101,0.013540557,0.068562203,0.028469635,0.011064162,0.025471556
GCC,0.033429613,0.104964574,0.057811078,0.053780021,0.025814338,0.038149263,0.045030219,0.043475564,0.029988003,0.043331598,0.035772461,0.065194558,0.049150463,0.012347602,0.030907939,0.032845146,0.055455554,0.0709016,0.010990787,0.088930892,0.0318238,0.010424882,0.029480046
GCG,0.030083322,0.09433989,0.055424789,0.047100854,0.027065778,0.041271266,0.043120767,0.04568125,0.032696952,0.042954241,0.036032195,0.06075598,0.044543914,0.01401298,0.029742003,0.030508495,0.059421411,0.070766433,0.012467005,0.105360127,0.033083151,0.011735944,0.031831254
GCT,0.03498192,0.105973803,0.064270909,0.056755993,0.031502247,0.041736133,0.048874971,0.044262315,0.031163207,0.041926071,0.038035181,0.061709114,0.052720275,0.01480523,0.032570176,0.034530341,0.048510289,0.06670687,0.01292294,0.070610106,0.028746715,0.010843113,0.02584208
GTA,0.041326845,0.104339387,0.078185395,0.061641366,0.044101449,0.049080882,0.054526495,0.045946625,0.034266704,0.039834482,0.041523286,0.055592748,0.055588839,0.020321362,0.034317525,0.035148244,0.034977214,0.05238226,0.016381795,0.050341621,0.022744131,0.009812267,0.017619079
GTC,0.036386043,0.104894612,0.065351646,0.056301122,0.033461055,0.04335643,0.049731349,0.04440486,0.030519344,0.042225841,0.038645766,0.060002617,0.052201921,0.015759894,0.031943667,0.033280015,0.04741855,0.063334763,0.013597598,0.073770349,0.027938985,0.010779488,0.024694087
GTG,0.035344318,0.103829323,0.064260036,0.057703674,0.032335164,0.04179577,0.048230083,0.04517159,0.030742296,0.041705402,0.037994077,0.061610796,0.0515763,0.014858802,0.031696355,0.033423217,0.048602982,0.063419716,0.013130902,0.078198538,0.028267041,0.010655647,0.025447971
GTT,0.041014626,0.102313273,0.077624452,0.061474808,0.044673059,0.049079404,0.055047247,0.046869664,0.033963547,0.039815494,0.042412325,0.054162578,0.055669992,0.021140102,0.033676899,0.035097004,0.035977037,0.052801193,0.017067536,0.049148941,0.022940345,0.010568892,0.017461581
TCA,0.040266744,0.105028972,0.073014401,0.060452374,0.039828874,0.046607941,0.053015511,0.045094712,0.031938785,0.040478745,0.040533726,0.057599777,0.054733805,0.018233539,0.033255369,0.03479485,0.03950691,0.056794372,0.015430971,0.058998089,0.024587614,0.00997344,0.019830479
TCC,0.036546272,0.106581945,0.064706103,0.055691512,0.032442336,0.042182928,0.050228465,0.044619767,0.030797785,0.04152637,0.038355413,0.060440732,0.053729955,0.015130137,0.032059945,0.033693673,0.046825278,0.06531892,0.01304232,0.073621939,0.027875743,0.010269987,0.024312475
TCG,0.036201259,0.097352697,0.062530191,0.052623478,0.032096113,0.043871183,0.047264028,0.045397308,0.03179973,0.04145591,0.03810564,0.058004215,0.049605615,0.016348533,0.031565572,0.032015877,0.051197239,0.066072046,0.013740038,0.083491486,0.030512676,0.011375527,0.02737364
TCT,0.039705988,0.106281682,0.073044903,0.059653666,0.03956703,0.046815631,0.053893712,0.04505959,0.032513935,0.040521324,0.041251181,0.057112974,0.055672109,0.018352513,0.03387239,0.035175175,0.039032678,0.057091056,0.015337961,0.05603901,0.024364082,0.010246933,0.019394477
TTA,0.043638623,0.100515689,0.089181039,0.064559885,0.055341748,0.055034685,0.059853357,0.047694531,0.038527128,0.037369186,0.045250484,0.048728757,0.057916632,0.026191184,0.035337227,0.036130252,0.026154692,0.041815822,0.019836304,0.031343621,0.018293866,0.010340476,0.010944812
TTC,0.040491153,0.103747701,0.075873041,0.060128893,0.042563379,0.048209182,0.054549383,0.046276694,0.033893892,0.040176385,0.042255288,0.05461329,0.055507996,0.01994297,0.033735553,0.034897812,0.036822193,0.054273245,0.016339347,0.054120153,0.023522746,0.010189438,0.017870267
TTG,0.041913442,0.103976832,0.076624133,0.061882277,0.043587557,0.04822298,0.054459602,0.045787957,0.033367047,0.040241679,0.042095731,0.056175467,0.056256615,0.019878866,0.03355992,0.035078796,0.036434788,0.053811596,0.0164342,0.048405857,0.023731624,0.009907092,0.018165941
TTT,0.042507556,0.09981051,0.086877912,0.063829177,0.053393298,0.054095273,0.059016371,0.048030041,0.037607859,0.03880892,0.04608035,0.04896187,0.057350037,0.025203883,0.034958333,0.035569993,0.028611884,0.043496741,0.019470805,0.033695635,0.019756732,0.010698692,0.01216813