 ,X,Y,1,2,3,4,5,6,7,8,9,10,11,12,13,14,15,16,17,18,19,20
AACAA,0.06561912917440638,0.005297686570892393,0.09621950924497609,0.10241625559398237,0.06320742449125961,0.07090291275903929,0.06384816678467213,0.05382559667677846,0.05016317934972767,0.04510962921755198,0.043062275460978995,0.03514433941304743,0.034117186788196065,0.013441870548553446,0.042123453142162946,0.04115645410452765,0.03960877367412086,0.03189270898667714,0.03205602273193865,0.03229311499095055,0.019354903291291012,0.019139407004268867
AACAC,0.056971776666553786,0.004652541830810503,0.09853973127443344,0.09751961260173156,0.06389678409770744,0.0701630338672476,0.06293807121114635,0.05377942830912094,0.050931283463707754,0.046652444002964935,0.04356906081505646,0.03852731466326527,0.03318907488721578,0.01670538391785471,0.0414853277044696,0.040420358727184476,0.03919058745621263,0.03255605347420543,0.03379470450346724,0.0326996346506229,0.021426706249318028,0.02039108562570314
AACAG,0.05642550156319553,0.004654053505280503,0.0992306370705117,0.09627097818815095,0.06439857971776576,0.07004834061783319,0.06372319074109264,0.05369882519543198,0.05154015759509982,0.0473262978687957,0.04355302239495613,0.03951370431785583,0.0330202603677219,0.016361229627045757,0.04106583643325897,0.040308187708415225,0.03896482875134388,0.032303611359134086,0.03357824698229073,0.03245016907502037,0.021347966544231534,0.020216374375567815
AACAT,0.06497515094841039,0.005425327145650833,0.09507782995114758,0.10318743896010442,0.06272575631810169,0.07131497137099162,0.06231149867983407,0.05419407348902314,0.05051316437225425,0.04439501599242061,0.043956669137946894,0.03351770980233773,0.03534874650225862,0.012541127851977404,0.0418773084964972,0.0418047845796214,0.04081981753187529,0.03313792024470543,0.03204339851687309,0.03273173505654944,0.019249846431246685,0.018850708620172258
AACCA,0.05993831191266818,0.004627945732053218,0.09898109664020621,0.09680532737379413,0.06364958745154169,0.0692854016823342,0.06406419825038528,0.053558715906430805,0.0512913465798091,0.046872447183994526,0.04315367222498689,0.039953964273833825,0.03297856612158381,0.017047253310592234,0.040813987061357575,0.04005507252742779,0.038472828797344774,0.031892757220736326,0.03282924730998478,0.03195328825467602,0.0212526870690177,0.020522297115240912
AACCC,0.05368500070730158,0.003822468518999661,0.10116560868671728,0.09043367517549794,0.064596495594261,0.06728890290431405,0.06473714524975042,0.053112876820490915,0.052221555228498945,0.04843131047783187,0.04299360023801002,0.0458418570942754,0.03134643064006132,0.021646063045904076,0.039749943557739115,0.038872808530421875,0.03726243077463102,0.03163320191170039,0.03363411552646544,0.03158962889162802,0.023345613493936053,0.022589266931563608
AACCG,0.043476223720522705,0.003604276872185806,0.09836150065361927,0.08891447661261227,0.06561259821859465,0.06579064504490997,0.06342918187483308,0.05198498784127594,0.054046582672295444,0.04877545952480239,0.04417201197599179,0.04727728919021492,0.032069513229347736,0.024174542115102587,0.03940808801135751,0.04015190205550376,0.03791108903746949,0.03240920783218618,0.034941689664381735,0.03238578061819732,0.02499566596541206,0.026107287269183373
AACCT,0.05538168069722549,0.004610856644621365,0.09992994239284803,0.09351015264181906,0.06433610898526887,0.06920263782120842,0.06367513069170465,0.05372123925815086,0.051799224035851216,0.047946817138222894,0.043654836830502475,0.042035516160843125,0.032647225680682,0.01775884191729395,0.040667108334190016,0.03976473589424347,0.038560620771319026,0.032196039460708724,0.03331144033109834,0.03224230032630092,0.022287266649152263,0.020760277336744834
AACGA,0.04850050497404223,0.004378996912663446,0.09672696331416285,0.09479138918646478,0.06406558721677855,0.06782270907554297,0.061186181150574254,0.05284788112125318,0.05274726959481343,0.047257713071257874,0.04472901004007213,0.041351337366737635,0.033989448246389005,0.019195721039690767,0.040207240580365615,0.04166754502126257,0.04038163389286118,0.0333857790877505,0.03518337169347405,0.03360233342084939,0.023159815181416955,0.02282156881157665
AACGC,0.03638133488224117,0.003188784817589833,0.09866552639029559,0.08724719576657804,0.06577361233133007,0.0652205004567916,0.06158368042684475,0.0529411249624205,0.053905787097169644,0.05014491822992525,0.044797683643358135,0.04859211866657716,0.03220745635670024,0.025209642535032852,0.0391279220798174,0.04065299307953428,0.03899803565017644,0.03342313496221618,0.03652581529274066,0.03356177778037226,0.02585761528515179,0.025993339307136164
AACGG,0.04476099873879106,0.003831301385596214,0.09736879743077437,0.09048632390099293,0.06516679596586501,0.06604444136245238,0.06258586839219697,0.05279091236114783,0.05381266496482917,0.0484167710450698,0.04407838565255644,0.04513806120547304,0.03248479831492084,0.022586908564518855,0.03959372602727852,0.04057538865605402,0.03871824765636174,0.03277301272910879,0.03573858735930586,0.0327253381643559,0.02496088518664592,0.02536178493570435
AACGT,0.04191967818758046,0.00391689186971411,0.09597935061288052,0.09323314988858375,0.06522226720204816,0.06746882715711697,0.06048844443958176,0.05305218510778747,0.05386729249408272,0.04768195859181537,0.04591224557526158,0.041923325200494535,0.034862708198849734,0.019603606166369435,0.0397351174520509,0.04211661688494039,0.04154221235097393,0.03370022283248905,0.036455541089070995,0.033652811664606104,0.023689172383359408,0.023976374650342636
AACTA,0.06642877632516561,0.004902299742217672,0.0945458186830885,0.10336647179492543,0.06298477033084035,0.07120227206388369,0.06330222861916492,0.054494359062562524,0.05041931029620466,0.044905336805037034,0.04380672581578936,0.033967649470266904,0.035295202312351455,0.0121556115062069,0.04163720154030219,0.04154926617550698,0.040354972212231034,0.03260213334294037,0.03197050950021529,0.03263486699195004,0.018808677244864933,0.01866554016428418
AACTC,0.056067704214711606,0.00418280373301347,0.09960187834241023,0.09442325135686326,0.06412374994333064,0.06927417203050006,0.06430232328765985,0.05351680475531126,0.0514064554263975,0.04811357679986185,0.04333829716473287,0.04207997801748289,0.03281077558625525,0.01815547578202839,0.04078064929406427,0.03996599492865545,0.03840313209340217,0.03168327179589759,0.03315252205432713,0.03206377836971534,0.021889250611423366,0.020664154411955554
AACTG,0.05750582663239383,0.004805491647869063,0.09877906758893577,0.09705153665719916,0.06402356132764785,0.07018053192844671,0.06373084330667945,0.054015093038766775,0.05131333418266024,0.04721513200788375,0.04350991838967618,0.039382489377168595,0.03324830072167807,0.016105636283245527,0.040751354551517925,0.04032988856331357,0.03912499344269666,0.032069484933190444,0.03331544750785003,0.03221771745891381,0.021222581104474704,0.020101769347791874
AACTT,0.06229945480825114,0.004932610992118538,0.09604476838377027,0.10141850600456326,0.06341784911896967,0.07119856579978733,0.06314633058349843,0.054042234016657406,0.05060115514030447,0.04589595002078973,0.04370050792164426,0.03586883601969259,0.03470967753206685,0.013577964982407346,0.041610179164380964,0.04132759606660633,0.03983038608334294,0.03233603774529843,0.032515691296382356,0.032642060244794706,0.01971078981175103,0.019172848262921954
AATAA,0.06826652146561431,0.005657290273467856,0.09164380278736681,0.10572257788256689,0.06285381743082245,0.07135248436533571,0.06297434840146682,0.054449689773722484,0.050220797231311974,0.043716177758511617,0.04380155386271804,0.032358776998320675,0.036486081668543356,0.011644542889818128,0.042165927445289686,0.04257730105781786,0.04138185938405855,0.032782133221965534,0.030245432070048935,0.03248195119200548,0.018342117644571086,0.018874815194655756
AATAC,0.06798893870403465,0.005872552905860727,0.09383218277060298,0.1044558328658236,0.06265961160584625,0.07149843096481709,0.062445424349041975,0.05408530972480154,0.050199854496466,0.04379202265995218,0.043932795910007295,0.03245069388535116,0.035787057753928736,0.012018327012097228,0.041996974510391964,0.042063576908267494,0.04071752731029433,0.03279013906088727,0.031402462964241894,0.032545299564151635,0.01845416212953599,0.019010821943597985
AATAG,0.07059409209274355,0.0053964068739505554,0.09410605290681905,0.10496232194234774,0.062207841279881305,0.07148449668873388,0.06347271667992459,0.05421044446960094,0.05053054542950177,0.04363439398423567,0.043391402536147095,0.03172205974848354,0.03525744994689215,0.01118979002729931,0.04221316475547801,0.041808743055664836,0.040493272639619826,0.032640723099230703,0.03135672650584897,0.032558485046465344,0.018263616277922654,0.018505254013208513
AATAT,0.07546915289320165,0.00719324881417593,0.0903485962906836,0.10995766536702145,0.06153267936933499,0.07200516346620486,0.062307480753603914,0.054256703318618676,0.04977184169927172,0.041244603630991895,0.04374954012502166,0.027500825261982983,0.03769245893492352,0.009126734105615038,0.04308500821643295,0.043242823236321656,0.04216425306854721,0.03314537597970961,0.029266443621438556,0.032039364091916295,0.016861579943460006,0.018038457811521823
AATCA,0.06677164492883482,0.005610790861250058,0.09539925690889256,0.10394699841848833,0.06260005532869146,0.07134865537319374,0.0629799771106742,0.053995047768718094,0.050244548827570214,0.04435312582889759,0.04348387846719581,0.032955187463692324,0.03497858791036752,0.012631295241248194,0.042358358407411194,0.04153996671731341,0.04023638058048402,0.03257811473894231,0.03185203250318453,0.032529823218847766,0.018926002291211826,0.018680271104890036
AATCC,0.06057452375621297,0.005467295649847348,0.0998066895206563,0.09545487980639045,0.06389026528357189,0.06886953583660232,0.06398847654529156,0.053208072884881046,0.05122404373351526,0.04689810035978463,0.042827385018053894,0.04031147923943259,0.032350910858932255,0.018145035804673564,0.041118994058016584,0.03976565903798229,0.03841737603758379,0.031641405221282504,0.032849646237377024,0.03176022872311618,0.021075813435785597,0.02035418295100996
AATCG,0.051857138935405056,0.004915244709902519,0.09767480165811074,0.09546032704678764,0.0633635176419375,0.0677584784703131,0.06155428926999466,0.05254344305048453,0.052275457634120163,0.046050352498865965,0.04473264859791337,0.03954811122571301,0.03428906083530401,0.019002126889133778,0.04015467333884991,0.04137433379479115,0.04015467333884991,0.033298168417722596,0.03523812138301391,0.03318835975930988,0.022632348846420826,0.022934322657055795
AATCT,0.06296762307582429,0.005709100948992088,0.09610385406349357,0.10112530463807291,0.06318730662779619,0.0708416598585194,0.06326430586990366,0.05404466804605309,0.05082924255216974,0.04562362236177418,0.043554385586119015,0.0356069638114562,0.03454515997692537,0.013542909556218797,0.04183447394353504,0.04110345256744544,0.04013420496475399,0.03238352411074125,0.032186626048780746,0.032464766168230144,0.019677863456458264,0.01926898176673661
AATGA,0.06398438316243582,0.005567417840588123,0.09515575200765021,0.1022164953918964,0.0633702552663403,0.07096923916165526,0.06286715883467951,0.054354905404647144,0.05079296360729315,0.044971674467659525,0.04366121726939557,0.03431170082214511,0.035187681892948276,0.012895256228335015,0.04165860040550311,0.04168349909227013,0.04059296043836938,0.032964789087274904,0.03190677359838561,0.03271032212586655,0.019469700859552703,0.018707253035108222
AATGC,0.0607034598492694,0.004855656932927152,0.09730722131091776,0.09988226534330141,0.06350603602718291,0.07053836675762913,0.06271912252719425,0.05445029443113184,0.05083018996288429,0.04569540929328969,0.043803717618244906,0.0367318900286494,0.0343787087361761,0.014313359387401825,0.040962022541556745,0.04088095004119768,0.039717588008073235,0.032884820355433934,0.03291751392783981,0.03274932156112753,0.020459373039330556,0.01971271231924045
AATGG,0.06549701658456177,0.0054895752581148,0.0985292946511172,0.09975139269350324,0.06283562802623288,0.07041635513269112,0.06371064397852322,0.053739947927749575,0.050823180768160094,0.04526646038586727,0.043120087706011674,0.03569749943324121,0.03349079551073094,0.014484182780668393,0.04128232707681786,0.04048581271791112,0.039175134215721524,0.032262025542686625,0.03247552716375163,0.03209139459287271,0.020101944184941236,0.01927377366812394
AATGT,0.06311920110040031,0.005421104426468691,0.09486128761046228,0.10254875796740058,0.06326678537394975,0.07105235439920175,0.06192294580204387,0.054409859227787724,0.0506750048457252,0.04472389338282725,0.04424848255570091,0.034078255813156315,0.03558887558608345,0.012859650970671987,0.04145285748208016,0.04202200426673115,0.04120542945590141,0.03321294329036894,0.03223270450051013,0.032642176070282025,0.019462177478814364,0.018993248393431753
AATTA,0.06647601502768673,0.005610857560402966,0.09050366960272713,0.1070202548452563,0.0629430333659282,0.07144657561537797,0.06203844681960408,0.05487993170838117,0.05023229363882989,0.04361988451201313,0.044613113983074625,0.031210127233489624,0.03718602215820934,0.010965495457838184,0.04209668887783479,0.042993709882929554,0.042190375496725066,0.03339215541639163,0.03048055687427142,0.03307919419420366,0.018239385072808877,0.018782212656015644
AATTC,0.0671879348912965,0.005871004890663266,0.09538516366271065,0.10369384241785203,0.06273405895598108,0.0710552552172229,0.06329764126005634,0.053699512111791636,0.050242471456404474,0.04464729349428392,0.0431510833533368,0.03358741416304273,0.034718554920189854,0.012504105005677058,0.04226130956676175,0.04153470515382542,0.0401804582585351,0.03225658236739911,0.03207750839777394,0.03237689769074102,0.01876462523323059,0.018772577531223814
AATTG,0.07027543399845139,0.006281515117813819,0.09447086077845882,0.10423097341975882,0.06236679627690567,0.07130679016361106,0.0631108485798481,0.05392044743161189,0.0499989158344822,0.04386218927291664,0.04343289470094868,0.031963472715051226,0.035257762100511236,0.012028641554595428,0.04225202861357613,0.041760307091631574,0.040634348741773456,0.03254717344060277,0.031040533101671642,0.03222402217013565,0.018353173562309092,0.018680871333334733
AATTT,0.0714581666396745,0.006313574444476975,0.09154933100792977,0.10851122534709651,0.06252119379775438,0.07187027598354973,0.0626444189387962,0.054484227737849535,0.049587279162943664,0.04309905855992244,0.04365792626726403,0.029612391149581238,0.03669839266237831,0.010114004565074549,0.04261505244202581,0.04276310791223998,0.041718010475434095,0.032647991541381594,0.030364805713792284,0.0323299224367225,0.01728672692901083,0.018152916285101097
ACCAA,0.06301640884530024,0.005095289291604887,0.09894111939066058,0.09867467831580257,0.06341629689476136,0.06986507665502176,0.06408700380444644,0.05341184966866203,0.051021427900743224,0.045937611425959424,0.04315605717931137,0.03738190923975379,0.03309137766490136,0.015583859195930652,0.04139543267162353,0.040355482210038894,0.03869569772388372,0.03197579718716723,0.03269964135370785,0.032005535936032406,0.020477166528238073,0.019715280916448606
ACCAC,0.049326451925721826,0.003505228657612674,0.10219263279111944,0.08753877785081891,0.06607643211137064,0.06716720048859859,0.06436559109706234,0.05335067671837047,0.05286692681744223,0.04938146588901166,0.043113603834193506,0.04790597274477717,0.0310897893151694,0.023159759616953626,0.039439230550465984,0.038696075826025335,0.03709488976227441,0.031661188581339074,0.033790695180683575,0.03145567879304959,0.024437948445389317,0.022383783002550225
ACCAG,0.05420930854244841,0.00415443782424835,0.1026181408899054,0.09051547533911801,0.06525897531740926,0.06822500504457944,0.06498349886041578,0.05358932016369556,0.05202895230946919,0.04859065346309339,0.04268587549362437,0.04480451568460807,0.03127605984825838,0.019952912822514147,0.040271796783546206,0.03893600212795582,0.037140580992490436,0.031545714037139086,0.03309427100462238,0.03149664063447418,0.02329556012132276,0.021326302695061368
ACCAT,0.05865362559587605,0.0047199604452562655,0.09957741291778104,0.0951595588936046,0.06371153851787933,0.06932558231314252,0.06373514866031399,0.053551594451513126,0.05163159009483867,0.046882849402964985,0.04334494711069589,0.04036386503891107,0.032884102980892504,0.017609719520124717,0.040923614985098895,0.03997042011060232,0.03850090416505316,0.03222301899272239,0.033319770426693866,0.031998291797578016,0.02184524120345549,0.0200672423750011
ACCCA,0.05348331181437058,0.003729732050578252,0.10248475016024215,0.0893531737147659,0.0653680662681825,0.06787689108746922,0.0648614250358053,0.053187515525854955,0.05228095893813886,0.048671906866338106,0.04297510649586437,0.0453359565000046,0.03113114095482858,0.0219582358335199,0.03988787649239885,0.038692117312593345,0.03723353032640331,0.03169405861949465,0.03310004937605231,0.03118787741244951,0.0236765837905474,0.021829735424097354
ACCCC,0.049030234593635064,0.0030819988872815194,0.1038912911938987,0.08393322606418777,0.06624661256948647,0.06581304114917588,0.0654043225741839,0.05272223549621166,0.054027132909325745,0.04957133763180928,0.04302421233089915,0.05047637490984692,0.030195222790994215,0.025544541835335874,0.038448828114522896,0.03761539655913587,0.03596895707372264,0.03127890527399524,0.033190851889099225,0.03089651595097444,0.02525295152144936,0.024385808680828194
ACCCG,0.03493182227739623,0.0028912960775283824,0.10168925908869444,0.07738688771866595,0.06725533775170361,0.06240180472405209,0.06562014029326765,0.05200995801880811,0.05589171655687484,0.05067910751590146,0.04329735898924774,0.05602386720861782,0.029572379178930647,0.030799110986524637,0.03814748813647558,0.038260950817265015,0.03505062437845811,0.032104599243137175,0.0349638587990309,0.03098065127578773,0.028822190630652278,0.031219590332979597
ACCCT,0.051470920126859436,0.003942580663042488,0.1031071455438841,0.08822689784331038,0.06554879376630782,0.06733072540316673,0.06459338858027502,0.0532979890166018,0.053075074337887974,0.04876644639159339,0.04305816766509742,0.04674833605872594,0.03105324216136172,0.021506713176514376,0.03963268570614065,0.038560873920566355,0.036936724698392084,0.03204071855339064,0.033657740840899106,0.0314327514323159,0.02402885616658022,0.02198322794708647
ACCGA,0.044448345563341075,0.0037979064366789887,0.09877867113400511,0.08666369067025123,0.06545720834817152,0.06525156365204918,0.0650238497690259,0.052140460343175855,0.053522793959061656,0.04921428678908378,0.04327667236787328,0.050011786952094815,0.03162012910474337,0.02583499270212115,0.039176819328595146,0.03947776278633516,0.037441378722294395,0.031737497053261975,0.03436673972905057,0.031773610268190776,0.025345458010864057,0.025638376309731006
ACCGC,0.03858702844287468,0.0030102384613863525,0.10231920696416158,0.08117604647236254,0.0667363326199418,0.06300053390282968,0.0654084204538022,0.051653197408669915,0.05604458621009609,0.05008647400532078,0.043459081900085635,0.053358340064159605,0.03036705439268173,0.029054353133370753,0.03773673875115413,0.038964258932224764,0.03579430594913777,0.03213760394753454,0.034492252324606835,0.03163716511287253,0.02692634726804508,0.028050433282681014
ACCGG,0.04285261689664489,0.0032943506412463123,0.10088640250601061,0.08332293276754256,0.06612016836573052,0.06390793373445229,0.0656840303541084,0.051698812415395395,0.05524826264834521,0.04919581910970242,0.04309400145653638,0.05141491125688666,0.03085882157703665,0.028047240055573307,0.038931489301589434,0.03874222186258361,0.03583189211207376,0.03206848738285648,0.03407773954331687,0.031006943920606423,0.026963752542424023,0.026751169549337768
ACCGT,0.031795885829740474,0.0028643109016175637,0.09837166378998724,0.08281006494672358,0.06729754121711069,0.06467022720580666,0.06231462175056915,0.053118424234009295,0.055257381016788475,0.05181494133728488,0.04488577468059283,0.05109437503441243,0.03184496094339126,0.026637014126451006,0.038488055596118995,0.04046422663605656,0.03805715215918531,0.03338184986845476,0.03672254845868234,0.03330165395102543,0.027672379329083348,0.02713494698690772
ACCTA,0.06227758398499601,0.005188291554173032,0.0985812054755551,0.09654416133291852,0.06344237731238726,0.07007602928162361,0.06410102565844672,0.053961751471816324,0.05144006923261724,0.04619483331308916,0.04329018188714604,0.03879279900618641,0.033025532338167414,0.016011142521481832,0.04137362517850103,0.04016630687440688,0.03846824056330442,0.03204354753131512,0.03244533524223229,0.031859272632269175,0.02094868335095839,0.01976800425640801
ACCTC,0.05244654010817024,0.003959500291969464,0.10264498367958055,0.08906972144883232,0.06499976279311401,0.06804225835793094,0.06488106173411705,0.05351582579916757,0.05237488996236122,0.04901065205342094,0.04361873454128581,0.04569736969776719,0.03125078702901987,0.020962450833259958,0.040121543636988735,0.03860947175881194,0.037272132525046804,0.03146007573830399,0.03312150010025163,0.03133922712725281,0.02372986450313162,0.021871646280215325
ACCTG,0.04915276743455802,0.003943737888603478,0.10380464280550654,0.08660120994671924,0.06609473799529725,0.0676588651535452,0.06478135014269622,0.053238763689016776,0.05246081059031324,0.049904806634958776,0.04307122229424499,0.0480191684212163,0.030826994704450203,0.02237960000736312,0.03968025466392087,0.03831074981775381,0.03688763000958099,0.031959521418551816,0.03344054538569084,0.031239651195354514,0.024495603841190337,0.022047365959467446
ACCTT,0.05374603372777822,0.004372034811841873,0.100090325949926,0.09249141275419161,0.06501431968915389,0.06916120574675542,0.063561986516197,0.053779339756511994,0.0520715969232081,0.04842334969579225,0.0437401414154948,0.04296097066328861,0.032585286271978174,0.018034167798437244,0.04061108759599749,0.03972019890741,0.038456473017168404,0.03231198651619701,0.033495777937477544,0.03216410774861904,0.022603754940711464,0.02060444161586387
ACTAA,0.06487316467140214,0.005012454342829048,0.09435693121980424,0.10309627507242822,0.063238216332797,0.07132159909441697,0.06324059443947135,0.0545765572982013,0.050428941082605316,0.04501220860513937,0.04377519678337291,0.034145053805654385,0.03521817444244794,0.012451370195704307,0.041637477058702174,0.041833670859334794,0.040597055388680726,0.03249444959810988,0.03210919631686765,0.032657151729745613,0.01906488485702922,0.018859376805255457
ACTAC,0.06344394423467906,0.004736950924745369,0.09806405283134043,0.09833203699966032,0.06365839310416123,0.07031861502335862,0.06360885756902977,0.05423033470022694,0.05107298276532586,0.045980668218985214,0.04309591556437281,0.037852225345456514,0.03381492539517665,0.01494404022900801,0.04113418530351438,0.04078928260238164,0.038913085750011074,0.03210118048410678,0.032502079877127256,0.0320107242895189,0.020170500696574233,0.01922501809123892
ACTAG,0.06154639777249142,0.004756548911026126,0.09821848023420648,0.09616562297439533,0.06443759310995845,0.06996058901392721,0.06400155167369781,0.05442800665388668,0.05133258194923433,0.04706782674424644,0.04344216861070919,0.039341735885065815,0.03338710003981886,0.015064556726907484,0.04079276206427767,0.040406897670816885,0.0390600402061895,0.03191993504567138,0.03254700136417001,0.03215761577472327,0.02081555007096677,0.019149437503612893
ACTAT,0.07141475653523649,0.005497770258617149,0.09482293471744291,0.1041437053949065,0.0624253673119092,0.07139217167776747,0.06360655535753883,0.054391112242635285,0.05038065750679599,0.04389079605463072,0.04312065241493721,0.03234705945155753,0.03520404392138827,0.011415002915499782,0.042106181680806154,0.041740922940466316,0.040016261097377694,0.0323452115995828,0.03099463712293554,0.03224563290983304,0.018241173427067336,0.018257393461067813
ACTCA,0.055088940188697186,0.004170011917792256,0.10027817714257525,0.0936782796627558,0.06445416582960917,0.06922786003779091,0.06441413005478466,0.05366123586147336,0.0516224140285355,0.04799145522177317,0.042910343456903276,0.04238759062562333,0.03269593043498154,0.018665965087374503,0.04093572184859471,0.03999759785351053,0.03824903538805032,0.03178769028610565,0.03317879047634708,0.03179498251652012,0.022313939098437246,0.02049574298176442
ACTCC,0.0528709062490099,0.004374280524253593,0.10191913004601125,0.09042313974815269,0.06518978318037323,0.0685618581924305,0.06470639228898019,0.05339874181953876,0.05225638155184978,0.04890322853189984,0.04335798472863223,0.04441079556855746,0.031615128440722236,0.019908355951714595,0.04005543703641119,0.03899624552472884,0.03751108916746755,0.03186573482456233,0.033519428925477275,0.03174626224648931,0.022903091237445477,0.021506604215291786
ACTCG,0.038740075870559144,0.0031260485337542793,0.09864605560258824,0.08503257992140699,0.06620583919119166,0.06533059336413212,0.06294963814018023,0.053393577630006246,0.05414583529855674,0.050111107263585114,0.044525295559649854,0.04994513295258747,0.031827663738434035,0.026073489603918427,0.03878067390346504,0.03957233554513009,0.03801886375658375,0.03299306609479163,0.03553880156994981,0.03244738077014468,0.026571412536911372,0.02602453315247308
ACTCT,0.053528474249312355,0.004436513523262299,0.0998404634821864,0.09374756682975197,0.06472590386812495,0.06962259443878581,0.0637027408818683,0.05406063341082401,0.051709853286785956,0.04824152303348201,0.04365167012805825,0.04184004080575476,0.03304201499071224,0.017351026420454996,0.0406640151400791,0.04003556202458833,0.03874639890803292,0.032343645472992406,0.0332910127231962,0.032469812798833035,0.02215475995633403,0.020793773626579675
ACTGA,0.05528444431091666,0.004601859803350735,0.09896139704258015,0.0951284397545983,0.06447239434693518,0.06969348168874158,0.06394506534108017,0.05394117596679363,0.051439252011198026,0.04752391231085522,0.04340329630248429,0.04126828675441708,0.033122623773796926,0.018005315160987606,0.040669994680488784,0.040123361545004656,0.03903594089075508,0.032041456569990585,0.03301645106083669,0.03212560626182463,0.021763910766524844,0.02043233365583918
ACTGC,0.04966894921159682,0.003942730952836181,0.10182432713401963,0.09047115414867923,0.06593601466907133,0.06888646232964796,0.06424649285060988,0.05389792419175666,0.05237099602140604,0.04924453358614922,0.04333549758166701,0.04537528880174202,0.032047890099894984,0.019659970257903447,0.039329181291477604,0.03936636441262879,0.03810257833042505,0.03196054276795994,0.0334793302549816,0.03221136382187921,0.023285874616315292,0.021356532667352098
ACTGG,0.0534655627155984,0.004037791204747474,0.10245148287963787,0.09068749211133482,0.06519528675825238,0.0683242348575942,0.06437615704009879,0.053447998866270746,0.05224366982511744,0.04867889719000796,0.043192777194133745,0.044309114794047505,0.03160063663787975,0.020214096435520097,0.04014045569234886,0.038880507794991304,0.037636229606347646,0.031813296970425405,0.033435370114214956,0.0317624995630562,0.023201328378031894,0.020905113370342544
ACTGT,0.050288297327717724,0.004158613156060066,0.09949613959425088,0.09330090711163576,0.06524150576489068,0.06986108090154268,0.06312871307439619,0.05434479292459561,0.05205250260422402,0.048423633713818026,0.04398310369200982,0.042294317587720794,0.0328381109367755,0.01804961797172505,0.040188915976103586,0.04056027998010141,0.039046315517012,0.032603858987868675,0.03432748874972208,0.03265438983325424,0.022448214933780457,0.020709199660794732
ACTTA,0.06018895968503773,0.004470845778021191,0.09492345135712561,0.10122157176558327,0.0639503929594777,0.07092959758972531,0.06289059376480455,0.05439853834102349,0.05071345079055997,0.04593983394403216,0.04421462149196421,0.03640063664297404,0.03501938176840002,0.013668697328984574,0.04173077363533023,0.041623889621763194,0.04052611847490174,0.03283750134107292,0.03241739894940247,0.032719567288509284,0.0199212112128563,0.01929296626845005
ACTTC,0.05761885865925944,0.004917998341090526,0.09901650366916605,0.09691909922868977,0.06406676697282089,0.07007084122142032,0.06357178090270027,0.054043385167365225,0.051305116716130826,0.04712460283998688,0.04352828964228731,0.03902019625835999,0.033273948783236744,0.015872449977816908,0.0410821215302751,0.04036099881782033,0.03906084229612912,0.03235906847548424,0.03338796436375861,0.03241917638726994,0.021148167897070455,0.019831821851861036
ACTTG,0.057202234103031345,0.004316068639663322,0.09950146703943628,0.09478412921083426,0.06486622414494547,0.06971773748121857,0.06363349789441447,0.05378551856498666,0.051164875115293044,0.04772911994697643,0.04323199520057622,0.04131527921348365,0.032710623664643855,0.017157041924008524,0.04066847064169841,0.039861980642443826,0.03849382155016718,0.03212811874981477,0.03341347341232385,0.03237850784980606,0.021865758033242116,0.020074056976991685
ACTTT,0.061888156797491,0.0050387143648601244,0.09541440697082221,0.10114389014667176,0.06405554778094513,0.07116222331705777,0.06293063620382601,0.05445149697461153,0.05058319163307076,0.04571956575499242,0.043822475610621095,0.035676899118998184,0.034938076825505156,0.013300079301026313,0.041463765309858694,0.04159463436859194,0.040263067256344244,0.032530290627717784,0.03248466537970239,0.03271215261070353,0.019730555433078816,0.019095508213503157
AGCAA,0.059419742283678335,0.004243198043758268,0.09836314963414508,0.09696073455280282,0.06376427348539875,0.06994342104067874,0.06404421912885983,0.05369224377840639,0.05136068552393145,0.046887696632067107,0.04334602599374626,0.03936997900279728,0.033123787792501934,0.016193217766619757,0.041044662973209536,0.04018806512907247,0.03884194624659808,0.03218108235327835,0.03334743723709515,0.03239526380078925,0.021292629816795534,0.019996537783769627
AGCAC,0.04772926060463811,0.003233330460565764,0.1020313522850421,0.08812526244565427,0.06605910688712407,0.06824375493947935,0.06468091192644737,0.053801863387066315,0.05192380686933736,0.05012294833969315,0.04307299335657219,0.047597785646308524,0.031095569642303766,0.021754796452193175,0.039449088752014756,0.03925380168001892,0.03748246542135249,0.03171205333812535,0.034187523264833104,0.032105378004257806,0.024115477921558777,0.022221468375413268
AGCAG,0.04807219680428507,0.0032736847800325566,0.10253252356905952,0.08808699777333158,0.06619724452820121,0.06797164690965819,0.06475756506408531,0.05396789908737164,0.05253333575496901,0.049701940561549175,0.04328759042602924,0.04727587090311364,0.031290261558396745,0.02107590459284097,0.03933051835239583,0.03891189087495701,0.03746709527912783,0.03209579649665207,0.03392199971170598,0.03183512958586065,0.024168478310223552,0.022244429076153236
AGCAT,0.057221706445765144,0.004437323899640449,0.09887874571397481,0.09663160672984092,0.06420158962046828,0.07018439072651937,0.06314770783025836,0.05429744686795068,0.051231496680380406,0.04696364586299691,0.04377437236693546,0.03949973027849613,0.03349532058272193,0.015965660863988592,0.04081615643384183,0.04025170920086033,0.03908114102614562,0.032846136808611946,0.03350319228326391,0.03264255302400637,0.02133956278105637,0.019588803972276178
AGCCA,0.04988563163317061,0.003306197640459364,0.10297663845875638,0.08695446127921266,0.06611670325899502,0.06712143721527056,0.06513237544400138,0.0532229754892708,0.05240176255360304,0.05005774132477206,0.043191074783406266,0.04809069670593864,0.030949538029126544,0.022753116031198842,0.03924141243791902,0.03850007880529561,0.036760186759153025,0.0317374567342817,0.03360636392366063,0.03156078251107772,0.02441487403638039,0.022018494945049753
AGCCC,0.04418814090491041,0.0026728736993349577,0.10583738534697539,0.08044646614908818,0.06765699600949156,0.0653253221480973,0.06622123728919066,0.05278569697077855,0.05375044694841785,0.05135376240806353,0.04265486616616942,0.053434741494383056,0.02931981621098642,0.02738670455132115,0.038444043757710725,0.037519234981524006,0.03525214689269138,0.031200664383644588,0.03357822813606948,0.030744739818127316,0.02642811571645911,0.023798370016564974
AGCCG,0.032860415232244054,0.0023943823596914004,0.10139050721183553,0.07825547728757304,0.068167072718606,0.06285860565294918,0.06635197641367865,0.05242373285313278,0.056259158236675315,0.051878652260650034,0.0432026022632982,0.05622715957841216,0.02993088289815158,0.03114793531416062,0.038135780237628654,0.03835315043341631,0.03561892025493,0.03194900517274862,0.03539713645110605,0.030726435746694206,0.028445703793937467,0.02802530762848013
AGCCT,0.04758768205341836,0.003041994456283146,0.10389374008619999,0.08519555220867447,0.06689631967699038,0.06707689103231698,0.06547305849742842,0.05336388252447407,0.05282857737971256,0.050799833368048324,0.04301956323201897,0.04950378927467034,0.03057103488055373,0.022766731289955617,0.03900437408873152,0.03821671767099803,0.03667713457132328,0.03176069088170733,0.03379600403762037,0.03148510726931889,0.024955538109047794,0.022085783410507428
AGCGA,0.03916553913435006,0.003189224684961989,0.10004207689751497,0.08567809018519505,0.0660074241339928,0.06506721529194676,0.06261178448008946,0.05233867025662371,0.0541884659398289,0.0497925075902867,0.04377585149010059,0.04899973801177019,0.032252905971176755,0.02556937074056474,0.039170075727074045,0.03993675989742764,0.03812552525237632,0.032935663176136616,0.035844753260392485,0.03299917547427242,0.026451738025379968,0.025857444378537833
AGCGC,0.03639870891346282,0.0024895433449836704,0.10064458832292443,0.07485532573196585,0.06829866880574495,0.062034225252583126,0.06785843885482916,0.051207051318779964,0.05546706392406272,0.05211329475352852,0.04147901984377089,0.062394239767757216,0.02876487327871044,0.03439236807425657,0.036746309135010216,0.03806413415076682,0.034851696938444206,0.030208751122061155,0.03386428312229034,0.03029374128612082,0.028340877404075707,0.029232796653870394
AGCGG,0.035205609524505146,0.0026600945759045853,0.10273761194662846,0.07773060239714812,0.06838021681302292,0.062263648594202456,0.06689819778003445,0.05164211949927077,0.05573711008644718,0.05092702764472069,0.0432436189538218,0.05681504920821543,0.02950254582124824,0.030350760212147845,0.037657184729313585,0.03868093237610769,0.034921693318662364,0.03206014782491912,0.03467311937910707,0.03119779652750453,0.027979294144257705,0.02873561864280985
AGCGT,0.03019070053381541,0.002655077333235944,0.09963783333028992,0.08284912562618313,0.06729361064952614,0.06417836860654091,0.06212588791702427,0.052905550584640484,0.05481316460627309,0.05172835673721308,0.04519353091199046,0.05182209399290275,0.03186092799883133,0.027566057374504682,0.03868061769199398,0.040198674287383815,0.03845053533711935,0.03329863837505859,0.03683752411908284,0.033492199721222964,0.02746501591707296,0.026756508348093906
AGCTA,0.05781541489693594,0.0040557130881790195,0.09837642762592151,0.09436361916463874,0.0646611545798544,0.06923192749853563,0.06428073355470759,0.05415278991422548,0.051424872874612046,0.0481680030776919,0.043353082401196265,0.04194867094745879,0.03270129369708557,0.017426429291029645,0.04034751113323991,0.03998935965252973,0.03849341832808024,0.03203320736398672,0.03280610357136071,0.03222096618359462,0.021931210807389485,0.020218090347746086
AGCTC,0.04807481700963513,0.0034448070185970525,0.10212178775261675,0.08703489144930084,0.06589522702811641,0.06717476598244493,0.06528118554601238,0.053459857895707286,0.05237156370465977,0.05019960636167558,0.04281550025942395,0.04861098842669022,0.030852325596353484,0.024024458747303922,0.03959984391682997,0.038821657826241696,0.037021041211960086,0.03146585251855632,0.03335668863551578,0.03149037987384706,0.024484132259046606,0.02239862097946477
AGCTG,0.04753210965716518,0.0034520327134402316,0.10310651364879253,0.08683780375368397,0.06632675407733778,0.06784215003065254,0.06504284834575796,0.0537206972990748,0.05258960806618478,0.05037246447153707,0.043066929644684476,0.04831321752872517,0.031033831760430963,0.022397022206447813,0.03924775289036686,0.03870898205401576,0.03700589503717093,0.031719103229398436,0.033580086898079085,0.03148596539042693,0.024563638872508065,0.022054592424118644
AGCTT,0.05642066656769155,0.004120504134818502,0.09926568076394607,0.09539063283428077,0.06493607266004284,0.06985661696895534,0.06401698075100838,0.054092821868724265,0.051194436200863586,0.04790072368123609,0.04348407640023848,0.04059476432058614,0.03286453649060829,0.016600911833038468,0.04057286255594532,0.03987419626390312,0.03880226132591093,0.03240115772727891,0.033239525989494347,0.03234452602156479,0.022061491081523218,0.019964553558340592
AGTAA,0.06299147010666994,0.005280826839295059,0.0941941530938322,0.10234811859395587,0.06344413163868523,0.07120769760190353,0.06268722770894368,0.05459754351187942,0.05076775770997016,0.04531916003520327,0.043876869332265346,0.03479822906692828,0.0353984683549203,0.012733924205276114,0.0419420357653093,0.04175524977997957,0.040536597432449945,0.03273197220759159,0.032078894361587375,0.03270605775557287,0.01935607635003357,0.019247538547747377
AGTAC,0.06063369910874673,0.004972066486949947,0.09784204036954765,0.09591350371005483,0.06473137621660889,0.06993725152022061,0.06348418995283053,0.054116394167690034,0.05110622147655982,0.047150621060460425,0.04320243334132257,0.0398775298917005,0.03337196172083289,0.015859774011578634,0.04091746950292925,0.04048506218017301,0.03923787591639466,0.032029645846048165,0.032696170847839566,0.03199474439785427,0.02078026048217123,0.019659707791485775
AGTAG,0.06135011892014504,0.004266225455693768,0.09782252155184396,0.09699280474746565,0.06394801538456407,0.07037826502235521,0.06390731900954363,0.054161315538120605,0.05147112948007601,0.04678971204534866,0.04345683460036938,0.03835288649603099,0.033565391624774975,0.01499294484974031,0.04138487762733462,0.04061676134689434,0.038953547200567526,0.03232782153194054,0.0327872680390018,0.03257844893438877,0.02063484121186244,0.019260949381937703
AGTAT,0.06722367430226271,0.005506803685300052,0.09462781724688121,0.10246384612086495,0.06320377837748059,0.0714612781662248,0.06271487211635844,0.05438327670013041,0.0505099069600354,0.04454833095436417,0.04371329820867577,0.03377615877444167,0.03548556155119612,0.012042620803970859,0.04184217548092433,0.04176807985344051,0.040490762814484944,0.03280708787117018,0.031484813934640164,0.03249051638408343,0.018796562129391778,0.01865877756367749
AGTCA,0.052075520199043025,0.004156514715997941,0.09951659392699799,0.09369398245520778,0.06519991971000395,0.06954018109678356,0.06358174307042591,0.05408641964534354,0.05197301557959143,0.048368692931227496,0.04402668610975135,0.04178380252469195,0.03305615301432605,0.017809780940011788,0.040482818972240445,0.0401773679003452,0.03889590148131869,0.03255092900761723,0.033625640753044,0.032601387937935516,0.022329504748772443,0.02046744327932271
AGTCC,0.053522315500438886,0.00410411649523981,0.10259796088316715,0.0902770588102901,0.06513492831581554,0.06845940897121379,0.06478449731043641,0.053779568319416625,0.0521795593166933,0.048287456955729106,0.04307037878958385,0.044362494654633024,0.031537440075622876,0.019668924849767056,0.04012446264995161,0.039137764173662534,0.03789291260606333,0.03197362202066125,0.03323175260516306,0.0316380455087664,0.023078931376741465,0.02115639981094281
AGTCG,0.03596122517503389,0.0037167497792645466,0.09879776901744743,0.08461940233544328,0.06722949025655056,0.06519157350179697,0.06307282404586323,0.05282417022123288,0.054703530523671544,0.05018311715767351,0.044489075149540494,0.05061215226393742,0.031698854662803276,0.026166478057030578,0.03884322186711104,0.040015296034223324,0.03783436757738177,0.032769887953440366,0.03586951114869486,0.03254604355017224,0.026581522888090233,0.02627373683359656
AGTCT,0.05547105095179665,0.004238170733072994,0.09990385246072109,0.0947856357816027,0.06474824862697795,0.06971720465027732,0.06429022798645295,0.05433967757778592,0.051622589712373275,0.047910750766700635,0.043551475728745556,0.04118986179391151,0.03284038388624834,0.01681958018240836,0.04057826105736696,0.03988043149607811,0.03847869316136629,0.03218494883063155,0.03320657642769497,0.032235662258171344,0.0217890161435078,0.02021769978610772
