,X,Y,1,2,3,4,5,6,7,8,9,10,11,12,13,14,15,16,17,18,19,20
ACA,0.037838443,0.001411693,0.121419793,0.070507226,0.072325579,0.059773332,0.062051043,0.045322269,0.059936525,0.056002709,0.044524437,0.071973883,0.027821729,0.031544187,0.035752446,0.034312988,0.028598406,0.029607406,0.028985234,0.02553873,0.024025419,0.030726523
ACC,0.034104343,0.001060668,0.128248231,0.060979767,0.072540054,0.055651234,0.064095381,0.042011071,0.065240284,0.054918318,0.043453286,0.082452395,0.025365507,0.03654241,0.03339793,0.031049345,0.027221807,0.029036385,0.025813968,0.023942185,0.026749991,0.036125438
ACG,0.026940898,0.000747044,0.11785683,0.064819821,0.06812295,0.054772353,0.063271431,0.045037511,0.065942326,0.054493085,0.044222202,0.0757881,0.026847809,0.039753902,0.034569589,0.034094056,0.028441192,0.032369572,0.028513336,0.026763252,0.026755495,0.039877246
ACT,0.0405859,0.001482884,0.120995485,0.071091869,0.072638188,0.059620351,0.062132622,0.045438545,0.059752693,0.056006551,0.043670329,0.072284445,0.027782,0.030414673,0.036201926,0.033651843,0.029368867,0.028634018,0.028562374,0.025577948,0.024009986,0.030096503
ATA,0.053313548,0.002536446,0.114238094,0.083059621,0.071490411,0.063936908,0.057482797,0.047890367,0.054574459,0.057150454,0.045161162,0.059657653,0.030036541,0.022369709,0.037998162,0.03775821,0.030206036,0.02792616,0.031744122,0.027030162,0.02022144,0.024217539
ATC,0.042581776,0.001525371,0.123428961,0.070986965,0.072332973,0.059838737,0.060914598,0.044265705,0.059134211,0.056330605,0.044203606,0.07237805,0.027563539,0.030404657,0.036086577,0.033206371,0.029013256,0.028338991,0.028511734,0.025384393,0.023528666,0.030040257
ATG,0.042280236,0.001507887,0.123218238,0.071003006,0.073085203,0.060064071,0.060695464,0.044806272,0.059039631,0.056758929,0.044506419,0.071366464,0.027652664,0.029860674,0.035650847,0.033970085,0.028907062,0.028804781,0.029025652,0.025411803,0.023483842,0.028900771
ATT,0.051493532,0.002422073,0.113986451,0.083623982,0.07128544,0.063475248,0.058275865,0.048165101,0.054333843,0.056597356,0.045517233,0.059239665,0.030297351,0.022912809,0.038402692,0.03753551,0.030409852,0.027647365,0.031643653,0.027874749,0.020116969,0.02474326
CCA,0.03481898,0.001025524,0.129812147,0.060230517,0.073860025,0.055877432,0.064160416,0.041713148,0.064950638,0.05509737,0.04304706,0.083302584,0.025061972,0.03644078,0.033356364,0.030633992,0.026971304,0.028845341,0.025466798,0.023614865,0.026751511,0.03496123
CCC,0.029705302,0.000619016,0.134873178,0.05403333,0.072691759,0.052867671,0.065777254,0.03891979,0.069370257,0.054172214,0.041984952,0.090052315,0.022922808,0.041455493,0.031480476,0.028014025,0.026278475,0.028838639,0.023319448,0.021738348,0.028215377,0.042669873
CCG,0.024718636,0.000471866,0.125818084,0.057848555,0.069838885,0.050949438,0.067214543,0.042615519,0.069895948,0.052596579,0.042013067,0.084108986,0.024501359,0.04310604,0.032352438,0.031162348,0.027206905,0.030569224,0.026056321,0.024611095,0.028789851,0.043554313
CCT,0.033654978,0.000943988,0.12997939,0.059392178,0.073310627,0.055833496,0.064376727,0.041248846,0.065808315,0.054942395,0.043049948,0.084702295,0.024676167,0.037057428,0.033262054,0.030077395,0.02733057,0.028735628,0.025073946,0.022869342,0.026698355,0.03697593
CTA,0.044509134,0.001648378,0.121324134,0.071108992,0.073238269,0.059504835,0.061425869,0.044781423,0.059439325,0.056651648,0.043862445,0.072688565,0.027918853,0.028582011,0.036175748,0.033796873,0.029006548,0.028186385,0.028221153,0.02530026,0.023649686,0.028979466
CTC,0.032989945,0.000869007,0.12759971,0.061436959,0.072305017,0.056649533,0.064002765,0.042350561,0.064360504,0.05476746,0.043033922,0.082491942,0.025358245,0.036915419,0.034635506,0.030378284,0.027978445,0.028597573,0.0259809,0.023796409,0.026258997,0.037242897
CTG,0.032528464,0.000979754,0.12749081,0.061138924,0.073953404,0.056327672,0.064608494,0.042611986,0.06523225,0.05543312,0.042869908,0.082483468,0.025569072,0.036520819,0.033444135,0.031083786,0.027548832,0.029270815,0.02572125,0.023795881,0.026664551,0.034722603
CTT,0.041470998,0.001435468,0.121478665,0.070927556,0.072330955,0.059687385,0.062028176,0.044866331,0.05929886,0.055825859,0.043765263,0.072859617,0.027470741,0.030496641,0.036285224,0.033498259,0.029327544,0.028356786,0.028880443,0.025129765,0.02394454,0.030634924
GCA,0.034737612,0.0010613,0.125362579,0.063752009,0.07351857,0.056760931,0.063931434,0.04353909,0.0647227,0.05518513,0.043182707,0.079258606,0.026194282,0.035188642,0.033511017,0.032242032,0.027866749,0.029543702,0.026923645,0.02448907,0.026161537,0.032866656
GCC,0.030128092,0.000701248,0.131500206,0.055081423,0.074636616,0.052973528,0.06640444,0.041131145,0.069008418,0.054464776,0.041991223,0.087919533,0.023730641,0.03999905,0.031532894,0.029772396,0.02625094,0.029454045,0.024433734,0.022747925,0.028360909,0.037776817
GCG,0.025553484,0.000468146,0.126377343,0.058448444,0.069229524,0.051445182,0.065583596,0.043854288,0.070985236,0.052487248,0.042096617,0.081897554,0.024610009,0.0418583,0.031185605,0.032223754,0.027382976,0.031631552,0.026908954,0.025582865,0.029132813,0.041056509
GCT,0.033670012,0.00094731,0.125297189,0.062180186,0.073548747,0.055969995,0.064345946,0.043426215,0.06504709,0.05534608,0.042560751,0.082042429,0.025884399,0.036328525,0.03380915,0.031649476,0.027711025,0.029132829,0.026179883,0.024132904,0.026580716,0.034209144
GTA,0.04336228,0.00182719,0.119210763,0.07341555,0.072553786,0.059821376,0.060993758,0.045528863,0.059216371,0.056507127,0.044340987,0.069411079,0.0284216,0.028623392,0.03663012,0.034782272,0.029340913,0.028634459,0.029388502,0.025951777,0.023154365,0.02888347
GTC,0.032526839,0.000965601,0.125297519,0.063267829,0.072515328,0.056449424,0.064017159,0.043486339,0.063610112,0.055052746,0.04346055,0.079540626,0.026009984,0.036187625,0.03434551,0.031922569,0.027940014,0.029988436,0.026873896,0.024435717,0.026188451,0.035917726
GTG,0.032407556,0.000982092,0.126555476,0.062577846,0.07218499,0.056819847,0.063933828,0.043275114,0.064664005,0.054912669,0.043602897,0.079658401,0.025958991,0.0369108,0.033706742,0.031841271,0.027418086,0.029993614,0.026748688,0.024440165,0.026339169,0.035067754
GTT,0.041202578,0.001571273,0.118034687,0.074257268,0.071270714,0.060495704,0.061165981,0.046193713,0.058210965,0.056293899,0.044681256,0.069319551,0.028578978,0.029140147,0.036759541,0.035253052,0.029580274,0.028732128,0.029628009,0.026525811,0.023384118,0.029720353
TCA,0.040261774,0.001387693,0.12304412,0.069465086,0.072538157,0.059700764,0.061677468,0.044729515,0.060086462,0.056272562,0.044023359,0.073183587,0.02741679,0.031382507,0.035577591,0.033123278,0.02896902,0.028627226,0.028539623,0.025217694,0.024025927,0.030749798
TCC,0.034422862,0.000986599,0.128328361,0.06226226,0.072122311,0.056694697,0.063631381,0.041788003,0.064023408,0.054690216,0.043268595,0.081901184,0.025326669,0.036408336,0.034410191,0.030600212,0.0278885,0.028674136,0.025833135,0.023623137,0.026046769,0.037069039
TCG,0.030240119,0.000673323,0.120548725,0.065087053,0.069218582,0.054168661,0.063112468,0.044870864,0.065169568,0.053984652,0.043177655,0.077833155,0.026201832,0.039025497,0.034412905,0.033336084,0.028374453,0.031152735,0.027438733,0.025983167,0.026989025,0.039000743
TCT,0.039191941,0.001324664,0.122977948,0.069092347,0.072472588,0.059698704,0.062333396,0.044191594,0.059664498,0.055905781,0.043808694,0.074256902,0.027324765,0.031466551,0.036413619,0.032682982,0.029094273,0.028388886,0.028337492,0.025145808,0.024239612,0.031986955
TTA,0.048422587,0.00238715,0.110730473,0.084436665,0.070769133,0.062913611,0.058913458,0.049509348,0.054606602,0.056943225,0.04534491,0.05997333,0.030444357,0.023260452,0.038700249,0.038331495,0.030939575,0.028137873,0.031571007,0.028069027,0.020325195,0.025270279
TTC,0.042305544,0.00149379,0.121028316,0.072554692,0.071660084,0.060715802,0.061143874,0.044866044,0.058445772,0.056127761,0.044119942,0.070552926,0.027987644,0.029783404,0.036626208,0.033826194,0.029627958,0.028282675,0.029172723,0.025669831,0.023486645,0.03052217
TTG,0.043611991,0.001594579,0.121051868,0.0722954,0.072582209,0.059976492,0.061522487,0.045212438,0.058748521,0.055641979,0.044356003,0.070826623,0.027911937,0.029244821,0.036196284,0.034302457,0.028836671,0.028314924,0.029458636,0.025735762,0.023522503,0.029055415
TTT,0.048158542,0.002153992,0.112182291,0.082451853,0.071128041,0.062821854,0.059559044,0.048441594,0.054451228,0.056556056,0.045345687,0.061575727,0.030015876,0.02475834,0.038308061,0.037428358,0.030492561,0.02820651,0.031626835,0.027518849,0.02074534,0.02607336