 ,I,II,III,IV,V,VI,VII,VIII,IX,X,XI,XII,XIII,XIV,XV,XVI
B:ACA,0.03219656852361788,0.06312221986867189,0.03600932005930947,0.12560898114806185,0.07540775259478924,0.023300148273670832,0.08472781190425757,0.04278754501165007,0.046388477017581024,0.06375767845795383,0.049353950434230034,0.08642236814234272,0.044905740309256516,0.06439313704723576,0.0834568947256937,0.07816140648167762
B:ACC,0.04165501817165222,0.04193458205199888,0.03662286832541236,0.1232876712328767,0.07855745037741124,0.022924238188426056,0.09169695275370422,0.0561923399496785,0.03941850712887895,0.05954710651383841,0.05032149846239866,0.08806262230919765,0.04221414593234554,0.0651383841207716,0.08722393066815767,0.07520268381325133
B:ACG,0.03413582464965864,0.037369744879626306,0.04060366510959396,0.11246855910887532,0.0851598993891484,0.02982393100970176,0.09593963348904061,0.05174272367948257,0.04168163851958318,0.06755300035932447,0.05102407473948976,0.09126841537908732,0.0427596119295724,0.055695292849443044,0.08767517067912325,0.07509881422924901
B:ACT,0.028599850783387216,0.049987565282268095,0.03506590400397911,0.12534195473762746,0.0865456354140761,0.020392937080328275,0.09475254911713504,0.04725192738124845,0.03979109674210395,0.06764486446157672,0.0385476249689132,0.0900273563790102,0.05272320318328774,0.062173588659537427,0.0855508579955235,0.07560308380999751
B:ATA,0.024721067600087507,0.0533800043754102,0.02340844454167578,0.12032378035440823,0.07416320280026252,0.018595493327499452,0.08838328593305622,0.04353533143732225,0.05053598774885146,0.060380660686939404,0.045723036534675125,0.08816451542332093,0.0586304966090571,0.07700721942682126,0.09385254867643841,0.07919492452417413
B:ATC,0.03354838709677419,0.04774193548387097,0.027096774193548386,0.12602150537634407,0.08086021505376344,0.02193548387096774,0.09440860215053763,0.04946236559139785,0.0410752688172043,0.06344086021505377,0.04365591397849462,0.07827956989247312,0.04408602150537634,0.06946236559139785,0.09419354838709677,0.08473118279569893
B:ATG,0.03129548762736536,0.04967248908296943,0.028930131004366814,0.125,0.07842066957787482,0.02074235807860262,0.09552401746724891,0.05258369723435226,0.04002911208151383,0.06277292576419213,0.04548762736535662,0.08442503639010189,0.04457787481804949,0.06713973799126638,0.08660844250363901,0.08679039301310043
B:ATT,0.02478157267672756,0.05607625099285147,0.020492454328832406,0.1431294678316124,0.07768069896743447,0.021127879269261317,0.08911834789515488,0.05178713264495632,0.04416203335980937,0.0637013502779984,0.042414614773629865,0.07863383637807785,0.05051628276409849,0.07243844320889595,0.09308975377283558,0.07084988085782366
B:CCA,0.03777994157740993,0.04693281402142162,0.03875365141187926,0.12852969814995133,0.08237585199610516,0.01966893865628043,0.09074975657254138,0.05569620253164557,0.03602726387536514,0.06251217137293087,0.04225900681596884,0.0889970788704966,0.044206426484907496,0.06329113924050633,0.07848101265822785,0.08373904576436222
B:CCC,0.03668903803131991,0.035794183445190156,0.03534675615212528,0.1360178970917226,0.07785234899328859,0.025950782997762864,0.087248322147651,0.06532438478747203,0.03803131991051454,0.060850111856823264,0.04742729306487696,0.08680089485458613,0.04832214765100671,0.06308724832214765,0.08322147651006712,0.07203579418344519
B:CCG,0.04141414141414142,0.04242424242424243,0.03232323232323232,0.12676767676767678,0.08131313131313131,0.03383838383838384,0.08636363636363636,0.051515151515151514,0.03787878787878788,0.06666666666666667,0.05555555555555555,0.09595959595959595,0.03888888888888889,0.050505050505050504,0.08535353535353535,0.07323232323232323
B:CCT,0.02762119503945885,0.04819616685456595,0.03579481397970688,0.1395152198421646,0.07046223224351747,0.020293122886133032,0.09385569334836527,0.048478015783540024,0.038331454340473504,0.06708004509582864,0.05270574971815107,0.09019165727170236,0.04114994363021421,0.06679819616685456,0.08765501691093573,0.07187147688838783
B:CTA,0.025039123630672927,0.0541471048513302,0.02535211267605634,0.12363067292644757,0.08043818466353678,0.017214397496087636,0.107981220657277,0.04162754303599374,0.039749608763693274,0.062284820031298906,0.04475743348982786,0.07668231611893583,0.058841940532081374,0.06635367762128326,0.09139280125195619,0.08450704225352113
B:CTC,0.02880658436213992,0.04938271604938271,0.03429355281207133,0.13607681755829903,0.07215363511659809,0.023593964334705075,0.0924554183813443,0.05102880658436214,0.03813443072702332,0.06392318244170096,0.045541838134430725,0.10041152263374485,0.0438957475994513,0.06639231824417009,0.07489711934156379,0.07901234567901234
B:CTG,0.03378864126527678,0.051042415528396834,0.039539899352983465,0.12988257848070933,0.07931943445962138,0.02108794632159118,0.09633357296908698,0.052480230050323505,0.03666427030913012,0.06805655403786245,0.04241552839683681,0.08962377186676253,0.0428947999041457,0.06278456745746465,0.08003834172058472,0.07404744787922359
B:CTT,0.02946509519492294,0.045482018736778485,0.03414928981565428,0.13448171653067392,0.07404049561801149,0.01979449984889695,0.09096403747355697,0.04699304925959504,0.036113629495315804,0.06376548806285887,0.05998791175581747,0.08990631610758537,0.043517679057116954,0.06769416742218193,0.08673315200967059,0.07691145361136295
B:GCA,0.028074245939675176,0.047099767981438515,0.03410672853828306,0.12180974477958237,0.08329466357308585,0.019953596287703015,0.09698375870069606,0.054756380510440836,0.04176334106728538,0.07006960556844548,0.0494199535962877,0.09234338747099768,0.04176334106728538,0.06194895591647332,0.08097447795823666,0.07563805104408353
B:GCC,0.036231884057971016,0.05037957211870255,0.039337474120082816,0.13940648723257418,0.07832988267770877,0.02139406487232574,0.08868184955141477,0.05210489993098689,0.03761214630779848,0.07108350586611456,0.04796411318150449,0.0924775707384403,0.04002760524499655,0.053830227743271224,0.06763285024154589,0.08350586611456176
B:GCG,0.02871536523929471,0.04634760705289673,0.038790931989924435,0.12493702770780857,0.06801007556675064,0.037783375314861464,0.1093198992443325,0.055415617128463476,0.05239294710327456,0.06599496221662468,0.048866498740554154,0.10075566750629723,0.044836272040302265,0.039798488664987405,0.06851385390428212,0.06952141057934509
B:GCT,0.033004158004158006,0.04911642411642412,0.035343035343035345,0.13643451143451144,0.08212058212058213,0.018970893970893972,0.10395010395010396,0.04755717255717256,0.03976091476091476,0.060291060291060294,0.04937629937629938,0.08653846153846154,0.04183991683991684,0.056652806652806656,0.07978170478170478,0.07926195426195426
B:GTA,0.032741398446170925,0.04661487236403995,0.033851276359600446,0.11542730299667037,0.08240843507214206,0.023307436182019976,0.09156492785793563,0.04550499445061043,0.048834628190899,0.059378468368479466,0.04716981132075472,0.09017758046614872,0.054661487236403995,0.06076581576026637,0.0890677025527192,0.07852386237513874
B:GTC,0.041025641025641026,0.046153846153846156,0.04132730015082956,0.1143288084464555,0.07571644042232277,0.026847662141779787,0.09381598793363499,0.0530920060331825,0.03529411764705882,0.06666666666666667,0.04645550527903469,0.09532428355957767,0.04193061840120663,0.055505279034690796,0.08868778280542987,0.07782805429864253
B:GTG,0.034482758620689655,0.0514216575922565,0.04234724742891712,0.11826981246218995,0.08862673926194797,0.024803387779794312,0.09316394434361766,0.05172413793103448,0.044162129461584994,0.06745311554748941,0.049606775559588624,0.0868118572292801,0.040229885057471264,0.05747126436781609,0.07562008469449485,0.07380520266182698
B:GTT,0.029538461538461538,0.05353846153846154,0.032,0.1362051282051282,0.07794871794871795,0.021128205128205128,0.08676923076923077,0.04635897435897436,0.04082051282051282,0.06441025641025641,0.045743589743589746,0.08369230769230769,0.046974358974358976,0.07179487179487179,0.0884102564102564,0.07466666666666667
B:TCA,0.032264186752704496,0.04896564813057506,0.029037768077434047,0.13531979502751945,0.08066046688176125,0.022964509394572025,0.09603340292275574,0.051812488138166635,0.04156386411083697,0.06452837350540899,0.04384133611691023,0.08350730688935282,0.04061491744163978,0.06433858417156955,0.08920098690453597,0.07534636553425697
B:TCC,0.028708133971291867,0.04760765550239234,0.034688995215311005,0.1339712918660287,0.07775119617224881,0.022966507177033493,0.09210526315789473,0.049760765550239235,0.034928229665071774,0.06483253588516746,0.04665071770334928,0.09162679425837321,0.04377990430622009,0.06507177033492823,0.08947368421052632,0.07607655502392345
B:TCG,0.03234152652005175,0.045278137128072445,0.03428201811125485,0.11060802069857698,0.07988357050452781,0.02943078913324709,0.09670116429495472,0.047865459249676584,0.03783958602846054,0.06694695989650712,0.04754204398447607,0.08990944372574386,0.05012936610608021,0.059508408796895215,0.09540750323415265,0.07632600258732213
B:TCT,0.02907071696880614,0.049485546300832926,0.030703903315368285,0.12885840274375307,0.06908378245957864,0.02139474113996407,0.09194839131144864,0.04883227176220807,0.03364363873918014,0.06402090478523599,0.056671566225706356,0.09080516086885514,0.0468724481463335,0.07398334149926507,0.08198595459741957,0.08263922913604442
B:TTA,0.026781555659059153,0.05193292966930601,0.02328830926874709,0.14788076385654403,0.07545412203074056,0.017699115044247787,0.0847694457382394,0.048672566371681415,0.04424778761061947,0.06217978574755473,0.044946436888681884,0.07289240801117838,0.05379599441080578,0.0808104331625524,0.09385188635305076,0.07079646017699115
B:TTC,0.024213075060532687,0.04899586953425438,0.028770830366044723,0.1337416322461188,0.07491810283435409,0.022931206380857428,0.09428856288278023,0.04728671129468737,0.034183164791340266,0.06551773251673551,0.05583250249252243,0.08730950007121492,0.04728671129468737,0.0707876370887338,0.09015809713715994,0.07377866400797607
B:TTG,0.032588739290085676,0.053090575275397796,0.03167074663402693,0.13540391676866584,0.07848837209302326,0.02065483476132191,0.08583231334149327,0.04941860465116279,0.043910648714810284,0.06395348837209303,0.046511627906976744,0.08935128518971848,0.04253365973072215,0.06410648714810281,0.08659730722154223,0.07588739290085679
B:TTT,0.020174232003668042,0.0541036221916552,0.032324621733149934,0.13789546079779919,0.0786336542870243,0.023154516276937185,0.08402109124254929,0.050206327372764786,0.03839981659789088,0.06270059605685466,0.04401650618982118,0.08379183860614398,0.0473406694176983,0.08012379642365887,0.09009628610729023,0.073016964695094
N:ACA,0.02525128500419161,0.06184109134326336,0.03202560693690566,0.11918572650368778,0.05562565096999822,0.025700083832233916,0.09144487818922374,0.04738638191933476,0.039155580771087196,0.05881805018078971,0.05506676941054931,0.08532258474253343,0.06837831200833241,0.0641951682148815,0.09087752872735895,0.07972530124562845
N:ACC,0.028194917828097053,0.060574359666587925,0.02961225660581109,0.11539499881888435,0.056457327978942394,0.02650760975938987,0.09145209732392941,0.04702527587486923,0.042351432524550335,0.057705935949785715,0.05466878142611278,0.09212702055141228,0.06990517328653865,0.06340903722201599,0.0891236121891135,0.07549016299395944
N:ACG,0.025654730090860504,0.058827721361125955,0.025601282736504544,0.11826117940495279,0.05685016924995546,0.02494209869944771,0.0918047389987529,0.04774630322465705,0.04049527881703189,0.06089435239622305,0.054195617316942814,0.09020131836807412,0.06980224478888294,0.0667022982362373,0.09077142348120434,0.07724924282914662
N:ACT,0.026333126837566497,0.06221422460839553,0.030089383167645062,0.11957088213024966,0.056373344346440896,0.026038132884942524,0.09094663559397033,0.04693353786247382,0.038457378290411716,0.05903812305181077,0.054632880025959465,0.08725921118617068,0.06728812059352783,0.06307954020275917,0.09247077101586085,0.0792747082018152
N:ATA,0.022858651421496783,0.06295915301914447,0.031552403754244465,0.12168977414450746,0.053814782109987344,0.02529836411801655,0.09550837968484009,0.04710102049176597,0.03615872697976313,0.05801145208422471,0.05703283598394159,0.08507132518275087,0.07066518584602499,0.061238609363762984,0.09192618958752469,0.0791131462280039
N:ATC,0.02617951373578482,0.0594653349603667,0.029809575569888946,0.11894092433269414,0.05622494078077093,0.02565653872578677,0.09393041356043438,0.04661655677355182,0.038156666905936276,0.05760928639547165,0.05503542899332438,0.08996195613162564,0.06862252484131298,0.06305437914662784,0.09120273997887592,0.07953321916754684
N:ATG,0.02720028491296799,0.060953568089747584,0.031073320571606642,0.11885322530383297,0.05532653697190936,0.025063437653029427,0.0932733828963184,0.04667230556915817,0.03870364599563727,0.05801540310733206,0.056377153541379156,0.08660463873926012,0.0682188487735387,0.06288563415394204,0.09149267684636958,0.07928593687397054
N:ATT,0.025072775412881613,0.061253248684678886,0.030241414451709796,0.12323790855409761,0.056108990018675364,0.025399472408732075,0.09413749555058196,0.04721015393767401,0.03731659864542648,0.056952550918408645,0.056489323834740084,0.08602858354909963,0.06834306110209037,0.060751013004490866,0.09151904350921335,0.07993836641749925
N:CCA,0.028748361433801925,0.06141421446759782,0.02959212885533909,0.1171179315644352,0.05636667721375944,0.027362172098419443,0.0919857162229354,0.04690442827223553,0.041465141858397746,0.05742138649068089,0.05496542060299236,0.09135289065678254,0.06729045186758878,0.06233331826605795,0.08963522126293902,0.07604453886603685
N:CCC,0.026230659277277628,0.06000952930260551,0.027258820874188128,0.11705995937507836,0.05767735787546706,0.025804348371241567,0.09185746169471123,0.04328309551872007,0.041928931464252576,0.0582792085663415,0.05381548260902275,0.09183238458259146,0.07254808536248966,0.06289339719637886,0.09203300147954961,0.077488276450084
N:CCG,0.02381573229030856,0.062088946834709544,0.024279298855570043,0.11884687816891207,0.0562653918586122,0.023989569752281618,0.092916123424598,0.04473417354773287,0.04163407214254672,0.05794582065768506,0.05542517745907576,0.09436476894104012,0.07130233231928147,0.06304505287556135,0.09022164276401565,0.07912501810806896
N:CCT,0.025621582209259933,0.0611301494713817,0.02882974845060153,0.1180313525337222,0.056113744075829385,0.026073641997812615,0.09179730222384251,0.04762668611009843,0.04045205978855268,0.0584323733138899,0.05385344513306599,0.09100984323733138,0.07062340503098798,0.06130514035727306,0.09124316441851987,0.07785636164783084
N:CTA,0.024388915515663804,0.061947191843492656,0.029759051893163697,0.11900352925798441,0.05595616748725546,0.02604461679229663,0.09401551130669687,0.04706766589691081,0.03851684022482681,0.0582327567426256,0.05572741928456276,0.08782841706243737,0.06950677530390832,0.06241558102043484,0.09174981482288354,0.07783974554485644
N:CTC,0.025411721689849023,0.06359024360517375,0.029189963284023217,0.11730830756105365,0.0553329575404866,0.02711802434528253,0.09096726031779886,0.04573500510367312,0.03971724127424245,0.05869985831594022,0.0535961851947775,0.09118054814972806,0.07032404515608098,0.06136595621505508,0.09063209372476728,0.07983058852206767
N:CTG,0.02721305013568624,0.06086930155698064,0.027758827185761285,0.1181455708676339,0.05688209699671018,0.026424705507800062,0.08952259668592047,0.048377071299707405,0.042070314276618004,0.05756431830930398,0.05407740937826898,0.08947711526508088,0.06705477479116448,0.06394687770045936,0.09199375388487137,0.07862221615803278
N:CTT,0.025560122734904187,0.06238783071846234,0.029026515370809934,0.12037573090951195,0.05468071556764893,0.025538412551380767,0.09123342789324379,0.04714004515718173,0.039403983095003765,0.057416198691599606,0.05473860939037805,0.08716638684652347,0.06994297458461182,0.06275690383836045,0.0924853818097609,0.08014676084061831
N:GCA,0.026501673651195278,0.060686328773622206,0.02816214649060383,0.1202261405867004,0.054861495479823934,0.026251284889697163,0.08967871168393031,0.04882580849213252,0.04098468675048101,0.05816926280277272,0.055994834084499616,0.08841358952057142,0.06703829630215334,0.06369099391159959,0.0914182546585488,0.07909649192166786
N:GCC,0.025234234444730018,0.0639267272599827,0.02436972826467908,0.1176896656463936,0.05595925138437814,0.025724900114488657,0.09264235145680974,0.04665996869085726,0.04119255122783243,0.05960419635972803,0.05369284329073109,0.09131054463889343,0.07086614173228346,0.060772447954391455,0.09236197107409051,0.07799247645973037
N:GCG,0.021855608443192863,0.06157948513469733,0.025494056371022006,0.12019338599945174,0.055324345203977374,0.024198170807685597,0.09310439355047724,0.04605377925087846,0.04082039524509682,0.05848929648366437,0.0531811498492287,0.0910858025768186,0.0703765544396541,0.06412141450893413,0.09178358711092283,0.08233857502429785
N:GCT,0.02569515213277042,0.06334255350123745,0.027806085310816714,0.11821225797059251,0.054753239190566315,0.026204687727471247,0.09116319697190275,0.04693550735187072,0.04229145436016887,0.05647110205270054,0.05596156645799971,0.08879021691658175,0.06887465424370359,0.0631532974232057,0.09242975687873053,0.07791527150968118
N:GTA,0.026434588795285405,0.06214347776812361,0.030250084998677797,0.11896981602508405,0.05573079974311511,0.025735710777832346,0.0925446715273318,0.04784481130293529,0.03947716368856485,0.05973518189717049,0.05471081560953496,0.08458312870688678,0.06904725926485589,0.06296513165350762,0.09223300970873786,0.07759434853235617
N:GTC,0.025914634146341462,0.06175786264441592,0.0279204107830552,0.1175385109114249,0.0555198973042362,0.025353016688061617,0.0889160783055199,0.045571245186136075,0.04133905648267009,0.059912548138639284,0.05443677792041078,0.09310815147625161,0.0684571566110398,0.06492698973042361,0.09038029525032093,0.07894736842105263
N:GTG,0.02654973210811458,0.060357987368673115,0.03148852105720015,0.11610643838486635,0.056182465802628034,0.02729803346403664,0.08937711395133048,0.047083121314615825,0.04115657457571313,0.06019336107037026,0.055957975395851414,0.0890927594360801,0.06764644257535395,0.06504235385674519,0.08999072106318656,0.07647639857523422
N:GTT,0.025794302869882664,0.06063970581704165,0.02963147189184868,0.11984047325084604,0.05694465416625956,0.02522583338514696,0.09252729097643517,0.04745831963973247,0.038398337226757145,0.057237771244326406,0.054120071413979016,0.08805947611984047,0.06871374896742848,0.0643880514820177,0.09083964719362604,0.08018084435483154
N:TCA,0.02741623061888109,0.06012638812197067,0.029686308537771818,0.1178161675124679,0.05695353790328942,0.02578598161149238,0.09197759722331782,0.04673380487847633,0.03854750072309432,0.05712883349548176,0.05518305242214685,0.0891903973074597,0.0677429816027276,0.06386894901527701,0.09146924000596005,0.08037302902018528
N:TCC,0.025703703703703704,0.06063703703703704,0.029407407407407406,0.12011851851851851,0.056266666666666666,0.026074074074074072,0.09225185185185185,0.04657777777777778,0.03991111111111111,0.05712592592592593,0.055155555555555555,0.09186666666666667,0.06811851851851852,0.06161481481481482,0.09034074074074074,0.07882962962962962
N:TCG,0.025369064409967088,0.061307005171603195,0.027118006582040433,0.11830747531734838,0.054424071462153265,0.025820404325340857,0.0929384109073813,0.046375176304654445,0.0399059708509638,0.0614010343206394,0.05402914903620122,0.09133991537376587,0.070841560883874,0.06358251057827927,0.08940291490362012,0.07783732957216737
N:TCT,0.024709807184342108,0.06219052157968287,0.028877921112789487,0.11980096448217646,0.05479131158267163,0.026123411714338796,0.09215085987544125,0.047109380679661056,0.03898317406722295,0.057473121319579636,0.05429856943221564,0.08795851272647964,0.07068022649983441,0.06268326373013886,0.09148848518138565,0.08068046883203955
N:TTA,0.024485095303268017,0.061643911829177375,0.03053821588721612,0.12357156368572732,0.056041437171056294,0.02446284118347409,0.09370097139232901,0.046600126848482824,0.03737023066395166,0.057504645547506984,0.056213906599459226,0.08532229528991554,0.06923256667890643,0.060731492917626376,0.09311680074773843,0.0794638982541643
N:TTC,0.02579074760348435,0.060928248116290835,0.02866246393261039,0.12037961354903114,0.05554036128926388,0.025811259862978105,0.09285216130840866,0.047786727200623574,0.0387613330233703,0.057010406552983166,0.05508909158040122,0.08734803834425041,0.06957074678299396,0.06308203536313536,0.09108810699194551,0.0802986584982291
N:TTG,0.026336011177086973,0.06141964528272597,0.02975123219621997,0.11995963829704662,0.056102767105212094,0.026320487445181822,0.09165211316800559,0.04768114254666822,0.03877052043311212,0.05684790623665929,0.054596965110412544,0.08850855745721271,0.06759032871502309,0.06343773043039547,0.09035588155392556,0.08066907284511196
N:TTT,0.02522386177323748,0.06413628267951238,0.029345809916668974,0.12299708695157326,0.05483113854975099,0.02487011249227135,0.09231010584793703,0.04744854486002295,0.03761123876846033,0.05639686362811415,0.0559385276032102,0.0842600026454294,0.07050684581760687,0.06215528670610202,0.09316525628366386,0.07880303547643876
U:ACA,0.017009128517214263,0.06978016342439058,0.02515641560395227,0.12958391739888545,0.04447331532701973,0.02058531915621047,0.08925091456118157,0.04733495162227769,0.03553283872952921,0.06355430954904441,0.0548565762932066,0.08961673903381312,0.07969845122910185,0.06582105371123799,0.09005094191254402,0.07769496393039078
U:ACC,0.01835023122213462,0.06982770147216805,0.025671881267549136,0.12685634719744018,0.04531769414129678,0.021609933100036425,0.09009133620113328,0.04717577031780941,0.03522967757998257,0.06301782923219497,0.05383810301026783,0.08872659538662277,0.08000793025067891,0.06685385746757588,0.09073221111065005,0.07669290104245911
U:ACG,0.01803230350882941,0.06912819840775808,0.026681518854634212,0.1253284408478852,0.04580152671755725,0.02237656848933591,0.08956524588015595,0.047596894145398555,0.03649051534908102,0.06291648920486191,0.05469318219047931,0.09079710382334633,0.0789765095174131,0.06667758739311339,0.0894210922910592,0.07551682337909117
U:ACT,0.017068006900977126,0.06940169757889439,0.025083284342543602,0.12900907962636357,0.043899590014332204,0.020948845930690522,0.08801819767687596,0.04682366773870042,0.036134069540024516,0.06421059507479261,0.0551079142219302,0.08963969675661759,0.08009513819245119,0.06661978920511963,0.0894706305018578,0.07846979669782865
U:ATA,0.014658656774264991,0.0694396766513482,0.02398815126515697,0.13407341786169094,0.04353025856818559,0.020433530812247382,0.08943580089696031,0.04564254470959526,0.03399313437794142,0.06277337910414706,0.054947123636564975,0.09007806876695643,0.08108908698300205,0.06548363877969104,0.09063728475721167,0.07979624605503571
U:ATC,0.01590432669416326,0.06973911215271122,0.02486133183276959,0.13105919600289395,0.04425941614054181,0.021401584249027623,0.08982358069961724,0.0456445519023974,0.03460056765831669,0.06356783764230106,0.05576098987737838,0.08975246881898626,0.07991738654563219,0.06493751429967165,0.090605811386558,0.07816432409703371
U:ATG,0.016399690200754827,0.06974171102614853,0.024842334312725128,0.13039843625142913,0.044558228735109354,0.020896082023038245,0.09041343446885411,0.04663892406230407,0.03427154149711715,0.06382233259161821,0.055265972486876556,0.08943609161206251,0.08017592171422248,0.0660351843428445,0.08952522036315357,0.07757889431174164
U:ATT,0.015010058810035668,0.0698006305280317,0.024009191986244502,0.1320130003268352,0.04346908159308815,0.02048302588494183,0.0909089063607002,0.045519414213880144,0.034392807189562384,0.06319693546324322,0.05589084922341114,0.09069372293713193,0.08095971806911448,0.06423022190283047,0.09019027492727409,0.07923216058367488
U:CCA,0.018283907393825332,0.07018114387722624,0.02607489309881959,0.1264512959605884,0.044832763654982496,0.021785007541895576,0.08993883453496257,0.04729598826508725,0.03625645212626102,0.0631824031662123,0.05468220251027497,0.08888020148623776,0.0797607350926477,0.06662123078200462,0.08870030305965708,0.07707263744931708
U:CCC,0.01725324379223148,0.07043070928159847,0.02712763752435435,0.12208265970235875,0.04474567839820918,0.022360402934958338,0.0882726029100858,0.048269286572980144,0.03764871699208225,0.06117812875678813,0.05493512415537039,0.0900053890477967,0.07839820917796295,0.06791029308129172,0.09052771214193923,0.07885420552999213
U:CCG,0.019081251683922867,0.070051191255148,0.026769562372502984,0.12244524845079097,0.048343019899157076,0.02237211808629383,0.0876024787344598,0.04715946268426927,0.036103306262268584,0.06167006658712136,0.053616104076055576,0.09087410030406835,0.07823024517916939,0.06925253069550825,0.09119164004464801,0.07523767368461567
U:CCT,0.01620432735876322,0.06953948947551471,0.025335181710859543,0.1292966205062138,0.04454230612854715,0.021333085141298013,0.08847229638047839,0.046335167015278504,0.035862116261640126,0.06252969732001587,0.05522109501672847,0.08954997232332237,0.07945900667669231,0.06602234708023297,0.09071092322538613,0.07958636837902842
U:CTA,0.015583308627334718,0.06894363326415653,0.0239725392825378,0.13130466202193894,0.04415579602727542,0.02065112659353691,0.08864975541061369,0.04637933590275719,0.03496516454195078,0.06362566706196264,0.05571357100504002,0.09012285057812036,0.07945449155054847,0.06671546101393418,0.09010432107915801,0.0796583160391343
U:CTC,0.016963511605439817,0.06916693502439991,0.02500433500953702,0.12955485644925563,0.04443013203200476,0.021566053159602666,0.08734424930020561,0.04645148505040997,0.03679060665362035,0.06297901855384082,0.05488865218360623,0.0902821471921524,0.07860982437018504,0.06672942109044068,0.08970249448834501,0.07953627783695409
U:CTG,0.01806904912322639,0.06995833831338467,0.02506104120067615,0.12702118940700394,0.04494425188245941,0.021095497464442434,0.08906892960199429,0.047471272218143325,0.03790957365069066,0.06315843393037035,0.05500537845544419,0.0893634640667953,0.07862362764013864,0.06598425734628716,0.08947017945259275,0.07779551624635034
U:CTT,0.01576833270309364,0.06996982782556728,0.024669256378863084,0.13002329683231834,0.04401012261908225,0.02139818014982957,0.09034463974529502,0.045403701578419886,0.03486856196930953,0.0632848798005093,0.05599437279691562,0.09013837948186364,0.07985709865851498,0.06537921478304329,0.08983956653612331,0.07905056814125126
U:GCA,0.017284174291149562,0.07047739831506478,0.025586556753329107,0.12655131805417158,0.04561101549053356,0.02161880605127276,0.08970015399945647,0.04708759851435818,0.03706404565630945,0.06276383730410363,0.0547649243590905,0.08873539269861401,0.0781683123471329,0.06626053084518525,0.09019385813932422,0.07813207718090406
U:GCC,0.018588749861587865,0.0702164765806666,0.026568209500609015,0.12456400177167534,0.04701860259107519,0.021502325323884398,0.0878571033108183,0.046603366183146935,0.03657540693167977,0.062202413907651424,0.05454822278817407,0.09001633263204518,0.07903332964234304,0.06784962905547559,0.08961493743771454,0.07724089248145277
U:GCG,0.018140806707310584,0.06980752657282391,0.027557002564184408,0.12383627522955303,0.04714481790034792,0.02307765967633822,0.08629916903401534,0.04736825305627374,0.03580282379478013,0.06265760158319768,0.05503952674306021,0.09122538223371317,0.07818102503537723,0.0675199761669167,0.09000180876078606,0.07634034494132168
U:GCT,0.016987123293008395,0.07128942395729843,0.02419983246644459,0.12774920616367638,0.0456382833654764,0.021355658153624373,0.08998110377340113,0.04637367775115423,0.03667718621549491,0.06263027681997935,0.0558802329885259,0.0900492860343249,0.07885278475834259,0.06552315274774512,0.0883983012876707,0.07841447022383262
U:GTA,0.016484784262115762,0.07006246955570558,0.025171556269601852,0.12828905201808286,0.044583265679345736,0.019967184255279147,0.08960663835169248,0.047202543220215866,0.035853764837587704,0.06299512036712615,0.05412888725569789,0.08987155712417853,0.08039857456608869,0.0671782732423494,0.09060222019022877,0.07760410880470359
U:GTC,0.018766195540346496,0.06944207566996584,0.026088917986608937,0.12691251794919758,0.04444248829519759,0.022435809268112873,0.08816975952201493,0.04763895842388165,0.03607444859514863,0.06384137585757277,0.05529728272530713,0.08977074542123535,0.07833277399690806,0.06687829756331047,0.08901151499480092,0.07689683819039078
U:GTG,0.01932390288554672,0.06876456876456877,0.026960862577300935,0.12778469627784697,0.045827080073655414,0.02183585060297389,0.08800332088003321,0.04815808240465775,0.03568349458760418,0.06419303679577652,0.05296910091430639,0.08901448627476025,0.07901459271322285,0.06702962182414238,0.0894987812796032,0.0759385211440006
U:GTT,0.016478653081978944,0.06977846412675694,0.024561040069806712,0.12875320941386215,0.04436681167881379,0.021095814735996282,0.09005819318631236,0.04639447070566301,0.03564411131408626,0.06331883211862119,0.05568215346177267,0.08969723221404044,0.08052882351833368,0.06525860499569985,0.09023396548585347,0.07814961989240224
U:TCA,0.016567126548339084,0.069673564439914,0.024529432336667,0.13158815061418466,0.043989231774398625,0.021021354811949153,0.09023404353377812,0.04587882221854726,0.03425933205553281,0.0637526669793392,0.05554094609651822,0.0899629401701987,0.08072102650577585,0.06507836242724263,0.08954815202392216,0.07765484746369249
U:TCC,0.01658999083285234,0.06987403660068583,0.025799578990255662,0.12793263844090585,0.04433334465079958,0.021996910331714935,0.08878976674702067,0.046934947204019965,0.03659644178861236,0.06269310426781652,0.05553339218415781,0.08979560655960343,0.0790539164091943,0.06631752283298815,0.08909958238549553,0.07865921977387702
U:TCG,0.017689741654289125,0.06879276339818355,0.026285032506269936,0.12676836543378217,0.04545399206213933,0.022529158245878887,0.08720689571209428,0.04618447003822835,0.03593951642357983,0.06314982103289586,0.05582069200613601,0.09056100708563637,0.07922642382332172,0.0663943607100246,0.09116973873237721,0.07682802113516278
U:TCT,0.01592920353982301,0.06881504981354705,0.024283408471085878,0.13101241164356878,0.0437997439750654,0.02122780653420159,0.08978404853342238,0.04577837145878555,0.03543997328435465,0.06336060555462793,0.05574664662993265,0.0904463739077197,0.07877497634552234,0.06600990705181722,0.0902487894473201,0.07934268380920577
U:TTA,0.014347924148579955,0.06994106999311808,0.023453448764436117,0.13207203455993338,0.04367702423706171,0.020232250154698497,0.09054633147695137,0.04540906909095115,0.03424475326312624,0.06404517774423567,0.05576953104668714,0.09069958419357264,0.08099261495399528,0.0635998773978267,0.09069090951149973,0.08027839946332634
U:TTC,0.015837599193134027,0.06899274962416031,0.02456041028373518,0.13056623342023635,0.04397800148432891,0.021177853051437705,0.09043226322099374,0.04564787151039982,0.03498639365163942,0.06306732763706255,0.05607147614607319,0.09062256179946336,0.08021560828940608,0.06560305619517022,0.08988753354012445,0.07835306095263468
U:TTG,0.016496653980560546,0.0707144305636121,0.024952486052357305,0.12917191324401184,0.04396042312172531,0.021252764769409977,0.09056182000820588,0.046004819777120676,0.03530416000528195,0.06278443523247643,0.055726904448625984,0.08948892441627405,0.08037992294015836,0.06516838565762605,0.08975302179274959,0.07827893398980396
U:TTT,0.014798566434881892,0.06990020332284821,0.02365938597481283,0.13173128669175896,0.04283029330506769,0.02036827116692266,0.09027174597566341,0.04587931815691028,0.035016349250747945,0.06328035161930373,0.05626955735160131,0.09019323031424258,0.08036895817896009,0.06479014235870861,0.09103563793157032,0.07960670196599945
