 ,X,1,2,3,4,5,6,7,8,9,10,11,12,13,14,15,16,17,18,19,20
B:ACA,0.03195752618942347,0.11768726296523989,0.0752398752138047,0.06451396974762678,0.059409079939615035,0.05055214896836483,0.043981673128515336,0.05782018739067556,0.044397392243315466,0.06127276986952409,0.07667199233385769,0.039285456348612184,0.02843976740867831,0.033719047862305375,0.02398487909795998,0.03458571652536327,0.03925022591515455,0.03549642323024321,0.012344743883556372,0.024795179067485656,0.04459468267067824
B:ACC,0.03100427208802068,0.1273281072059098,0.06268038876603539,0.06433740457095341,0.05806785931634541,0.049623104223281374,0.04289260729930526,0.06230078150890872,0.045582998415290336,0.060577485071793974,0.08790619482890559,0.03341146413916522,0.033534987135531845,0.0323298847319551,0.022990341104235333,0.03250462458047373,0.03636396502792825,0.033251788070691304,0.012511975705135544,0.02825061309584782,0.042549153114285886
B:ACG,0.02616500704664649,0.10686643716932745,0.06698934916710948,0.06709331608252662,0.058360095187487006,0.04748977658665065,0.04716632396090844,0.06514104844858258,0.04380472702908763,0.054109003534875126,0.08894947207910726,0.03405494073885821,0.039056904558371644,0.03417045953376614,0.02436291384608276,0.035799274541967976,0.03865258877619389,0.032680267079453824,0.014324330568583508,0.027632095741977218,0.04713166832243606
B:ACT,0.034379514819553154,0.11828644812305118,0.07330729230005886,0.06685702888998069,0.0595846730845004,0.05066570026219396,0.044575406303356956,0.05923686476336873,0.044624050823794954,0.062350114071400425,0.07419262257203037,0.04021928949813448,0.02625587990640794,0.03376172940999061,0.025431355284983925,0.03377875499214391,0.03759005316846084,0.03674850296488352,0.012705948738404362,0.024511973848705813,0.04093679617459491
B:ATA,0.039700244798358014,0.11194031779841747,0.09251671840950862,0.06366049802377671,0.0634433590367301,0.058278553130549644,0.0427841354120083,0.055455746298943516,0.04129776734591533,0.06421885541903948,0.057332447544132206,0.04402492962370331,0.01785709669664391,0.03330239964430566,0.026599525913211616,0.02994191532096503,0.04226455283586102,0.040175882579507764,0.011694485445225397,0.020377459939149384,0.043133108784047525
B:ATC,0.036215172735458545,0.12103466369543107,0.07424094215807578,0.06409641832233155,0.06252874605652689,0.05295104587060873,0.04338306266154474,0.05778038336712682,0.043681049951739014,0.06201374628325635,0.0737032694388122,0.03832051772052679,0.024917567646353868,0.03321262688752275,0.02392319701494471,0.03282394781335631,0.03809702725288108,0.03684677623097902,0.012641786887263634,0.024230901281993147,0.04335715072326698
B:ATG,0.035371125220812774,0.12027278080309663,0.07574962227892476,0.06475577080204677,0.06037831447390644,0.052034216280120685,0.04375174025570918,0.056854439306727775,0.04353720381418406,0.06246433902235287,0.07220977099376019,0.04069801941783026,0.02544310904385216,0.032972425220356316,0.023726817511651156,0.03302263587688347,0.03990149582110399,0.03680441123440617,0.012228577166932174,0.02386375566581613,0.04395942978952606
B:ATT,0.04043752595186944,0.11143281399505335,0.08752550053257749,0.0647803794840317,0.06431324583416079,0.05638325720784965,0.04317714069072593,0.05453954613565381,0.041333429618530086,0.0650827751800834,0.05851808055460273,0.04452212453286635,0.018534148146810855,0.03398792222563232,0.026563430882273295,0.031796681771406904,0.04114612482172194,0.040669964434655446,0.012066490946182593,0.0215265115271434,0.04166290552616851
B:CCA,0.032026465826705146,0.12920793572584943,0.06161550141278444,0.06503836137115507,0.05802974388882744,0.04905630021418013,0.04273748353427385,0.06255065410411367,0.045782260253999535,0.058498325775020364,0.08909089080835403,0.033422156080000806,0.03389878229042022,0.031714748262928735,0.022065581353256442,0.03210087582580016,0.03620147010025239,0.03305815040875223,0.012639644440869189,0.028139046144254845,0.04312562217820189
B:CCC,0.02744549572144811,0.1337581821281811,0.055741018500443544,0.06574366247995395,0.05489099144289622,0.04729758112939932,0.04025273478908704,0.0667419500707944,0.0442730662502193,0.05944011880610735,0.09997454860845134,0.0285253266055998,0.03912595473605918,0.031156951071553005,0.020378410301141854,0.031063052733800684,0.03470037781725901,0.029278984316506586,0.012513189009940869,0.030939502289389735,0.046758901191767586
B:CCG,0.02255512539976435,0.12066695050348031,0.05681356871986297,0.06959612661762231,0.054457063081081614,0.048031129637513985,0.04480331098943533,0.06869510975573533,0.042545818192619586,0.05366496034535679,0.10554768953533274,0.02667405962553343,0.04321910551798568,0.030169212946919214,0.025416596532570276,0.03140687347148925,0.0329910789429389,0.029149380674673504,0.014376664653405547,0.0315949978712239,0.047625176985455014
B:CCT,0.031243100237791453,0.1302049852186333,0.06161866223258231,0.06418415257731153,0.05710121084110177,0.04787873222181624,0.04289820298440971,0.0626659606520605,0.044988891993442665,0.0602372443546512,0.09128690701123306,0.03294105233952008,0.03406259952754336,0.03170227025379401,0.021496972408766826,0.03258543981648831,0.034900829046118256,0.03224545861315024,0.012350696472988103,0.028470494907120652,0.04493613628947641
B:CTA,0.03659837881350115,0.11914597542635708,0.0746475885006833,0.06453545331444653,0.060441926204189624,0.05197406600812465,0.04293835372816734,0.05786475136190898,0.045035038345615994,0.06446993192015125,0.07292843191703119,0.039824527465944476,0.024817008105932493,0.03359375487510374,0.025369259857849775,0.03182779729552645,0.03797120802730682,0.03758431979432522,0.012339862592275964,0.023778025996393202,0.04231434044916476
B:CTC,0.029664482761469633,0.12734329172071351,0.06279691334054875,0.0650069813362856,0.05843874187232003,0.04847071556631443,0.04382131083883441,0.06146674157489032,0.04561621652883003,0.05958508555235176,0.09062104976164313,0.03439237588505994,0.033654998058444935,0.032936209588803424,0.021115444037773573,0.03311177573799747,0.0350016936969687,0.03215132562770062,0.012359856903260986,0.02725406280724076,0.04519072680254798
B:CTG,0.029428635558769983,0.12757396646465655,0.06223408235030052,0.0665053910932655,0.056847145671746015,0.04861211561962241,0.044517046163054595,0.06259819936653616,0.045453109542692306,0.05776325743405575,0.08955117174185932,0.03335744153760464,0.033854569336026805,0.032087188567723274,0.021855334148024375,0.03376977496238289,0.03526947153153603,0.03214870605448454,0.012792311976789619,0.02915430082051026,0.04462678005835848
B:CTT,0.03620027581162523,0.1194694816722413,0.07198150081143476,0.06499478091261647,0.06056617574229137,0.050693719571196734,0.04424033706923481,0.058291872699982476,0.045034628835267314,0.06250142858231302,0.07582153006880052,0.03946696736737042,0.02539447919603197,0.03328406311667136,0.024459233975116002,0.03350692195750063,0.03778885934369024,0.03705742519943009,0.012802002300969912,0.024695426250866674,0.04174888951534869
B:GCA,0.03135342141629654,0.12444480706567466,0.0654426500359505,0.06762772624590138,0.05784460207136046,0.04840568476769861,0.04500696062783333,0.06176601071885693,0.0451726898619603,0.05777066133613458,0.08453465780737673,0.03553234779682106,0.031651734037725074,0.03214127269853088,0.02254937456336721,0.03402803628705323,0.03557569236574657,0.0335359479457224,0.012332804699571143,0.02828360606416016,0.044999311586258244
B:GCC,0.027974153192493804,0.1324855423108698,0.05568275699280066,0.0665555293284551,0.05495692198748967,0.0467927534521421,0.043889413430898146,0.06574117785908179,0.04566859435855069,0.05729080608993273,0.09929481883630355,0.02984480113301074,0.0383600849758055,0.03051752625988434,0.021928478697037648,0.031086982178685236,0.03358019591644046,0.030251976867697393,0.013088634486014399,0.03099846571462292,0.04401038593178331
B:GCG,0.02227124697972476,0.11809130277456782,0.05775583336251474,0.0704555800679343,0.054078976549824326,0.0500636154591402,0.04542960861901927,0.0662884756802185,0.04150762801881617,0.05278332224440009,0.10357063650476823,0.026590094664472225,0.04249979573017707,0.029718341095586603,0.028224253247890185,0.03134082711769443,0.03312672899814406,0.03185441981534008,0.015256037632337663,0.03160929602782739,0.04748397940960185
B:GCT,0.03015449065428382,0.12430029673874318,0.06221949102490836,0.06723846461013885,0.05738224301970527,0.0480688070433009,0.04522814929234625,0.06245382137810159,0.045876144452707115,0.05852520127303551,0.08907422772606303,0.033963554456700296,0.03319839411974281,0.03197413758061084,0.02258418557051072,0.0330812289431462,0.035608649181158886,0.03268669314440249,0.013196624686463597,0.028712641644329562,0.04447255345960073
B:GTA,0.034952746969123774,0.1156594387619812,0.07854645222193544,0.06514660283765676,0.059634633130508874,0.05277914290462065,0.04362552547562394,0.05725518758021348,0.044389210823118454,0.06587493238202652,0.06981710443043569,0.04004044703877471,0.024512178306386318,0.03379307662663211,0.026180972213874325,0.033397091631634956,0.039326259815654845,0.0377741400584785,0.01254423894865984,0.023242904974207942,0.04150771286845166
B:GTC,0.030393942882683985,0.12379368959982663,0.06640548282891218,0.06609734459335911,0.057699731140924145,0.049142969369027706,0.04443624247431617,0.06110618240429091,0.04483242020574153,0.05818056223376518,0.0858960727612572,0.03580159960991731,0.03260170254840479,0.03262879162405781,0.022446685312980406,0.03379023574268087,0.03659734120722466,0.03391552271757607,0.012762340767027177,0.027051828173993132,0.04441931180203303
B:GTG,0.028998110310095016,0.12213061430411173,0.0661214446612941,0.06565455406416094,0.05823962330115993,0.047627266410872574,0.044409925518779626,0.061808791704836635,0.045140133561689305,0.05781034948199484,0.08663807791541094,0.035824449135477936,0.03464283975695136,0.033299699508326584,0.022634236578554897,0.03486854042475981,0.03725388669826476,0.03249425790948075,0.012448940755787452,0.027274376778499136,0.044679881219491686
B:GTT,0.035026975235046574,0.11572947459537147,0.0755442682389064,0.06441664352948222,0.06079363264683946,0.052113105445676614,0.04381910532590766,0.05808794307708221,0.0443226793403997,0.06334961102309908,0.07255276639065367,0.04025870094236391,0.025148758485902648,0.033946332620163645,0.02601980542988889,0.03328760336877406,0.039169892262381115,0.03740874422250894,0.012758115707698421,0.024590744037411467,0.04165509807444185
B:TCA,0.034104866984419606,0.121088137058096,0.07244596674450833,0.06521031086285037,0.0604248579584764,0.05163094961863261,0.044686933882837294,0.05813431199535079,0.043394776448248774,0.06241524873498426,0.07525167267331834,0.03960132579184557,0.0267350992108686,0.033404504882311496,0.02383147031337479,0.03336618719891348,0.03841560636669597,0.036001592312621206,0.012727857168706374,0.025281156001932915,0.04184716779100684
B:TCC,0.03283164700229323,0.12727529439627983,0.06428098078197482,0.0644472227346118,0.058469344300747635,0.0487498832890401,0.04240991621861045,0.06181467893668914,0.04435471933576092,0.058808660067088875,0.08845438252501031,0.034084154864626674,0.0330707621396478,0.031786372259000405,0.021575017250449195,0.03297056151066112,0.03587410246425229,0.033230172231217506,0.012449928151594443,0.027020010521066045,0.046042189019377434
B:TCG,0.029379902632575016,0.1149483796024381,0.06262317762376496,0.0689142096401582,0.058302987587611106,0.047926700340655465,0.046647610843546475,0.06619940744221256,0.04220995340459689,0.05667149588211493,0.0908414581620267,0.032603730242635444,0.036871712544213425,0.033217171123902,0.024002505971259643,0.03182061422399728,0.03653236226947022,0.03214691256509652,0.01333907618413668,0.028570682746648916,0.04622994896693945
B:TCT,0.03398982458341315,0.12211347573039384,0.07094140404473658,0.06410580263218124,0.06091517717126131,0.0517450958120074,0.04371258601719411,0.05763469881478945,0.045675787018121465,0.06125594003929793,0.07872978521767288,0.03831293559581794,0.02683210901699237,0.03391014371377275,0.02277686135359149,0.03344053518418996,0.037227919498586934,0.03578857783210393,0.012359011482521916,0.02483500126302655,0.0436973279783268
B:TTA,0.03746748454381571,0.10770812916651543,0.08670949632802197,0.06582459196883356,0.06324755302287878,0.05436463286269101,0.0444484773692425,0.05634157259869575,0.042974846648034554,0.0650333321234559,0.0608350574086845,0.04417020555817696,0.019041051141519365,0.03445972922942906,0.0281175516920136,0.03308288870337435,0.04035909162401849,0.040184869272742674,0.012650478506527289,0.021579374009412847,0.04139958622191572
B:TTC,0.03740539830240513,0.11912319676742457,0.07384578742695702,0.06413204610690659,0.06121443325216306,0.052399998357431185,0.043606095572866405,0.05721888461364728,0.043601989150832986,0.062497690137606206,0.073069673662641,0.040259361615630686,0.024874651467429915,0.03358437260030962,0.024024622106512374,0.03318810287408478,0.03910135060220679,0.037173385457517014,0.012522533990908382,0.024451689997987854,0.04270473593653114
B:TTG,0.03695631203979734,0.11966302715166993,0.07475092212785309,0.06447545509248839,0.06128992250910644,0.052312094918306136,0.04329522330881981,0.05734647662181964,0.04424376329219166,0.06343964024381842,0.07277575412373738,0.039916767338989356,0.024834292591282617,0.03311621796667937,0.024942237819414525,0.03232385405805156,0.038469841940625533,0.03791633555807683,0.012468822202725731,0.02462299554898187,0.04084004354556437
B:TTT,0.038172742432139244,0.11077140265848083,0.08156969928278197,0.06643329379947717,0.06248811590396419,0.05482757630102637,0.043629508945731914,0.055972553380965476,0.04285661521793551,0.0656904950486923,0.06540596072058319,0.04225745158470573,0.020751854602958336,0.0344792679807228,0.027252369637451285,0.03210450070381208,0.04058307650006361,0.040406610498495935,0.012741118903886219,0.02229353819804957,0.039312247698076244
N:ACA,0.06514771051759886,0.09322758352507916,0.10579731186420985,0.06189691125786368,0.06629371943331161,0.0640750123946241,0.05617511605951298,0.052025468790887645,0.044196834838225126,0.044113727906484136,0.03341542442078795,0.03408600706266785,0.01441711572488356,0.04314127647481465,0.04340610666222872,0.04069281304938242,0.030796106855503897,0.03253896957744236,0.0339816078117283,0.021404926025424785,0.019170249747338344
N:ACC,0.06506969589953898,0.09540021981913184,0.10269974424832191,0.06261265811735064,0.06575764265168058,0.06509647405357975,0.0559151141722744,0.052737638450028455,0.04491489759143095,0.043577100004979274,0.03580098400104124,0.032891127363263474,0.015763857945169008,0.041998407336120334,0.042488997197662116,0.039375745723530156,0.03035445909469099,0.03261300279470245,0.03321441468302775,0.02204204895820932,0.019675769894266365
N:ACG,0.049068762845783494,0.09362304891711341,0.09828098499740624,0.06435814311875511,0.06292592783891238,0.06264693515573326,0.05518705125209195,0.05412893979742119,0.046048323593468034,0.04516022330510954,0.0399025586350283,0.033266574998900275,0.01958813969343301,0.041247192404952594,0.043750332723873464,0.0404588267168783,0.031091436021046512,0.03677881811460391,0.034704998922734216,0.024962183413647206,0.022820597533107594
N:ACT,0.06786293595174617,0.09294869341314616,0.10776961541600004,0.061826992658760634,0.0667734485029315,0.06461414069321639,0.05637648115974415,0.05214887163035191,0.04378182871831339,0.04386493539829884,0.032157724670215916,0.03452512492876279,0.012560978152186288,0.042489257209514665,0.04389349950217429,0.040942927332431114,0.03069486794059448,0.031746364927661766,0.03391544520342121,0.02056452604598369,0.01854134054454461
N:ATA,0.07804309721100636,0.08827480070287809,0.1139026885003774,0.059741088572165923,0.06745772777135314,0.06416766077631214,0.05634207927340556,0.051647634952416144,0.040719341461441606,0.04395541629269607,0.02665300079667495,0.036973324934342904,0.00965850396131774,0.04411883760053861,0.045521770110004085,0.0431664522658468,0.030927050634708665,0.028825706401009725,0.033593412340400586,0.018405658516964667,0.017904746924138827
N:ATC,0.07080627410403537,0.09297469664189634,0.10861950898316244,0.061104552723168094,0.06694889944501928,0.06467665318408428,0.056137357727401,0.05222636628727307,0.04311993227353965,0.04358736243062741,0.030979705578026526,0.0346037061424137,0.012483350578496848,0.043106104787884486,0.04372142789953908,0.04085462327156429,0.030618003950710185,0.031206142413695796,0.03364415388956824,0.020118215595898787,0.01846296209199511
N:ATG,0.06899683915543962,0.0926576218807234,0.10817087108594262,0.06133281798695275,0.06659562920998427,0.06414200480006686,0.05645082154898792,0.05216127565825721,0.043247577028844304,0.044070265869387074,0.03132937353478425,0.034894784782952194,0.012681572255922473,0.042808124201069456,0.04397534351295893,0.04123661101577101,0.030950161534252195,0.03150634481866565,0.03389827907489937,0.020510833689569248,0.01838284735456917
N:ATT,0.07592438035342594,0.08892373191244991,0.11434776312185886,0.06016406835777151,0.06743435618904878,0.06428144392905613,0.05648806244514355,0.05150149668509911,0.04124018507279774,0.04395470361789203,0.02699216757356168,0.036762691691911875,0.009481600040198133,0.043643746109990826,0.045559652978632126,0.043008024432040416,0.03085062173045006,0.029356640734082916,0.033812987745378366,0.018497064274404677,0.017774611004805378
N:CCA,0.06549016061400818,0.09599559237899308,0.10243787696357089,0.06279580069017258,0.06578115507586894,0.06526285428678946,0.0558805042578067,0.05259704703896486,0.04509276101418795,0.043427176279925074,0.035846385511674565,0.03273789115877294,0.01575428686844724,0.041845671371666504,0.04232387089445785,0.039199957120006755,0.030293742314073547,0.032590410405047204,0.033131113333933114,0.02201231026303056,0.01950343215860198
N:CCC,0.06164039751847944,0.09681102195855437,0.09792110498820904,0.0637555318913113,0.06442077339621845,0.06562550251648622,0.055797642543221775,0.05337054838518068,0.0459149887540408,0.04331670372454657,0.03949534332171282,0.03188275054178396,0.018864381631457088,0.041079244668349835,0.04155203422347769,0.03840150003276117,0.03008148651189108,0.03333808115093957,0.03267144346922991,0.023299447469153984,0.02076007130299425
N:CCG,0.05097246305194863,0.095412871306088,0.09383123091006627,0.06521337140626236,0.06196763610495759,0.06546202105290835,0.05504188603329219,0.05459831792801107,0.04647962116082802,0.04342437435318939,0.04370517697138443,0.031531776138722496,0.022588820083117574,0.04091644257236348,0.04236375499835805,0.03791835660303427,0.03017420622887371,0.03572195139099471,0.03300766898387179,0.025627918953933796,0.024040133767793813
N:CCT,0.06374431430977869,0.0959165700266385,0.10135438626317424,0.0628021458913159,0.06560456223540863,0.06522789925878603,0.05615628900247946,0.05284253076861128,0.0454239125549161,0.04359107489047256,0.03672135536916375,0.03262251761716066,0.01608582674703871,0.041861910790476346,0.04223350049638669,0.039188205879238235,0.030386245436040956,0.03282685363214338,0.03329330255086789,0.022397449991648263,0.019719146288253716
N:CTA,0.0711353120632649,0.0920529226584779,0.10850164611865973,0.0612462090090663,0.0668346172445728,0.06477589430452886,0.056390724486721666,0.05219458554257847,0.043251312123395336,0.04383487030148737,0.031154696924121778,0.0347641799162141,0.011911421146788235,0.04269995638622431,0.04402815698826827,0.041002664421797126,0.030698435643361784,0.03114305025458659,0.033837921488768075,0.02015272457864631,0.018388698398470075
N:CTC,0.06172973372872951,0.0954653700312456,0.10149354548531629,0.06276046840484863,0.06544290023780694,0.06512068208343388,0.05607456222284172,0.05282440121110861,0.045689395827981344,0.04378102552630464,0.03708742452705382,0.03269320179584055,0.016506755076099423,0.04190827388468955,0.04239779405350086,0.03940189576192643,0.030452378305769974,0.03311828945881423,0.033625683853705395,0.022578466508215236,0.019847752014767375
N:CTG,0.062237302525683,0.09632806546412688,0.10171882726203002,0.0630952156580552,0.06584152453250569,0.06524181041187514,0.05618641839224685,0.05264001613905602,0.04562687152827688,0.04339793135028619,0.03681722155052551,0.03262258770576346,0.01614470210329465,0.04181233704321849,0.042365992731115416,0.039174015537400554,0.030411346131710454,0.032914194045778715,0.03342768005033263,0.0223909827068947,0.019604957129823547
N:CTT,0.06841226118742698,0.09303373588574061,0.10767429510680956,0.06161157273692746,0.06674857267231761,0.06475700282976568,0.05617399719035272,0.05222548729231169,0.04375390781723909,0.043813822363263095,0.032110762560978966,0.03433702176780702,0.012480642116178726,0.0427217000791182,0.043580515759242655,0.0407521176441485,0.030736921868696854,0.03180906250738865,0.033943998756670604,0.020641252485397596,0.018681349372217725
N:GCA,0.06317715737619692,0.09532975999795054,0.1032573233904798,0.06274540235801997,0.06588951887004424,0.06454662881964265,0.0563293667666904,0.05245250429949217,0.04509155315561104,0.04381887265422818,0.03578012006507048,0.033173891524609506,0.015217534512230957,0.0418350676568685,0.042751716401961896,0.0397441666121716,0.030701316347181117,0.03289798918503279,0.03370065576104021,0.022121497576422226,0.019437956669054818
N:GCC,0.05907951228074622,0.09759963065952001,0.09682710427410898,0.06431197056277103,0.06448884846821307,0.06571401781667414,0.05604970296106017,0.0533018939147799,0.046832874376512124,0.043284295102450326,0.040449361554346946,0.031573177975573054,0.018629038498716423,0.04091572199215212,0.041504393771201416,0.03794469222031114,0.030138539080175573,0.03375044792442136,0.033055204511033706,0.02392007410537124,0.020629497949861044
N:GCG,0.04795637162889093,0.09635975824061019,0.09183154742717942,0.06570483214824006,0.06186006647345767,0.06470996899834608,0.05425425942849426,0.05461481996635375,0.04700355264065546,0.043324051462781905,0.04552490861765167,0.031117229861256087,0.024468974047831694,0.04056551763552371,0.042015586189348336,0.037965149940219024,0.03013201320732704,0.036470307084368436,0.033221258037760756,0.026142732102428314,0.024757094861275197
N:GCT,0.061721309254512136,0.09551723460801394,0.10162742949435627,0.06311495274102258,0.06547976616017988,0.06514811261945971,0.05607286144123053,0.05269817101521764,0.04577930510228156,0.04368737655629581,0.037058129245564196,0.0327686537651268,0.016247554019734378,0.04151543765569567,0.042545470663389214,0.03935062652119982,0.030483921506207434,0.033170404873164,0.03368185749395863,0.02255586304077677,0.01977556222261307
N:GTA,0.0708987936096744,0.09143504610486321,0.10901472384515781,0.06114639476399305,0.06687529066323289,0.06416537119934765,0.056231222399729705,0.052053458001771705,0.042804713800454884,0.04395298904752127,0.03072220247574451,0.035214533182726035,0.01208203347400415,0.04316889225633092,0.04433675938235267,0.04160030514983922,0.03078322682181636,0.031080562396550594,0.03386578550996438,0.020030855101189807,0.01853684081373478
N:GTC,0.06250795832792555,0.0952976187701473,0.10286931609779291,0.06284193208942572,0.06577887710722416,0.06487073835373078,0.05625056582331494,0.05279637549225095,0.04506885441050227,0.04385569242175814,0.035509108497985366,0.033166814649653244,0.015293176827115553,0.04208747156162819,0.04296353165997656,0.03978765279682938,0.030669279737894694,0.03291668700972713,0.03367427689313748,0.02219333848391001,0.019600732988069684
N:GTG,0.05862431386607366,0.09542888282680713,0.1005814361426514,0.06325581540519198,0.06521333167790103,0.06415712209011867,0.056172640511403735,0.05249410698121826,0.04595932443931655,0.044181011551018064,0.03763897331904408,0.032656077493688464,0.017568072661317803,0.04233050657322959,0.04231044195543199,0.0394191710653781,0.030632793862642813,0.034231109456219266,0.03381968345491478,0.023250392688891047,0.020074791977541574
N:GTT,0.0695799663615371,0.09233282708829214,0.10922337232746968,0.06127937945926678,0.06687200636955651,0.0644967535299857,0.05593337331892571,0.05200451201296812,0.043241398857746534,0.04383608442357802,0.031212686541825393,0.03474669969987822,0.012259620231595353,0.04282419332410552,0.043992607018484856,0.041151693713009106,0.030662444115677114,0.03153586568685598,0.033898874201154415,0.020178125680058914,0.018737516038028867
N:TCA,0.06812697307262215,0.09309631735693114,0.10793904150502544,0.061553636445126965,0.06669064265581304,0.06461043367381267,0.056445207138390845,0.05219741171429171,0.043605893622159005,0.043766809203539564,0.03178816283758609,0.03459976091544165,0.012814529123399811,0.04277405288314097,0.04389632013145243,0.040913260629897176,0.030712902766552027,0.03163692813984865,0.03386444623790299,0.020537212859294062,0.018430057087771633
N:TCC,0.0656570357790905,0.09532525660057382,0.10316979606334917,0.062384076894121274,0.06583768368326047,0.06511120209539781,0.05593815888842698,0.05262380520910363,0.04475500254223369,0.04357771651618896,0.0352177755180145,0.033015776780094035,0.015368450997757962,0.04216699292653927,0.04258986029895411,0.03961519147695526,0.03042315027940995,0.03258283084597836,0.03327280957294403,0.021790145091995852,0.01957728193961036
N:TCG,0.05491687672658935,0.0941946785474937,0.09971180196393432,0.06356178563344955,0.06344175841351736,0.06347921162465099,0.05491112603669088,0.05370082699344347,0.04530998061722597,0.044227081473267774,0.038903859523916604,0.03319622607289073,0.01871362965114693,0.04174057163332127,0.04330402201776963,0.04005709402894071,0.030661204002775076,0.035418056723920434,0.03401105459542791,0.024007803243831463,0.022531350475795863
N:TCT,0.06760065721793991,0.09348846537010763,0.10677457782198235,0.06159837873240146,0.06664893283343165,0.06495219243289276,0.05617025259986251,0.05231097264679736,0.04402047061614994,0.04366350571490328,0.032826066394613544,0.03400313007357136,0.01324423512280582,0.04283417598294224,0.04334720901773221,0.040437365212628855,0.030670976612207287,0.03181934632492634,0.03387424775036119,0.02088425390974792,0.01883058761199439
N:TTA,0.0725501118290057,0.08859352676176875,0.11334896188528504,0.060617918090149873,0.06717784759012696,0.06409592946174349,0.05653265819172323,0.05180995546553971,0.04185619678286466,0.04440393693402221,0.028245155534360186,0.03676003373773613,0.010004503542283074,0.043168838115960964,0.045539679604159375,0.04317694568687042,0.030999322975157634,0.029787881195581664,0.034125568180702906,0.019104304582492956,0.01810072385246508
N:TTC,0.07054169240316932,0.09243741932527938,0.10939868339587065,0.0611166337885257,0.0669557684717617,0.06469052467371557,0.0561714782807476,0.05198493779432983,0.04303506265165446,0.043607348237088665,0.030721021957171617,0.0348028901731991,0.011858094864758919,0.043104351673482956,0.04398629780272311,0.04109964617360706,0.03073109011356393,0.03140076721484148,0.03386563772646955,0.020045653681984195,0.01844499959605521
N:TTG,0.0717618892301521,0.0926697394460073,0.10927518500724355,0.061166449297986175,0.06700291173282973,0.06471362498827804,0.05599750866481193,0.05187045090736119,0.04304821953701238,0.04364362693509722,0.0307104531345129,0.03461691970792756,0.011903984273598338,0.043026204246904544,0.04386082985472926,0.04095364842495349,0.030558082378552173,0.03114686496116046,0.03366105829117824,0.019919151291349323,0.01849319768835408
N:TTT,0.07404312318784621,0.08983227024390357,0.11242847029001163,0.06073787982872002,0.06732641048275433,0.06469148391131692,0.05607072230265483,0.05153664197273123,0.04197085922043648,0.04374553096916884,0.0289017110033119,0.03589625187441272,0.010643527341350045,0.043417823951786186,0.04480508129827317,0.04228767645217323,0.03053992102199692,0.0300477390419572,0.033709470098919316,0.019074458665552664,0.0182929468407226
T:ACA,0.03868906754841553,0.10204958058205967,0.07272449441176526,0.06719333380832754,0.07672596029818883,0.06183634698309816,0.04514659155218101,0.05595421998123246,0.05833162970039533,0.04497952605943175,0.05729872515602271,0.03656738983009701,0.02553208842175029,0.042365256629473845,0.036519918122528056,0.03655890977025107,0.030178080425386406,0.03298373316676944,0.03038255794686777,0.021303406814160403,0.026679182791597457
T:ACC,0.03642432636945634,0.10561482093333684,0.06836550864272452,0.06771970800914531,0.07513498208771463,0.06340716453954376,0.04552383289192567,0.0575656149052191,0.057988838692034805,0.044157310947034824,0.06261581488099474,0.034475764409431515,0.027704105778007533,0.040636663432590744,0.03597074409968446,0.03512554520401525,0.029750064619084544,0.032108739247321896,0.02936125751860218,0.0229347022589833,0.02741449053314803
T:ACG,0.026740876115217787,0.10005038733311147,0.069617562014819,0.0657364261706938,0.07297765412311367,0.062379768143342285,0.045323936855368376,0.05837406881773335,0.05789517062075072,0.045935203263251026,0.06160803649866102,0.03538882849762705,0.03207525257665337,0.04020934157429509,0.038690229040711344,0.03587958988332242,0.03106688153607065,0.0341054187924148,0.03021803916475659,0.023981123793622973,0.03174620518446322
T:ACT,0.04125417639636382,0.10219019169587179,0.07386835767841411,0.06818958867905656,0.07723928899797264,0.06204972099652616,0.04560675321128094,0.05625746557899232,0.05767009498236152,0.04509341951889453,0.05637089188783695,0.036933156980568815,0.023036119937832524,0.04203535727063241,0.036905626906668,0.037189463170772055,0.02942087303755054,0.032350661972047716,0.0302672725366715,0.020808107450479528,0.025263411113205587
T:ATA,0.05245234901547921,0.09909857654865876,0.07968655305920926,0.06767991159154127,0.07866286607191673,0.060531142501370094,0.04463964756685181,0.05550467745904222,0.054852763252396256,0.04641613352809886,0.04773536548807718,0.03999601426176584,0.01823791212316112,0.04355276654187161,0.0367842337195373,0.038778795534054784,0.030131368555470626,0.031132937629572463,0.030957574174989143,0.017667416663285973,0.02550099471364948
T:ATC,0.04347230796728495,0.1034735191539412,0.07385017032505957,0.06715991288129534,0.07759059970466871,0.06210467998187247,0.04492851985246445,0.056030160716105594,0.05689100156463013,0.04532664712866674,0.05542812970167327,0.03681356925556008,0.022796019749467124,0.041916118973843015,0.03622749121115258,0.03725808405139768,0.029898266516202796,0.03224002312096471,0.030427734749502746,0.020305420385541468,0.025861623008705367
T:ATG,0.04302048643121525,0.10239220006991492,0.07394487160344963,0.06737100316590688,0.0779193888381036,0.06138617577181012,0.04472328093057269,0.056004732602920285,0.05740421733759595,0.045389214369474,0.05527139699408969,0.03734932177510139,0.023103900121415572,0.042181140689519885,0.0363445441475316,0.03713428189215901,0.03017104459936878,0.032410468214835196,0.030498673066961038,0.020331028772260847,0.025648628605793665
T:ATT,0.05086820556042302,0.09919884937616065,0.08004029606653949,0.06796697459182059,0.07902416072789377,0.06092586548575262,0.04481122514531094,0.05513579224151792,0.055387049474250424,0.046520349841746314,0.04799613900880864,0.039673855289060665,0.01815160599917661,0.04305025371831171,0.036939003356406895,0.03932072200737213,0.02980126850321215,0.03147495366230008,0.031101929814066114,0.01782376503687706,0.024787735092992185
T:CCA,0.03674327659235081,0.10631023962417928,0.06778458043320944,0.06809916158035449,0.07522419721180441,0.06351126288311452,0.04538717627383936,0.057494081808241074,0.058199446015230555,0.044004670790489794,0.06310615929921,0.034203003776959826,0.0277092732919404,0.040405201841514866,0.03566683311227113,0.0350077754173884,0.029751097793604454,0.03197825287306821,0.02938906031125293,0.02297968503000359,0.02704556403997245
T:CCC,0.03316904132060671,0.10760450661549824,0.06379009288735517,0.06793240290280658,0.07315242884112208,0.06483070831779694,0.04506768971496946,0.05902521525625631,0.05845769783170309,0.04368162599447336,0.0674753194979636,0.03279042946088714,0.03153521837643441,0.03949140563089387,0.03512936194359604,0.03356693742908534,0.029590778899481956,0.031388751504371586,0.02873286337596865,0.02418478340652451,0.029402740792204948
T:CCG,0.02465423378804524,0.10398855105480649,0.06414528167714598,0.06750964797860119,0.06865937006028418,0.06680139376806167,0.045144059859232095,0.061294161476243156,0.05751659395150904,0.043845699674171304,0.06919643636971123,0.0319568746234422,0.036245465029233745,0.038238422505079264,0.03716492509179514,0.03328000782573262,0.030394268921265316,0.03238532078040086,0.028221230666327465,0.025835398545442766,0.03352265635346903
T:CCT,0.035789170413889446,0.10603199579843385,0.06719918939232093,0.06795756549852609,0.0750604628285135,0.06363246623230871,0.04537764466052512,0.057731265368996317,0.058678746923629274,0.04402042606275256,0.06390051561963689,0.0343033786257254,0.02778440929721997,0.04040191362165065,0.035717735149307935,0.03487331786409279,0.029658594978918627,0.031866762379978215,0.029505284306695814,0.023135562737596826,0.027373592239281083
T:CTA,0.04483766317796005,0.10247802819997216,0.07419448611062662,0.06771751716315377,0.07721245551908436,0.06180018161829326,0.0454564856897763,0.05607099092246114,0.05718650683356645,0.04513690951080464,0.05540940821768389,0.037140828444980574,0.021959084496766916,0.04218555598190719,0.03659274779625593,0.03721247052266084,0.029458172091772376,0.03196279413105099,0.0304777401313038,0.020317918283770893,0.025192055156147846
T:CTC,0.03500801484097347,0.10495293787384559,0.06796965015846096,0.06733535133721238,0.07548912539139079,0.0636322503783625,0.045054580172905555,0.05716683598584766,0.059107984017510856,0.04405501326742142,0.06347374180646653,0.03480850355104701,0.028108236171000063,0.04105689452503139,0.035819233777182026,0.03481908489763552,0.029719563629499228,0.032267446074547915,0.0297329490329337,0.02279084497660623,0.0276317581341192
T:CTG,0.03397656855522156,0.1055378508750501,0.06780268758797607,0.06846382843238691,0.07496765335266958,0.063819453876604,0.04568568261988173,0.05750405431725588,0.059016920086368156,0.04398091110556697,0.0637788787638098,0.034430296119464056,0.028144678076129925,0.04030249737836751,0.035986204109206,0.035009714016824706,0.029690056802074028,0.032039844848874885,0.029460659828871708,0.023380384457343993,0.027021174790052428
T:CTT,0.04195593775571473,0.10276341989286161,0.0734984684288065,0.06775801668115145,0.07745229447877071,0.062181654301589874,0.04533782197960888,0.05613818888249694,0.057492313504686456,0.04502255442403012,0.056565525485755,0.036750666181707074,0.022778796874217258,0.04208171612971257,0.036571881542594054,0.03695128245348489,0.029579092225689878,0.03247321552107952,0.030378458629455173,0.020739346785343733,0.02552934784124356
T:GCA,0.03582853919326711,0.10394432535437606,0.06952876447593732,0.06802122535562848,0.07587156137781521,0.06287352594978443,0.045350752666240314,0.05717562446411954,0.05868322984988422,0.04448453062752923,0.061739193876753806,0.03528165038623815,0.027263927822605255,0.040755574631171444,0.036323343352007605,0.035584881112151696,0.02984357575291308,0.03240261512645536,0.029945425758535704,0.022638864066953555,0.026458868799632412
T:GCC,0.03160381281862806,0.10731692431909365,0.0636974650409352,0.06941383593870981,0.07255125943247266,0.06502996346364386,0.045453377432122376,0.05898182040720827,0.05909508784481482,0.04325717253369453,0.06846526341272423,0.03275085694424064,0.031170945245506326,0.03894066882562292,0.03562396157427537,0.03367973446055284,0.029628056783840423,0.0313658666717158,0.028803824855406508,0.024811401263591246,0.02835870073120048
T:GCG,0.024854343006968056,0.10359505936390499,0.06464461842203198,0.06782171722170939,0.06817775486041253,0.06523162013239382,0.04524133443520844,0.06127223604681588,0.05740569798339974,0.04394724504367216,0.06853340883786706,0.03211321383052762,0.03704748114880455,0.03856179209703867,0.03732333358654976,0.03367011117735662,0.0305536308549584,0.03254406541270824,0.028476872516272993,0.026142293818526695,0.032842170202872396
T:GCT,0.034975420183630104,0.10467901134940659,0.06843501501824108,0.06843266026394122,0.07488793278792981,0.06355386392269481,0.045668804953282946,0.05734660430428721,0.05897043014105869,0.04400603020755186,0.06352077007848078,0.03451770686134672,0.027865016828219784,0.040367552962242724,0.03623947774859014,0.03510614086827556,0.029609126060307675,0.03217981769364926,0.029608107788178014,0.023165881875850735,0.026864628102834284
T:GTA,0.04440287400415023,0.10128230679841785,0.07514339774028707,0.06773252232131,0.0770283769094636,0.06154513967730774,0.04531815867550545,0.05600647639736002,0.05710247024039546,0.04550915001911627,0.05416091222058412,0.03765888311963838,0.022197752557133316,0.042374115797477546,0.036886092214288006,0.03772203279224546,0.029616425289824437,0.032234180578588095,0.03034114704139928,0.020101303385250877,0.025636282220256806
T:GTC,0.03514206210106751,0.1042809688318921,0.06921378198656142,0.0678554178813242,0.07549965101695555,0.06303087730319679,0.04546215077563286,0.05741462438101817,0.05832912866595252,0.044585997231441764,0.061388839464842804,0.03521467631539997,0.02719824097935791,0.04093006720684685,0.036327891354525556,0.03539547266461816,0.03017368450437016,0.03249046927566495,0.029924969949890103,0.022759294923805514,0.02738173318563515
T:GTG,0.03289697182878302,0.1034751311348571,0.06877571810539307,0.06732595578766336,0.07534465624500294,0.0626925132327042,0.04517368601002879,0.056937432611481854,0.05918831028916715,0.04426450839659022,0.062450193472996136,0.03494616246656687,0.02946233122655689,0.04149027253781577,0.036339542100419585,0.03515495886525009,0.03026437627189163,0.03301843248920088,0.029926189543380104,0.023144353451943687,0.027728303932306655
T:GTT,0.042321867627883,0.10197503578471642,0.07518716999595415,0.06734658720392556,0.07751039061256565,0.06179959562418273,0.04559971880908673,0.05582874623831113,0.05714600924699622,0.04536124143533225,0.0548013531984942,0.0370888690718576,0.02259215859125555,0.042223802165778354,0.03701512331994067,0.03756936361545858,0.029508854603268832,0.03269676874302365,0.030287740847070584,0.02031259545977887,0.02582700780511928
T:TCA,0.04131303008611078,0.10300609574605128,0.0732877616637253,0.06787710710142847,0.07757769619108904,0.062125174811674885,0.045105798424522475,0.056194581509609993,0.057547219272285545,0.04505559530113257,0.056426706260541686,0.036845624929773856,0.02339548359245477,0.041733028381274816,0.03645523095067067,0.03707490311185354,0.029864181919143265,0.03236279654583879,0.03031331872819237,0.020776640248610007,0.02566202522401591
T:TCC,0.037226903270885355,0.10539518827119444,0.06884136786735877,0.06720437975688935,0.0757436576369675,0.06328097047567488,0.04518342415483552,0.05738063638117681,0.0581559285616609,0.04439589729708466,0.061789276475139134,0.034703808415022734,0.02697383394744779,0.04084181135977491,0.03580305611701082,0.03536805187409499,0.029850388044156295,0.03225207275336202,0.029731787775531957,0.02244957908027072,0.027427980484460438
T:TCG,0.03013641072180213,0.10163374937683033,0.06947408957522964,0.06656907406688738,0.07270561613942284,0.06301849955669127,0.04532533188449494,0.058514512763410464,0.056961066448544845,0.04532719766195695,0.06245167636373406,0.034604574587812444,0.031423050859600996,0.03972762634298662,0.03779206880390231,0.035716577955167604,0.030651365301315597,0.03330599347425675,0.029662503246452785,0.023946507413853322,0.03105250745564674
T:TCT,0.04061497002522869,0.10343467179419978,0.07232893533105664,0.06717691536222684,0.07719259704221203,0.06266905647426495,0.04507867072981977,0.056040254256189984,0.05797703463433955,0.04477165062634639,0.057800156350253706,0.03656494023584808,0.024009037571779558,0.04216373952614136,0.03612376765314439,0.03631926685792876,0.029749969735888226,0.03238882021202312,0.030347762677961777,0.02103632012628504,0.026211462776861375
